 0.20000000000000E+05
 0.19997098478896E+05
 0.19995647876092E+05
 0.19991296699233E+05
 0.19985496603496E+05
 0.19984774934645E+05
 0.19984108749496E+05
 0.19983964961173E+05
 0.19983328198506E+05
 0.19983027379827E+05
 0.19982876972175E+05
 0.19982425756033E+05
 0.19981824150419E+05
 0.19981482179951E+05
 0.19981311196898E+05
 0.19980798256546E+05
 0.19980114356627E+05
 0.19979772745247E+05
 0.19979601941734E+05
 0.19979089539982E+05
 0.19978406358156E+05
 0.19978046177611E+05
 0.19977866089761E+05
 0.19977325835976E+05
 0.19976605520394E+05
 0.19976232595941E+05
 0.19976046136311E+05
 0.19975486767892E+05
 0.19974740967773E+05
 0.19973609914362E+05
 0.19973044411632E+05
 0.19971347999588E+05
 0.19969086341217E+05
 0.19968733654319E+05
 0.19967926447694E+05
 0.19967522856588E+05
 0.19966312132273E+05
 0.19964697947542E+05
 0.19964317845802E+05
 0.19963860177308E+05
 0.19963631346979E+05
 0.19962944871762E+05
 0.19962029608283E+05
 0.19961495388224E+05
 0.19961228283536E+05
 0.19960426990955E+05
 0.19959358650990E+05
 0.19958836530087E+05
 0.19958575474738E+05
 0.19957792329217E+05
 0.19956748183094E+05
 0.19956213610635E+05
 0.19955946329756E+05
 0.19955144508636E+05
 0.19954075464030E+05
 0.19953443162127E+05
 0.19953127018665E+05
 0.19952178618381E+05
 0.19950914154917E+05
 0.19950262344811E+05
 0.19949936447719E+05
 0.19948958788433E+05
 0.19947655317377E+05
 0.19946968454773E+05
 0.19946625032315E+05
 0.19945594800467E+05
 0.19944221240912E+05
 0.19943439405638E+05
 0.19943048499465E+05
 0.19941875826976E+05
 0.19940312371075E+05
 0.19939458036597E+05
 0.19939030883053E+05
 0.19937749477389E+05
 0.19936041064773E+05
 0.19935211650782E+05
 0.19934796956695E+05
 0.19933552926257E+05
 0.19931894339932E+05
 0.19931118635242E+05
 0.19930730794189E+05
 0.19929567316369E+05
 0.19928016118414E+05
 0.19927050229852E+05
 0.19926567303092E+05
 0.19925118593102E+05
 0.19923187143811E+05
 0.19922233318954E+05
 0.19921756423614E+05
 0.19920325806160E+05
 0.19918418476221E+05
 0.19917296265924E+05
 0.19916735184443E+05
 0.19915052034919E+05
 0.19912808057040E+05
 0.19911640108138E+05
 0.19911056159332E+05
 0.19909304415754E+05
 0.19906968997615E+05
 0.19906757484260E+05
 0.19906263254663E+05
 0.19904780639569E+05
 0.19902803991409E+05
 0.19901507447715E+05
 0.19900859207493E+05
 0.19898914613610E+05
 0.19896322117597E+05
 0.19894789953861E+05
 0.19894023916183E+05
 0.19891725980231E+05
 0.19888662478822E+05
 0.19888492491775E+05
 0.19886580048508E+05
 0.19884030410463E+05
 0.19879868360769E+05
 0.19877787662473E+05
 0.19871546874443E+05
 0.19863228872325E+05
 0.19860804043495E+05
 0.19859331888791E+05
 0.19858595852305E+05
 0.19856387906629E+05
 0.19853444361217E+05
 0.19851962191368E+05
 0.19851221147883E+05
 0.19848998183507E+05
 0.19846034618519E+05
 0.19844544246184E+05
 0.19843799101931E+05
 0.19841563837159E+05
 0.19838583876088E+05
 0.19837938701204E+05
 0.19837230612177E+05
 0.19835106496842E+05
 0.19832274697143E+05
 0.19830879995392E+05
 0.19830182681246E+05
 0.19828090886027E+05
 0.19825302169247E+05
 0.19820125645203E+05
 0.19817537889870E+05
 0.19809776651254E+05
 0.19799433062144E+05
 0.19797948840326E+05
 0.19796727345052E+05
 0.19793063311577E+05
 0.19788178988973E+05
 0.19785946215910E+05
 0.19784829923771E+05
 0.19781481425385E+05
 0.19777017642859E+05
 0.19774981693338E+05
 0.19773963797100E+05
 0.19770910422897E+05
 0.19766839991102E+05
 0.19764672824124E+05
 0.19763589329656E+05
 0.19760339202782E+05
 0.19756006532117E+05
 0.19753908699420E+05
 0.19752859866531E+05
 0.19749713702135E+05
 0.19745519596181E+05
 0.19743334277514E+05
 0.19742241708798E+05
 0.19738964365566E+05
 0.19734595421326E+05
 0.19732070258010E+05
 0.19730807797427E+05
 0.19727020900479E+05
 0.19721972835622E+05
 0.19719470904282E+05
 0.19718220057545E+05
 0.19714467993561E+05
 0.19709466352657E+05
 0.19706658345378E+05
 0.19705254491659E+05
 0.19701043530725E+05
 0.19695430316470E+05
 0.19692412859168E+05
 0.19690904303768E+05
 0.19686379331145E+05
 0.19680347652399E+05
 0.19677231766547E+05
 0.19675674008505E+05
 0.19671001474497E+05
 0.19664773155805E+05
 0.19661824428090E+05
 0.19660350229937E+05
 0.19655928298856E+05
 0.19650033938395E+05
 0.19644880402587E+05
 0.19642304141361E+05
 0.19634577385023E+05
 0.19624279772164E+05
 0.19619210239866E+05
 0.19616675964653E+05
 0.19609075103386E+05
 0.19598945203773E+05
 0.19594026833687E+05
 0.19586343627817E+05
 0.19582697728185E+05
 0.19580875032741E+05
 0.19575407964523E+05
 0.19568120915327E+05
 0.19563959679029E+05
 0.19561879392574E+05
 0.19555639860641E+05
 0.19547323581290E+05
 0.19543374120011E+05
 0.19541399688474E+05
 0.19535477590917E+05
 0.19527584253310E+05
 0.19523711642368E+05
 0.19521775624761E+05
 0.19515968724032E+05
 0.19508228877329E+05
 0.19503856162863E+05
 0.19501670173030E+05
 0.19495113673779E+05
 0.19486375104442E+05
 0.19481369005067E+05
 0.19478866437494E+05
 0.19471360663853E+05
 0.19461357465434E+05
 0.19456275517460E+05
 0.19453735040949E+05
 0.19446115601938E+05
 0.19435960992979E+05
 0.19431032330735E+05
 0.19428568468136E+05
 0.19421178755062E+05
 0.19411330177288E+05
 0.19405552118085E+05
 0.19402663733270E+05
 0.19394001158500E+05
 0.19382457075798E+05
 0.19377073773394E+05
 0.19374382682704E+05
 0.19366311653261E+05
 0.19355555511663E+05
 0.19348631424154E+05
 0.19345170309058E+05
 0.19334790678621E+05
 0.19320959835398E+05
 0.19311483515116E+05
 0.19306747097703E+05
 0.19292544815074E+05
 0.19273624690258E+05
 0.19264056797770E+05
 0.19259274632467E+05
 0.19244935258923E+05
 0.19225832702285E+05
 0.19222838396505E+05
 0.19218767239982E+05
 0.19206558943607E+05
 0.19190293279283E+05
 0.19188297847290E+05
 0.19184658571099E+05
 0.19173744883921E+05
 0.19159202959568E+05
 0.19151723211056E+05
 0.19147984431627E+05
 0.19136772472612E+05
 0.19121833407089E+05
 0.19114391561848E+05
 0.19110671725105E+05
 0.19099516558350E+05
 0.19084653132384E+05
 0.19076385275039E+05
 0.19072252689332E+05
 0.19059860303591E+05
 0.19043349648789E+05
 0.19035490564837E+05
 0.19031562238928E+05
 0.19019782125211E+05
 0.19004086650233E+05
 0.18995584575497E+05
 0.18991334964294E+05
 0.18978591834699E+05
 0.18961614296870E+05
 0.18952909194030E+05
 0.18948558141063E+05
 0.18935510975165E+05
 0.18918128729300E+05
 0.18906863891406E+05
 0.18901233987666E+05
 0.18884354333797E+05
 0.18861871577442E+05
 0.18848325038395E+05
 0.18841555417210E+05
 0.18821261139555E+05
 0.18794236104195E+05
 0.18790748758494E+05
 0.18784401858134E+05
 0.18765374017757E+05
 0.18740033545513E+05
 0.18726496774311E+05
 0.18719732055481E+05
 0.18699452558498E+05
 0.18672447402104E+05
 0.18667236262210E+05
 0.18660286561485E+05
 0.18639452980484E+05
 0.18611711052956E+05
 0.18598890460929E+05
 0.18592483476597E+05
 0.18573275764058E+05
 0.18547696347024E+05
 0.18534957360403E+05
 0.18528591148030E+05
 0.18509505628495E+05
 0.18484088849097E+05
 0.18470264667900E+05
 0.18463356454416E+05
 0.18442647313907E+05
 0.18415071257379E+05
 0.18398308975709E+05
 0.18389933556806E+05
 0.18364830170734E+05
 0.18331412289784E+05
 0.18307692987787E+05
 0.18295844847430E+05
 0.18260346414650E+05
 0.18213122292468E+05
 0.18204628107500E+05
 0.18167999827976E+05
 0.18150172825069E+05
 0.18123076254551E+05
 0.18106562129285E+05
 0.18098310709901E+05
 0.18073579007860E+05
 0.18040655972544E+05
 0.18019180189578E+05
 0.18008451886072E+05
 0.17976305286600E+05
 0.17933532405097E+05
 0.17909399922393E+05
 0.17897345860692E+05
 0.17861232334026E+05
 0.17813194298441E+05
 0.17786886488031E+05
 0.17773747155413E+05
 0.17734387367693E+05
 0.17682043207670E+05
 0.17652152934978E+05
 0.17637226750653E+05
 0.17592523884288E+05
 0.17533096267425E+05
 0.17531455401348E+05
 0.17519653929924E+05
 0.17484297161677E+05
 0.17437265779220E+05
 0.17412904125376E+05
 0.17400736063922E+05
 0.17364282875535E+05
 0.17315797393980E+05
 0.17281320897466E+05
 0.17264108398045E+05
 0.17212573697764E+05
 0.17144099990434E+05
 0.17138459346848E+05
 0.17116331720935E+05
 0.17050120114098E+05
 0.16962236230792E+05
 0.16919172206273E+05
 0.16897681209167E+05
 0.16833371871587E+05
 0.16748006656205E+05
 0.16695203521245E+05
 0.16668864413817E+05
 0.16590096155906E+05
 0.16485650522693E+05
 0.16435206594360E+05
 0.16410042539799E+05
 0.16334781317080E+05
 0.16234969687036E+05
 0.16233884610709E+05
 0.16170557155190E+05
 0.16140394578815E+05
 0.16125334394160E+05
 0.16080238103609E+05
 0.16020305842835E+05
 0.15980113492587E+05
 0.15960055145329E+05
 0.15900031044406E+05
 0.15820349928822E+05
 0.15775464612735E+05
 0.15753069731170E+05
 0.15686075660248E+05
 0.15597193224766E+05
 0.15570034100922E+05
 0.15544552519487E+05
 0.15468357721703E+05
 0.15367345326983E+05
 0.15315181409784E+05
 0.15289165887585E+05
 0.15211384176266E+05
 0.15108290430434E+05
 0.15055531884671E+05
 0.15029221737927E+05
 0.14950566848567E+05
 0.14846333625437E+05
 0.14796221555208E+05
 0.14771228984258E+05
 0.14696504282482E+05
 0.14597459052795E+05
 0.14546839721045E+05
 0.14521595915769E+05
 0.14446127040206E+05
 0.14346111638384E+05
 0.14290562056755E+05
 0.14262867976088E+05
 0.14180107337170E+05
 0.14070506357234E+05
 0.14020789817840E+05
 0.13995997460551E+05
 0.13921883117947E+05
 0.13823674145411E+05
 0.13762649759948E+05
 0.13732238661088E+05
 0.13641407968782E+05
 0.13521234268152E+05
 0.13443704900837E+05
 0.13405107078496E+05
 0.13289977247802E+05
 0.13138007474644E+05
 0.13123950383949E+05
 0.13025568804105E+05
 0.12895539645225E+05
 0.12815962544014E+05
 0.12776358328707E+05
 0.12658278492747E+05
 0.12502534559644E+05
 0.12430196494014E+05
 0.12394184562248E+05
 0.12286773552214E+05
 0.12145005478544E+05
 0.12075064728008E+05
 0.12040245536181E+05
 0.11936389228283E+05
 0.11799306355893E+05
 0.11706361835259E+05
 0.11660164483606E+05
 0.11522663424774E+05
 0.11341847664012E+05
 0.11223660819314E+05
 0.11065284128782E+05
 0.11030811900451E+05
 0.10991973656068E+05
 0.10876277474939E+05
 0.10723907992081E+05
 0.10679592106724E+05
 0.10636692569964E+05
 0.10509025155219E+05
 0.10341182397989E+05
 0.10337337840869E+05
 0.10291110363210E+05
 0.10153664589591E+05
 0.99732548545413E+04
 0.99600243729738E+04
 0.98398833466795E+04
 0.97773844104548E+04
 0.97462839609237E+04
 0.96535749155009E+04
 0.95313332144608E+04
 0.94679810967035E+04
 0.94364631173018E+04
 0.93425373093767E+04
 0.92187555737300E+04
 0.91540874450292E+04
 0.91219236915025E+04
 0.90261089111326E+04
 0.88999195925382E+04
 0.88339801552380E+04
 0.88011938653052E+04
 0.87035632905757E+04
 0.85750717963820E+04
 0.85084357674216E+04
 0.84753121859401E+04
 0.83767131465252E+04
 0.82470297925039E+04
 0.81853609960231E+04
 0.81546997393601E+04
 0.80634033721533E+04
 0.79432628668097E+04
 0.78843597217598E+04
 0.78550721483290E+04
 0.77678605744344E+04
 0.76530828289985E+04
 0.75976716980257E+04
 0.75701167613895E+04
 0.74880501180431E+04
 0.73800102044393E+04
 0.73174450392397E+04
 0.72863616384226E+04
 0.71939014249533E+04
 0.70724436648210E+04
 0.70178939206858E+04
 0.69907770282912E+04
 0.69100534094576E+04
 0.68038700419035E+04
 0.67528402599102E+04
 0.67274690703307E+04
 0.66519260088049E+04
 0.65525198284016E+04
 0.65050944360557E+04
 0.64815106134572E+04
 0.64112709205821E+04
 0.63188006397002E+04
 0.62642570845237E+04
 0.62371621161656E+04
 0.61565783574387E+04
 0.60507505731850E+04
 0.60360500553815E+04
 0.60127618501903E+04
 0.59434349541379E+04
 0.58522409176585E+04
 0.58066469207502E+04
 0.57839833002729E+04
 0.57165218056740E+04
 0.56277955346533E+04
 0.55838907701166E+04
 0.55620669984471E+04
 0.54971061234796E+04
 0.54116702904452E+04
 0.53701472464936E+04
 0.53495053515600E+04
 0.52880545137639E+04
 0.52072167307850E+04
 0.51671931365440E+04
 0.51472968468283E+04
 0.50880664660560E+04
 0.50101514930040E+04
 0.49723567806358E+04
 0.49535664738099E+04
 0.48976205299869E+04
 0.48240075993356E+04
 0.47876737889613E+04
 0.47696096347328E+04
 0.47158250892679E+04
 0.46450546320594E+04
 0.46095169906707E+04
 0.45918502561851E+04
 0.45392552823248E+04
 0.44700645632180E+04
 0.44354960050936E+04
 0.44183121033318E+04
 0.43671588108867E+04
 0.42998744877176E+04
 0.42675709726045E+04
 0.42515103351835E+04
 0.42036901732477E+04
 0.41407656055316E+04
 0.41094941027271E+04
 0.40939470241058E+04
 0.40476578084611E+04
 0.39867519827753E+04
 0.39569892149311E+04
 0.39421912556837E+04
 0.38981285927972E+04
 0.38401435349384E+04
 0.38115099115088E+04
 0.37972732623599E+04
 0.37548815813550E+04
 0.36990945953289E+04
 0.36717251634263E+04
 0.36581164798163E+04
 0.36175923148538E+04
 0.35642575617330E+04
 0.35379409276262E+04
 0.35248555651781E+04
 0.34858891480929E+04
 0.34346031835041E+04
 0.34093210591995E+04
 0.33967498701488E+04
 0.33593137442687E+04
 0.33100399332571E+04
 0.32860849578143E+04
 0.32741725592421E+04
 0.32386938417551E+04
 0.31919861940587E+04
 0.31688730157693E+04
 0.31573792626935E+04
 0.31231475333974E+04
 0.30780818552518E+04
 0.30561436695494E+04
 0.30452332801419E+04
 0.30127352574469E+04
 0.29699434083104E+04
 0.29487515814971E+04
 0.29382124397477E+04
 0.29068204859038E+04
 0.28654856530155E+04
 0.28452548723535E+04
 0.28351931066753E+04
 0.28052207987377E+04
 0.27657500278540E+04
 0.27463459261223E+04
 0.27366949855516E+04
 0.27079451753508E+04
 0.26700813669808E+04
 0.26515067184711E+04
 0.26422679059311E+04
 0.26147441697057E+04
 0.25784913296578E+04
 0.25606979287497E+04
 0.25518473258742E+04
 0.25254786393672E+04
 0.24907437525734E+04
 0.24737090779641E+04
 0.24652354787725E+04
 0.24399884411354E+04
 0.24067274747859E+04
 0.23904013000248E+04
 0.23822797902397E+04
 0.23580804469122E+04
 0.23261966110657E+04
 0.23105599531421E+04
 0.23027810839399E+04
 0.22796012580062E+04
 0.22490573754621E+04
 0.22340579393981E+04
 0.22265957755704E+04
 0.22043585025173E+04
 0.21750538918542E+04
 0.21606806911433E+04
 0.21535297475478E+04
 0.21322186045448E+04
 0.21041314451893E+04
 0.20903414373342E+04
 0.20834803613308E+04
 0.20630319586625E+04
 0.20360792709655E+04
 0.20228450607937E+04
 0.20162602479945E+04
 0.19966341420499E+04
 0.19707628535223E+04
 0.19580605130128E+04
 0.19517400773099E+04
 0.19329009187257E+04
 0.19080646096439E+04
 0.18958656427044E+04
 0.18897954373672E+04
 0.18717011876552E+04
 0.18478447330845E+04
 0.18361231425807E+04
 0.18302902595754E+04
 0.18129025536334E+04
 0.17899756281470E+04
 0.17787065620959E+04
 0.17730986616384E+04
 0.17563808219783E+04
 0.17343353108540E+04
 0.17234953455406E+04
 0.17181007962885E+04
 0.17020182481958E+04
 0.16808087884799E+04
 0.16703751507240E+04
 0.16651826445269E+04
 0.16497017746442E+04
 0.16292842662767E+04
 0.16192355022434E+04
 0.16142343854064E+04
 0.15993235230688E+04
 0.15796564086323E+04
 0.15699720323225E+04
 0.15651521314709E+04
 0.15507810327156E+04
 0.15318246242235E+04
 0.15224850233035E+04
 0.15178365987203E+04
 0.15039763079715E+04
 0.14856926062987E+04
 0.14766791435072E+04
 0.14721929393710E+04
 0.14588159383043E+04
 0.14411688274083E+04
 0.14324637559902E+04
 0.14281309584818E+04
 0.14152110418817E+04
 0.13981661268194E+04
 0.13897525661440E+04
 0.13855647913736E+04
 0.13730770313827E+04
 0.13566015917156E+04
 0.13484634726961E+04
 0.13444127396726E+04
 0.13323334057171E+04
 0.13163962910919E+04
 0.13085320996915E+04
 0.13046176403632E+04
 0.12929443846443E+04
 0.12775423647749E+04
 0.12699007799450E+04
 0.12660971463550E+04
 0.12547544676868E+04
 0.12397888179404E+04
 0.12323900073176E+04
 0.12287071780474E+04
 0.12177245950035E+04
 0.12032337123887E+04
 0.11960497793201E+04
 0.11924739152273E+04
 0.11818103431427E+04
 0.11677404466821E+04
 0.11607589166354E+04
 0.11572838223053E+04
 0.11469208406936E+04
 0.11332477527146E+04
 0.11264637506838E+04
 0.11230869972407E+04
 0.11130173534424E+04
 0.10997314829012E+04
 0.10931274424154E+04
 0.10898403127977E+04
 0.10800381175661E+04
 0.10671055503284E+04
 0.10606719045387E+04
 0.10574696469950E+04
 0.10479207700759E+04
 0.10353229550247E+04
 0.10290469809705E+04
 0.10259232810455E+04
 0.10166089646782E+04
 0.10043213205582E+04
 0.99819412341859E+03
 0.99514456477503E+03
 0.98605168201643E+03
 0.97405698904407E+03
 0.96806628929439E+03
 0.96508478009068E+03
 0.95619524379731E+03
 0.94446982176814E+03
 0.93860538524384E+03
 0.93568684884415E+03
 0.92698558725527E+03
 0.91550970720026E+03
 0.90976111653091E+03
 0.90690038757175E+03
 0.89837207327297E+03
 0.88712569026696E+03
 0.88148273606689E+03
 0.87867475463137E+03
 0.87030438107931E+03
 0.85926788943185E+03
 0.85371922866129E+03
 0.85095837641436E+03
 0.84272929330420E+03
 0.83188096969629E+03
 0.82641521174325E+03
 0.82369585073505E+03
 0.81559136274686E+03
 0.80490945796904E+03
 0.79951430683159E+03
 0.79683035591931E+03
 0.78883247166826E+03
 0.77829358923272E+03
 0.77295472990929E+03
 0.77029911556755E+03
 0.76238692776467E+03
 0.75196393026363E+03
 0.74666401008952E+03
 0.74402816588697E+03
 0.73617638039942E+03
 0.72583650284072E+03
 0.72055232172747E+03
 0.71792480476527E+03
 0.71009966629162E+03
 0.69979926731490E+03
 0.69449588840237E+03
 0.69185948047229E+03
 0.68401024067566E+03
 0.67368382241691E+03
 0.66829913328676E+03
 0.66562324345098E+03
 0.65765981062912E+03
 0.64719127680440E+03
 0.64158288465384E+03
 0.63879743142162E+03
 0.63051360575646E+03
 0.61963770068314E+03
 0.61323408623294E+03
 0.61005817758733E+03
 0.60062914353748E+03
 0.58828867146802E+03
 0.58219464675716E+03
 0.57917313984979E+03
 0.57020289354323E+03
 0.55846699042031E+03
 0.55346241862846E+03
 0.54466187130619E+03
 0.54375863718213E+03
 0.54184088111528E+03
 0.53612855907327E+03
 0.52861290326178E+03
 0.52716252973193E+03
 0.52548382854253E+03
 0.52048023859033E+03
 0.51389090515847E+03
 0.51089805881349E+03
 0.50941046652927E+03
 0.50497421407875E+03
 0.49912882968388E+03
 0.49645320769422E+03
 0.49512353068802E+03
 0.49115650802537E+03
 0.48592794307694E+03
 0.48353582651821E+03
 0.48234745965295E+03
 0.47880062900448E+03
 0.47412545456699E+03
 0.47199689201280E+03
 0.47094000495876E+03
 0.46778438592301E+03
 0.46362513567211E+03
 0.46175340731014E+03
 0.46082464419937E+03
 0.45805047133264E+03
 0.45439446050967E+03
 0.45389093387087E+03
 0.45308908782370E+03
 0.45069293265022E+03
 0.44753453917143E+03
 0.44609383651680E+03
 0.44537993147701E+03
 0.44324599411293E+03
 0.44043478547476E+03
 0.43889480006328E+03
 0.43813405202850E+03
 0.43586108480712E+03
 0.43287772624302E+03
 0.43130947545209E+03
 0.43053829835775E+03
 0.42823489263640E+03
 0.42522614636558E+03
 0.42366996867513E+03
 0.42290986944195E+03
 0.42064008305062E+03
 0.41769581965821E+03
 0.41618307980825E+03
 0.41545166660811E+03
 0.41326769744238E+03
 0.41046374030302E+03
 0.40902110266789E+03
 0.40833418237395E+03
 0.40628230377964E+03
 0.40368745921674E+03
 0.40233804775329E+03
 0.40170983821392E+03
 0.39983053145101E+03
 0.39750443223412E+03
 0.39631394821033E+03
 0.39577497032405E+03
 0.39415703497290E+03
 0.39220022996315E+03
 0.39112910013216E+03
 0.39065984680136E+03
 0.38924186348657E+03
 0.38757470418311E+03
 0.38657622261534E+03
 0.38615318182399E+03
 0.38485986539074E+03
 0.38338198110289E+03
 0.38251519669479E+03
 0.38214741827712E+03
 0.38101849630358E+03
 0.37969854005483E+03
 0.37892658099955E+03
 0.37857791109135E+03
 0.37751824825210E+03
 0.37620094551347E+03
 0.37540791358839E+03
 0.37501815296522E+03
 0.37385013854986E+03
 0.37232276084921E+03
 0.37137790843269E+03
 0.37088520749937E+03
 0.36942808443694E+03
 0.36747063686756E+03
 0.36623894003230E+03
 0.36557796567669E+03
 0.36364557359175E+03
 0.36103074643207E+03
 0.35930574600334E+03
 0.35836998965424E+03
 0.35566588982261E+03
 0.35203220795774E+03
 0.34952764078551E+03
 0.34817289271593E+03
 0.34431433524869E+03
 0.33923371700648E+03
 0.33633891992114E+03
 0.33482082568100E+03
 0.33051963740913E+03
 0.32499532766171E+03
 0.32247118460448E+03
 0.32118960370991E+03
 0.31753487220075E+03
 0.31290245217158E+03
 0.31050981961248E+03
 0.30931631920932E+03
 0.30592045070054E+03
 0.30168946846658E+03
 0.29958241537656E+03
 0.29855001064061E+03
 0.29561770614727E+03
 0.29201902558810E+03
 0.29034579146978E+03
 0.28953708825234E+03
 0.28723837933871E+03
 0.28444161902803E+03
 0.28314874102866E+03
 0.28252976295915E+03
 0.28077015580536E+03
 0.27864364231548E+03
 0.27766474350778E+03
 0.27719907121421E+03
 0.27587580821708E+03
 0.27428458039903E+03
 0.27355458292250E+03
 0.27320860551256E+03
 0.27222621486812E+03
 0.27104887596092E+03
 0.27051012145054E+03
 0.27025517265383E+03
 0.26953196504447E+03
 0.26866698184579E+03
 0.26827184085118E+03
 0.26808484111090E+03
 0.26755495554880E+03
 0.26692180838878E+03
 0.26663287981031E+03
 0.26649600661043E+03
 0.26610857344912E+03
 0.26564577909795E+03
 0.26543471387075E+03
 0.26533458638576E+03
 0.26505143967109E+03
 0.26471320076126E+03
 0.26455898911711E+03
 0.26448572973916E+03
 0.26427873276551E+03
 0.26403141746213E+03
 0.26391867909899E+03
 0.26386505781404E+03
 0.26371364999694E+03
 0.26353272091457E+03
 0.26345025387719E+03
 0.26341099438829E+03
 0.26330019728576E+03
 0.26316778284650E+03
 0.26310743488744E+03
 0.26307868674398E+03
 0.26299758726543E+03
 0.26290066125876E+03
 0.26285649219559E+03
 0.26283544215215E+03
 0.26277607777781E+03
 0.26270513051224E+03
 0.26267280411248E+03
 0.26265739392312E+03
 0.26261394538638E+03
 0.26256202340225E+03
 0.26253836907616E+03
 0.26252709122896E+03
 0.26249529988693E+03
 0.26245731273419E+03
 0.26244000943068E+03
 0.26243175902768E+03
 0.26240850553690E+03
 0.26238072385728E+03
 0.26236807123013E+03
 0.26236203821031E+03
 0.26234503666396E+03
 0.26232472732381E+03
 0.26231547935839E+03
 0.26231106981360E+03
 0.26229864484484E+03
 0.26228380473867E+03
 0.26227704834798E+03
 0.26227382693094E+03
 0.26226475078534E+03
 0.26225391210274E+03
 0.26224897830400E+03
 0.26224662600252E+03
 0.26223999919879E+03
 0.26223208671818E+03
 0.26222848553717E+03
 0.26222676868500E+03
 0.26222193249448E+03
 0.26221615889911E+03
 0.26221352776428E+03
 0.26221227354196E+03
 0.26220874117923E+03
 0.26220452546297E+03
 0.26220261052026E+03
 0.26220169768324E+03
 0.26219912676139E+03
 0.26219605840775E+03
 0.26219466268839E+03
 0.26219399739801E+03
 0.26219212381296E+03
 0.26218988801748E+03
 0.26218887114557E+03
 0.26218838646563E+03
 0.26218702161659E+03
 0.26218539312179E+03
 0.26218465257066E+03
 0.26218429961506E+03
 0.26218330577088E+03
 0.26218212009759E+03
 0.26218158099714E+03
 0.26218132406902E+03
 0.26218060066705E+03
 0.26217973774154E+03
 0.26217934544397E+03
 0.26217915848977E+03
 0.26217863214023E+03
 0.26217800434698E+03
 0.26217771898355E+03
 0.26217758299687E+03
 0.26217720016555E+03
 0.26217674360275E+03
 0.26217653610026E+03
 0.26217643722204E+03
 0.26217615887613E+03
 0.26217582695843E+03
 0.26217567612551E+03
 0.26217560425453E+03
 0.26217540194708E+03
 0.26217516072792E+03
 0.26217505112497E+03
 0.26217499890212E+03
 0.26217485191001E+03
 0.26217467666322E+03
 0.26217459704598E+03
 0.26217455911212E+03
 0.26217445234521E+03
 0.26217432506801E+03
 0.26217426725094E+03
 0.26217423970495E+03
 0.26217416217935E+03
 0.26217406976940E+03
 0.26217402779598E+03
 0.26217400779921E+03
 0.26217395152302E+03
 0.26217388444819E+03
 0.26217385398557E+03
 0.26217383947325E+03
 0.26217379863375E+03
 0.26217374996186E+03
 0.26217372785944E+03
 0.26217371733028E+03
 0.26217368770125E+03
 0.26217365239271E+03
 0.26217363636037E+03
 0.26217362872313E+03
 0.26217360723293E+03
 0.26217358162532E+03
 0.26217356999897E+03
 0.26217356446076E+03
 0.26217354887763E+03
 0.26217353031026E+03
 0.26217352188109E+03
 0.26217351786599E+03
 0.26217350656896E+03
 0.26217349310945E+03
 0.26217348699969E+03
 0.26217348408949E+03
 0.26217347590156E+03
 0.26217346614695E+03
 0.26217346171937E+03
 0.26217345961048E+03
 0.26217345367728E+03
 0.26217344660929E+03
 0.26217344340142E+03
 0.26217344187353E+03
 0.26217343757508E+03
 0.26217343245482E+03
 0.26217343013112E+03
 0.26217342902439E+03
 0.26217342591089E+03
 0.26217342220236E+03
 0.26217342051946E+03
 0.26217341971795E+03
 0.26217341746319E+03
 0.26217341477765E+03
 0.26217341355907E+03
 0.26217341297871E+03
 0.26217341134613E+03
 0.26217340940175E+03
 0.26217340851953E+03
 0.26217340809938E+03
 0.26217340691750E+03
 0.26217340550997E+03
 0.26217340487138E+03
 0.26217340456726E+03
 0.26217340371180E+03
 0.26217340269306E+03
 0.26217340223090E+03
 0.26217340201080E+03
 0.26217340139170E+03
 0.26217340065448E+03
 0.26217340032005E+03
 0.26217340016078E+03
 0.26217339971281E+03
 0.26217339917939E+03
 0.26217339893742E+03
 0.26217339882219E+03
 0.26217339849809E+03
 0.26217339811219E+03
 0.26217339793714E+03
 0.26217339785379E+03
 0.26217339761934E+03
 0.26217339734019E+03
 0.26217339721358E+03
 0.26217339715329E+03
 0.26217339698371E+03
 0.26217339678181E+03
 0.26217339669024E+03
 0.26217339664664E+03
 0.26217339652400E+03
 0.26217339637799E+03
 0.26217339631178E+03
 0.26217339628024E+03
 0.26217339619156E+03
 0.26217339608599E+03
 0.26217339603811E+03
 0.26217339601531E+03
 0.26217339595119E+03
 0.26217339587486E+03
 0.26217339584024E+03
 0.26217339582376E+03
 0.26217339577740E+03
 0.26217339572222E+03
 0.26217339569719E+03
 0.26217339568528E+03
 0.26217339565177E+03
 0.26217339561188E+03
 0.26217339559379E+03
 0.26217339558518E+03
 0.26217339556095E+03
 0.26217339553212E+03
 0.26217339552860E+03
 0.26217339552686E+03
 0.26217339552172E+03
 0.26217339551508E+03
