 0.00000000000000E+00
 0.10001000000000E+05
 0.10001000000000E+05
 0.10001000000000E+05
 0.10001000000000E+05
 0.10012166090260E+05
 0.10013984710607E+05
 0.10015197658362E+05
 0.10015197658362E+05
 0.10016637847939E+05
 0.10016637847939E+05
 0.10016637847939E+05
 0.10016637847939E+05
 0.10017988243067E+05
 0.10017988243067E+05
 0.10017988243067E+05
 0.10017988243067E+05
 0.10019511162584E+05
 0.10019511162584E+05
 0.10019511162584E+05
 0.10019511162584E+05
 0.10021019537440E+05
 0.10021019537440E+05
 0.10021019537440E+05
 0.10021019537440E+05
 0.10022595896043E+05
 0.10022595896043E+05
 0.10022595896043E+05
 0.10022595896043E+05
 0.10024212832880E+05
 0.10024212832880E+05
 0.10024212832880E+05
 0.10024212832880E+05
 0.10026304060095E+05
 0.10029317324126E+05
 0.10029317324126E+05
 0.10029317324126E+05
 0.10029317324126E+05
 0.10031190405753E+05
 0.10032966987952E+05
 0.10032966987952E+05
 0.10032966987952E+05
 0.10032966987952E+05
 0.10034823828319E+05
 0.10034823828319E+05
 0.10034823828319E+05
 0.10034823828319E+05
 0.10036961528888E+05
 0.10036961528888E+05
 0.10036961528888E+05
 0.10036961528888E+05
 0.10039019991682E+05
 0.10039019991682E+05
 0.10039019991682E+05
 0.10039019991682E+05
 0.10041095767747E+05
 0.10041095767747E+05
 0.10041095767747E+05
 0.10041095767747E+05
 0.10043509487629E+05
 0.10043509487629E+05
 0.10043509487629E+05
 0.10043509487629E+05
 0.10045950609011E+05
 0.10045950609011E+05
 0.10045950609011E+05
 0.10045950609011E+05
 0.10048471143571E+05
 0.10048471143571E+05
 0.10048471143571E+05
 0.10048471143571E+05
 0.10051275170016E+05
 0.10051275170016E+05
 0.10051275170016E+05
 0.10051275170016E+05
 0.10054259968992E+05
 0.10054259968992E+05
 0.10054259968992E+05
 0.10054259968992E+05
 0.10057078645826E+05
 0.10057078645826E+05
 0.10057078645826E+05
 0.10057078645826E+05
 0.10059644015098E+05
 0.10059644015098E+05
 0.10059644015098E+05
 0.10059644015098E+05
 0.10062742860980E+05
 0.10062742860980E+05
 0.10062742860980E+05
 0.10062742860980E+05
 0.10065698788865E+05
 0.10065698788865E+05
 0.10065698788865E+05
 0.10065698788865E+05
 0.10069043818838E+05
 0.10069043818838E+05
 0.10069043818838E+05
 0.10069043818838E+05
 0.10071938240145E+05
 0.10071938240145E+05
 0.10071938240145E+05
 0.10071938240145E+05
 0.10074650505163E+05
 0.10074650505163E+05
 0.10074650505163E+05
 0.10074650505163E+05
 0.10078037762695E+05
 0.10078037762695E+05
 0.10078037762695E+05
 0.10078037762695E+05
 0.10080961240776E+05
 0.10080961240776E+05
 0.10080961240776E+05
 0.10083930444453E+05
 0.10083930444453E+05
 0.10083930444453E+05
 0.10083930444453E+05
 0.10090514427890E+05
 0.10093162076925E+05
 0.10093162076925E+05
 0.10093162076925E+05
 0.10093162076925E+05
 0.10095565694677E+05
 0.10095565694677E+05
 0.10095565694677E+05
 0.10095565694677E+05
 0.10097731496234E+05
 0.10097731496234E+05
 0.10097731496234E+05
 0.10097731496234E+05
 0.10099465431142E+05
 0.10099465431142E+05
 0.10099465431142E+05
 0.10099465431142E+05
 0.10101076690058E+05
 0.10101076690058E+05
 0.10101076690058E+05
 0.10101076690058E+05
 0.10102434991005E+05
 0.10102434991005E+05
 0.10102434991005E+05
 0.10102434991005E+05
 0.10105431034842E+05
 0.10105431034842E+05
 0.10105431034842E+05
 0.10105431034842E+05
 0.10105842705398E+05
 0.10105842705398E+05
 0.10105842705398E+05
 0.10105842705398E+05
 0.10105607482718E+05
 0.10105607482718E+05
 0.10105607482718E+05
 0.10105607482718E+05
 0.10104885325266E+05
 0.10104885325266E+05
 0.10104885325266E+05
 0.10104885325266E+05
 0.10103583796974E+05
 0.10103583796974E+05
 0.10103583796974E+05
 0.10103583796974E+05
 0.10101802905479E+05
 0.10101802905479E+05
 0.10101802905479E+05
 0.10101802905479E+05
 0.10099403683114E+05
 0.10099403683114E+05
 0.10099403683114E+05
 0.10099403683114E+05
 0.10095939105810E+05
 0.10095939105810E+05
 0.10095939105810E+05
 0.10095939105810E+05
 0.10091775045768E+05
 0.10091775045768E+05
 0.10091775045768E+05
 0.10091775045768E+05
 0.10086237597551E+05
 0.10086237597551E+05
 0.10086237597551E+05
 0.10086237597551E+05
 0.10079274243632E+05
 0.10079274243632E+05
 0.10079274243632E+05
 0.10079274243632E+05
 0.10070986101927E+05
 0.10070986101927E+05
 0.10070986101927E+05
 0.10070986101927E+05
 0.10062119596297E+05
 0.10062119596297E+05
 0.10062119596297E+05
 0.10062119596297E+05
 0.10044259605235E+05
 0.10044259605235E+05
 0.10044259605235E+05
 0.10044259605235E+05
 0.10029398279419E+05
 0.10029398279419E+05
 0.10012517284170E+05
 0.10012517284170E+05
 0.10012517284170E+05
 0.10012517284170E+05
 0.99950032855974E+04
 0.99950032855974E+04
 0.99950032855974E+04
 0.99950032855974E+04
 0.99732457386898E+04
 0.99732457386898E+04
 0.99732457386898E+04
 0.99732457386898E+04
 0.99508656846516E+04
 0.99508656846516E+04
 0.99508656846516E+04
 0.99508656846516E+04
 0.99273098085842E+04
 0.99273098085842E+04
 0.99273098085842E+04
 0.99273098085842E+04
 0.98988309418746E+04
 0.98988309418746E+04
 0.98988309418746E+04
 0.98988309418746E+04
 0.98638154811684E+04
 0.98638154811684E+04
 0.98638154811684E+04
 0.98638154811684E+04
 0.98256844357224E+04
 0.98256844357224E+04
 0.98256844357224E+04
 0.98256844357224E+04
 0.97862799605130E+04
 0.97862799605130E+04
 0.97862799605130E+04
 0.97862799605130E+04
 0.97371274899986E+04
 0.97371274899986E+04
 0.97371274899986E+04
 0.97371274899986E+04
 0.96885475758653E+04
 0.96885475758653E+04
 0.96885475758653E+04
 0.96885475758653E+04
 0.96222775439847E+04
 0.96222775439847E+04
 0.96222775439847E+04
 0.96222775439847E+04
 0.95249883853063E+04
 0.95249883853063E+04
 0.95249883853063E+04
 0.95249883853063E+04
 0.94311727828894E+04
 0.94311727828894E+04
 0.94311727828894E+04
 0.94311727828894E+04
 0.93491309864658E+04
 0.93491309864658E+04
 0.93491309864658E+04
 0.93491309864658E+04
 0.92611638436580E+04
 0.92611638436580E+04
 0.92611638436580E+04
 0.92611638436580E+04
 0.91671914860606E+04
 0.91671914860606E+04
 0.91671914860606E+04
 0.91671914860606E+04
 0.90703469158756E+04
 0.90703469158756E+04
 0.90703469158756E+04
 0.90703469158756E+04
 0.89591899555948E+04
 0.89591899555948E+04
 0.89591899555948E+04
 0.89591899555948E+04
 0.88503632794702E+04
 0.88503632794702E+04
 0.88503632794702E+04
 0.88503632794702E+04
 0.87295219196294E+04
 0.87295219196294E+04
 0.87295219196294E+04
 0.87295219196294E+04
 0.86028342038571E+04
 0.86028342038571E+04
 0.86028342038571E+04
 0.86028342038571E+04
 0.84351147621109E+04
 0.84351147621109E+04
 0.84351147621109E+04
 0.84351147621109E+04
 0.82572067723475E+04
 0.82572067723475E+04
 0.82572067723475E+04
 0.82572067723475E+04
 0.80608555274122E+04
 0.80608555274122E+04
 0.80608555274122E+04
 0.80608555274122E+04
 0.78764575124270E+04
 0.78764575124270E+04
 0.78764575124270E+04
 0.78764575124270E+04
 0.76575994521226E+04
 0.76575994521226E+04
 0.76575994521226E+04
 0.76575994521226E+04
 0.74554418398580E+04
 0.74554418398580E+04
 0.74554418398580E+04
 0.74554418398580E+04
 0.72550565117343E+04
 0.72550565117343E+04
 0.72550565117343E+04
 0.72550565117343E+04
 0.70390760743778E+04
 0.70390760743778E+04
 0.70390760743778E+04
 0.70390760743778E+04
 0.67804041358952E+04
 0.67804041358952E+04
 0.67804041358952E+04
 0.67804041358952E+04
 0.65623216119879E+04
 0.65623216119879E+04
 0.63568145598226E+04
 0.63568145598226E+04
 0.61584341410893E+04
 0.61584341410893E+04
 0.61584341410893E+04
 0.61584341410893E+04
 0.59234103925538E+04
 0.59234103925538E+04
 0.59234103925538E+04
 0.59234103925538E+04
 0.56286557518811E+04
 0.56286557518811E+04
 0.56286557518811E+04
 0.56286557518811E+04
 0.53128898653618E+04
 0.53128898653618E+04
 0.53128898653618E+04
 0.53128898653618E+04
 0.49877689858153E+04
 0.49877689858153E+04
 0.49877689858153E+04
 0.49877689858153E+04
 0.46920334060025E+04
 0.46920334060025E+04
 0.46920334060025E+04
 0.46920334060025E+04
 0.44341090543111E+04
 0.44341090543111E+04
 0.44341090543111E+04
 0.44341090543111E+04
 0.41844381253448E+04
 0.41844381253448E+04
 0.41844381253448E+04
 0.41844381253448E+04
 0.39292429662495E+04
 0.39292429662495E+04
 0.39292429662495E+04
 0.39292429662495E+04
 0.35453057137423E+04
 0.35453057137423E+04
 0.35453057137423E+04
 0.35453057137423E+04
 0.32153052312283E+04
 0.32153052312283E+04
 0.32153052312283E+04
 0.32153052312283E+04
 0.28620681891397E+04
 0.28620681891397E+04
 0.28620681891397E+04
 0.28620681891397E+04
 0.26751611959840E+04
 0.26751611959840E+04
 0.25013020076947E+04
 0.25013020076947E+04
 0.25013020076947E+04
 0.25013020076947E+04
 0.23502693890167E+04
 0.23502693890167E+04
 0.23502693890167E+04
 0.23502693890167E+04
 0.21675717360072E+04
 0.21675717360072E+04
 0.21675717360072E+04
 0.21675717360072E+04
 0.20040522210888E+04
 0.20040522210888E+04
 0.20040522210888E+04
 0.20040522210888E+04
 0.18191184788349E+04
 0.18191184788349E+04
 0.18191184788349E+04
 0.18191184788349E+04
 0.16536252714911E+04
 0.16536252714911E+04
 0.16536252714911E+04
 0.16536252714911E+04
 0.15066711031286E+04
 0.15066711031286E+04
 0.15066711031286E+04
 0.15066711031286E+04
 0.13832965242247E+04
 0.13832965242247E+04
 0.13832965242247E+04
 0.13832965242247E+04
 0.12724978383559E+04
 0.12724978383559E+04
 0.12724978383559E+04
 0.12724978383559E+04
 0.11647198753200E+04
 0.11647198753200E+04
 0.11647198753200E+04
 0.11647198753200E+04
 0.10787146725640E+04
 0.10787146725640E+04
 0.10787146725640E+04
 0.10787146725640E+04
 0.98496264060855E+03
 0.98496264060855E+03
 0.98496264060855E+03
 0.98496264060855E+03
 0.90329699013513E+03
 0.90329699013513E+03
 0.90329699013513E+03
 0.82405542741238E+03
 0.82405542741238E+03
 0.82405542741238E+03
 0.82405542741238E+03
 0.74116195188053E+03
 0.74116195188053E+03
 0.74116195188053E+03
 0.74116195188053E+03
 0.67542577911953E+03
 0.67542577911953E+03
 0.67542577911953E+03
 0.67542577911953E+03
 0.61923486298357E+03
 0.61923486298357E+03
 0.61923486298357E+03
 0.61923486298357E+03
 0.57083717700988E+03
 0.57083717700988E+03
 0.52459229510655E+03
 0.52459229510655E+03
 0.52459229510655E+03
 0.52459229510655E+03
 0.48469008749119E+03
 0.48469008749119E+03
 0.48469008749119E+03
 0.48469008749119E+03
 0.44941560438201E+03
 0.44941560438201E+03
 0.44941560438201E+03
 0.44941560438201E+03
 0.42178382515995E+03
 0.42178382515995E+03
 0.39493097532265E+03
 0.39493097532265E+03
 0.39493097532265E+03
 0.39493097532265E+03
 0.36974098513166E+03
 0.36974098513166E+03
 0.36974098513166E+03
 0.36974098513166E+03
 0.34618219263878E+03
 0.34618219263878E+03
 0.34618219263878E+03
 0.34618219263878E+03
 0.32395605060907E+03
 0.32395605060907E+03
 0.32395605060907E+03
 0.32395605060907E+03
 0.30297498282274E+03
 0.30297498282274E+03
 0.30297498282274E+03
 0.30297498282274E+03
 0.28330064135129E+03
 0.28330064135129E+03
 0.28330064135129E+03
 0.28330064135129E+03
 0.26628848047407E+03
 0.26628848047407E+03
 0.26628848047407E+03
 0.26628848047407E+03
 0.25100561770697E+03
 0.25100561770697E+03
 0.25100561770697E+03
 0.25100561770697E+03
 0.23740137073992E+03
 0.23740137073992E+03
 0.23740137073992E+03
 0.23740137073992E+03
 0.22289035619255E+03
 0.22289035619255E+03
 0.22289035619255E+03
 0.22289035619255E+03
 0.21085168675158E+03
 0.21085168675158E+03
 0.21085168675158E+03
 0.21085168675158E+03
 0.20006608042156E+03
 0.20006608042156E+03
 0.20006608042156E+03
 0.20006608042156E+03
 0.19041524408401E+03
 0.19041524408401E+03
 0.19041524408401E+03
 0.19041524408401E+03
 0.18100956733272E+03
 0.18100956733272E+03
 0.18100956733272E+03
 0.18100956733272E+03
 0.17210823544170E+03
 0.17210823544170E+03
 0.17210823544170E+03
 0.17210823544170E+03
 0.16369946485361E+03
 0.16369946485361E+03
 0.16369946485361E+03
 0.16369946485361E+03
 0.15581436089252E+03
 0.15581436089252E+03
 0.15581436089252E+03
 0.15581436089252E+03
 0.14852650454766E+03
 0.14852650454766E+03
 0.14852650454766E+03
 0.14852650454766E+03
 0.14164247618947E+03
 0.14164247618947E+03
 0.14164247618947E+03
 0.14164247618947E+03
 0.13525190180976E+03
 0.13525190180976E+03
 0.13525190180976E+03
 0.13525190180976E+03
 0.12919787614347E+03
 0.12919787614347E+03
 0.12919787614347E+03
 0.12919787614347E+03
 0.12335109737367E+03
 0.12335109737367E+03
 0.12335109737367E+03
 0.12335109737367E+03
 0.11772301773132E+03
 0.11772301773132E+03
 0.11772301773132E+03
 0.11772301773132E+03
 0.11250364193296E+03
 0.11250364193296E+03
 0.11250364193296E+03
 0.11250364193296E+03
 0.10748142777620E+03
 0.10748142777620E+03
 0.10748142777620E+03
 0.10748142777620E+03
 0.10272015623045E+03
 0.10272015623045E+03
 0.10272015623045E+03
 0.10272015623045E+03
 0.98150116623641E+02
 0.98150116623641E+02
 0.98150116623641E+02
 0.98150116623641E+02
 0.93784623989388E+02
 0.93784623989388E+02
 0.93784623989388E+02
 0.93784623989388E+02
 0.89584080083981E+02
 0.89584080083981E+02
 0.89584080083981E+02
 0.89584080083981E+02
 0.85540575472666E+02
 0.85540575472666E+02
 0.85540575472666E+02
 0.85540575472666E+02
 0.81696690384630E+02
 0.81696690384630E+02
 0.81696690384630E+02
 0.81696690384630E+02
 0.77973186038948E+02
 0.77973186038948E+02
 0.77973186038948E+02
 0.77973186038948E+02
 0.74421496481945E+02
 0.74421496481945E+02
 0.74421496481945E+02
 0.74421496481945E+02
 0.70972546629511E+02
 0.70972546629511E+02
 0.70972546629511E+02
 0.70972546629511E+02
 0.67660712485563E+02
 0.67660712485563E+02
 0.67660712485563E+02
 0.67660712485563E+02
 0.64465061288626E+02
 0.64465061288626E+02
 0.64465061288626E+02
 0.64465061288626E+02
 0.61387260317027E+02
 0.61387260317027E+02
 0.61387260317027E+02
 0.61387260317027E+02
 0.58421129123893E+02
 0.58421129123893E+02
 0.58421129123893E+02
 0.58421129123893E+02
 0.55565014861077E+02
 0.55565014861077E+02
 0.55565014861077E+02
 0.55565014861077E+02
 0.52812925439442E+02
 0.52812925439442E+02
 0.52812925439442E+02
 0.52812925439442E+02
 0.50164211338231E+02
 0.50164211338231E+02
 0.50164211338231E+02
 0.50164211338231E+02
 0.47612763197752E+02
 0.47612763197752E+02
 0.47612763197752E+02
 0.47612763197752E+02
 0.45159437763667E+02
 0.45159437763667E+02
 0.45159437763667E+02
 0.45159437763667E+02
 0.42799709109431E+02
 0.42799709109431E+02
 0.42799709109431E+02
 0.42799709109431E+02
 0.40531638435570E+02
 0.40531638435570E+02
 0.40531638435570E+02
 0.40531638435570E+02
 0.38353799680948E+02
 0.38353799680948E+02
 0.38353799680948E+02
 0.38353799680948E+02
 0.36263886764174E+02
 0.36263886764174E+02
 0.36263886764174E+02
 0.36263886764174E+02
 0.34259884888903E+02
 0.34259884888903E+02
 0.34259884888903E+02
 0.34259884888903E+02
 0.32339822506494E+02
 0.32339822506494E+02
 0.32339822506494E+02
 0.32339822506494E+02
 0.30501803743792E+02
 0.30501803743792E+02
 0.30501803743792E+02
 0.30501803743792E+02
 0.28743866786415E+02
 0.28743866786415E+02
 0.28743866786415E+02
 0.28743866786415E+02
 0.27064089028537E+02
 0.27064089028537E+02
 0.27064089028537E+02
 0.27064089028537E+02
 0.25460524306961E+02
 0.25460524306961E+02
 0.25460524306961E+02
 0.25460524306961E+02
 0.23931187453670E+02
 0.23931187453670E+02
 0.23931187453670E+02
 0.23931187453670E+02
 0.22474073777531E+02
 0.22474073777531E+02
 0.22474073777531E+02
 0.22474073777531E+02
 0.21087150486652E+02
 0.21087150486652E+02
 0.21087150486652E+02
 0.21087150486652E+02
 0.19768360179218E+02
 0.19768360179218E+02
 0.19768360179218E+02
 0.19768360179218E+02
 0.18515620608774E+02
 0.18515620608774E+02
 0.18515620608774E+02
 0.18515620608774E+02
 0.17328865578068E+02
 0.17328865578068E+02
 0.17328865578068E+02
 0.17328865578068E+02
 0.16200539998475E+02
 0.16200539998475E+02
 0.16200539998475E+02
 0.16200539998475E+02
 0.15133543875326E+02
 0.15133543875326E+02
 0.15133543875326E+02
 0.15133543875326E+02
 0.14123619703583E+02
 0.14123619703583E+02
 0.14123619703583E+02
 0.14123619703583E+02
 0.13168702609315E+02
 0.13168702609315E+02
 0.13168702609315E+02
 0.13168702609315E+02
 0.12267644191557E+02
 0.12267644191557E+02
 0.12267644191557E+02
 0.12267644191557E+02
 0.11417539432137E+02
 0.11417539432137E+02
 0.11417539432137E+02
 0.11417539432137E+02
 0.10616510227465E+02
 0.10616510227465E+02
 0.10616510227465E+02
 0.10616510227465E+02
 0.98622562378022E+01
 0.98622562378022E+01
 0.98622562378022E+01
 0.98622562378022E+01
 0.91529256200659E+01
 0.91529256200659E+01
 0.91529256200659E+01
 0.91529256200659E+01
 0.84862706065945E+01
 0.84862706065945E+01
 0.84862706065945E+01
 0.84862706065945E+01
 0.78602990015674E+01
 0.78602990015674E+01
 0.78602990015674E+01
 0.78602990015674E+01
 0.72730225576379E+01
 0.72730225576379E+01
 0.72730225576379E+01
 0.72730225576379E+01
 0.67225103701885E+01
 0.67225103701885E+01
 0.67225103701885E+01
 0.67225103701885E+01
 0.62067748267658E+01
 0.62067748267658E+01
 0.62067748267658E+01
 0.62067748267658E+01
 0.57238985385103E+01
 0.57238985385103E+01
 0.57238985385103E+01
 0.57238985385103E+01
 0.52719730593287E+01
 0.52719730593287E+01
 0.52719730593287E+01
 0.52719730593287E+01
 0.48490389285062E+01
 0.48490389285062E+01
 0.48490389285062E+01
 0.48490389285062E+01
 0.44530590003209E+01
 0.44530590003209E+01
 0.44530590003209E+01
 0.44530590003209E+01
 0.40817939155897E+01
 0.40817939155897E+01
 0.40817939155897E+01
 0.40817939155897E+01
 0.37325513144676E+01
 0.37325513144676E+01
 0.37325513144676E+01
 0.37325513144676E+01
 0.34015202935832E+01
 0.34015202935832E+01
 0.34015202935832E+01
 0.34015202935832E+01
 0.30814616909969E+01
 0.30814616909969E+01
 0.30814616909969E+01
 0.30814616909969E+01
 0.27463271520555E+01
 0.27463271520555E+01
 0.27463271520555E+01
 0.27463271520555E+01
 0.25351160593703E+01
 0.25351160593703E+01
 0.23552142719728E+01
 0.23552142719728E+01
 0.23552142719728E+01
 0.23552142719728E+01
 0.22048612791348E+01
 0.22048612791348E+01
 0.22048612791348E+01
 0.22048612791348E+01
 0.20657493560336E+01
 0.20657493560336E+01
 0.20657493560336E+01
 0.20657493560336E+01
 0.19483115792251E+01
 0.19483115792251E+01
 0.19483115792251E+01
 0.19483115792251E+01
 0.18477988663692E+01
 0.18477988663692E+01
 0.18477988663692E+01
 0.18477988663692E+01
 0.17613858018958E+01
 0.17613858018958E+01
 0.17613858018958E+01
 0.17613858018958E+01
 0.16871325544117E+01
 0.16871325544117E+01
 0.16871325544117E+01
 0.16871325544117E+01
 0.16313552990831E+01
 0.16313552990831E+01
 0.16313552990831E+01
 0.16313552990831E+01
 0.15778946430806E+01
 0.15778946430806E+01
 0.15778946430806E+01
 0.15778946430806E+01
 0.15313458971116E+01
 0.15313458971116E+01
 0.15313458971116E+01
 0.15313458971116E+01
 0.14828335453643E+01
 0.14828335453643E+01
 0.14828335453643E+01
 0.14828335453643E+01
 0.14347319243209E+01
 0.14347319243209E+01
 0.14347319243209E+01
 0.14347319243209E+01
 0.13882994532180E+01
 0.13882994532180E+01
 0.13882994532180E+01
 0.13882994532180E+01
 0.13444392048326E+01
 0.13444392048326E+01
 0.13444392048326E+01
 0.13444392048326E+01
 0.13038678209922E+01
 0.13038678209922E+01
 0.13038678209922E+01
 0.13038678209922E+01
 0.12671839926311E+01
 0.12671839926311E+01
 0.12671839926311E+01
 0.12671839926311E+01
 0.12359943801056E+01
 0.12359943801056E+01
 0.12359943801056E+01
 0.12359943801056E+01
 0.12093252015732E+01
 0.12093252015732E+01
 0.12093252015732E+01
 0.12093252015732E+01
 0.11866780198344E+01
 0.11866780198344E+01
 0.11866780198344E+01
 0.11866780198344E+01
 0.11702689094189E+01
 0.11702689094189E+01
 0.11702689094189E+01
 0.11702689094189E+01
 0.11598702504724E+01
 0.11598702504724E+01
 0.11598702504724E+01
 0.11598702504724E+01
 0.11542671361960E+01
 0.11542671361960E+01
 0.11542671361960E+01
 0.11542671361960E+01
 0.11531166853937E+01
 0.11531166853937E+01
 0.11531166853937E+01
 0.11531166853937E+01
 0.11570825329471E+01
 0.11570825329471E+01
 0.11570825329471E+01
 0.11570825329471E+01
 0.11686436431275E+01
 0.11686436431275E+01
 0.11686436431275E+01
 0.11686436431275E+01
 0.11945669234710E+01
 0.11945669234710E+01
 0.11945669234710E+01
 0.11945669234710E+01
 0.12392243191236E+01
 0.12392243191236E+01
 0.12392243191236E+01
 0.12392243191236E+01
 0.12983079877876E+01
 0.12983079877876E+01
 0.12983079877876E+01
 0.12983079877876E+01
 0.13857512596256E+01
 0.13857512596256E+01
 0.13857512596256E+01
 0.13857512596256E+01
 0.15130470286415E+01
 0.15130470286415E+01
 0.15130470286415E+01
 0.15130470286415E+01
 0.16879337915527E+01
 0.16879337915527E+01
 0.16879337915527E+01
 0.16879337915527E+01
 0.19273367010724E+01
 0.19273367010724E+01
 0.19273367010724E+01
 0.19273367010724E+01
 0.22545945968244E+01
 0.22545945968244E+01
 0.22545945968244E+01
 0.22545945968244E+01
 0.27016534421119E+01
 0.27016534421119E+01
 0.27016534421119E+01
 0.27016534421119E+01
 0.33122293384624E+01
 0.33122293384624E+01
 0.33122293384624E+01
 0.33122293384624E+01
 0.41461562352135E+01
 0.41461562352135E+01
 0.41461562352135E+01
 0.41461562352135E+01
 0.52853557776532E+01
 0.52853557776532E+01
 0.52853557776532E+01
 0.52853557776532E+01
 0.68420367260754E+01
 0.68420367260754E+01
 0.68420367260754E+01
 0.68420367260754E+01
 0.89699605134875E+01
 0.89699605134875E+01
 0.89699605134875E+01
 0.89699605134875E+01
 0.11879924538056E+02
 0.11879924538056E+02
 0.11879924538056E+02
 0.11879924538056E+02
 0.15861049288434E+02
 0.15861049288434E+02
 0.15861049288434E+02
 0.15861049288434E+02
 0.21310054955622E+02
 0.21310054955622E+02
 0.21310054955622E+02
 0.21310054955622E+02
 0.28771540450218E+02
 0.28771540450218E+02
 0.28771540450218E+02
 0.28771540450218E+02
 0.38993419282919E+02
 0.38993419282919E+02
 0.38993419282919E+02
 0.38993419282919E+02
 0.53003242297796E+02
 0.53003242297796E+02
 0.53003242297796E+02
 0.53003242297796E+02
 0.72213312252515E+02
 0.72213312252515E+02
 0.72213312252515E+02
 0.72213312252515E+02
 0.98565498462160E+02
 0.98565498462160E+02
 0.98565498462160E+02
 0.98565498462160E+02
 0.13473080707907E+03
 0.13473080707907E+03
 0.13473080707907E+03
 0.13473080707907E+03
 0.18438449013984E+03
 0.18438449013984E+03
 0.18438449013984E+03
 0.18438449013984E+03
 0.25258538554010E+03
 0.25258538554010E+03
 0.25258538554010E+03
 0.25258538554010E+03
 0.34629909684033E+03
 0.34629909684033E+03
 0.34629909684033E+03
 0.34629909684033E+03
 0.47534746495160E+03
 0.47534746495160E+03
 0.47534746495160E+03
 0.47534746495160E+03
 0.65257652235839E+03
 0.65257652235839E+03
 0.65257652235839E+03
 0.65257652235839E+03
 0.89636142323337E+03
 0.89636142323337E+03
 0.89636142323337E+03
 0.89636142323337E+03
 0.12318153162868E+04
 0.12318153162868E+04
 0.12318153162868E+04
 0.12318153162868E+04
 0.16935590835317E+04
 0.16935590835317E+04
 0.16935590835317E+04
 0.16935590835317E+04
 0.23293379866129E+04
 0.23293379866129E+04
 0.23293379866129E+04
 0.23293379866129E+04
 0.32050128338678E+04
 0.32050128338678E+04
 0.32050128338678E+04
 0.32050128338678E+04
 0.44114542259055E+04
 0.44114542259055E+04
 0.44114542259055E+04
 0.44114542259055E+04
 0.60740671641689E+04
 0.60740671641689E+04
 0.60740671641689E+04
 0.60740671641689E+04
 0.83659516979780E+04
 0.83659516979780E+04
 0.83659516979780E+04
 0.83659516979780E+04
 0.11526090431713E+05
 0.11526090431713E+05
 0.11526090431713E+05
 0.11526090431713E+05
 0.15884486636930E+05
 0.15884486636930E+05
 0.15884486636930E+05
 0.15884486636930E+05
 0.21896913777454E+05
 0.21896913777454E+05
 0.21896913777454E+05
 0.21896913777454E+05
 0.30192958390908E+05
 0.30192958390908E+05
 0.30192958390908E+05
 0.30192958390908E+05
 0.41642448369971E+05
 0.41642448369971E+05
 0.41642448369971E+05
 0.41642448369971E+05
 0.57447315367608E+05
 0.57447315367608E+05
 0.57447315367608E+05
 0.57447315367608E+05
 0.79268642760369E+05
 0.79268642760369E+05
 0.79268642760369E+05
 0.79268642760369E+05
 0.10940239454056E+06
 0.10940239454056E+06
 0.10940239454056E+06
 0.10940239454056E+06
 0.15102250555590E+06
 0.15102250555590E+06
 0.15102250555590E+06
 0.15102250555590E+06
 0.20851717987287E+06
 0.20851717987287E+06
 0.20851717987287E+06
 0.20851717987287E+06
 0.28795419841592E+06
 0.28795419841592E+06
 0.28795419841592E+06
 0.28795419841592E+06
 0.39772474889606E+06
 0.39772474889606E+06
 0.39772474889606E+06
 0.39772474889606E+06
 0.54943436677923E+06
 0.54943436677923E+06
 0.54943436677923E+06
 0.54943436677923E+06
 0.75913600722466E+06
 0.75913600722466E+06
 0.75913600722466E+06
 0.75913600722466E+06
 0.10490364245388E+07
 0.10490364245388E+07
 0.10490364245388E+07
 0.10490364245388E+07
 0.14498585787245E+07
 0.14498585787245E+07
 0.14498585787245E+07
 0.14498585787245E+07
 0.20041107674424E+07
 0.20041107674424E+07
 0.20041107674424E+07
 0.20041107674424E+07
 0.27706134610353E+07
 0.27706134610353E+07
 0.27706134610353E+07
 0.27706134610353E+07
 0.38307650318201E+07
 0.38307650318201E+07
 0.38307650318201E+07
 0.38307650318201E+07
 0.52972172068562E+07
 0.52972172068562E+07
 0.52972172068562E+07
 0.52972172068562E+07
 0.73258854354829E+07
 0.73258854354829E+07
 0.73258854354829E+07
 0.73258854354829E+07
 0.10132587769495E+08
 0.10132587769495E+08
 0.10132587769495E+08
 0.10132587769495E+08
 0.14016071471390E+08
 0.14016071471390E+08
 0.14016071471390E+08
 0.14016071471390E+08
 0.19389892361336E+08
 0.19389892361336E+08
 0.19389892361336E+08
 0.19389892361336E+08
 0.26826603910704E+08
 0.26826603910704E+08
 0.26826603910704E+08
 0.26826603910704E+08
 0.37118915551329E+08
 0.37118915551329E+08
 0.37118915551329E+08
 0.37118915551329E+08
 0.51364370154767E+08
 0.51364370154767E+08
 0.51364370154767E+08
 0.51364370154767E+08
 0.71082815506666E+08
 0.71082815506666E+08
 0.71082815506666E+08
 0.71082815506666E+08
