 0.20000000000000E+05
 0.19997098478896E+05
 0.19995647876092E+05
 0.19991296699233E+05
 0.19985496603496E+05
 0.19984774934645E+05
 0.19984108749496E+05
 0.19983964961173E+05
 0.19983328198506E+05
 0.19983027379827E+05
 0.19982876972175E+05
 0.19982425756033E+05
 0.19981824150419E+05
 0.19981482179951E+05
 0.19981311196898E+05
 0.19980798256546E+05
 0.19980114356627E+05
 0.19979772745247E+05
 0.19979601941734E+05
 0.19979089539982E+05
 0.19978406358156E+05
 0.19978046177611E+05
 0.19977866089761E+05
 0.19977325835976E+05
 0.19976605520394E+05
 0.19976232595941E+05
 0.19976046136311E+05
 0.19975486767892E+05
 0.19974740967773E+05
 0.19973609914362E+05
 0.19973044411632E+05
 0.19971347999588E+05
 0.19969086341217E+05
 0.19968733654319E+05
 0.19967926447694E+05
 0.19967522856588E+05
 0.19966312132273E+05
 0.19964697947542E+05
 0.19964317845802E+05
 0.19963860177308E+05
 0.19963631346979E+05
 0.19962944871762E+05
 0.19962029608283E+05
 0.19961495388224E+05
 0.19961228283536E+05
 0.19960426990955E+05
 0.19959358650990E+05
 0.19958836530087E+05
 0.19958575474738E+05
 0.19957792329217E+05
 0.19956748183094E+05
 0.19956213610635E+05
 0.19955946329756E+05
 0.19955144508636E+05
 0.19954075464030E+05
 0.19953443162127E+05
 0.19953127018665E+05
 0.19952178618381E+05
 0.19950914154917E+05
 0.19950262344811E+05
 0.19949936447719E+05
 0.19948958788433E+05
 0.19947655317377E+05
 0.19946968454773E+05
 0.19946625032315E+05
 0.19945594800467E+05
 0.19944221240912E+05
 0.19943439405638E+05
 0.19943048499465E+05
 0.19941875826976E+05
 0.19940312371075E+05
 0.19939458036597E+05
 0.19939030883053E+05
 0.19937749477389E+05
 0.19936041064773E+05
 0.19935211650782E+05
 0.19934796956695E+05
 0.19933552926256E+05
 0.19931894339932E+05
 0.19931118635242E+05
 0.19930730794189E+05
 0.19929567316369E+05
 0.19928016118414E+05
 0.19927050229852E+05
 0.19926567303092E+05
 0.19925118593101E+05
 0.19923187143810E+05
 0.19922233318954E+05
 0.19921756423614E+05
 0.19920325806160E+05
 0.19918418476221E+05
 0.19917296265923E+05
 0.19916735184443E+05
 0.19915052034919E+05
 0.19912808057039E+05
 0.19911640108137E+05
 0.19911056159332E+05
 0.19909304415754E+05
 0.19906968997615E+05
 0.19906757484260E+05
 0.19906263254663E+05
 0.19904780639568E+05
 0.19902803991409E+05
 0.19901507447715E+05
 0.19900859207493E+05
 0.19898914613610E+05
 0.19896322117597E+05
 0.19894789953861E+05
 0.19894023916183E+05
 0.19891725980231E+05
 0.19888662478822E+05
 0.19888492491775E+05
 0.19886580048507E+05
 0.19884030410463E+05
 0.19879868360769E+05
 0.19877787662473E+05
 0.19871546874443E+05
 0.19863228872325E+05
 0.19860804043495E+05
 0.19859331888791E+05
 0.19858595852305E+05
 0.19856387906629E+05
 0.19853444361217E+05
 0.19851962191368E+05
 0.19851221147883E+05
 0.19848998183506E+05
 0.19846034618519E+05
 0.19844544246183E+05
 0.19843799101931E+05
 0.19841563837159E+05
 0.19838583876088E+05
 0.19837938701204E+05
 0.19837230612176E+05
 0.19835106496842E+05
 0.19832274697143E+05
 0.19830879995392E+05
 0.19830182681246E+05
 0.19828090886027E+05
 0.19825302169247E+05
 0.19820125645203E+05
 0.19817537889869E+05
 0.19809776651254E+05
 0.19799433062144E+05
 0.19797948840326E+05
 0.19796727345052E+05
 0.19793063311577E+05
 0.19788178988973E+05
 0.19785946215910E+05
 0.19784829923771E+05
 0.19781481425385E+05
 0.19777017642859E+05
 0.19774981693338E+05
 0.19773963797100E+05
 0.19770910422896E+05
 0.19766839991102E+05
 0.19764672824124E+05
 0.19763589329656E+05
 0.19760339202781E+05
 0.19756006532117E+05
 0.19753908699420E+05
 0.19752859866531E+05
 0.19749713702135E+05
 0.19745519596180E+05
 0.19743334277514E+05
 0.19742241708798E+05
 0.19738964365566E+05
 0.19734595421326E+05
 0.19732070258010E+05
 0.19730807797427E+05
 0.19727020900479E+05
 0.19721972835622E+05
 0.19719470904282E+05
 0.19718220057544E+05
 0.19714467993560E+05
 0.19709466352657E+05
 0.19706658345378E+05
 0.19705254491659E+05
 0.19701043530725E+05
 0.19695430316470E+05
 0.19692412859167E+05
 0.19690904303768E+05
 0.19686379331144E+05
 0.19680347652399E+05
 0.19677231766546E+05
 0.19675674008504E+05
 0.19671001474496E+05
 0.19664773155805E+05
 0.19661824428090E+05
 0.19660350229937E+05
 0.19655928298856E+05
 0.19650033938395E+05
 0.19644880402586E+05
 0.19642304141361E+05
 0.19634577385022E+05
 0.19624279772163E+05
 0.19619210239866E+05
 0.19616675964653E+05
 0.19609075103385E+05
 0.19598945203772E+05
 0.19594026833686E+05
 0.19586343627816E+05
 0.19582697728185E+05
 0.19580875032741E+05
 0.19575407964522E+05
 0.19568120915327E+05
 0.19563959679028E+05
 0.19561879392574E+05
 0.19555639860641E+05
 0.19547323581290E+05
 0.19543374120010E+05
 0.19541399688474E+05
 0.19535477590917E+05
 0.19527584253309E+05
 0.19523711642367E+05
 0.19521775624760E+05
 0.19515968724032E+05
 0.19508228877329E+05
 0.19503856162862E+05
 0.19501670173029E+05
 0.19495113673779E+05
 0.19486375104441E+05
 0.19481369005066E+05
 0.19478866437493E+05
 0.19471360663853E+05
 0.19461357465433E+05
 0.19456275517459E+05
 0.19453735040949E+05
 0.19446115601937E+05
 0.19435960992979E+05
 0.19431032330734E+05
 0.19428568468136E+05
 0.19421178755062E+05
 0.19411330177288E+05
 0.19405552118084E+05
 0.19402663733270E+05
 0.19394001158500E+05
 0.19382457075797E+05
 0.19377073773393E+05
 0.19374382682703E+05
 0.19366311653261E+05
 0.19355555511663E+05
 0.19348631424153E+05
 0.19345170309057E+05
 0.19334790678621E+05
 0.19320959835398E+05
 0.19311483515115E+05
 0.19306747097702E+05
 0.19292544815073E+05
 0.19273624690257E+05
 0.19264056797769E+05
 0.19259274632466E+05
 0.19244935258922E+05
 0.19225832702284E+05
 0.19222838396504E+05
 0.19218767239981E+05
 0.19206558943607E+05
 0.19190293279282E+05
 0.19188297847289E+05
 0.19184658571098E+05
 0.19173744883920E+05
 0.19159202959567E+05
 0.19151723211055E+05
 0.19147984431626E+05
 0.19136772472611E+05
 0.19121833407088E+05
 0.19114391561847E+05
 0.19110671725104E+05
 0.19099516558349E+05
 0.19084653132383E+05
 0.19076385275038E+05
 0.19072252689331E+05
 0.19059860303590E+05
 0.19043349648788E+05
 0.19035490564836E+05
 0.19031562238927E+05
 0.19019782125210E+05
 0.19004086650232E+05
 0.18995584575496E+05
 0.18991334964293E+05
 0.18978591834698E+05
 0.18961614296869E+05
 0.18952909194029E+05
 0.18948558141062E+05
 0.18935510975164E+05
 0.18918128729299E+05
 0.18906863891405E+05
 0.18901233987665E+05
 0.18884354333796E+05
 0.18861871577441E+05
 0.18848325038394E+05
 0.18841555417209E+05
 0.18821261139553E+05
 0.18794236104193E+05
 0.18790748758492E+05
 0.18784401858133E+05
 0.18765374017755E+05
 0.18740033545512E+05
 0.18726496774310E+05
 0.18719732055479E+05
 0.18699452558497E+05
 0.18672447402103E+05
 0.18667236262209E+05
 0.18660286561484E+05
 0.18639452980483E+05
 0.18611711052954E+05
 0.18598890460928E+05
 0.18592483476595E+05
 0.18573275764057E+05
 0.18547696347023E+05
 0.18534957360401E+05
 0.18528591148029E+05
 0.18509505628494E+05
 0.18484088849095E+05
 0.18470264667898E+05
 0.18463356454414E+05
 0.18442647313905E+05
 0.18415071257377E+05
 0.18398308975707E+05
 0.18389933556804E+05
 0.18364830170732E+05
 0.18331412289782E+05
 0.18307692987785E+05
 0.18295844847428E+05
 0.18260346414648E+05
 0.18213122292466E+05
 0.18204628107497E+05
 0.18167999827974E+05
 0.18150172825067E+05
 0.18123076254549E+05
 0.18106562129283E+05
 0.18098310709898E+05
 0.18073579007858E+05
 0.18040655972541E+05
 0.18019180189576E+05
 0.18008451886070E+05
 0.17976305286598E+05
 0.17933532405095E+05
 0.17909399922390E+05
 0.17897345860689E+05
 0.17861232334023E+05
 0.17813194298438E+05
 0.17786886488028E+05
 0.17773747155410E+05
 0.17734387367690E+05
 0.17682043207667E+05
 0.17652152934975E+05
 0.17637226750650E+05
 0.17592523884285E+05
 0.17533096267421E+05
 0.17531455401345E+05
 0.17519653929920E+05
 0.17484297161674E+05
 0.17437265779217E+05
 0.17412904125372E+05
 0.17400736063918E+05
 0.17364282875531E+05
 0.17315797393977E+05
 0.17281320897462E+05
 0.17264108398041E+05
 0.17212573697760E+05
 0.17144099990430E+05
 0.17138459346844E+05
 0.17116331720931E+05
 0.17050120114094E+05
 0.16962236230788E+05
 0.16919172206268E+05
 0.16897681209162E+05
 0.16833371871582E+05
 0.16748006656200E+05
 0.16695203521239E+05
 0.16668864413811E+05
 0.16590096155901E+05
 0.16485650522688E+05
 0.16435206594354E+05
 0.16410042539793E+05
 0.16334781317074E+05
 0.16234969687030E+05
 0.16233884610702E+05
 0.16170557155184E+05
 0.16140394578808E+05
 0.16125334394153E+05
 0.16080238103602E+05
 0.16020305842828E+05
 0.15980113492580E+05
 0.15960055145322E+05
 0.15900031044398E+05
 0.15820349928814E+05
 0.15775464612727E+05
 0.15753069731162E+05
 0.15686075660240E+05
 0.15597193224757E+05
 0.15570034100913E+05
 0.15544552519478E+05
 0.15468357721694E+05
 0.15367345326974E+05
 0.15315181409774E+05
 0.15289165887575E+05
 0.15211384176256E+05
 0.15108290430424E+05
 0.15055531884660E+05
 0.15029221737916E+05
 0.14950566848555E+05
 0.14846333625425E+05
 0.14796221555196E+05
 0.14771228984246E+05
 0.14696504282469E+05
 0.14597459052783E+05
 0.14546839721032E+05
 0.14521595915756E+05
 0.14446127040192E+05
 0.14346111638370E+05
 0.14290562056740E+05
 0.14262867976073E+05
 0.14180107337154E+05
 0.14070506357219E+05
 0.14020789817823E+05
 0.13995997460534E+05
 0.13921883117930E+05
 0.13823674145394E+05
 0.13762649759930E+05
 0.13732238661069E+05
 0.13641407968764E+05
 0.13521234268133E+05
 0.13443704900817E+05
 0.13405107078475E+05
 0.13289977247780E+05
 0.13138007474621E+05
 0.13123950383926E+05
 0.13025568804081E+05
 0.12895539645200E+05
 0.12815962543988E+05
 0.12776358328681E+05
 0.12658278492720E+05
 0.12502534559615E+05
 0.12430196493984E+05
 0.12394184562218E+05
 0.12286773552182E+05
 0.12145005478510E+05
 0.12075064727973E+05
 0.12040245536146E+05
 0.11936389228246E+05
 0.11799306355854E+05
 0.11706361835219E+05
 0.11660164483565E+05
 0.11522663424730E+05
 0.11341847663966E+05
 0.11223660819265E+05
 0.11065284128730E+05
 0.11030811900398E+05
 0.10991973656014E+05
 0.10876277474883E+05
 0.10723907992021E+05
 0.10679592106663E+05
 0.10636692569901E+05
 0.10509025155153E+05
 0.10341182397918E+05
 0.10337337840798E+05
 0.10291110363137E+05
 0.10153664589514E+05
 0.99732548544581E+04
 0.99600243728902E+04
 0.98398833465914E+04
 0.97773844103642E+04
 0.97462839608318E+04
 0.96535749154052E+04
 0.95313332143595E+04
 0.94679810965993E+04
 0.94364631171961E+04
 0.93425373092664E+04
 0.92187555736132E+04
 0.91540874449089E+04
 0.91219236913803E+04
 0.90261089110047E+04
 0.88999195924025E+04
 0.88339801550979E+04
 0.88011938651629E+04
 0.87035632904265E+04
 0.85750717962231E+04
 0.85084357672575E+04
 0.84753121857732E+04
 0.83767131463498E+04
 0.82470297923166E+04
 0.81853609958300E+04
 0.81546997391638E+04
 0.80634033719475E+04
 0.79432628665906E+04
 0.78843597215338E+04
 0.78550721480994E+04
 0.77678605741939E+04
 0.76530828287426E+04
 0.75976716977621E+04
 0.75701167611217E+04
 0.74880501177630E+04
 0.73800102041417E+04
 0.73174450389315E+04
 0.72863616381088E+04
 0.71939014246225E+04
 0.70724436644659E+04
 0.70178939203194E+04
 0.69907770279187E+04
 0.69100534090668E+04
 0.68038700414868E+04
 0.67528402594806E+04
 0.67274690698942E+04
 0.66519260083476E+04
 0.65525198279149E+04
 0.65050944355544E+04
 0.64815106129481E+04
 0.64112709200496E+04
 0.63188006391347E+04
 0.62642570839379E+04
 0.62371621155690E+04
 0.61565783568092E+04
 0.60507505725088E+04
 0.60360500546987E+04
 0.60127618494962E+04
 0.59434349534099E+04
 0.58522409168824E+04
 0.58066469199489E+04
 0.57839832994582E+04
 0.57165218048189E+04
 0.56277955337410E+04
 0.55838907691746E+04
 0.55620669974894E+04
 0.54971061224742E+04
 0.54116702893723E+04
 0.53701472453863E+04
 0.53495053504345E+04
 0.52880545125832E+04
 0.52072167295262E+04
 0.51671931352447E+04
 0.51472968455075E+04
 0.50880664646702E+04
 0.50101514915261E+04
 0.49723567791111E+04
 0.49535664722605E+04
 0.48976205283623E+04
 0.48240075976049E+04
 0.47876737871756E+04
 0.47696096329180E+04
 0.47158250873650E+04
 0.46450546300318E+04
 0.46095169885775E+04
 0.45918502540571E+04
 0.45392552800913E+04
 0.44700645608352E+04
 0.44354960026325E+04
 0.44183121008292E+04
 0.43671588082581E+04
 0.42998744849103E+04
 0.42675709697071E+04
 0.42515103322385E+04
 0.42036901701580E+04
 0.41407656022369E+04
 0.41094940993256E+04
 0.40939470206478E+04
 0.40476578048313E+04
 0.39867519789020E+04
 0.39569892109329E+04
 0.39421912516194E+04
 0.38981285885321E+04
 0.38401435303888E+04
 0.38115099068116E+04
 0.37972732575847E+04
 0.37548815763426E+04
 0.36990945899803E+04
 0.36717251579044E+04
 0.36581164742027E+04
 0.36175923089615E+04
 0.35642575554457E+04
 0.35379409211342E+04
 0.35248555585777E+04
 0.34858891411630E+04
 0.34346031761070E+04
 0.34093210515604E+04
 0.33967498623816E+04
 0.33593137361118E+04
 0.33100399245476E+04
 0.32860849488223E+04
 0.32741725501007E+04
 0.32386938321592E+04
 0.31919861838185E+04
 0.31688730051940E+04
 0.31573792519408E+04
 0.31231475221051E+04
 0.30780818431942E+04
 0.30561436570999E+04
 0.30452332674853E+04
 0.30127352441596E+04
 0.29699433941289E+04
 0.29487515668501E+04
 0.29382124248545E+04
 0.29068204702607E+04
 0.28654856363084E+04
 0.28452548550987E+04
 0.28351930891308E+04
 0.28052207803110E+04
 0.27657500081756E+04
 0.27463459057967E+04
 0.27366949648835E+04
 0.27079451536400E+04
 0.26700813437902E+04
 0.26515066945169E+04
 0.26422678815728E+04
 0.26147441441170E+04
 0.25784913023226E+04
 0.25606979005128E+04
 0.25518472971602E+04
 0.25254786092000E+04
 0.24907437203432E+04
 0.24737090446699E+04
 0.24652354449150E+04
 0.24399884055626E+04
 0.24067274367777E+04
 0.23904012607594E+04
 0.23822797503088E+04
 0.23580804049542E+04
 0.23261965662293E+04
 0.23105599068212E+04
 0.23027810368330E+04
 0.22796012085055E+04
 0.22490573225617E+04
 0.22340578847422E+04
 0.22265957199848E+04
 0.22043584441003E+04
 0.21750538294154E+04
 0.21606806266304E+04
 0.21535296819363E+04
 0.21322185355877E+04
 0.21041313714796E+04
 0.20903413611714E+04
 0.20834802838684E+04
 0.20630318772424E+04
 0.20360791839225E+04
 0.20228449708483E+04
 0.20162601565111E+04
 0.19966340458834E+04
 0.19707627507013E+04
 0.19580604067577E+04
 0.19517399692346E+04
 0.19329008051083E+04
 0.19080644881507E+04
 0.18958655171459E+04
 0.18897953096533E+04
 0.18717010533795E+04
 0.18478445894824E+04
 0.18361229941636E+04
 0.18302901086049E+04
 0.18129023948898E+04
 0.17899754583539E+04
 0.17787063865972E+04
 0.17730984831131E+04
 0.17563806342402E+04
 0.17343351100180E+04
 0.17234951379400E+04
 0.17181005850982E+04
 0.17020180260805E+04
 0.16808085508295E+04
 0.16703749050483E+04
 0.16651823945910E+04
 0.16497015117442E+04
 0.16292839849388E+04
 0.16192352113782E+04
 0.16142340894815E+04
 0.15993232117494E+04
 0.15796560754139E+04
 0.15699716877852E+04
 0.15651517809197E+04
 0.15507806638697E+04
 0.15318242293468E+04
 0.15224846149680E+04
 0.15178361832304E+04
 0.15039758707211E+04
 0.14856921380784E+04
 0.14766786592685E+04
 0.14721924466129E+04
 0.14588154196382E+04
 0.14411682718589E+04
 0.14324631813566E+04
 0.14281303736921E+04
 0.14152104262129E+04
 0.13981654671761E+04
 0.13897518837377E+04
 0.13855640968457E+04
 0.13730763000070E+04
 0.13566008078462E+04
 0.13484626616417E+04
 0.13444119141313E+04
 0.13323325361479E+04
 0.13163953587743E+04
 0.13085311349201E+04
 0.13046166582851E+04
 0.12929433499825E+04
 0.12775412551456E+04
 0.12698996313409E+04
 0.12660959769458E+04
 0.12547532350770E+04
 0.12397874951622E+04
 0.12323886378359E+04
 0.12287057836128E+04
 0.12177231247893E+04
 0.12032321340079E+04
 0.11960481447740E+04
 0.11924722506412E+04
 0.11818085873527E+04
 0.11677385606195E+04
 0.11607569628837E+04
 0.11572818323070E+04
 0.11469187406789E+04
 0.11332454954357E+04
 0.11264614117180E+04
 0.11230846144782E+04
 0.11130148377891E+04
 0.10997287771376E+04
 0.10931246377460E+04
 0.10898374550247E+04
 0.10800350987143E+04
 0.10671023008231E+04
 0.10606685349645E+04
 0.10574662128536E+04
 0.10479171401508E+04
 0.10353190444581E+04
 0.10290429241386E+04
 0.10259191454215E+04
 0.10166045902239E+04
 0.10043166033469E+04
 0.99818922743712E+03
 0.99513957230532E+03
 0.98604639718976E+03
 0.97405128408092E+03
 0.96806036489351E+03
 0.96507873699446E+03
 0.95618884120423E+03
 0.94446290175806E+03
 0.93859819465143E+03
 0.93567951153523E+03
 0.92697780577419E+03
 0.91550128531136E+03
 0.90975235926574E+03
 0.90689144795907E+03
 0.89836258187403E+03
 0.88711540171118E+03
 0.88147202940082E+03
 0.87866381993256E+03
 0.87029275669124E+03
 0.85925526638037E+03
 0.85370608080147E+03
 0.85094494132580E+03
 0.84271498994505E+03
 0.83186540576099E+03
 0.82639898394944E+03
 0.82367925815479E+03
 0.81557366806686E+03
 0.80489015831721E+03
 0.79949415982710E+03
 0.79680974115550E+03
 0.78881044455520E+03
 0.77826949794037E+03
 0.77292954540374E+03
 0.77027332435254E+03
 0.76235930584366E+03
 0.75193362132021E+03
 0.74663227236588E+03
 0.74399563022061E+03
 0.73614143867580E+03
 0.72579801148365E+03
 0.72051193256896E+03
 0.71788334768236E+03
 0.71005499150674E+03
 0.69974981537053E+03
 0.69444386149518E+03
 0.69180599091801E+03
 0.68395234776394E+03
 0.67361933879072E+03
 0.66823104780773E+03
 0.66555308661187E+03
 0.65758342373869E+03
 0.64710546056002E+03
 0.64149176367210E+03
 0.63870320375470E+03
 0.63041004496156E+03
 0.61951976325848E+03
 0.61310721743664E+03
 0.60992587809417E+03
 0.60048056386820E+03
 0.58811395163409E+03
 0.58200632838767E+03
 0.57897634347818E+03
 0.56998070760942E+03
 0.55820356576707E+03
 0.55317992780932E+03
 0.54433890843817E+03
 0.54343221920575E+03
 0.54150406510379E+03
 0.53576055382255E+03
 0.52819719064111E+03
 0.52673796932948E+03
 0.52504664534853E+03
 0.52000518839802E+03
 0.51335846681765E+03
 0.51033825851011E+03
 0.50883482401529E+03
 0.50435104291878E+03
 0.49843406914338E+03
 0.49572404911909E+03
 0.49437456948521E+03
 0.49034813244955E+03
 0.48503051590302E+03
 0.48259563884686E+03
 0.48138278777182E+03
 0.47776249280221E+03
 0.47297775075373E+03
 0.47079685508377E+03
 0.46971018110401E+03
 0.46646518547896E+03
 0.46217337082673E+03
 0.46023911611896E+03
 0.45927502647791E+03
 0.45639485799228E+03
 0.45258271038226E+03
 0.45205873485903E+03
 0.45121792375963E+03
 0.44870486220566E+03
 0.44537587266696E+03
 0.44385392200999E+03
 0.44309489805655E+03
 0.44082560536583E+03
 0.43781795058793E+03
 0.43616559876173E+03
 0.43534176278932E+03
 0.43287957968377E+03
 0.42961831744078E+03
 0.42789684628970E+03
 0.42703869909176E+03
 0.42447456991198E+03
 0.42107966493792E+03
 0.41931335506428E+03
 0.41843298044598E+03
 0.41580293161561E+03
 0.41232189725051E+03
 0.41051848934655E+03
 0.40961974538278E+03
 0.40693530206937E+03
 0.40338339083370E+03
 0.40153530185429E+03
 0.40061443483639E+03
 0.39786448586190E+03
 0.39422722869351E+03
 0.39230893579106E+03
 0.39135329248703E+03
 0.38850030741916E+03
 0.38472865453599E+03
 0.38277073893996E+03
 0.38179552074190E+03
 0.37888474887419E+03
 0.37503821083797E+03
 0.37291213254368E+03
 0.37185361734563E+03
 0.36869606545978E+03
 0.36452766481749E+03
 0.36204485641597E+03
 0.36080980077017E+03
 0.35712985569145E+03
 0.35228157992249E+03
 0.34957682197119E+03
 0.34823224039107E+03
 0.34422944644016E+03
 0.33896386874985E+03
 0.33613285707030E+03
 0.33472623019012E+03
 0.33054156949092E+03
 0.32504328889065E+03
 0.32199307066554E+03
 0.32047871204761E+03
 0.31597823547205E+03
 0.31007575813998E+03
 0.30666851715190E+03
 0.30497896241812E+03
 0.29996594405049E+03
 0.29340986367947E+03
 0.28950320999708E+03
 0.28756943243324E+03
 0.28184525711895E+03
 0.27438987360191E+03
 0.26965615863409E+03
 0.26732001399216E+03
 0.26043231458476E+03
 0.25152398182692E+03
 0.24553042858557E+03
 0.24258742391176E+03
 0.23396837873153E+03
 0.22295078804164E+03
 0.21676377585866E+03
 0.21373495539777E+03
 0.20490006588518E+03
 0.19368567048410E+03
 0.18857310087578E+03
 0.18606764795177E+03
 0.17874925660619E+03
 0.16943719321538E+03
 0.16457791914565E+03
 0.16220079395847E+03
 0.15527345007018E+03
 0.14649501329621E+03
 0.14204224680919E+03
 0.13986687725915E+03
 0.13353862984176E+03
 0.12554409820763E+03
 0.12172975198536E+03
 0.11986625989145E+03
 0.11444520662853E+03
 0.10759658339029E+03
 0.10432786603804E+03
 0.10273093607093E+03
 0.98085319193903E+02
 0.92216301100251E+02
 0.89413253271676E+02
 0.88043844005563E+02
 0.84060175639107E+02
 0.79027581691502E+02
 0.76623188021702E+02
 0.75448564210633E+02
 0.72031634014407E+02
 0.67715223923447E+02
 0.65652649165416E+02
 0.64645042107183E+02
 0.61714061135850E+02
 0.58011754538900E+02
 0.56242489419466E+02
 0.55378195747448E+02
 0.52864192586802E+02
 0.49688819005840E+02
 0.48171326607814E+02
 0.47430048876207E+02
 0.45273958637154E+02
 0.42550859385221E+02
 0.41249513895566E+02
 0.40613842852104E+02
 0.38765003928177E+02
 0.36430139365738E+02
 0.35314358222119E+02
 0.34769349081755E+02
 0.33184271502015E+02
 0.31182667283650E+02
 0.30226185047067E+02
 0.29759002801005E+02
 0.28400336624653E+02
 0.26684780919398E+02
 0.25865034376163E+02
 0.25464653355910E+02
 0.24300314568641E+02
 0.22830253525483E+02
 0.22127857681145E+02
 0.21784805493229E+02
 0.20787230849105E+02
 0.19527826670738E+02
 0.18926126665920E+02
 0.18632265206606E+02
 0.17777774894404E+02
 0.16699100031710E+02
 0.16183787209227E+02
 0.15932125019314E+02
 0.15200376496281E+02
 0.14276723010528E+02
 0.13835505521140E+02
 0.13620036789678E+02
 0.12993556155385E+02
 0.12202843075724E+02
 0.11825163015672E+02
 0.11640729323311E+02
 0.11104508870409E+02
 0.10427773211759E+02
 0.10104563552568E+02
 0.99467350629494E+01
 0.94878874332383E+01
 0.89088467909579E+01
 0.86323223967228E+01
 0.84972957090513E+01
 0.81047565483274E+01
 0.76094330299273E+01
 0.73729109149352E+01
 0.72574212093495E+01
 0.69216934300844E+01
 0.64980902157874E+01
 0.62958349118323E+01
 0.61970803689978E+01
 0.59100141463895E+01
 0.55478372521713E+01
 0.53749277591146E+01
 0.52905045304543E+01
 0.50451080149842E+01
 0.47355269137959E+01
 0.45875218589503E+01
 0.45152631364635E+01
 0.43052444981596E+01
 0.40403361314391E+01
 0.39140879741997E+01
 0.38524510127198E+01
 0.36733029932634E+01
 0.34473305314043E+01
 0.33394858817388E+01
 0.32868353883616E+01
 0.31338123141285E+01
 0.29408058718422E+01
 0.28487011687092E+01
 0.28037362819085E+01
 0.26730554416249E+01
 0.25082397280927E+01
 0.24295953089702E+01
 0.23912026805117E+01
 0.22796267020434E+01
 0.21389150359674E+01
 0.20717784444805E+01
 0.20390045648466E+01
 0.19437609935660E+01
 0.18236538936421E+01
 0.17663533768092E+01
 0.17383818531070E+01
 0.16570970389433E+01
 0.15545986732449E+01
 0.15057032353817E+01
 0.14818352735901E+01
 0.14124775839881E+01
 0.13250240104677E+01
 0.12833090894881E+01
 0.12629467245843E+01
 0.12037777553746E+01
 0.11291752755166E+01
 0.10935932577369E+01
 0.10762249484942E+01
 0.10257576169752E+01
 0.96212983105822E+00
 0.93178473048548E+00
 0.91697298943733E+00
 0.87393555029140E+00
 0.81967790042682E+00
 0.79380362096114E+00
 0.78117439524139E+00
 0.74447955161777E+00
 0.69822030552033E+00
 0.67616198628083E+00
 0.66539554501594E+00
 0.63411394344528E+00
 0.59468071899258E+00
 0.57587872774988E+00
 0.56670184340819E+00
 0.54003933382317E+00
 0.50643038215703E+00
 0.49040659031989E+00
 0.48258583479107E+00
 0.45986397369971E+00
 0.43122356020688E+00
 0.41756957297935E+00
 0.41090556893388E+00
 0.39154490190627E+00
 0.36714219912503E+00
 0.35550926886775E+00
 0.34983176343415E+00
 0.33333749974562E+00
 0.31254850229420E+00
 0.30263888655491E+00
 0.29780253075338E+00
 0.28375227099837E+00
 0.26604430380086E+00
 0.25760386268300E+00
 0.25348459628650E+00
 0.24151782104166E+00
 0.22643627193135E+00
 0.21924813074076E+00
 0.21574008748787E+00
 0.20554915938283E+00
 0.19270612289778E+00
 0.18658524576182E+00
 0.18359810356111E+00
 0.17492056362483E+00
 0.16398511937347E+00
 0.15877366812854E+00
 0.15623038278478E+00
 0.14884236202854E+00
 0.13953226095541E+00
 0.13509562371072E+00
 0.13293048974265E+00
 0.12664107198025E+00
 0.11871562370135E+00
 0.11493901722652E+00
 0.11309600894889E+00
 0.10774240863481E+00
 0.10099639776314E+00
 0.97781967232795E-01
 0.96213322674612E-01
 0.91656768608707E-01
 0.85915261579110E-01
 0.83179594256060E-01
 0.81844601316637E-01
 0.77966808708500E-01
 0.73080703969802E-01
 0.70752714357210E-01
 0.69616678240093E-01
 0.66316847347109E-01
 0.62159089072958E-01
 0.60178202764422E-01
 0.59211559386018E-01
 0.56403798981173E-01
 0.52866127873457E-01
 0.51180737553063E-01
 0.50358299751036E-01
 0.47969436306843E-01
 0.44959626341348E-01
 0.43525770032997E-01
 0.42826082335065E-01
 0.40793784944850E-01
 0.38233278835068E-01
 0.37013513084295E-01
 0.36418301635137E-01
 0.34689483465681E-01
 0.32511376834081E-01
 0.31473811172957E-01
 0.30967512453209E-01
 0.29496961400119E-01
 0.27644276486459E-01
 0.26761757659936E-01
 0.26331120221747E-01
 0.25080341403461E-01
 0.23504567131536E-01
 0.22753978685374E-01
 0.22387721263960E-01
 0.21323943580323E-01
 0.19983783029894E-01
 0.19345442812695E-01
 0.19033960301727E-01
 0.18129282339874E-01
 0.16989576497476E-01
 0.16446731193673E-01
 0.16181847886002E-01
 0.15412520791474E-01
 0.14443344156023E-01
 0.13981735769549E-01
 0.13756493753427E-01
 0.13102306387207E-01
 0.12278191831123E-01
 0.11885683147726E-01
 0.11694159555046E-01
 0.11137907729396E-01
 0.10437177901142E-01
 0.10348239389481E-01
 0.10304054737792E-01
 0.10172629521606E-01
 0.99999997764826E-02
