 0.00000000000000E+00
-0.14508657977072E-03
-0.21762987506097E-03
-0.43525975012195E-03
-0.72543288804380E-03
-0.76154316813199E-03
-0.79487835730587E-03
-0.80207351632449E-03
-0.83393770411175E-03
-0.84899129977536E-03
-0.85651809816795E-03
-0.87909849222416E-03
-0.90920568130822E-03
-0.92631990431016E-03
-0.93487701644868E-03
-0.96054835158913E-03
-0.99477679504277E-03
-0.10118745100480E-02
-0.10204233681876E-02
-0.10460699413324E-02
-0.10802653687951E-02
-0.10982940235750E-02
-0.11073083516365E-02
-0.11343513344778E-02
-0.11704086413509E-02
-0.11890768747341E-02
-0.11984109921212E-02
-0.12264133428914E-02
-0.12637498068761E-02
-0.13203755942218E-02
-0.13486884900042E-02
-0.14336271731322E-02
-0.15468787393858E-02
-0.15645405395497E-02
-0.16049648826537E-02
-0.16251770557116E-02
-0.16858135718735E-02
-0.17666622520579E-02
-0.17857011255807E-02
-0.18086257124866E-02
-0.18200880067936E-02
-0.18544748880064E-02
-0.19003240584021E-02
-0.19270862272909E-02
-0.19404673127322E-02
-0.19806105670623E-02
-0.20341349008519E-02
-0.20602944454126E-02
-0.20733742186674E-02
-0.21126135364829E-02
-0.21649326217062E-02
-0.21917195317579E-02
-0.22051129877816E-02
-0.22452933538569E-02
-0.22988671699687E-02
-0.23305555297090E-02
-0.23463997107596E-02
-0.23939322515505E-02
-0.24573089663091E-02
-0.24899801887573E-02
-0.25063158011985E-02
-0.25553226360878E-02
-0.26206650761158E-02
-0.26550989189971E-02
-0.26723158417205E-02
-0.27239666073253E-02
-0.27928342879570E-02
-0.28320361494748E-02
-0.28516370816940E-02
-0.29104398754310E-02
-0.29888435926250E-02
-0.30316890989352E-02
-0.30531118536864E-02
-0.31173801147478E-02
-0.32030711209836E-02
-0.32446757325598E-02
-0.32654780398977E-02
-0.33278849588118E-02
-0.34110941757645E-02
-0.34500126935795E-02
-0.34694719539368E-02
-0.35278497321092E-02
-0.36056867619399E-02
-0.36541568135710E-02
-0.36783918411921E-02
-0.37510969204444E-02
-0.38480370164839E-02
-0.38959132765830E-02
-0.39198514084161E-02
-0.39916658003483E-02
-0.40874183134124E-02
-0.41437602319548E-02
-0.41719311933248E-02
-0.42564440732372E-02
-0.43691279019263E-02
-0.44277827712908E-02
-0.44571102081582E-02
-0.45450925143901E-02
-0.46624022443790E-02
-0.46730273917504E-02
-0.46978549274287E-02
-0.47723375307640E-02
-0.48716476586789E-02
-0.49367935510641E-02
-0.49693664996835E-02
-0.50670853406881E-02
-0.51973771157509E-02
-0.52743874658737E-02
-0.53128926438039E-02
-0.54284081718569E-02
-0.55824288606270E-02
-0.55909758292078E-02
-0.56871387346220E-02
-0.58153559291037E-02
-0.60246940391738E-02
-0.61293631020074E-02
-0.64433702749111E-02
-0.68620464638577E-02
-0.69841301827340E-02
-0.70582565506457E-02
-0.70953197373630E-02
-0.72065092919920E-02
-0.73547620167697E-02
-0.74294203557188E-02
-0.74667495279745E-02
-0.75787370391793E-02
-0.77280537059524E-02
-0.78031532574876E-02
-0.78407030360528E-02
-0.79533523661533E-02
-0.81035514580329E-02
-0.81360732035200E-02
-0.81717675201238E-02
-0.82788504646162E-02
-0.84216277097559E-02
-0.84919550330274E-02
-0.85271186972831E-02
-0.86326096848103E-02
-0.87732643208738E-02
-0.90344053582901E-02
-0.91649758867265E-02
-0.95566874525792E-02
-0.10078969488499E-01
-0.10153935142675E-01
-0.10215635118126E-01
-0.10400735035284E-01
-0.10647534900311E-01
-0.10760374946879E-01
-0.10816794974367E-01
-0.10986055048423E-01
-0.11211735124745E-01
-0.11314685648466E-01
-0.11366160914161E-01
-0.11520586703577E-01
-0.11726487735677E-01
-0.11836130237378E-01
-0.11890951492313E-01
-0.12055415248949E-01
-0.12274700236013E-01
-0.12380892956823E-01
-0.12433989321185E-01
-0.12593278406357E-01
-0.12805663832155E-01
-0.12916344110478E-01
-0.12971684253763E-01
-0.13137704675371E-01
-0.13359065215525E-01
-0.13487029576139E-01
-0.13551011761212E-01
-0.13742958306899E-01
-0.13998887009058E-01
-0.14125755151113E-01
-0.14189189226866E-01
-0.14379491444674E-01
-0.14633227709879E-01
-0.14775707839777E-01
-0.14846947910034E-01
-0.15060668110189E-01
-0.15345628348754E-01
-0.15498846045634E-01
-0.15575454899782E-01
-0.15805281450810E-01
-0.16111716821740E-01
-0.16270054092738E-01
-0.16349222734136E-01
-0.16586728646532E-01
-0.16903403164935E-01
-0.17053364153270E-01
-0.17128344653024E-01
-0.17353286141114E-01
-0.17653208095439E-01
-0.17915508493574E-01
-0.18046658702413E-01
-0.18440109309387E-01
-0.18964710066572E-01
-0.19223073037051E-01
-0.19352254531916E-01
-0.19739798997260E-01
-0.20256524899720E-01
-0.20507507147626E-01
-0.20899703846019E-01
-0.21085866157664E-01
-0.21178947320422E-01
-0.21458190794824E-01
-0.21830515390374E-01
-0.22043191856917E-01
-0.22149530098111E-01
-0.22468544805848E-01
-0.22893897707243E-01
-0.23095964261434E-01
-0.23196997546057E-01
-0.23500097384871E-01
-0.23904230463143E-01
-0.24102565031357E-01
-0.24201732322852E-01
-0.24499234182561E-01
-0.24895903289434E-01
-0.25120075592979E-01
-0.25232161753103E-01
-0.25568420216771E-01
-0.26016764790456E-01
-0.26273700341473E-01
-0.26402168126553E-01
-0.26787571462650E-01
-0.27301442526397E-01
-0.27562606816875E-01
-0.27693188971843E-01
-0.28084935417289E-01
-0.28607263959327E-01
-0.28860880812563E-01
-0.28987689248628E-01
-0.29368114537930E-01
-0.29875348206609E-01
-0.30173056775910E-01
-0.30321911071651E-01
-0.30768473936694E-01
-0.31363891030935E-01
-0.31641670576790E-01
-0.31780560360066E-01
-0.32197229689197E-01
-0.32752788739515E-01
-0.33110584013439E-01
-0.33289481663730E-01
-0.33826174587945E-01
-0.34541765082477E-01
-0.35032353802757E-01
-0.35277648181172E-01
-0.36013531279867E-01
-0.36994708647322E-01
-0.37491256042744E-01
-0.37739529758954E-01
-0.38484350870586E-01
-0.39477445587440E-01
-0.39633201596732E-01
-0.39845011507953E-01
-0.40480441210055E-01
-0.41327680728692E-01
-0.41431667453393E-01
-0.41621346672395E-01
-0.42190384301134E-01
-0.42949101064081E-01
-0.43339577064242E-01
-0.43534815078869E-01
-0.44120529093657E-01
-0.44901481035794E-01
-0.45290737315170E-01
-0.45485365469358E-01
-0.46069249902923E-01
-0.46847762403671E-01
-0.47281076475785E-01
-0.47497733527985E-01
-0.48147704652298E-01
-0.49014332731957E-01
-0.49427112323936E-01
-0.49633502135302E-01
-0.50252671538648E-01
-0.51078230661097E-01
-0.51525712157862E-01
-0.51749452922914E-01
-0.52420675184730E-01
-0.53315638111579E-01
-0.53774834334645E-01
-0.54004432463285E-01
-0.54693226814991E-01
-0.55611619192698E-01
-0.56207248560829E-01
-0.56505063267083E-01
-0.57398507341467E-01
-0.58589765988973E-01
-0.59308220987675E-01
-0.59667448513791E-01
-0.60745131038609E-01
-0.62182040928955E-01
-0.62367612147022E-01
-0.62705436497189E-01
-0.63718909497352E-01
-0.65070206696663E-01
-0.65792812802718E-01
-0.66154115882665E-01
-0.67238025068667E-01
-0.68683237173101E-01
-0.68962357905597E-01
-0.69334721260018E-01
-0.70451811267795E-01
-0.71941264463533E-01
-0.72630347252419E-01
-0.72974888672532E-01
-0.74008512881531E-01
-0.75386678356622E-01
-0.76073737444834E-01
-0.76417267014535E-01
-0.77447855672448E-01
-0.78821973746492E-01
-0.79570149835423E-01
-0.79944237907760E-01
-0.81066502069027E-01
-0.82562854135401E-01
-0.83473516656608E-01
-0.83928847951136E-01
-0.85294841766871E-01
-0.87116166673585E-01
-0.88410920196159E-01
-0.89058297005679E-01
-0.91000427337772E-01
-0.93589934189986E-01
-0.94056420177135E-01
-0.96070478219346E-01
-0.97052190846198E-01
-0.98546216126303E-01
-0.99457852407896E-01
-0.99913670582654E-01
-0.10128112503900E+00
-0.10310439746635E+00
-0.10429551688286E+00
-0.10489107663548E+00
-0.10667775580462E+00
-0.10905999446015E+00
-0.11040656321354E+00
-0.11107984764041E+00
-0.11309970082067E+00
-0.11579283812681E+00
-0.11727080191891E+00
-0.11800978387002E+00
-0.12022672961323E+00
-0.12318265697720E+00
-0.12487451829485E+00
-0.12572044901669E+00
-0.12825824105618E+00
-0.13164196343936E+00
-0.13173555460193E+00
-0.13240894109926E+00
-0.13442910049091E+00
-0.13712264607886E+00
-0.13852072579437E+00
-0.13921976570421E+00
-0.14131688532956E+00
-0.14411304455225E+00
-0.14610607227419E+00
-0.14710258620941E+00
-0.15009212786656E+00
-0.15407818301346E+00
-0.15440725083956E+00
-0.15569919443640E+00
-0.15957502503440E+00
-0.16474279865170E+00
-0.16728484455217E+00
-0.16855586759710E+00
-0.17236893654250E+00
-0.17745302796465E+00
-0.18061080968224E+00
-0.18218970065868E+00
-0.18692637335271E+00
-0.19324193631737E+00
-0.19630649612716E+00
-0.19783877614621E+00
-0.20243561597506E+00
-0.20856473513799E+00
-0.20863157311864E+00
-0.21254014445569E+00
-0.21440716374905E+00
-0.21534067346529E+00
-0.21814120247488E+00
-0.22187524078339E+00
-0.22438723107715E+00
-0.22564322631761E+00
-0.22941121185183E+00
-0.23443519206503E+00
-0.23727641308961E+00
-0.23869702370775E+00
-0.24295885535046E+00
-0.24864129697624E+00
-0.25038409754264E+00
-0.25202201659605E+00
-0.25693577351221E+00
-0.26348744874958E+00
-0.26688768810440E+00
-0.26858780790848E+00
-0.27368816706737E+00
-0.28048864527034E+00
-0.28398678280827E+00
-0.28573585170755E+00
-0.29098305814476E+00
-0.29797933269936E+00
-0.30136042570320E+00
-0.30305097233107E+00
-0.30812261196278E+00
-0.31488479746663E+00
-0.31835850483177E+00
-0.32009535864374E+00
-0.32530591982086E+00
-0.33225333403351E+00
-0.33613295021355E+00
-0.33807275844810E+00
-0.34389218286269E+00
-0.35165141464466E+00
-0.35519105845418E+00
-0.35696088049080E+00
-0.36227034633695E+00
-0.36934963342854E+00
-0.37377388982564E+00
-0.37598601818900E+00
-0.38262240294946E+00
-0.39147091508439E+00
-0.39722131418370E+00
-0.40009651394757E+00
-0.40872211281075E+00
-0.42022291015248E+00
-0.42129343902261E+00
-0.42881801668913E+00
-0.43885078591449E+00
-0.44504080582994E+00
-0.44813581601826E+00
-0.45742084612203E+00
-0.46980088503055E+00
-0.47560356011254E+00
-0.47850489786970E+00
-0.48720891070884E+00
-0.49881426000815E+00
-0.50458971353506E+00
-0.50747744051367E+00
-0.51614062101918E+00
-0.52769152721239E+00
-0.53559983292701E+00
-0.53955398607893E+00
-0.55141644494546E+00
-0.56723305519628E+00
-0.57770815044911E+00
-0.59191962223068E+00
-0.59503983462055E+00
-0.59856693472767E+00
-0.60914823452344E+00
-0.62325663284959E+00
-0.62739763301130E+00
-0.63142268665748E+00
-0.64349784699623E+00
-0.65959805918182E+00
-0.65996989982798E+00
-0.66445182251914E+00
-0.67789758992476E+00
-0.69582527801796E+00
-0.69715275488315E+00
-0.70928841758130E+00
-0.71566026797949E+00
-0.71884619341596E+00
-0.72840396925062E+00
-0.74114766909752E+00
-0.74781657846114E+00
-0.75115103339139E+00
-0.76115439768525E+00
-0.77449221541875E+00
-0.78153177872355E+00
-0.78505156063819E+00
-0.79561090585762E+00
-0.80969003141823E+00
-0.81712660680533E+00
-0.82084489477591E+00
-0.83199975813359E+00
-0.84687290779965E+00
-0.85467415899712E+00
-0.85857478488648E+00
-0.87027666197330E+00
-0.88587916320577E+00
-0.89338495914269E+00
-0.89713785739077E+00
-0.90839655157577E+00
-0.92340814233117E+00
-0.93085125852435E+00
-0.93457281689821E+00
-0.94573749146525E+00
-0.96062372274249E+00
-0.96789042875578E+00
-0.97152378203313E+00
-0.98242384132378E+00
-0.99695725226754E+00
-0.10054710449062E+01
-0.10097279415427E+01
-0.10224986308178E+01
-0.10395262148264E+01
-0.10472691118792E+01
-0.10511405606940E+01
-0.10627549065616E+01
-0.10782406995134E+01
-0.10857690779900E+01
-0.10895332675087E+01
-0.11008258355041E+01
-0.11158825913355E+01
-0.11231466443153E+01
-0.11267786710758E+01
-0.11376747508160E+01
-0.11522028556931E+01
-0.11608722742106E+01
-0.11652069837923E+01
-0.11782111118914E+01
-0.11955499476345E+01
-0.11979824399891E+01
-0.12018480882187E+01
-0.12134450323312E+01
-0.12289076229451E+01
-0.12367289915012E+01
-0.12406396760706E+01
-0.12523717291961E+01
-0.12680144651429E+01
-0.12758464696795E+01
-0.12797624722395E+01
-0.12915104793362E+01
-0.13071744872424E+01
-0.13148769454117E+01
-0.13187281747833E+01
-0.13302818623242E+01
-0.13456867775150E+01
-0.13534026463439E+01
-0.13572605810458E+01
-0.13688343845767E+01
-0.13842661210848E+01
-0.13918383448148E+01
-0.13956244569619E+01
-0.14069827928391E+01
-0.14221272391708E+01
-0.14296876195127E+01
-0.14334678099653E+01
-0.14448083807599E+01
-0.14599291403171E+01
-0.14676091967467E+01
-0.14714492252476E+01
-0.14829693101782E+01
-0.14983294218930E+01
-0.15060928257973E+01
-0.15099745280387E+01
-0.15216196341844E+01
-0.15371464408362E+01
-0.15446874677288E+01
-0.15484579814560E+01
-0.15597695220758E+01
-0.15748515747373E+01
-0.15824323428105E+01
-0.15862227271295E+01
-0.15975938795217E+01
-0.16127554145384E+01
-0.16202488377319E+01
-0.16239955496078E+01
-0.16352356846771E+01
-0.16502225299475E+01
-0.16577068619215E+01
-0.16614490281873E+01
-0.16726755264271E+01
-0.16876441892598E+01
-0.16950706516623E+01
-0.16987838831401E+01
-0.17099235770205E+01
-0.17247765007187E+01
-0.17321873763351E+01
-0.17358928144193E+01
-0.17470091281199E+01
-0.17618308782482E+01
-0.17692191071969E+01
-0.17729132219464E+01
-0.17839955656446E+01
-0.17987720224409E+01
-0.18060354025316E+01
-0.18096670928476E+01
-0.18205621632543E+01
-0.18350889223535E+01
-0.18423562677429E+01
-0.18459899407083E+01
-0.18568909590632E+01
-0.18714256487591E+01
-0.18785783951412E+01
-0.18821547685988E+01
-0.18928838884384E+01
-0.19071893801369E+01
-0.19143503904536E+01
-0.19179308958787E+01
-0.19286724116206E+01
-0.19429944311870E+01
-0.19500796299882E+01
-0.19536222296528E+01
-0.19642500281185E+01
-0.19784204246651E+01
-0.19854610069904E+01
-0.19889812984153E+01
-0.19995421721655E+01
-0.20136233357669E+01
-0.20206042311585E+01
-0.20240946791143E+01
-0.20345660224618E+01
-0.20485278122047E+01
-0.20554524348281E+01
-0.20589147463977E+01
-0.20693016805906E+01
-0.20831509248055E+01
-0.20900136117261E+01
-0.20934449554421E+01
-0.21037389860788E+01
-0.21174643588975E+01
-0.21242710301716E+01
-0.21276743660623E+01
-0.21378843732270E+01
-0.21514977147610E+01
-0.21582423944852E+01
-0.21616147345986E+01
-0.21717317544362E+01
-0.21852211128795E+01
-0.21919126624360E+01
-0.21952584374634E+01
-0.22052957620474E+01
-0.22186788601631E+01
-0.22253089965716E+01
-0.22286240650228E+01
-0.22385692698826E+01
-0.22518295417116E+01
-0.22584048902103E+01
-0.22616925647045E+01
-0.22715555876975E+01
-0.22847062837151E+01
-0.22912273515978E+01
-0.22944878857821E+01
-0.23042694878492E+01
-0.23173116226430E+01
-0.23237778786664E+01
-0.23270110069189E+01
-0.23367103911948E+01
-0.23496429022779E+01
-0.23560568020122E+01
-0.23592637521182E+01
-0.23688846019585E+01
-0.23817124004713E+01
-0.23880759933143E+01
-0.23912577899728E+01
-0.24008031794744E+01
-0.24135303642121E+01
-0.24198459225628E+01
-0.24230037019735E+01
-0.24324770397348E+01
-0.24451081554951E+01
-0.24513779876218E+01
-0.24545129039187E+01
-0.24639176523423E+01
-0.24764573156614E+01
-0.24826841782794E+01
-0.24857976098204E+01
-0.24951379039795E+01
-0.25075916282877E+01
-0.25137783275220E+01
-0.25168716773696E+01
-0.25261517264515E+01
-0.25385251239982E+01
-0.25446746876142E+01
-0.25477494696513E+01
-0.25569738153045E+01
-0.25692729416202E+01
-0.25753886581145E+01
-0.25784465165894E+01
-0.25876200915586E+01
-0.25998515236357E+01
-0.26059368567972E+01
-0.26089795236047E+01
-0.26181075235737E+01
-0.26302781889900E+01
-0.26363368066464E+01
-0.26393661157003E+01
-0.26484540424106E+01
-0.26605712768207E+01
-0.26666070432527E+01
-0.26696249266935E+01
-0.26786785765664E+01
-0.26907501085310E+01
-0.26967670991482E+01
-0.26997755946810E+01
-0.27088010808309E+01
-0.27208350611687E+01
-0.27268270364890E+01
-0.27298230243724E+01
-0.27388109875760E+01
-0.27507949373236E+01
-0.27567944066468E+01
-0.27597941415319E+01
-0.27687933457402E+01
-0.27807922834926E+01
-0.27867780053985E+01
-0.27897708665745E+01
-0.27987494496563E+01
-0.28107208925762E+01
-0.28167093640080E+01
-0.28197035999469E+01
-0.28286863073176E+01
-0.28406632492888E+01
-0.28466599270466E+01
-0.28496582661488E+01
-0.28586532830089E+01
-0.28706466376309E+01
-0.28766510482723E+01
-0.28796532538167E+01
-0.28886598700025E+01
-0.29006686903906E+01
-0.29066920381563E+01
-0.29097037122635E+01
-0.29187387341364E+01
-0.29307854287702E+01
-0.29368328708708E+01
-0.29398565921464E+01
-0.29489277555225E+01
-0.29610226388225E+01
-0.29671031031517E+01
-0.29701433355428E+01
-0.29792640322631E+01
-0.29914249600153E+01
-0.29975446875473E+01
-0.30006045515413E+01
-0.30097841430672E+01
-0.30220235972192E+01
-0.30281931067767E+01
-0.30312778617853E+01
-0.30405321263513E+01
-0.30528711445470E+01
-0.30591000726260E+01
-0.30622145368975E+01
-0.30715579292480E+01
-0.30840157844779E+01
-0.30903151227351E+01
-0.30934647920983E+01
-0.31029137997188E+01
-0.31155124752945E+01
-0.31218942818870E+01
-0.31250851854210E+01
-0.31346578955476E+01
-0.31474215077818E+01
-0.31539005856666E+01
-0.31571401248504E+01
-0.31668587419190E+01
-0.31798168967233E+01
-0.31864098642215E+01
-0.31897063482162E+01
-0.31995957997091E+01
-0.32127817337230E+01
-0.32195083250704E+01
-0.32228716209947E+01
-0.32329615082664E+01
-0.32464146899589E+01
-0.32532996524703E+01
-0.32567421339826E+01
-0.32670695780063E+01
-0.32808395020033E+01
-0.32879147612118E+01
-0.32914523910797E+01
-0.33020652801561E+01
-0.33162157975189E+01
-0.33235255757223E+01
-0.33271804650963E+01
-0.33381451326737E+01
-0.33527646879912E+01
-0.33603762265892E+01
-0.33641819961717E+01
-0.33755993043522E+01
-0.33908223804140E+01
-0.33988535588505E+01
-0.34028691483679E+01
-0.34149159163219E+01
-0.34309782719982E+01
-0.34396912077334E+01
-0.34440476759256E+01
-0.34571170798530E+01
-0.34745429500251E+01
-0.34849477257985E+01
-0.34901501140729E+01
-0.35057572781208E+01
-0.35265668281173E+01
-0.35370062313455E+01
-0.35422259333485E+01
-0.35578850385796E+01
-0.35787638434803E+01
-0.35878042371903E+01
-0.36039155062075E+01
-0.36055825654250E+01
-0.36091369790064E+01
-0.36198002192210E+01
-0.36340178714280E+01
-0.36367843395441E+01
-0.36400004456084E+01
-0.36496487633219E+01
-0.36625131856620E+01
-0.36684137946915E+01
-0.36713640994261E+01
-0.36802150131901E+01
-0.36920162303699E+01
-0.36974681332152E+01
-0.37001940848410E+01
-0.37083719393121E+01
-0.37192757441903E+01
-0.37243084361725E+01
-0.37268247823510E+01
-0.37343738205118E+01
-0.37444392037262E+01
-0.37490608571133E+01
-0.37513716839791E+01
-0.37583041642320E+01
-0.37675474703177E+01
-0.37717413804615E+01
-0.37738383356896E+01
-0.37801292010615E+01
-0.37885170207242E+01
-0.37896754367675E+01
-0.37915371284967E+01
-0.37971222034068E+01
-0.38045689692139E+01
-0.38079920487197E+01
-0.38097035886002E+01
-0.38148382079865E+01
-0.38216843664882E+01
-0.38254655676243E+01
-0.38273561683333E+01
-0.38330279701784E+01
-0.38405903718874E+01
-0.38446053993445E+01
-0.38466129132227E+01
-0.38526354545580E+01
-0.38606655088740E+01
-0.38648690480098E+01
-0.38669708177343E+01
-0.38732761265945E+01
-0.38816832042396E+01
-0.38860665836189E+01
-0.38882582734718E+01
-0.38948333427040E+01
-0.39036001008094E+01
-0.39081920980972E+01
-0.39104880969122E+01
-0.39173760930150E+01
-0.39265600869064E+01
-0.39314379216268E+01
-0.39338768391687E+01
-0.39411935914310E+01
-0.39509492601450E+01
-0.39560513354298E+01
-0.39586023732622E+01
-0.39662554863795E+01
-0.39764596361888E+01
-0.39821447302312E+01
-0.39849872774642E+01
-0.39935149187395E+01
-0.40048851059772E+01
-0.40117194356356E+01
-0.40151366007194E+01
-0.40253880954617E+01
-0.40390567537603E+01
-0.40467642096620E+01
-0.40506179379000E+01
-0.40621791220398E+01
-0.40775940326948E+01
-0.40859810627787E+01
-0.40901745781331E+01
-0.41027551235715E+01
-0.41195291824897E+01
-0.41289575268955E+01
-0.41336716994497E+01
-0.41478142164097E+01
-0.41666709038164E+01
-0.41777201369884E+01
-0.41832447539860E+01
-0.41998186041555E+01
-0.42219170688529E+01
-0.42353211675117E+01
-0.42420232173405E+01
-0.42621293658281E+01
-0.42889375611485E+01
-0.43063398916512E+01
-0.43150410575509E+01
-0.43411445539533E+01
-0.43759492123657E+01
-0.44000666676234E+01
-0.44121253961507E+01
-0.44483015799357E+01
-0.44965364868574E+01
-0.45246793824537E+01
-0.45387508313003E+01
-0.45809651757433E+01
-0.46372509627425E+01
-0.46640018177697E+01
-0.46773772462798E+01
-0.47175035298171E+01
-0.47710052358853E+01
-0.48001034218602E+01
-0.48146525159317E+01
-0.48582997959781E+01
-0.49164961635920E+01
-0.49473630264422E+01
-0.49627964590172E+01
-0.50090967544424E+01
-0.50708304755433E+01
-0.51016841125326E+01
-0.51171109321766E+01
-0.51633913888099E+01
-0.52250986581909E+01
-0.52559490542284E+01
-0.52713742533965E+01
-0.53176498486020E+01
-0.53793506360800E+01
-0.54102186344574E+01
-0.54256526347960E+01
-0.54719546335121E+01
-0.55336906256672E+01
-0.55645878059107E+01
-0.55800363971835E+01
-0.56263821686998E+01
-0.56881765245828E+01
-0.57191095997391E+01
-0.57345761384696E+01
-0.57809757523564E+01
-0.58428418980596E+01
-0.58738150417981E+01
-0.58893016148212E+01
-0.59357613315828E+01
-0.59977076144444E+01
-0.60287235921484E+01
-0.60442315821558E+01
-0.60907555498671E+01
-0.61527875006532E+01
-0.61838482241748E+01
-0.61993785870927E+01
-0.62459696735321E+01
-0.63080911159468E+01
-0.63391979227947E+01
-0.63547513273774E+01
-0.64014115388079E+01
-0.64636251478683E+01
-0.64947789492913E+01
-0.65103558511634E+01
-0.65570865544585E+01
-0.66193941526622E+01
-0.66505955200205E+01
-0.66661962048620E+01
-0.67129982570618E+01
-0.67754009871291E+01
-0.68066502092529E+01
-0.68222748214790E+01
-0.68691486558289E+01
-0.69316470954200E+01
-0.69629442217789E+01
-0.69785927861242E+01
-0.70255384768283E+01
-0.70881327248823E+01
-0.71194776009759E+01
-0.71351500401904E+01
-0.71821673554985E+01
-0.72448571030149E+01
-0.72762494006702E+01
-0.72919455506673E+01
-0.73390339983197E+01
-0.74018185889525E+01
-0.74332578325726E+01
-0.74489774555539E+01
-0.74961363221552E+01
-0.75590148047107E+01
-0.75905003938486E+01
-0.76062431895904E+01
-0.76534715744702E+01
-0.77164427480543E+01
-0.77479739762598E+01
-0.77637395915372E+01
-0.78110364350202E+01
-0.78740988867327E+01
-0.79056749562091E+01
-0.79214629921235E+01
-0.79688270975143E+01
-0.80319792317618E+01
-0.80635992628842E+01
-0.80794092796233E+01
-0.81268393274849E+01
-0.81900793850179E+01
-0.82217424187775E+01
-0.82375739368368E+01
-0.82850684886556E+01
-0.83483945514566E+01
-0.83801475742730E+01
-0.83960240868641E+01
-0.84436536222716E+01
-0.85071596631728E+01
-0.85389052070137E+01
-0.85547779801168E+01
-0.86023962970607E+01
-0.86658873800121E+01
-0.86976706850187E+01
-0.87135623387060E+01
-0.87612372973999E+01
-0.88248039026770E+01
-0.88566243924096E+01
-0.88725346384614E+01
-0.89202653742458E+01
-0.89839063489695E+01
-0.90157628485713E+01
-0.90316910995590E+01
-0.90794758501485E+01
-0.91431888446051E+01
-0.91750801621957E+01
-0.91910258221790E+01
-0.92388627997528E+01
-0.93026454301818E+01
-0.93345703702533E+01
-0.93505328414783E+01
-0.93984202527749E+01
-0.94622701281608E+01
-0.94942274974357E+01
-0.95102061832637E+01
-0.95581422383666E+01
-0.96220569721544E+01
-0.96540455843909E+01
-0.96700398917009E+01
-0.97180228112473E+01
-0.97820000309537E+01
-0.98140187113279E+01
-0.98300280527077E+01
-0.98780560744617E+01
-0.99420934304388E+01
-0.99741410193857E+01
-0.99901648150529E+01
-0.10038236199667E+02
-0.10102331372785E+02
-0.10134406729626E+02
-0.10150444409242E+02
-0.10198557445698E+02
-0.10262708154600E+02
-0.10294810159505E+02
-0.10310861163153E+02
-0.10359014171706E+02
-0.10423218176733E+02
-0.10455345735090E+02
-0.10471409515466E+02
-0.10519600854199E+02
-0.10583855966127E+02
-0.10616008008324E+02
-0.10632084030621E+02
-0.10680312095114E+02
-0.10744616174717E+02
-0.10776791659244E+02
-0.10792879402706E+02
-0.10841142630694E+02
-0.10905493594952E+02
-0.10937691509850E+02
-0.10953790468499E+02
-0.11002087342046E+02
-0.11066483167044E+02
-0.11098702530308E+02
-0.11114812213140E+02
-0.11163141259236E+02
-0.11227579980963E+02
-0.11259819842513E+02
-0.11275939774489E+02
-0.11324299568015E+02
-0.11388779286311E+02
-0.11421038726000E+02
-0.11437168447047E+02
-0.11485557607782E+02
-0.11550076482354E+02
-0.11582354615032E+02
-0.11598493682573E+02
-0.11646910882792E+02
-0.11711467143338E+02
-0.11743763114285E+02
-0.11759911100961E+02
-0.11808355058584E+02
-0.11872946995665E+02
-0.11905259980040E+02
-0.11921416473431E+02
-0.11969885951197E+02
-0.12034511915132E+02
-0.12066841128793E+02
-0.12083005736827E+02
-0.12131499558522E+02
-0.12196157981025E+02
-0.12228502655601E+02
-0.12244674994094E+02
-0.12293192007164E+02
-0.12357881351497E+02
-0.12390240775118E+02
-0.12406420488134E+02
-0.12454959624770E+02
-0.12519678467189E+02
-0.12552051930258E+02
-0.12568238662998E+02
-0.12616798858807E+02
-0.12681545780120E+02
-0.12713932625096E+02
-0.12730126048790E+02
-0.12778706317460E+02
-0.12843480002586E+02
-0.12875879589928E+02
-0.12892079384806E+02
-0.12940678767025E+02
-0.13005477936880E+02
-0.13037889654280E+02
-0.13054095514188E+02
-0.13102713091495E+02
-0.13167536521464E+02
-0.13199959767056E+02
-0.13216171391059E+02
-0.13264806260654E+02
-0.13329652747005E+02
-0.13362087022819E+02
-0.13378304161934E+02
-0.13426955576863E+02
-0.13491824123659E+02
-0.13524268916056E+02
-0.13540491313463E+02
-0.13589158503268E+02
-0.13654048083228E+02
-0.13686502814143E+02
-0.13702730180810E+02
-0.13751412278391E+02
-0.13816321735385E+02
-0.13848785953336E+02
-0.13865018063521E+02
-0.13913714391657E+02
-0.13978642822721E+02
-0.14011116085683E+02
-0.14027352718374E+02
-0.14076062614028E+02
-0.14141009135114E+02
-0.14173490941508E+02
-0.14189731845915E+02
-0.14238454556716E+02
-0.14303418164663E+02
-0.14335908252533E+02
-0.14352153297677E+02
-0.14400888430691E+02
-0.14465868601588E+02
-0.14474426433573E+02
-0.14478705349885E+02
-0.14491542098181E+02
-0.14508657760876E+02
