 0.44999998807907E-03
 0.56736566952283E-03
 0.59878026404861E-03
 0.73653357020877E-03
 0.81581135388707E-03
 0.86953998286665E-03
 0.88362974965013E-03
 0.88639184825325E-03
 0.89962850660271E-03
 0.90543181903356E-03
 0.90844337315632E-03
 0.91740582031359E-03
 0.92932135730760E-03
 0.93603972954099E-03
 0.93934667195874E-03
 0.94927137255911E-03
 0.96216942178674E-03
 0.96880329820080E-03
 0.97196878139146E-03
 0.98139245842410E-03
 0.99424295796668E-03
 0.10006289813772E-02
 0.10038487276900E-02
 0.10137519091267E-02
 0.10261473526260E-02
 0.10331430550724E-02
 0.10364037981872E-02
 0.10461890784862E-02
 0.10590934309627E-02
 0.10785517017332E-02
 0.10878885227080E-02
 0.11155068032257E-02
 0.11533238034917E-02
 0.11580367241223E-02
 0.11703639402770E-02
 0.11765445222113E-02
 0.11960169167584E-02
 0.12183305601481E-02
 0.12251032780956E-02
 0.12323258023108E-02
 0.12356927272577E-02
 0.12457958943087E-02
 0.12593160606571E-02
 0.12669883003106E-02
 0.12708252370595E-02
 0.12823394047947E-02
 0.12971312235140E-02
 0.13047052338263E-02
 0.13083217777919E-02
 0.13191740753859E-02
 0.13338857019852E-02
 0.13410397831390E-02
 0.13446553844498E-02
 0.13555949735844E-02
 0.13699220657289E-02
 0.13783721841926E-02
 0.13825365097413E-02
 0.13952365700838E-02
 0.14112925537382E-02
 0.14200916467280E-02
 0.14242451393682E-02
 0.14367090727568E-02
 0.14531605665440E-02
 0.14619508886107E-02
 0.14662397161069E-02
 0.14791098098034E-02
 0.14958737510583E-02
 0.15055929843499E-02
 0.15104017521243E-02
 0.15245967029486E-02
 0.15436403290035E-02
 0.15535633914567E-02
 0.15585669020000E-02
 0.15738267038306E-02
 0.15931061888268E-02
 0.16030054566575E-02
 0.16077205944367E-02
 0.16218701023951E-02
 0.16410385190468E-02
 0.16494227934798E-02
 0.16537157436646E-02
 0.16665975702520E-02
 0.16836205450521E-02
 0.16942140053823E-02
 0.16993893076960E-02
 0.17147964713124E-02
 0.17360923472636E-02
 0.17458388253803E-02
 0.17507344973660E-02
 0.17657982451215E-02
 0.17851803897769E-02
 0.17970152973427E-02
 0.18027231330049E-02
 0.18198526465189E-02
 0.18427424358042E-02
 0.18542525942731E-02
 0.18600699505830E-02
 0.18771040140311E-02
 0.19013388868603E-02
 0.19023612356662E-02
 0.19071722810501E-02
 0.19214907708902E-02
 0.19405796464976E-02
 0.19528131394329E-02
 0.19589016458735E-02
 0.19774695366477E-02
 0.20009445452837E-02
 0.20155963282867E-02
 0.20226341359979E-02
 0.20429051276298E-02
 0.20729190548941E-02
 0.20726699642573E-02
 0.20897043800005E-02
 0.21122064466363E-02
 0.21487674848754E-02
 0.21663660424768E-02
 0.22184258418347E-02
 0.22907482333263E-02
 0.23084890670795E-02
 0.23196461625782E-02
 0.23255240510957E-02
 0.23434469950440E-02
 0.23658584746284E-02
 0.23783339448352E-02
 0.23840633063898E-02
 0.24013984039826E-02
 0.24247308974012E-02
 0.24358606011958E-02
 0.24415469508975E-02
 0.24588850423472E-02
 0.24802895883676E-02
 0.24861309997679E-02
 0.24914080480449E-02
 0.25071172384678E-02
 0.25291664634241E-02
 0.25387408302400E-02
 0.25438849465260E-02
 0.25593208542112E-02
 0.25797637372740E-02
 0.26175872942905E-02
 0.26357371876601E-02
 0.26925304215734E-02
 0.27568531392109E-02
 0.27722636549230E-02
 0.27806339369917E-02
 0.28049540531390E-02
 0.28398361971139E-02
 0.28531417772750E-02
 0.28605621462415E-02
 0.28830054542889E-02
 0.29109487983386E-02
 0.29252551913792E-02
 0.29317492898997E-02
 0.29518728161953E-02
 0.29766541708314E-02
 0.29916957593329E-02
 0.29984681121045E-02
 0.30194539476419E-02
 0.30445922504466E-02
 0.30592911143848E-02
 0.30658422695518E-02
 0.30850346698471E-02
 0.31117299576290E-02
 0.31244501008097E-02
 0.31311128064817E-02
 0.31507916174876E-02
 0.31779396885198E-02
 0.31926195271174E-02
 0.32002043139150E-02
 0.32224277536663E-02
 0.32540873598072E-02
 0.32675060725536E-02
 0.32749348774678E-02
 0.32965297620813E-02
 0.33264197467908E-02
 0.33421897408040E-02
 0.33501744544877E-02
 0.33743360231237E-02
 0.34064496519287E-02
 0.34233007092128E-02
 0.34318603653624E-02
 0.34563422618486E-02
 0.34924811401870E-02
 0.35078972547250E-02
 0.35163454176844E-02
 0.35421184029867E-02
 0.35765251517572E-02
 0.35920321753632E-02
 0.36000578215698E-02
 0.36233917823805E-02
 0.36560968253459E-02
 0.36826241601440E-02
 0.36963535083596E-02
 0.37356520343836E-02
 0.37927754002796E-02
 0.38164362967377E-02
 0.38293654174931E-02
 0.38694157218434E-02
 0.39160860623831E-02
 0.39446812998076E-02
 0.39793853566889E-02
 0.40000209537160E-02
 0.40090632402750E-02
 0.40351576464395E-02
 0.40728918549944E-02
 0.40913513977038E-02
 0.41013963028939E-02
 0.41313192307619E-02
 0.41712448234779E-02
 0.41901443634599E-02
 0.41993693148992E-02
 0.42281621245957E-02
 0.42625215393194E-02
 0.42826862711076E-02
 0.42917760516019E-02
 0.43186424834978E-02
 0.43543666130720E-02
 0.43745014001164E-02
 0.43844870573631E-02
 0.44140097372746E-02
 0.44547031599816E-02
 0.44765491070219E-02
 0.44879172558836E-02
 0.45210101148991E-02
 0.45667644496463E-02
 0.45887753177694E-02
 0.45997890638584E-02
 0.46333976734274E-02
 0.46782779821595E-02
 0.46991501353023E-02
 0.47098348959317E-02
 0.47411860048689E-02
 0.47852694801465E-02
 0.48086550930779E-02
 0.48207844060117E-02
 0.48586394537705E-02
 0.49032447799622E-02
 0.49289203124448E-02
 0.49399751462666E-02
 0.49739591813171E-02
 0.50168468659771E-02
 0.50462137634953E-02
 0.50604743976826E-02
 0.51026680179537E-02
 0.51593825852580E-02
 0.51971056137831E-02
 0.52160643285668E-02
 0.52726379345443E-02
 0.53488274792301E-02
 0.53856195178262E-02
 0.54041207272006E-02
 0.54597635516232E-02
 0.55350494074000E-02
 0.55451730183059E-02
 0.55606847139323E-02
 0.56059102527702E-02
 0.56721151643058E-02
 0.56769736977463E-02
 0.56906286975577E-02
 0.57316665695988E-02
 0.57860233658138E-02
 0.58139732135284E-02
 0.58277249484553E-02
 0.58684337222818E-02
 0.59258407958662E-02
 0.59513321531344E-02
 0.59647420688392E-02
 0.60047450977073E-02
 0.60600785593279E-02
 0.60886240601173E-02
 0.61032958179017E-02
 0.61470713292585E-02
 0.62083025574876E-02
 0.62340544233994E-02
 0.62476847551162E-02
 0.62898884205760E-02
 0.63421869075496E-02
 0.63742437837003E-02
 0.63889056119626E-02
 0.64333026035600E-02
 0.64916866165050E-02
 0.65218646549287E-02
 0.65366705830240E-02
 0.65821567753616E-02
 0.66404220516507E-02
 0.66795968291467E-02
 0.66987046810367E-02
 0.67557200423303E-02
 0.68326797847231E-02
 0.68774408466835E-02
 0.68999093922233E-02
 0.69684541196034E-02
 0.70535657263401E-02
 0.70686493960618E-02
 0.70892474877245E-02
 0.71516189640285E-02
 0.72345063161265E-02
 0.72778745033811E-02
 0.72995939135613E-02
 0.73639164353650E-02
 0.74543552022914E-02
 0.74683289452094E-02
 0.74901805029675E-02
 0.75581977030106E-02
 0.76399596645320E-02
 0.76851783998556E-02
 0.77052038274239E-02
 0.77640533401221E-02
 0.78483056563285E-02
 0.78848999656519E-02
 0.79042603086226E-02
 0.79653054661144E-02
 0.80377716922378E-02
 0.80845400117173E-02
 0.81055119876925E-02
 0.81697627259991E-02
 0.82512142828443E-02
 0.83043789477739E-02
 0.83299169586699E-02
 0.84059345307133E-02
 0.85073953684411E-02
 0.85786204154293E-02
 0.86138506120981E-02
 0.87230505619788E-02
 0.88527649417472E-02
 0.88884875792640E-02
 0.89881990169361E-02
 0.90460608811704E-02
 0.91264654225999E-02
 0.91741378154899E-02
 0.91986508310334E-02
 0.92699871038331E-02
 0.93684127927992E-02
 0.94289803603482E-02
 0.94603861247332E-02
 0.95535043641147E-02
 0.96765290815439E-02
 0.97458341227788E-02
 0.97810065438696E-02
 0.98830326354810E-02
 0.10023721377074E-01
 0.10096662818077E-01
 0.10134516929930E-01
 0.10247473051484E-01
 0.10396008054512E-01
 0.10481192500928E-01
 0.10524438571684E-01
 0.10651053848604E-01
 0.10817984500482E-01
 0.10824086575005E-01
 0.10857595341682E-01
 0.10958726163050E-01
 0.11086815373403E-01
 0.11158567205030E-01
 0.11192895980722E-01
 0.11296387716055E-01
 0.11430968309349E-01
 0.11528254897314E-01
 0.11577545635821E-01
 0.11719354993975E-01
 0.11921750828283E-01
 0.11929110928960E-01
 0.11992817145296E-01
 0.12177276526092E-01
 0.12426186793695E-01
 0.12544222221240E-01
 0.12606403084310E-01
 0.12784694528591E-01
 0.13030316679750E-01
 0.13172828160025E-01
 0.13249078178835E-01
 0.13469455750890E-01
 0.13768626814811E-01
 0.13906594411665E-01
 0.13980585366978E-01
 0.14190283864021E-01
 0.14489529654418E-01
 0.14483627351635E-01
 0.14655778606043E-01
 0.14748553379430E-01
 0.14792885183941E-01
 0.14922378761660E-01
 0.15096098429928E-01
 0.15210420037408E-01
 0.15270047513142E-01
 0.15443119332206E-01
 0.15679684700718E-01
 0.15806394492550E-01
 0.15873572566017E-01
 0.16068556390032E-01
 0.16337748838819E-01
 0.16411900881539E-01
 0.16490511570142E-01
 0.16715997511639E-01
 0.17023142572963E-01
 0.17175795814394E-01
 0.17256997311351E-01
 0.17494015374956E-01
 0.17808247289261E-01
 0.17970620967284E-01
 0.18054536401967E-01
 0.18296620508273E-01
 0.18630861318119E-01
 0.18781804492579E-01
 0.18863296155964E-01
 0.19102284792818E-01
 0.19417485868503E-01
 0.19581511688382E-01
 0.19666545193357E-01
 0.19911487825629E-01
 0.20246236269606E-01
 0.20424816542673E-01
 0.20520618166012E-01
 0.20799026182871E-01
 0.21169046416689E-01
 0.21339502296254E-01
 0.21427453914829E-01
 0.21683146442049E-01
 0.22030959098169E-01
 0.22239976270510E-01
 0.22352151340401E-01
 0.22677056096372E-01
 0.23116793288252E-01
 0.23393901496020E-01
 0.23543315246306E-01
 0.23975010680844E-01
 0.24553466225479E-01
 0.24609891296832E-01
 0.24991948463110E-01
 0.25509053540827E-01
 0.25820238022865E-01
 0.25987904084724E-01
 0.26469547001360E-01
 0.27132996731262E-01
 0.27427811992344E-01
 0.27588501842974E-01
 0.28055773483767E-01
 0.28685982202305E-01
 0.28995922690326E-01
 0.29160483532195E-01
 0.29637764721520E-01
 0.30289100447867E-01
 0.30721282448193E-01
 0.30956652509029E-01
 0.31635604930095E-01
 0.32558962739332E-01
 0.33176461352248E-01
 0.34031163997753E-01
 0.34210304015478E-01
 0.34433076326763E-01
 0.35081941910867E-01
 0.35960518017558E-01
 0.36209636110629E-01
 0.36475360607870E-01
 0.37245136432406E-01
 0.38294149551220E-01
 0.38302826191030E-01
 0.38611305642658E-01
 0.39506920908079E-01
 0.40719420220129E-01
 0.40814880385945E-01
 0.41655396400665E-01
 0.42096304065589E-01
 0.42328431937201E-01
 0.43005314723142E-01
 0.43936726785389E-01
 0.44408653500615E-01
 0.44661676791948E-01
 0.45404414203957E-01
 0.46412029816717E-01
 0.46941456549334E-01
 0.47221220731804E-01
 0.48041715967288E-01
 0.49157793987195E-01
 0.49743401936421E-01
 0.50053988017124E-01
 0.50964373953696E-01
 0.52206079591933E-01
 0.52851540290179E-01
 0.53195164338559E-01
 0.54201855667554E-01
 0.55576856758303E-01
 0.56233631805394E-01
 0.56581875257702E-01
 0.57605550448431E-01
 0.58999878592372E-01
 0.59688736787907E-01
 0.60052995336686E-01
 0.61123984403249E-01
 0.62583054129677E-01
 0.63294002986691E-01
 0.63668694738732E-01
 0.64771450987610E-01
 0.66277612437433E-01
 0.67152616731265E-01
 0.67619019126430E-01
 0.68988143739049E-01
 0.70864211099178E-01
 0.71713053000418E-01
 0.72162815036550E-01
 0.73487694471983E-01
 0.75295915383895E-01
 0.76173921158881E-01
 0.76636911810223E-01
 0.78002913556897E-01
 0.79863629601613E-01
 0.80763526718919E-01
 0.81236157128126E-01
 0.82630258446399E-01
 0.84536290704361E-01
 0.85666652800271E-01
 0.86267856253525E-01
 0.88038233657753E-01
 0.90464408964528E-01
 0.90789962714501E-01
 0.91356184116254E-01
 0.93027155910592E-01
 0.95311941400349E-01
 0.96466267111632E-01
 0.97075659358232E-01
 0.98874410417801E-01
 0.10133546282618E+00
 0.10256660039242E+00
 0.10321639434012E+00
 0.10513604664496E+00
 0.10776104480725E+00
 0.10905311743295E+00
 0.10973383234492E+00
 0.11174600288011E+00
 0.11449730172420E+00
 0.11587708032559E+00
 0.11660382085867E+00
 0.11875336908027E+00
 0.12169138685804E+00
 0.12313735959963E+00
 0.12389770588822E+00
 0.12614800632632E+00
 0.12922291576620E+00
 0.13076303203452E+00
 0.13157269591380E+00
 0.13396924468905E+00
 0.13724682843862E+00
 0.13891582060562E+00
 0.13979446717553E+00
 0.14239498257899E+00
 0.14595573622313E+00
 0.14775925557848E+00
 0.14870974274447E+00
 0.15152419862054E+00
 0.15537704575606E+00
 0.15725639456301E+00
 0.15824472003563E+00
 0.16117268820900E+00
 0.16518037173997E+00
 0.16720278265671E+00
 0.16826692217609E+00
 0.17142039967212E+00
 0.17573769941487E+00
 0.17788198762742E+00
 0.17900957792112E+00
 0.18235204183063E+00
 0.18692895381837E+00
 0.18922596534728E+00
 0.19043413769680E+00
 0.19401648063581E+00
 0.19892293112388E+00
 0.20137079367121E+00
 0.20265793385029E+00
 0.20647522640584E+00
 0.21170522391751E+00
 0.21432932145748E+00
 0.21570958196708E+00
 0.21980385178136E+00
 0.22541537935460E+00
 0.22822891528895E+00
 0.22970903456450E+00
 0.23410087719711E+00
 0.24012008177664E+00
 0.24309902555050E+00
 0.24466484321535E+00
 0.24931201922091E+00
 0.25568214138280E+00
 0.25888974460802E+00
 0.26057664881943E+00
 0.26558433235990E+00
 0.27244942513715E+00
 0.27585294513972E+00
 0.27764163381989E+00
 0.28295242303778E+00
 0.29023448118289E+00
 0.29390542063643E+00
 0.29583595727660E+00
 0.30156835084229E+00
 0.30943145504379E+00
 0.31335045412321E+00
 0.31541111479573E+00
 0.32153086593074E+00
 0.32992641359852E+00
 0.33412918801109E+00
 0.33633938844595E+00
 0.34290399735651E+00
 0.35191162675856E+00
 0.35641180981222E+00
 0.35877844954655E+00
 0.36580845666078E+00
 0.37545623875971E+00
 0.38027879817670E+00
 0.38281515967587E+00
 0.39035000706565E+00
 0.40069212579982E+00
 0.40585787187230E+00
 0.40857480732147E+00
 0.41664668263279E+00
 0.42772747811516E+00
 0.43326684610513E+00
 0.43618059300432E+00
 0.44483772937891E+00
 0.45672349150812E+00
 0.46266021645877E+00
 0.46578312547061E+00
 0.47506202316905E+00
 0.48780321432852E+00
 0.49417500434373E+00
 0.49752732387247E+00
 0.50748805754873E+00
 0.52116727739390E+00
 0.52799956981401E+00
 0.53159444558161E+00
 0.54227594332365E+00
 0.55694661209121E+00
 0.56428059434410E+00
 0.56814005100196E+00
 0.57960746460493E+00
 0.59535961554935E+00
 0.60323391936544E+00
 0.60737843898941E+00
 0.61969239328115E+00
 0.63660936713671E+00
 0.64506416673985E+00
 0.64951498381166E+00
 0.66273828354794E+00
 0.68090648844042E+00
 0.68998860871125E+00
 0.69477063075149E+00
 0.70897686025486E+00
 0.72849779551141E+00
 0.73825744640318E+00
 0.74339740015395E+00
 0.75866549718684E+00
 0.77964801048350E+00
 0.79013996983038E+00
 0.79566704468265E+00
 0.81208316077843E+00
 0.83464611091330E+00
 0.84592990879359E+00
 0.85187586392130E+00
 0.86953367274263E+00
 0.89380637655114E+00
 0.90594755016695E+00
 0.91234741730417E+00
 0.93135018061332E+00
 0.95747529314877E+00
 0.97054543029267E+00
 0.97743752889707E+00
 0.99789812272112E+00
 0.10260316804873E+01
 0.10401094659432E+01
 0.10475359883406E+01
 0.10695786068095E+01
 0.10998924367785E+01
 0.11150646548779E+01
 0.11230722274824E+01
 0.11468340127328E+01
 0.11795180246980E+01
 0.11958804231784E+01
 0.12045205881562E+01
 0.12301530220003E+01
 0.12654171702991E+01
 0.12830757071423E+01
 0.12924056216693E+01
 0.13200765488343E+01
 0.13581536920718E+01
 0.13772258859924E+01
 0.13873090831645E+01
 0.14172049077111E+01
 0.14583539201502E+01
 0.14789704812008E+01
 0.14898777923631E+01
 0.15222061381108E+01
 0.15667156178580E+01
 0.15889833168787E+01
 0.16007722244876E+01
 0.16357014798453E+01
 0.16838038988988E+01
 0.17079886263106E+01
 0.17208050431428E+01
 0.17587619695825E+01
 0.18110575857866E+01
 0.18372450015083E+01
 0.18511352500891E+01
 0.18922552358640E+01
 0.19489277803028E+01
 0.19773705575403E+01
 0.19924728813348E+01
 0.20371594113090E+01
 0.20987757190647E+01
 0.21297101920234E+01
 0.21461550846257E+01
 0.21947885704982E+01
 0.22618813459227E+01
 0.22955424100682E+01
 0.23134591792232E+01
 0.23664160942090E+01
 0.24395121599475E+01
 0.24762298423294E+01
 0.24958013177354E+01
 0.25536132939781E+01
 0.26334615232965E+01
 0.26735770046152E+01
 0.26949932730851E+01
 0.27582122290136E+01
 0.28455901743179E+01
 0.28895198401155E+01
 0.29130136784732E+01
 0.29823144909286E+01
 0.30781763475512E+01
 0.31263806400196E+01
 0.31522108533815E+01
 0.32283426885231E+01
 0.33337495270815E+01
 0.33867964899053E+01
 0.34152838626435E+01
 0.34991737759885E+01
 0.36154437475984E+01
 0.36739904487703E+01
 0.37055084781686E+01
 0.37982339405515E+01
 0.39269035087611E+01
 0.39917367133550E+01
 0.40267352141887E+01
 0.41295914307824E+01
 0.42725142992424E+01
 0.43445791466646E+01
 0.43836021726951E+01
 0.44981525762056E+01
 0.46575751492392E+01
 0.47380363672541E+01
 0.47817592781785E+01
 0.49099404179601E+01
 0.50886580690552E+01
 0.51789504700370E+01
 0.52282122871516E+01
 0.53724243363790E+01
 0.55739189192550E+01
 0.56758462598779E+01
 0.57317112791778E+01
 0.58949909987814E+01
 0.61236930358525E+01
 0.62395777983918E+01
 0.63034304179193E+01
 0.64897164827177E+01
 0.67514106518873E+01
 0.68843173035632E+01
 0.69580058751548E+01
 0.71725394607960E+01
 0.74749837745061E+01
 0.76291134859328E+01
 0.77152069073887E+01
 0.79652434886571E+01
 0.83192802204926E+01
 0.85007199371838E+01
 0.86030023439492E+01
 0.88991762190575E+01
 0.93208901620365E+01
 0.95393027847719E+01
 0.96639082990182E+01
 0.10023339804577E+02
 0.10539055228124E+02
 0.10812724985302E+02
 0.10971595341919E+02
 0.11427259320489E+02
 0.12088963563944E+02
 0.12473349392030E+02
 0.12704458754027E+02
 0.13358910251465E+02
 0.14336696653887E+02
 0.14806769715408E+02
 0.15097006858829E+02
 0.15916430446066E+02
 0.17151051105952E+02
 0.17680958767567E+02
 0.18753848007855E+02
 0.18838222826845E+02
 0.19102039782472E+02
 0.19861037780667E+02
 0.20960183531907E+02
 0.21152882073560E+02
 0.21430685196156E+02
 0.22232471796455E+02
 0.23386896998585E+02
 0.23910006278902E+02
 0.24210437395802E+02
 0.25079521351030E+02
 0.26326172125218E+02
 0.26897110529797E+02
 0.27223072700911E+02
 0.28167789741340E+02
 0.29518883885429E+02
 0.30138760635517E+02
 0.30490711219816E+02
 0.31512581717614E+02
 0.32969591448790E+02
 0.33636101334307E+02
 0.34012263050224E+02
 0.35106444557206E+02
 0.36661174635299E+02
 0.37365293476132E+02
 0.37759803431569E+02
 0.38909740249217E+02
 0.40536600806267E+02
 0.40741625984034E+02
 0.41135225573258E+02
 0.42285531495521E+02
 0.43903254976545E+02
 0.44647585540856E+02
 0.45057681683810E+02
 0.46257939329494E+02
 0.47939987475827E+02
 0.48869376703694E+02
 0.49386203725307E+02
 0.50893562874386E+02
 0.53021007126248E+02
 0.54149354105914E+02
 0.54782988516572E+02
 0.56625637032562E+02
 0.59238427803992E+02
 0.60601589268963E+02
 0.61372620495629E+02
 0.63608187591618E+02
 0.66786606499238E+02
 0.68431906471362E+02
 0.69366789460110E+02
 0.72068368089181E+02
 0.75909960499614E+02
 0.77895210330524E+02
 0.79024547424977E+02
 0.82274912666836E+02
 0.86881855905014E+02
 0.89272636168182E+02
 0.90627780384473E+02
 0.94509073721048E+02
 0.99968175059334E+02
 0.10271955489301E+03
 0.10425932800678E+03
 0.10865594916603E+03
 0.11474912110600E+03
 0.11797675352338E+03
 0.11974975227460E+03
 0.12478958131584E+03
 0.13165763519574E+03
 0.13551641167877E+03
 0.13758839886044E+03
 0.14344121500593E+03
 0.15125948526188E+03
 0.15528657779402E+03
 0.15738791582610E+03
 0.16334375632065E+03
 0.17109785796994E+03
 0.17492871744160E+03
 0.17686035618249E+03
 0.18237954545895E+03
 0.18940436043656E+03
 0.19300664244572E+03
 0.19476141860683E+03
 0.19980410606821E+03
 0.20610012726900E+03
 0.20946591956616E+03
 0.21105371265207E+03
 0.21563288705725E+03
 0.22123589413891E+03
 0.22431864077106E+03
 0.22572343812358E+03
 0.22978545261270E+03
 0.23463460344549E+03
 0.23745773354794E+03
 0.23868192140171E+03
 0.24222558639279E+03
 0.24629730409716E+03
 0.24876571369799E+03
 0.24975128624701E+03
 0.25260870771113E+03
 0.25568038811305E+03
 0.25717179963832E+03
 0.25772534634921E+03
 0.25934377515820E+03
 0.26097475749786E+03
 0.26158717576806E+03
 0.26180449178161E+03
 0.26244446712834E+03
 0.26305699407216E+03
 0.26330677280591E+03
 0.26337708284595E+03
 0.26358580739510E+03
 0.26373423452974E+03
 0.26376812492083E+03
 0.26376005288762E+03
 0.26373710874233E+03
 0.26365468080552E+03
 0.26359542125347E+03
 0.26355987026344E+03
 0.26345432477924E+03
 0.26330592450233E+03
 0.26322785930456E+03
 0.26319084659567E+03
 0.26308012192029E+03
 0.26294188181844E+03
 0.26287445658834E+03
 0.26284521417508E+03
 0.26275720433691E+03
 0.26265314080868E+03
 0.26260425909588E+03
 0.26258418894647E+03
 0.26252343850148E+03
 0.26245407523731E+03
 0.26242228461918E+03
 0.26240974996579E+03
 0.26237159685997E+03
 0.26232915100965E+03
 0.26231005123247E+03
 0.26230275917194E+03
 0.26228044414494E+03
 0.26225612110939E+03
 0.26224533530414E+03
 0.26224132398023E+03
 0.26222898682725E+03
 0.26221575909570E+03
 0.26220996344729E+03
 0.26220785362244E+03
 0.26220133512659E+03
 0.26219443854335E+03
 0.26219144689717E+03
 0.26219037663516E+03
 0.26218705673054E+03
 0.26218358199579E+03
 0.26218208732645E+03
 0.26218156015916E+03
 0.26217991928124E+03
 0.26217821698212E+03
 0.26217749000377E+03
 0.26217723660549E+03
 0.26217644555258E+03
 0.26217563092764E+03
 0.26217528527207E+03
 0.26217516600273E+03
 0.26217479272627E+03
 0.26217441079520E+03
 0.26217424972486E+03
 0.26217419465803E+03
 0.26217402192455E+03
 0.26217384624631E+03
 0.26217377262396E+03
 0.26217374768435E+03
 0.26217366928387E+03
 0.26217359003753E+03
 0.26217355706506E+03
 0.26217354600911E+03
 0.26217351117374E+03
 0.26217347621093E+03
 0.26217346179510E+03
 0.26217345702261E+03
 0.26217344194417E+03
 0.26217342694811E+03
 0.26217342084283E+03
 0.26217341885755E+03
 0.26217341256174E+03
 0.26217340638281E+03
 0.26217340391630E+03
 0.26217340313691E+03
 0.26217340065066E+03
 0.26217339826374E+03
 0.26217339734376E+03
 0.26217339706841E+03
 0.26217339618001E+03
 0.26217339536409E+03
 0.26217339507329E+03
 0.26217339499767E+03
 0.26217339474586E+03
 0.26217339454337E+03
 0.26217339449056E+03
 0.26217339448691E+03
 0.26217339446682E+03
 0.26217339447902E+03
 0.26217339450407E+03
 0.26217339452136E+03
 0.26217339457048E+03
 0.26217339464027E+03
 0.26217339468178E+03
 0.26217339470123E+03
 0.26217339475919E+03
 0.26217339483015E+03
 0.26217339486745E+03
 0.26217339488338E+03
 0.26217339493155E+03
 0.26217339498783E+03
 0.26217339501605E+03
 0.26217339502763E+03
 0.26217339506286E+03
 0.26217339510312E+03
 0.26217339512283E+03
 0.26217339513074E+03
 0.26217339515489E+03
 0.26217339518215E+03
 0.26217339519531E+03
 0.26217339520052E+03
 0.26217339521647E+03
 0.26217339523433E+03
 0.26217339524288E+03
 0.26217339524623E+03
 0.26217339525651E+03
 0.26217339526796E+03
 0.26217339527341E+03
 0.26217339527553E+03
 0.26217339528205E+03
 0.26217339528929E+03
 0.26217339529272E+03
 0.26217339529405E+03
 0.26217339529815E+03
 0.26217339530267E+03
 0.26217339530482E+03
 0.26217339530564E+03
 0.26217339530819E+03
 0.26217339531100E+03
 0.26217339531233E+03
 0.26217339531284E+03
 0.26217339531442E+03
 0.26217339531616E+03
 0.26217339531698E+03
 0.26217339531730E+03
 0.26217339531827E+03
 0.26217339531934E+03
 0.26217339531984E+03
 0.26217339532004E+03
 0.26217339532063E+03
 0.26217339532129E+03
 0.26217339532160E+03
 0.26217339532172E+03
 0.26217339532209E+03
 0.26217339532249E+03
 0.26217339532268E+03
 0.26217339532275E+03
 0.26217339532297E+03
 0.26217339532322E+03
 0.26217339532334E+03
 0.26217339532338E+03
 0.26217339532352E+03
 0.26217339532367E+03
 0.26217339532374E+03
 0.26217339532377E+03
 0.26217339532385E+03
 0.26217339532394E+03
 0.26217339532399E+03
 0.26217339532400E+03
 0.26217339532405E+03
 0.26217339532411E+03
 0.26217339532414E+03
 0.26217339532415E+03
 0.26217339532418E+03
 0.26217339532421E+03
 0.26217339532423E+03
 0.26217339532423E+03
 0.26217339532425E+03
 0.26217339532427E+03
 0.26217339532428E+03
 0.26217339532429E+03
 0.26217339532430E+03
 0.26217339532431E+03
 0.26217339532432E+03
 0.26217339532432E+03
 0.26217339532433E+03
 0.26217339532433E+03
 0.26217339532434E+03
 0.26217339532434E+03
 0.26217339532434E+03
 0.26217339532435E+03
 0.26217339532435E+03
 0.26217339532435E+03
 0.26217339532435E+03
 0.26217339532436E+03
 0.26217339532436E+03
 0.26217339532436E+03
 0.26217339532436E+03
 0.26217339532436E+03
 0.26217339532436E+03
 0.26217339532436E+03
 0.26217339532436E+03
 0.26217339532436E+03
 0.26217339532436E+03
 0.26217339532437E+03
 0.26217339532437E+03
 0.26217339532437E+03
 0.26217339532437E+03
 0.26217339532437E+03
 0.26217339532437E+03
 0.26217339532437E+03
 0.26217339532437E+03
 0.26217339532437E+03
 0.26217339532437E+03
 0.26217339532437E+03
 0.26217339532437E+03
 0.26217339532437E+03
 0.26217339532437E+03
 0.26217339532437E+03
 0.26217339532437E+03
 0.26217339532437E+03
 0.26217339532437E+03
 0.26217339532437E+03
 0.26217339532437E+03
 0.26217339532437E+03
 0.26217339532437E+03
 0.26217339532437E+03
 0.26217339532437E+03
 0.26217339532437E+03
 0.26217339532437E+03
 0.26217339532437E+03
 0.26217339532437E+03
 0.26217339532437E+03
 0.26217339532437E+03
 0.26217339532437E+03
 0.26217339532437E+03
 0.26217339532437E+03
 0.26217339532437E+03
 0.26217339532437E+03
 0.26217339532437E+03
 0.26217339532437E+03
 0.26217339532437E+03
 0.26217339532437E+03
 0.26217339532437E+03
 0.26217339532437E+03
 0.26217339532437E+03
 0.26217339532437E+03
 0.26217339532437E+03
 0.26217339532437E+03
 0.26217339532437E+03
 0.26217339532437E+03
 0.26217339532437E+03
 0.26217339532437E+03
 0.26217339532437E+03
 0.26217339532437E+03
