 0.10000000000000E+01
 0.10000054988780E+01
 0.10000118960210E+01
 0.10000273290060E+01
 0.10000729360164E+01
 0.10000683448246E+01
 0.10000731274355E+01
 0.10000741749855E+01
 0.10000789306311E+01
 0.10000812098920E+01
 0.10000823840435E+01
 0.10000859064213E+01
 0.10000907103307E+01
 0.10000934773196E+01
 0.10000949056782E+01
 0.10000991894589E+01
 0.10001050448356E+01
 0.10001080059562E+01
 0.10001095327702E+01
 0.10001141109141E+01
 0.10001203553324E+01
 0.10001236901368E+01
 0.10001254071625E+01
 0.10001305557113E+01
 0.10001375898083E+01
 0.10001412617928E+01
 0.10001431562784E+01
 0.10001488383706E+01
 0.10001565844045E+01
 0.10001684703712E+01
 0.10001749102210E+01
 0.10001941936566E+01
 0.10002214656717E+01
 0.10002258765790E+01
 0.10002360233220E+01
 0.10002413445081E+01
 0.10002572972261E+01
 0.10002794818628E+01
 0.10002847098046E+01
 0.10002911429505E+01
 0.10002944458308E+01
 0.10003043527031E+01
 0.10003178177594E+01
 0.10003257583517E+01
 0.10003298401710E+01
 0.10003420829396E+01
 0.10003587576641E+01
 0.10003669922950E+01
 0.10003712178313E+01
 0.10003838921147E+01
 0.10004011233592E+01
 0.10004100399455E+01
 0.10004146099989E+01
 0.10004283150496E+01
 0.10004469493489E+01
 0.10004580702756E+01
 0.10004637903795E+01
 0.10004809469521E+01
 0.10005043349271E+01
 0.10005164986366E+01
 0.10005227555270E+01
 0.10005415223727E+01
 0.10005670642382E+01
 0.10005806703660E+01
 0.10005876596171E+01
 0.10006086230744E+01
 0.10006371563249E+01
 0.10006535689534E+01
 0.10006620167654E+01
 0.10006873657948E+01
 0.10007218815374E+01
 0.10007410004780E+01
 0.10007508353729E+01
 0.10007803327773E+01
 0.10008206028812E+01
 0.10008403336332E+01
 0.10008504869419E+01
 0.10008809406198E+01
 0.10009223932223E+01
 0.10009419987789E+01
 0.10009520374575E+01
 0.10009821486745E+01
 0.10010230373564E+01
 0.10010487456228E+01
 0.10010619681574E+01
 0.10011016180173E+01
 0.10011556185040E+01
 0.10011826232624E+01
 0.10011964779227E+01
 0.10012380079367E+01
 0.10012945944745E+01
 0.10013281412700E+01
 0.10013454411731E+01
 0.10013973285169E+01
 0.10014680730858E+01
 0.10015053311556E+01
 0.10015245003019E+01
 0.10015820075657E+01
 0.10016602618208E+01
 0.10016673592920E+01
 0.10016843884870E+01
 0.10017354778115E+01
 0.10018047770837E+01
 0.10018506974557E+01
 0.10018743124833E+01
 0.10019451413805E+01
 0.10020417639751E+01
 0.10020994069468E+01
 0.10021291978719E+01
 0.10022185677917E+01
 0.10023403328391E+01
 0.10023474455150E+01
 0.10024253939291E+01
 0.10025313489151E+01
 0.10027061289833E+01
 0.10028003951444E+01
 0.10030827357256E+01
 0.10034807450151E+01
 0.10036016416880E+01
 0.10036756012373E+01
 0.10037134036810E+01
 0.10038267941322E+01
 0.10039808148027E+01
 0.10040589549906E+01
 0.10040989589431E+01
 0.10042189334099E+01
 0.10043817179084E+01
 0.10044642807453E+01
 0.10045064708034E+01
 0.10046330250557E+01
 0.10048046745440E+01
 0.10048417150869E+01
 0.10048834524498E+01
 0.10050086321130E+01
 0.10051780144104E+01
 0.10052621977271E+01
 0.10053050482775E+01
 0.10054335877976E+01
 0.10056074277017E+01
 0.10059326867867E+01
 0.10061061337953E+01
 0.10066256124517E+01
 0.10073572748996E+01
 0.10074593624849E+01
 0.10075494422677E+01
 0.10078197418858E+01
 0.10081870365783E+01
 0.10083576435912E+01
 0.10084447211366E+01
 0.10087059620116E+01
 0.10090607741769E+01
 0.10092239534145E+01
 0.10093073331134E+01
 0.10095573628263E+01
 0.10098965483795E+01
 0.10100780997804E+01
 0.10101709995533E+01
 0.10104495740484E+01
 0.10108276114676E+01
 0.10110115280605E+01
 0.10111055304514E+01
 0.10113875512447E+01
 0.10117688431343E+01
 0.10119695687544E+01
 0.10120717665862E+01
 0.10123783282084E+01
 0.10127929730913E+01
 0.10130349258047E+01
 0.10131584328166E+01
 0.10135289688380E+01
 0.10140307016056E+01
 0.10142823220290E+01
 0.10144105046797E+01
 0.10147951307160E+01
 0.10153153391970E+01
 0.10156107598289E+01
 0.10157615058866E+01
 0.10162136068365E+01
 0.10168269406801E+01
 0.10171594354491E+01
 0.10173295446691E+01
 0.10178399799168E+01
 0.10185308195820E+01
 0.10188929928111E+01
 0.10190775773187E+01
 0.10196310639226E+01
 0.10203824607366E+01
 0.10207409307450E+01
 0.10209240005831E+01
 0.10214733203227E+01
 0.10222161000089E+01
 0.10228726533697E+01
 0.10232117128756E+01
 0.10242290988095E+01
 0.10256163752311E+01
 0.10263140116104E+01
 0.10266721958875E+01
 0.10277464620368E+01
 0.10292163515949E+01
 0.10299384765136E+01
 0.10310938606706E+01
 0.10316440754453E+01
 0.10319259601951E+01
 0.10327716482432E+01
 0.10339151889055E+01
 0.10345762160986E+01
 0.10349134474947E+01
 0.10359251752065E+01
 0.10372968904543E+01
 0.10379551097560E+01
 0.10382908189944E+01
 0.10392976749553E+01
 0.10406635681230E+01
 0.10413367190403E+01
 0.10416807090121E+01
 0.10427128752425E+01
 0.10441084860771E+01
 0.10449044143831E+01
 0.10453104674697E+01
 0.10465284778384E+01
 0.10481776598761E+01
 0.10491322052992E+01
 0.10496200916858E+01
 0.10510840424813E+01
 0.10530675205212E+01
 0.10540884133210E+01
 0.10546093655168E+01
 0.10561714775754E+01
 0.10582920415901E+01
 0.10593293781121E+01
 0.10598594018806E+01
 0.10614495291398E+01
 0.10636013951349E+01
 0.10648779842645E+01
 0.10655304376521E+01
 0.10674871546078E+01
 0.10701483089738E+01
 0.10713952987467E+01
 0.10720340006159E+01
 0.10739495751560E+01
 0.10765473271788E+01
 0.10782310277855E+01
 0.10790955651556E+01
 0.10816896870815E+01
 0.10852138411924E+01
 0.10876588614147E+01
 0.10889215342342E+01
 0.10927092879976E+01
 0.10978875261224E+01
 0.11005460197635E+01
 0.11019171629124E+01
 0.11060294210977E+01
 0.11116472409268E+01
 0.11125270544719E+01
 0.11137631739344E+01
 0.11174708365405E+01
 0.11225048555062E+01
 0.11231278463409E+01
 0.11242857691269E+01
 0.11277590594313E+01
 0.11324693057347E+01
 0.11349151321496E+01
 0.11361649499838E+01
 0.11399139093038E+01
 0.11449931096304E+01
 0.11475519911059E+01
 0.11488568546502E+01
 0.11527703814309E+01
 0.11580710550501E+01
 0.11610486588266E+01
 0.11625701986720E+01
 0.11671334611682E+01
 0.11733209717787E+01
 0.11762974448133E+01
 0.11778153617993E+01
 0.11823672672003E+01
 0.11885403222665E+01
 0.11919041692585E+01
 0.11936253516093E+01
 0.11987874968231E+01
 0.12057862011226E+01
 0.12094050244706E+01
 0.12112537249200E+01
 0.12167983709612E+01
 0.12243187814728E+01
 0.12292290078336E+01
 0.12317512730424E+01
 0.12393182064250E+01
 0.12496068933652E+01
 0.12558840592634E+01
 0.12591162503052E+01
 0.12688107729356E+01
 0.12820500555146E+01
 0.12837297710809E+01
 0.12869353994873E+01
 0.12965489436728E+01
 0.13096405688486E+01
 0.13167109537548E+01
 0.13203460979322E+01
 0.13312499228787E+01
 0.13460844573849E+01
 0.13489554086707E+01
 0.13528997122173E+01
 0.13647288814926E+01
 0.13808638890431E+01
 0.13883711800479E+01
 0.13922294757918E+01
 0.14038014403395E+01
 0.14195010116431E+01
 0.14274250048291E+01
 0.14314721701605E+01
 0.14436071593990E+01
 0.14601141474109E+01
 0.14691366600191E+01
 0.14737720245613E+01
 0.14876751349974E+01
 0.15065740977939E+01
 0.15181652799003E+01
 0.15241310938231E+01
 0.15420311023261E+01
 0.15663990787459E+01
 0.15839376585338E+01
 0.15930374534861E+01
 0.16203291490281E+01
 0.16578774412941E+01
 0.16646479768996E+01
 0.16948431594872E+01
 0.17097228503303E+01
 0.17327877244329E+01
 0.17470062397394E+01
 0.17542788808472E+01
 0.17761049686173E+01
 0.18056966530521E+01
 0.18252786611745E+01
 0.18353488731127E+01
 0.18655694566847E+01
 0.19067645976650E+01
 0.19303677998851E+01
 0.19425441724103E+01
 0.19790966109203E+01
 0.20289285812510E+01
 0.20567707606802E+01
 0.20711260856589E+01
 0.21142102271044E+01
 0.21731283940817E+01
 0.22073432171994E+01
 0.22250780754968E+01
 0.22783319655691E+01
 0.23512046935472E+01
 0.23531305480431E+01
 0.23681166018182E+01
 0.24130857241064E+01
 0.24743592903145E+01
 0.25064924022633E+01
 0.25230247403152E+01
 0.25726276654428E+01
 0.26402103889328E+01
 0.26889091014644E+01
 0.27141975252432E+01
 0.27901391835470E+01
 0.28940161330967E+01
 0.29022906870136E+01
 0.29375636873115E+01
 0.30435512438950E+01
 0.31895158538233E+01
 0.32631528619222E+01
 0.33014485358699E+01
 0.34165289136382E+01
 0.35744772200111E+01
 0.36750472395936E+01
 0.37277029569418E+01
 0.38859830216944E+01
 0.41045056693523E+01
 0.42134883595357E+01
 0.42702969035473E+01
 0.44411004987312E+01
 0.46757068174403E+01
 0.46790973780677E+01
 0.48344002551620E+01
 0.49093374410572E+01
 0.49478531628743E+01
 0.50635025257814E+01
 0.52205987685034E+01
 0.53277571877181E+01
 0.53831049602204E+01
 0.55493570614886E+01
 0.57763654934916E+01
 0.59072080127062E+01
 0.59749138427546E+01
 0.61782819871640E+01
 0.64565763615689E+01
 0.65428776416119E+01
 0.66272004758927E+01
 0.68807045181931E+01
 0.72281739285808E+01
 0.74130212939949E+01
 0.75088553716783E+01
 0.77968877193880E+01
 0.81922297541814E+01
 0.83999913220261E+01
 0.85078781159727E+01
 0.88321023885281E+01
 0.92765479424055E+01
 0.94965193715017E+01
 0.96102328499979E+01
 0.99518981647448E+01
 0.10419953578112E+02
 0.10665032430124E+02
 0.10791973158267E+02
 0.11173507774973E+02
 0.11695271632022E+02
 0.11993172111980E+02
 0.12147629116692E+02
 0.12611963770224E+02
 0.13248722856896E+02
 0.13545831792848E+02
 0.13699252066748E+02
 0.14160203672976E+02
 0.14790340036870E+02
 0.15191945321513E+02
 0.15401016863117E+02
 0.16029663948438E+02
 0.16893301164845E+02
 0.17468168568689E+02
 0.17770480430061E+02
 0.18680522227577E+02
 0.19940126313047E+02
 0.20063129555679E+02
 0.20927540051426E+02
 0.22117564540526E+02
 0.22870729459808E+02
 0.23267067339642E+02
 0.24460243065998E+02
 0.26111536645873E+02
 0.26911853131898E+02
 0.27329798615696E+02
 0.28587149767132E+02
 0.30323422447922E+02
 0.31211863038767E+02
 0.31676172821228E+02
 0.33072854692939E+02
 0.34998784929699E+02
 0.36353397900056E+02
 0.37072686917355E+02
 0.39240390228176E+02
 0.42261551496507E+02
 0.44378183173777E+02
 0.47353952245947E+02
 0.48017651541926E+02
 0.48808634176284E+02
 0.51189523283277E+02
 0.54489864227784E+02
 0.55471845193619E+02
 0.56485898953922E+02
 0.59540847542376E+02
 0.63792276887428E+02
 0.63867610563725E+02
 0.65134033595789E+02
 0.68951666108610E+02
 0.74288013440668E+02
 0.74712551423514E+02
 0.78534695300904E+02
 0.80591381577167E+02
 0.81665891775092E+02
 0.84897277737431E+02
 0.89350830951484E+02
 0.91745709926965E+02
 0.92997396169216E+02
 0.96761718220209E+02
 0.10195929088406E+03
 0.10477645492714E+03
 0.10625318906284E+03
 0.11069518307338E+03
 0.11683720309306E+03
 0.12017360452219E+03
 0.12192597000499E+03
 0.12719824730146E+03
 0.13449975904409E+03
 0.13844439077093E+03
 0.14051982115167E+03
 0.14676535591250E+03
 0.15542694158463E+03
 0.15972596345379E+03
 0.16198119692751E+03
 0.16876564634554E+03
 0.17816142786294E+03
 0.18295780148682E+03
 0.18547374598565E+03
 0.19304190785966E+03
 0.20351738149784E+03
 0.20878063101572E+03
 0.21153742775421E+03
 0.21982853054719E+03
 0.23129364316498E+03
 0.23819686643473E+03
 0.24184417231348E+03
 0.25282302452439E+03
 0.26809068856874E+03
 0.27527010012495E+03
 0.27903705133674E+03
 0.29036897223308E+03
 0.30607240818011E+03
 0.31393519702726E+03
 0.31805873427528E+03
 0.33046112264500E+03
 0.34763122840299E+03
 0.35615318783745E+03
 0.36061546950356E+03
 0.37403424703420E+03
 0.39258569285392E+03
 0.40395843727642E+03
 0.40997176496483E+03
 0.42807158561856E+03
 0.45326096653952E+03
 0.45682536102625E+03
 0.46281989127971E+03
 0.48085108491067E+03
 0.50583642392653E+03
 0.51884816046131E+03
 0.52568610787968E+03
 0.54625523402477E+03
 0.57477094048855E+03
 0.58947621305830E+03
 0.59720461261217E+03
 0.62045211282471E+03
 0.65268711092190E+03
 0.66901313074517E+03
 0.67758710892188E+03
 0.70337587478614E+03
 0.73911654860930E+03
 0.75754432461870E+03
 0.76722565251272E+03
 0.79634524089232E+03
 0.83671127792118E+03
 0.85710282890878E+03
 0.86780729217273E+03
 0.90000152830300E+03
 0.94460604771420E+03
 0.96751698400458E+03
 0.97954713551219E+03
 0.10157285170718E+04
 0.10658616450277E+04
 0.10920624005687E+04
 0.11058343884518E+04
 0.11472583516523E+04
 0.12046985474585E+04
 0.12345917505414E+04
 0.12503156726852E+04
 0.12976139276027E+04
 0.13632433242626E+04
 0.13960814094420E+04
 0.14133315244346E+04
 0.14652142761238E+04
 0.15371440441511E+04
 0.15743595283017E+04
 0.15939249631838E+04
 0.16527744243230E+04
 0.17344013172358E+04
 0.17759443289652E+04
 0.17977782352701E+04
 0.18634489468956E+04
 0.19545236370275E+04
 0.20013499888638E+04
 0.20259701282129E+04
 0.21000228622916E+04
 0.22027498976110E+04
 0.22552326923262E+04
 0.22828267485780E+04
 0.23658239045861E+04
 0.24809625946837E+04
 0.25401199383005E+04
 0.25712344088988E+04
 0.26648226859139E+04
 0.27946890281660E+04
 0.28613626558533E+04
 0.28964407928272E+04
 0.30019534898356E+04
 0.31484058084825E+04
 0.32225644357780E+04
 0.32615640046469E+04
 0.33788668318246E+04
 0.35416395507729E+04
 0.36255000078173E+04
 0.36696294739414E+04
 0.38023676197440E+04
 0.39866378509355E+04
 0.40800572009713E+04
 0.41291990582106E+04
 0.42770086953570E+04
 0.44821589967414E+04
 0.45879272668537E+04
 0.46436031102502E+04
 0.48110742553306E+04
 0.50436204967930E+04
 0.51621535882533E+04
 0.52245443029719E+04
 0.54122120087146E+04
 0.56728073136768E+04
 0.58062092498189E+04
 0.58764448602462E+04
 0.60877126791123E+04
 0.63811351395566E+04
 0.65310320672382E+04
 0.66099615663845E+04
 0.68473814958360E+04
 0.71771618822552E+04
 0.73457134035317E+04
 0.74344799247593E+04
 0.77014914559537E+04
 0.80724229649573E+04
 0.82618530165842E+04
 0.83616261356132E+04
 0.86617466003312E+04
 0.90787120907459E+04
 0.92918294039162E+04
 0.94040966277344E+04
 0.97418019205390E+04
 0.10211043879744E+05
 0.10450670064975E+05
 0.10576914503058E+05
 0.10956664624334E+05
 0.11484371612381E+05
 0.11754199664637E+05
 0.11896379781186E+05
 0.12324068564220E+05
 0.12918468338466E+05
 0.13222024791803E+05
 0.13381990521523E+05
 0.13863179968652E+05
 0.14531981263563E+05
 0.14873859828485E+05
 0.15054044323990E+05
 0.15596055700675E+05
 0.16349466287331E+05
 0.16734621355578E+05
 0.16937637902313E+05
 0.17548332144139E+05
 0.18397288393042E+05
 0.18831244536574E+05
 0.19060005737106E+05
 0.19748143274697E+05
 0.20704824101715E+05
 0.21194015130870E+05
 0.21451918445872E+05
 0.22227719486256E+05
 0.23306347609419E+05
 0.23858056832852E+05
 0.24148946199439E+05
 0.25023973626249E+05
 0.26240636382634E+05
 0.26863155434710E+05
 0.27191407194779E+05
 0.28178825383678E+05
 0.29551837579670E+05
 0.30254594543285E+05
 0.30625184184548E+05
 0.31739959593675E+05
 0.33290140612360E+05
 0.34083909831060E+05
 0.34502524048971E+05
 0.35761762640316E+05
 0.37512909374267E+05
 0.38409969539619E+05
 0.38883088217170E+05
 0.40306281705142E+05
 0.42285507048837E+05
 0.43299883924419E+05
 0.43834908880710E+05
 0.45444322136025E+05
 0.47682594980919E+05
 0.48830333867655E+05
 0.49435732744163E+05
 0.51256836646666E+05
 0.53789584136665E+05
 0.55089044666278E+05
 0.55774505960771E+05
 0.57836443578639E+05
 0.60704197617301E+05
 0.62176412850222E+05
 0.62953035416690E+05
 0.65289191971218E+05
 0.68538381156693E+05
 0.70207468237723E+05
 0.71087977591944E+05
 0.73736630951890E+05
 0.77420483373024E+05
 0.79314125526181E+05
 0.80313127796620E+05
 0.83318212189693E+05
 0.87497856594348E+05
 0.89644066011192E+05
 0.90776239454904E+05
 0.94181883526287E+05
 0.98918239505979E+05
 0.10136343370572E+06
 0.10265355378884E+06
 0.10653436414183E+06
 0.11193212832062E+06
 0.11470920113486E+06
 0.11617430085686E+06
 0.12058135864232E+06
 0.12671078295881E+06
 0.12987263244643E+06
 0.13154083824330E+06
 0.13655891895634E+06
 0.14353773671656E+06
 0.14714135920563E+06
 0.14904257409376E+06
 0.15476151873603E+06
 0.16271499975716E+06
 0.16682147969795E+06
 0.16898790263256E+06
 0.17550453193421E+06
 0.18456678205387E+06
 0.18925417062176E+06
 0.19172704600439E+06
 0.19916544286300E+06
 0.20950897393021E+06
 0.21486351103561E+06
 0.21768820412989E+06
 0.22618478131652E+06
 0.23799891436124E+06
 0.24412335940583E+06
 0.24735406150336E+06
 0.25707181881919E+06
 0.27058288270577E+06
 0.27759366227329E+06
 0.28129162133035E+06
 0.29241473061571E+06
 0.30787805109045E+06
 0.31591472628662E+06
 0.32015346848402E+06
 0.33290306315708E+06
 0.35062544015336E+06
 0.35984934129717E+06
 0.36471373990334E+06
 0.37934504024169E+06
 0.39968026056483E+06
 0.41028083107244E+06
 0.41587053859784E+06
 0.43268319775998E+06
 0.45604647710963E+06
 0.46824602799131E+06
 0.47467791681583E+06
 0.49402335070154E+06
 0.52090129846727E+06
 0.53496446854620E+06
 0.54237765434360E+06
 0.56467416990664E+06
 0.59564588763206E+06
 0.61188651560182E+06
 0.62044587066825E+06
 0.64618919524817E+06
 0.68194054176090E+06
 0.70073469749187E+06
 0.71063774008241E+06
 0.74042174874315E+06
 0.78177399714842E+06
 0.80357936239596E+06
 0.81506651979628E+06
 0.84961412414598E+06
 0.89756684049596E+06
 0.92295030935729E+06
 0.93631955337145E+06
 0.97652675412158E+06
 0.10323189767588E+07
 0.10620065138834E+07
 0.10776400719946E+07
 0.11246564276905E+07
 0.11898791551098E+07
 0.12248543452898E+07
 0.12432719091539E+07
 0.12986609323131E+07
 0.13754825170084E+07
 0.14172242959629E+07
 0.14392125586540E+07
 0.15053425099154E+07
 0.15970609012727E+07
 0.16483107556582E+07
 0.16753458735107E+07
 0.17566654881461E+07
 0.18695217480767E+07
 0.19389775531855E+07
 0.19758542578104E+07
 0.20868467377741E+07
 0.22414315737336E+07
 0.23217343701782E+07
 0.23640953065953E+07
 0.24915326079146E+07
 0.26683550020740E+07
 0.27483498206047E+07
 0.28939846347347E+07
 0.29090502090676E+07
 0.29425749197508E+07
 0.30432497577892E+07
 0.31808327507328E+07
 0.32078219628631E+07
 0.32401469234311E+07
 0.33371893328399E+07
 0.34693113238281E+07
 0.35308242714313E+07
 0.35623092985147E+07
 0.36568087184756E+07
 0.37850614112283E+07
 0.38450469206783E+07
 0.38756455120576E+07
 0.39674683594073E+07
 0.40917548944558E+07
 0.41497072962663E+07
 0.41791777233188E+07
 0.42676023198483E+07
 0.43870019781659E+07
 0.44422819917874E+07
 0.44703136862575E+07
 0.45544111847203E+07
 0.46677176335477E+07
 0.47194655762331E+07
 0.47456361165567E+07
 0.48241421080356E+07
 0.49296962807224E+07
 0.49442639825547E+07
 0.49679549279170E+07
 0.50390183622600E+07
 0.51343930208183E+07
 0.51783939533282E+07
 0.52005518285408E+07
 0.52670125470648E+07
 0.53560762226213E+07
 0.54053919144224E+07
 0.54302081274784E+07
 0.55046301859163E+07
 0.56042888525787E+07
 0.56572851810410E+07
 0.56839110612636E+07
 0.57637415153321E+07
 0.58704888197058E+07
 0.59263694769236E+07
 0.59543767638267E+07
 0.60383209893108E+07
 0.61503297735437E+07
 0.62085925035115E+07
 0.62376936809205E+07
 0.63248760530526E+07
 0.64408572554057E+07
 0.65012596646903E+07
 0.65312841105037E+07
 0.66211766968347E+07
 0.67402664224089E+07
 0.68028606003948E+07
 0.68337608215358E+07
 0.69262047723024E+07
 0.70479656145022E+07
 0.71105749833019E+07
 0.71412120830886E+07
 0.72328208266908E+07
 0.73525884513587E+07
 0.74177624350791E+07
 0.74492183201342E+07
 0.75432315435964E+07
 0.76648361057827E+07
 0.77355948164403E+07
 0.77689983000563E+07
 0.78688196818414E+07
 0.79957684714731E+07
 0.80640878352807E+07
 0.80956096618140E+07
 0.81899926214233E+07
 0.83076971712885E+07
 0.83682942089750E+07
 0.83955652899033E+07
 0.84774734923090E+07
 0.85775829558544E+07
 0.86306227980653E+07
 0.86536901494373E+07
 0.87232243481349E+07
 0.88059872880890E+07
 0.88513511712431E+07
 0.88700829219168E+07
 0.89268493358678E+07
 0.89915501498636E+07
 0.90276482037177E+07
 0.90411960982834E+07
 0.90826790127673E+07
 0.91259149299223E+07
 0.91506483275874E+07
 0.91576094959280E+07
 0.91797728381839E+07
 0.91955896245384E+07
 0.92028897329925E+07
 0.92000471748255E+07
 0.91935575491453E+07
 0.91701607017159E+07
 0.91536832194916E+07
 0.91410635054560E+07
 0.91048785218445E+07
 0.90486756833226E+07
 0.90207861394291E+07
 0.90056337285487E+07
 0.89608848764226E+07
 0.89001889949860E+07
 0.88671081050619E+07
 0.88508435638742E+07
 0.88024874083837E+07
 0.87404333659909E+07
 0.87082828822902E+07
 0.86934308884589E+07
 0.86490562777706E+07
 0.85942056169160E+07
 0.85679671680701E+07
 0.85563069681663E+07
 0.85213202332481E+07
 0.84790134298504E+07
 0.84590406968898E+07
 0.84503773205372E+07
 0.84243005181055E+07
 0.83932109882543E+07
 0.83786564644544E+07
 0.83724421754335E+07
 0.83536935585895E+07
 0.83315488438033E+07
 0.83212391924306E+07
 0.83168835473201E+07
 0.83037209881111E+07
 0.82882746513153E+07
 0.82811102884759E+07
 0.82781067038559E+07
 0.82690197224440E+07
 0.82584095795088E+07
 0.82535021707088E+07
 0.82514580637531E+07
 0.82452685806692E+07
 0.82380735342334E+07
 0.82347538960620E+07
 0.82333794825853E+07
 0.82292146804577E+07
 0.82243934051558E+07
 0.82221742624397E+07
 0.82212607885271E+07
 0.82184907141482E+07
 0.82152966109627E+07
 0.82138298119061E+07
 0.82132292878285E+07
 0.82114069007385E+07
 0.82093131047251E+07
 0.82083536617498E+07
 0.82079627575446E+07
 0.82067756743890E+07
 0.82054161112450E+07
 0.82047943192943E+07
 0.82045420423023E+07
 0.82037754542965E+07
 0.82028998432178E+07
 0.82025000518957E+07
 0.82023384132201E+07
 0.82018469758296E+07
 0.82012868963362E+07
 0.82010315290720E+07
 0.82009285774346E+07
 0.82006154238924E+07
 0.82002591763779E+07
 0.82000969324889E+07
 0.82000316746697E+07
 0.81998331007023E+07
 0.81996075296604E+07
 0.81995048951722E+07
 0.81994636899317E+07
 0.81993382670769E+07
 0.81991959590182E+07
 0.81991312583040E+07
 0.81991053211415E+07
 0.81990263524287E+07
 0.81989368367489E+07
 0.81988961634828E+07
 0.81988798779626E+07
 0.81988302848339E+07
 0.81987741109681E+07
 0.81987486002874E+07
 0.81987383958193E+07
 0.81987073158283E+07
 0.81986721337016E+07
 0.81986561629945E+07
 0.81986497797407E+07
 0.81986303355282E+07
 0.81986083363969E+07
 0.81985983536575E+07
 0.81985943664054E+07
 0.81985822193858E+07
 0.81985684823318E+07
 0.81985622507117E+07
 0.81985597631499E+07
 0.81985521841813E+07
 0.81985436163841E+07
 0.81985397249089E+07
 0.81985381728537E+07
 0.81985334435220E+07
 0.81985281002649E+07
 0.81985256817405E+07
 0.81985247172026E+07
 0.81985217780664E+07
 0.81985184575450E+07
 0.81985169524700E+07
 0.81985163524654E+07
 0.81985145240258E+07
 0.81985124588582E+07
 0.81985115229647E+07
 0.81985111499981E+07
 0.81985100133683E+07
 0.81985087298849E+07
 0.81985081483470E+07
 0.81985079166711E+07
 0.81985072105956E+07
 0.81985064134700E+07
 0.81985060523629E+07
 0.81985059085465E+07
 0.81985054702196E+07
 0.81985049754708E+07
 0.81985047513823E+07
 0.81985046621606E+07
 0.81985043902177E+07
 0.81985040833289E+07
 0.81985039443512E+07
 0.81985038890314E+07
 0.81985037204128E+07
 0.81985035301605E+07
 0.81985034440162E+07
 0.81985034097351E+07
 0.81985033052404E+07
 0.81985031873593E+07
 0.81985031339919E+07
 0.81985031127593E+07
 0.81985030480367E+07
 0.81985029750346E+07
 0.81985029419896E+07
 0.81985029288455E+07
 0.81985028887771E+07
 0.81985028435901E+07
 0.81985028231386E+07
 0.81985028150055E+07
 0.81985027902118E+07
 0.81985027622549E+07
 0.81985027496034E+07
 0.81985027445732E+07
 0.81985027292382E+07
 0.81985027119492E+07
 0.81985027041263E+07
 0.81985027010165E+07
 0.81985026915359E+07
 0.81985026808486E+07
 0.81985026760135E+07
 0.81985026740918E+07
 0.81985026682329E+07
 0.81985026616293E+07
 0.81985026586420E+07
 0.81985026574549E+07
 0.81985026538358E+07
 0.81985026497570E+07
 0.81985026479121E+07
 0.81985026471791E+07
 0.81985026449442E+07
 0.81985026424259E+07
 0.81985026412869E+07
 0.81985026408344E+07
 0.81985026394549E+07
 0.81985026379006E+07
 0.81985026371977E+07
 0.81985026369185E+07
 0.81985026360672E+07
 0.81985026351082E+07
 0.81985026346746E+07
 0.81985026345023E+07
 0.81985026339772E+07
 0.81985026333857E+07
 0.81985026331183E+07
 0.81985026330121E+07
 0.81985026326883E+07
 0.81985026323236E+07
 0.81985026321587E+07
 0.81985026320932E+07
 0.81985026318936E+07
 0.81985026316687E+07
 0.81985026315671E+07
 0.81985026315268E+07
 0.81985026314037E+07
 0.81985026312652E+07
 0.81985026312026E+07
 0.81985026311777E+07
 0.81985026311019E+07
 0.81985026310166E+07
 0.81985026309780E+07
 0.81985026309627E+07
 0.81985026309160E+07
 0.81985026308634E+07
 0.81985026308396E+07
 0.81985026308302E+07
 0.81985026308015E+07
 0.81985026307691E+07
 0.81985026307545E+07
 0.81985026307487E+07
 0.81985026307310E+07
 0.81985026307110E+07
 0.81985026307020E+07
 0.81985026306984E+07
 0.81985026306875E+07
 0.81985026306753E+07
 0.81985026306697E+07
 0.81985026306675E+07
 0.81985026306608E+07
 0.81985026306533E+07
 0.81985026306499E+07
 0.81985026306485E+07
 0.81985026306444E+07
 0.81985026306398E+07
 0.81985026306377E+07
 0.81985026306368E+07
 0.81985026306343E+07
 0.81985026306314E+07
 0.81985026306301E+07
 0.81985026306296E+07
 0.81985026306281E+07
 0.81985026306263E+07
 0.81985026306255E+07
 0.81985026306252E+07
 0.81985026306242E+07
 0.81985026306232E+07
 0.81985026306227E+07
 0.81985026306225E+07
 0.81985026306219E+07
 0.81985026306212E+07
 0.81985026306209E+07
 0.81985026306208E+07
 0.81985026306204E+07
 0.81985026306200E+07
 0.81985026306199E+07
 0.81985026306198E+07
 0.81985026306196E+07
 0.81985026306193E+07
 0.81985026306192E+07
 0.81985026306191E+07
 0.81985026306190E+07
 0.81985026306189E+07
 0.81985026306188E+07
 0.81985026306188E+07
 0.81985026306187E+07
 0.81985026306186E+07
 0.81985026306186E+07
 0.81985026306186E+07
 0.81985026306185E+07
 0.81985026306185E+07
