 0.34041659236477E+03
 0.36399213667324E+04
 0.67302773788205E+04
 0.96074792760929E+04
 0.12271890862048E+05
 0.14734397975708E+05
 0.16914605839910E+05
 0.18830245809791E+05
 0.20490686189924E+05
 0.21953929540249E+05
 0.23443309020819E+05
 0.24779037637071E+05
 0.25235684413201E+05
 0.14274486115826E+05
 0.40706800345206E+05
-0.25018767788378E+05
-0.41232602240567E+04
 0.12045796624735E+05
 0.15526837176541E+05
 0.32704516753455E+05
 0.28681232760514E+05
 0.41157088866009E+05
 0.10239996640402E+05
-0.24639343155476E+04
 0.38504261211014E+05
 0.13032812810982E+05
 0.14623414617724E+05
 0.34662593333765E+04
 0.16020397131117E+03
-0.23001820070759E+04
-0.23472185413623E+04
-0.27685233403293E+04
-0.29153890030591E+04
-0.30454135385746E+04
-0.31713694534695E+04
-0.32969067456505E+04
-0.34236750113973E+04
-0.35526611158230E+04
-0.36845911952654E+04
-0.38200884480958E+04
-0.39597489108247E+04
-0.41041854696048E+04
-0.42540590244130E+04
-0.44101052535593E+04
-0.45731615628369E+04
-0.47441974196642E+04
-0.49243510265436E+04
-0.51149757581862E+04
-0.53177009420085E+04
-0.55345136422982E+04
-0.57678716973919E+04
-0.60208645683054E+04
-0.62974501450635E+04
-0.66028182634340E+04
-0.69439792969675E+04
-0.73307866257839E+04
-0.77778916831712E+04
-0.83090272449785E+04
-0.89685155473829E+04
-0.98646581213166E+04
-0.11516723009280E+05
-0.58948108593509E+05
-0.10072354654528E+06
-0.15273437668503E+06
-0.21234309728658E+06
-0.24147448962051E+06
-0.34861231947393E+06
-0.57061545531738E+06
-0.84275332134016E+06
-0.10807905523597E+07
-0.10018757238327E+07
-0.25340110083595E+07
-0.34839052785416E+07
-0.35160319301247E+07
-0.68457825971782E+07
-0.11313992060679E+08
-0.16291457148878E+07
-0.86789518286916E+07
-0.83147286288701E+07
-0.33950511624547E+07
-0.14936213674124E+07
 0.19436767654654E+07
-0.86149800032091E+06
-0.14696353907243E+07
-0.19190697010116E+07
-0.21927278213461E+07
-0.21625664109714E+07
-0.23116884645018E+07
-0.23631152139433E+07
-0.26030152229324E+07
-0.26704457748662E+07
-0.27824665533628E+07
-0.28678583465814E+07
-0.28956997681463E+07
-0.29628314513731E+07
-0.30868218979641E+07
-0.30413391800240E+07
-0.32273188219628E+07
-0.33377533917529E+07
-0.33571593436161E+07
-0.35002927058461E+07
-0.36359432625968E+07
-0.36300623137299E+07
-0.37957074042944E+07
-0.39804293640283E+07
-0.39830471004411E+07
-0.41797024396837E+07
-0.42928247606024E+07
-0.44087966066526E+07
-0.44460383941523E+07
-0.46254866228874E+07
-0.46954498920133E+07
-0.48223250470754E+07
-0.47178455132439E+07
-0.49670934780180E+07
-0.51149011046069E+07
-0.52247473582278E+07
-0.53120006182338E+07
-0.52449834823674E+07
-0.55357600435754E+07
-0.56232549403685E+07
-0.56259712974401E+07
-0.57557997300129E+07
-0.58989785647906E+07
-0.60389190487147E+07
-0.61685673932007E+07
-0.62176601155610E+07
-0.63522902935054E+07
-0.64147187879361E+07
-0.65530227787040E+07
-0.66518503141767E+07
-0.66388178459272E+07
-0.67464978070022E+07
-0.69315858681256E+07
-0.69565780404772E+07
-0.69954246911691E+07
-0.72731118007627E+07
-0.74035449322658E+07
-0.74334280676000E+07
-0.73370229719423E+07
-0.74096903461350E+07
-0.78020346117819E+07
-0.78989164855681E+07
-0.79711775148849E+07
-0.81333422912698E+07
-0.81206267444006E+07
-0.81644585387901E+07
-0.83060102017188E+07
-0.85402027521691E+07
-0.84281652051623E+07
-0.87478647337022E+07
-0.88208335447033E+07
-0.89381452793600E+07
-0.90119348720321E+07
-0.86703730241160E+07
-0.91630492989204E+07
-0.93748663682986E+07
-0.94716553393736E+07
-0.94862199629179E+07
-0.96818873368175E+07
-0.97281473739517E+07
-0.98181354514309E+07
-0.10006145177514E+08
-0.10015110302947E+08
-0.98061497726709E+07
-0.10320842965589E+08
-0.10322964531961E+08
-0.10553862595128E+08
-0.10620781293061E+08
-0.10691364857812E+08
-0.10667599277851E+08
-0.10869259274128E+08
-0.11033380055108E+08
-0.11160267182908E+08
-0.11131072605946E+08
-0.11350432054068E+08
-0.11468609643122E+08
-0.11455206877858E+08
-0.11677426907559E+08
-0.11743466888718E+08
-0.11897860101995E+08
-0.11671452582234E+08
-0.11833163168871E+08
-0.11935088495546E+08
-0.12235525354775E+08
-0.12059689709698E+08
-0.12483420373106E+08
-0.12645659379742E+08
-0.12740103404893E+08
-0.12812898079166E+08
-0.12926249102001E+08
-0.12949421859601E+08
-0.13121968182559E+08
-0.13265314798480E+08
-0.13365948930813E+08
-0.13449580892590E+08
-0.13526644513015E+08
-0.13640847062164E+08
-0.13770171229154E+08
-0.13894538805017E+08
-0.14010192944987E+08
