-0.83170459092823E+09
-0.83170609149876E+09
-0.83170991658135E+09
-0.83171597522456E+09
-0.83172422511694E+09
-0.83173459237268E+09
-0.83174704985995E+09
-0.83176162987262E+09
-0.83177841266891E+09
-0.83179742228701E+09
-0.83181888188984E+09
-0.83184306457519E+09
-0.83187035833071E+09
-0.83190638759625E+09
-0.83193590308370E+09
-0.83194831631984E+09
-0.83202733687973E+09
-0.83201434255731E+09
-0.83210170696861E+09
-0.83212103772681E+09
-0.83208941575317E+09
-0.83214938171479E+09
-0.83222725797606E+09
-0.83227670058684E+09
-0.83232625991614E+09
-0.83236100021791E+09
-0.83242653719129E+09
-0.83247073793368E+09
-0.83252732657431E+09
-0.83258535668078E+09
-0.83264396890658E+09
-0.83270298910317E+09
-0.83276620212778E+09
-0.83283234245586E+09
-0.83290123305583E+09
-0.83297283482555E+09
-0.83304715762262E+09
-0.83312423659114E+09
-0.83320412361692E+09
-0.83328688390656E+09
-0.83337259476670E+09
-0.83346134553352E+09
-0.83355323823408E+09
-0.83364838881711E+09
-0.83374692891487E+09
-0.83384900817291E+09
-0.83395479724469E+09
-0.83406449161089E+09
-0.83417831646167E+09
-0.83429653299107E+09
-0.83441944661805E+09
-0.83454741791106E+09
-0.83468087742749E+09
-0.83482034644204E+09
-0.83496646696679E+09
-0.83512004737390E+09
-0.83528213651240E+09
-0.83545415636035E+09
-0.83563817771110E+09
-0.83583765801965E+09
-0.83606081408289E+09
-0.83631166502661E+09
-0.83654957708770E+09
-0.83679752775679E+09
-0.83705454635998E+09
-0.83739716404843E+09
-0.83777036224329E+09
-0.83809584307323E+09
-0.83849562531984E+09
-0.83871105786887E+09
-0.83983938578495E+09
-0.84074038916248E+09
-0.84218925331485E+09
-0.84219927931778E+09
-0.84361166952485E+09
-0.83621733564517E+09
-0.82502695241346E+09
-0.82575183434489E+09
-0.83368104066952E+09
-0.83305483101751E+09
-0.83247562846954E+09
-0.83751510079101E+09
-0.83776132839158E+09
-0.83846524559218E+09
-0.83852907544222E+09
-0.83857698936280E+09
-0.83867469306788E+09
-0.83883842021251E+09
-0.83898777784699E+09
-0.83919826172561E+09
-0.83932400905522E+09
-0.83950110919645E+09
-0.83969418806680E+09
-0.83973393432202E+09
-0.83994145547569E+09
-0.84000328410188E+09
-0.84046430436753E+09
-0.84033579532269E+09
-0.84053665546057E+09
-0.84091900580506E+09
-0.84090415899671E+09
-0.84094606843890E+09
-0.84105000107019E+09
-0.84137799366015E+09
-0.84148802875826E+09
-0.84160001008793E+09
-0.84188023121646E+09
-0.84191955989137E+09
-0.84205446005914E+09
-0.84226680578364E+09
-0.84238184172418E+09
-0.84247054344642E+09
-0.84263830870941E+09
-0.84266974567126E+09
-0.84305354694620E+09
-0.84306668926077E+09
-0.84324386462669E+09
-0.84324561155989E+09
-0.84352838038632E+09
-0.84365141372569E+09
-0.84376711573313E+09
-0.84391010170928E+09
-0.84406749345553E+09
-0.84434648894372E+09
-0.84440484883092E+09
-0.84454825019484E+09
-0.84451954274091E+09
-0.84474977475393E+09
-0.84494815138346E+09
-0.84517464353158E+09
-0.84530032573950E+09
-0.84530272238896E+09
-0.84560987303078E+09
-0.84573737823246E+09
-0.84571911790625E+09
-0.84598330452571E+09
-0.84622556084789E+09
-0.84626177115816E+09
-0.84647587203183E+09
-0.84645790849126E+09
-0.84659602955779E+09
-0.84694504497993E+09
-0.84708847363766E+09
-0.84738624055646E+09
-0.84732809764535E+09
-0.84755365615371E+09
-0.84776564665490E+09
-0.84787067176363E+09
-0.84805314424524E+09
-0.84811819337540E+09
-0.84840153289851E+09
-0.84856935718743E+09
-0.84856380041933E+09
-0.84869742287256E+09
-0.84885583233097E+09
-0.84889541462075E+09
-0.84930730452522E+09
-0.84944352704871E+09
-0.84981525892153E+09
-0.84975057934723E+09
-0.85006355965226E+09
-0.85020163667155E+09
-0.85025958127588E+09
-0.85027594225221E+09
-0.85080898847928E+09
-0.85080829871513E+09
-0.85088989185515E+09
-0.85108442204643E+09
-0.85131338295768E+09
-0.85154928988948E+09
-0.85144262505371E+09
-0.85193784184927E+09
-0.85188696626416E+09
-0.85215702710244E+09
-0.85235573689167E+09
-0.85254857325971E+09
-0.85272682801181E+09
-0.85280433082773E+09
-0.85293144390499E+09
-0.85328493367514E+09
-0.85338553193900E+09
-0.85353551842442E+09
-0.85384275782266E+09
-0.85406646410939E+09
-0.85418464082893E+09
-0.85435154349130E+09
-0.85451671156941E+09
-0.85469671736499E+09
-0.85485120218100E+09
-0.85488651891534E+09
-0.85521479611127E+09
-0.85554248667443E+09
-0.85560167714053E+09
-0.85574986762940E+09
-0.85588715346738E+09
-0.85619084819734E+09
-0.85641372668198E+09
-0.85659850452166E+09
-0.85695073199493E+09
-0.85699713169800E+09
-0.85717289969001E+09
