 0.20000000000000E+05
 0.19997098478896E+05
 0.19995647876092E+05
 0.19991296699233E+05
 0.19985496603496E+05
 0.19984774934645E+05
 0.19984108749496E+05
 0.19983964961173E+05
 0.19983328198506E+05
 0.19983027379827E+05
 0.19982876972175E+05
 0.19982425756033E+05
 0.19981824150419E+05
 0.19981482179951E+05
 0.19981311196898E+05
 0.19980798256546E+05
 0.19980114356627E+05
 0.19979772745247E+05
 0.19979601941734E+05
 0.19979089539982E+05
 0.19978406358156E+05
 0.19978046177611E+05
 0.19977866089761E+05
 0.19977325835976E+05
 0.19976605520394E+05
 0.19976232595941E+05
 0.19976046136311E+05
 0.19975486767892E+05
 0.19974740967773E+05
 0.19973609914362E+05
 0.19973044411632E+05
 0.19971347999588E+05
 0.19969086341217E+05
 0.19968733654319E+05
 0.19967926447694E+05
 0.19967522856588E+05
 0.19966312132273E+05
 0.19964697947542E+05
 0.19964317845802E+05
 0.19963860177308E+05
 0.19963631346979E+05
 0.19962944871762E+05
 0.19962029608283E+05
 0.19961495388224E+05
 0.19961228283536E+05
 0.19960426990955E+05
 0.19959358650990E+05
 0.19958836530087E+05
 0.19958575474738E+05
 0.19957792329217E+05
 0.19956748183094E+05
 0.19956213610635E+05
 0.19955946329756E+05
 0.19955144508636E+05
 0.19954075464030E+05
 0.19953443162127E+05
 0.19953127018665E+05
 0.19952178618381E+05
 0.19950914154917E+05
 0.19950262344811E+05
 0.19949936447719E+05
 0.19948958788433E+05
 0.19947655317377E+05
 0.19946968454773E+05
 0.19946625032315E+05
 0.19945594800467E+05
 0.19944221240912E+05
 0.19943439405638E+05
 0.19943048499465E+05
 0.19941875826976E+05
 0.19940312371075E+05
 0.19939458036597E+05
 0.19939030883053E+05
 0.19937749477389E+05
 0.19936041064773E+05
 0.19935211650782E+05
 0.19934796956695E+05
 0.19933552926257E+05
 0.19931894339932E+05
 0.19931118635242E+05
 0.19930730794189E+05
 0.19929567316369E+05
 0.19928016118414E+05
 0.19927050229852E+05
 0.19926567303092E+05
 0.19925118593102E+05
 0.19923187143811E+05
 0.19922233318954E+05
 0.19921756423614E+05
 0.19920325806160E+05
 0.19918418476221E+05
 0.19917296265924E+05
 0.19916735184443E+05
 0.19915052034919E+05
 0.19912808057040E+05
 0.19911640108138E+05
 0.19911056159332E+05
 0.19909304415754E+05
 0.19906968997615E+05
 0.19906757484260E+05
 0.19906263254663E+05
 0.19904780639569E+05
 0.19902803991409E+05
 0.19901507447715E+05
 0.19900859207493E+05
 0.19898914613610E+05
 0.19896322117597E+05
 0.19894789953861E+05
 0.19894023916183E+05
 0.19891725980231E+05
 0.19888662478822E+05
 0.19888492491775E+05
 0.19886580048508E+05
 0.19884030410463E+05
 0.19879868360769E+05
 0.19877787662473E+05
 0.19871546874443E+05
 0.19863228872325E+05
 0.19860804043495E+05
 0.19859331888791E+05
 0.19858595852305E+05
 0.19856387906629E+05
 0.19853444361217E+05
 0.19851962191368E+05
 0.19851221147883E+05
 0.19848998183507E+05
 0.19846034618519E+05
 0.19844544246184E+05
 0.19843799101931E+05
 0.19841563837159E+05
 0.19838583876088E+05
 0.19837938701204E+05
 0.19837230612177E+05
 0.19835106496842E+05
 0.19832274697143E+05
 0.19830879995392E+05
 0.19830182681246E+05
 0.19828090886027E+05
 0.19825302169247E+05
 0.19820125645203E+05
 0.19817537889870E+05
 0.19809776651254E+05
 0.19799433062144E+05
 0.19797948840326E+05
 0.19796727345052E+05
 0.19793063311577E+05
 0.19788178988973E+05
 0.19785946215910E+05
 0.19784829923771E+05
 0.19781481425385E+05
 0.19777017642859E+05
 0.19774981693338E+05
 0.19773963797100E+05
 0.19770910422897E+05
 0.19766839991102E+05
 0.19764672824124E+05
 0.19763589329656E+05
 0.19760339202782E+05
 0.19756006532117E+05
 0.19753908699420E+05
 0.19752859866531E+05
 0.19749713702135E+05
 0.19745519596181E+05
 0.19743334277514E+05
 0.19742241708798E+05
 0.19738964365566E+05
 0.19734595421326E+05
 0.19732070258010E+05
 0.19730807797427E+05
 0.19727020900479E+05
 0.19721972835622E+05
 0.19719470904282E+05
 0.19718220057545E+05
 0.19714467993561E+05
 0.19709466352657E+05
 0.19706658345378E+05
 0.19705254491659E+05
 0.19701043530725E+05
 0.19695430316470E+05
 0.19692412859168E+05
 0.19690904303768E+05
 0.19686379331145E+05
 0.19680347652399E+05
 0.19677231766547E+05
 0.19675674008505E+05
 0.19671001474497E+05
 0.19664773155805E+05
 0.19661824428841E+05
 0.19660350231064E+05
 0.19655928301109E+05
 0.19650033942149E+05
 0.19646261908961E+05
 0.19644376163765E+05
 0.19638720014410E+05
 0.19631181015917E+05
 0.19627534167823E+05
 0.19625710997698E+05
 0.19620242503641E+05
 0.19612953549139E+05
 0.19609547635996E+05
 0.19607844901101E+05
 0.19602737583729E+05
 0.19595929897234E+05
 0.19592019866650E+05
 0.19590065143789E+05
 0.19584202145573E+05
 0.19576387544842E+05
 0.19572728360660E+05
 0.19570899024929E+05
 0.19565412043800E+05
 0.19558098462609E+05
 0.19554472751864E+05
 0.19552660148417E+05
 0.19547223346400E+05
 0.19539976629309E+05
 0.19536058390510E+05
 0.19534099565613E+05
 0.19528224269569E+05
 0.19520393291049E+05
 0.19504765388283E+05
 0.19496956128794E+05
 0.19473547106370E+05
 0.19442378794246E+05
 0.19428331118149E+05
 0.19421311086230E+05
 0.19400266207123E+05
 0.19372241839983E+05
 0.19364780680106E+05
 0.19353710325049E+05
 0.19346589831270E+05
 0.19343030566573E+05
 0.19332356701398E+05
 0.19318134044313E+05
 0.19311298611146E+05
 0.19307881801343E+05
 0.19297634999297E+05
 0.19283981056592E+05
 0.19277521073064E+05
 0.19274291892621E+05
 0.19264607596934E+05
 0.19251702772626E+05
 0.19244103499240E+05
 0.19240304987218E+05
 0.19228913949759E+05
 0.19213736391226E+05
 0.19206507926091E+05
 0.19202894713110E+05
 0.19192059152595E+05
 0.19177621250311E+05
 0.19166685981498E+05
 0.19161220685180E+05
 0.19144834145696E+05
 0.19123007225493E+05
 0.19110903523399E+05
 0.19104854545045E+05
 0.19086719096186E+05
 0.19062565276531E+05
 0.19058753101889E+05
 0.19043213196320E+05
 0.19022513032551E+05
 0.19022221634015E+05
 0.19017966412098E+05
 0.19005206457419E+05
 0.18988206502618E+05
 0.18978614318970E+05
 0.18973820044057E+05
 0.18959444485428E+05
 0.18940294017005E+05
 0.18931667101361E+05
 0.18927355116848E+05
 0.18914425055791E+05
 0.18897198715366E+05
 0.18885988446164E+05
 0.18880385805217E+05
 0.18863587853578E+05
 0.18841213832740E+05
 0.18836637670466E+05
 0.18831054399461E+05
 0.18814314514766E+05
 0.18792017816557E+05
 0.18780368276980E+05
 0.18774546215204E+05
 0.18757090857815E+05
 0.18733842292557E+05
 0.18722504763558E+05
 0.18716838571905E+05
 0.18699850284633E+05
 0.18677223220456E+05
 0.18666462179367E+05
 0.18661083983669E+05
 0.18644958693012E+05
 0.18623479980752E+05
 0.18612819381272E+05
 0.18607491369763E+05
 0.18591516485301E+05
 0.18570237973470E+05
 0.18559336201630E+05
 0.18553887715520E+05
 0.18537551853236E+05
 0.18515793077035E+05
 0.18503877231488E+05
 0.18497922184247E+05
 0.18480068539912E+05
 0.18456290485318E+05
 0.18445362213903E+05
 0.18439900504582E+05
 0.18423525078854E+05
 0.18401713798836E+05
 0.18390498601030E+05
 0.18384893565195E+05
 0.18368088706224E+05
 0.18345706121681E+05
 0.18331218253821E+05
 0.18323978610395E+05
 0.18302276831819E+05
 0.18273381105912E+05
 0.18258377608075E+05
 0.18250880478756E+05
 0.18228407557378E+05
 0.18198486704095E+05
 0.18182939987724E+05
 0.18175171610174E+05
 0.18151886386518E+05
 0.18120885823439E+05
 0.18103557101117E+05
 0.18094898954497E+05
 0.18068949352904E+05
 0.18034407766608E+05
 0.18011365970466E+05
 0.17999856113711E+05
 0.17965370657426E+05
 0.17919492806941E+05
 0.17898852689050E+05
 0.17888541546224E+05
 0.17857643745755E+05
 0.17816529683355E+05
 0.17791654824674E+05
 0.17779230420991E+05
 0.17742009245381E+05
 0.17692502201927E+05
 0.17670137635461E+05
 0.17658965955025E+05
 0.17625493276285E+05
 0.17580961717963E+05
 0.17558095025512E+05
 0.17546672833948E+05
 0.17512450824976E+05
 0.17466925286644E+05
 0.17442664213281E+05
 0.17430546315357E+05
 0.17394243111816E+05
 0.17345956433456E+05
 0.17319195316539E+05
 0.17305830243583E+05
 0.17265796877138E+05
 0.17212563081425E+05
 0.17203866697831E+05
 0.17191484452803E+05
 0.17154391165604E+05
 0.17105057922493E+05
 0.17047993954199E+05
 0.17019533396571E+05
 0.16934436489459E+05
 0.16821635448733E+05
 0.16808454070068E+05
 0.16731883821845E+05
 0.16685367707099E+05
 0.16662158165081E+05
 0.16592723071367E+05
 0.16500592850421E+05
 0.16500019086096E+05
 0.16447032284680E+05
 0.16376647817969E+05
 0.16332108315198E+05
 0.16309884007984E+05
 0.16243392378629E+05
 0.16155158356450E+05
 0.16112279487685E+05
 0.16090882748865E+05
 0.16026862870976E+05
 0.15941899085973E+05
 0.15899961838376E+05
 0.15879034601703E+05
 0.15816418014084E+05
 0.15733313166812E+05
 0.15672336427430E+05
 0.15641936734380E+05
 0.15551091000875E+05
 0.15430783575073E+05
 0.15363014749313E+05
 0.15329242025776E+05
 0.15228368665893E+05
 0.15094902676107E+05
 0.15079817283171E+05
 0.14989058358249E+05
 0.14868895606368E+05
 0.14866739384786E+05
 0.14838443771984E+05
 0.14753879655317E+05
 0.14641876704432E+05
 0.14623198438006E+05
 0.14540133013245E+05
 0.14430112639926E+05
 0.14409000810077E+05
 0.14384633203607E+05
 0.14311777363054E+05
 0.14215209933320E+05
 0.14165892008372E+05
 0.14141297244647E+05
 0.14067768868663E+05
 0.13970325411129E+05
 0.13924232973553E+05
 0.13901243811920E+05
 0.13832503813011E+05
 0.13741378950045E+05
 0.13694669777474E+05
 0.13671374762744E+05
 0.13601727205317E+05
 0.13509415423290E+05
 0.13463420984641E+05
 0.13440482519584E+05
 0.13371901351692E+05
 0.13281003847363E+05
 0.13211656794983E+05
 0.13177119171056E+05
 0.13074047085884E+05
 0.12937870704364E+05
 0.12874185683375E+05
 0.12842460822667E+05
 0.12747754537855E+05
 0.12622565025336E+05
 0.12553738072476E+05
 0.12519465456208E+05
 0.12417207991767E+05
 0.12282162779649E+05
 0.12246852180095E+05
 0.12209985240006E+05
 0.12100048977477E+05
 0.11955005523186E+05
 0.11874441517518E+05
 0.11834363334300E+05
 0.11714938588410E+05
 0.11557578193060E+05
 0.11470717654978E+05
 0.11427532489120E+05
 0.11298950057573E+05
 0.11129754602879E+05
 0.11028581997441E+05
 0.10978341098100E+05
 0.10828987481454E+05
 0.10633005234949E+05
 0.10599406325280E+05
 0.10445648474572E+05
 0.10365737988509E+05
 0.10326012282525E+05
 0.10207746308754E+05
 0.10052162711257E+05
 0.10046396638439E+05
 0.99513020501936E+04
 0.98259079927781E+04
 0.97541770386420E+04
 0.97185081669841E+04
 0.96122822502671E+04
 0.94724516321662E+04
 0.94581322975131E+04
 0.94212627485069E+04
 0.93115142139629E+04
 0.91671689907558E+04
 0.91321971822213E+04
 0.90958430760746E+04
 0.89876467870203E+04
 0.88453844458749E+04
 0.87746392808599E+04
 0.87394791612044E+04
 0.86348418744819E+04
 0.84972717332985E+04
 0.84319087384006E+04
 0.83994160262303E+04
 0.83026872384500E+04
 0.81754461103889E+04
 0.81091468856684E+04
 0.80761991656385E+04
 0.79781570427309E+04
 0.78492831381347E+04
 0.78362031261348E+04
 0.78085354817660E+04
 0.77261172988920E+04
 0.76175780093741E+04
 0.75408376805448E+04
 0.75027579108921E+04
 0.73896685009586E+04
 0.72415297863464E+04
 0.71748477348715E+04
 0.70603980713041E+04
 0.70026540303731E+04
 0.69739593490503E+04
 0.68885788748783E+04
 0.67763620474069E+04
 0.67214064276882E+04
 0.66940959741133E+04
 0.66128286235531E+04
 0.65060048004175E+04
 0.64545677237541E+04
 0.64290018849264E+04
 0.63529103504116E+04
 0.62528540592211E+04
 0.62071746211952E+04
 0.61844601927963E+04
 0.61168144201111E+04
 0.60277696367136E+04
 0.59815350317202E+04
 0.59585508849324E+04
 0.58901269935892E+04
 0.58001158358788E+04
 0.57555428515152E+04
 0.57333849738425E+04
 0.56674218564671E+04
 0.55806500591202E+04
 0.55371696371129E+04
 0.55155566280487E+04
 0.54512224552615E+04
 0.53666093430776E+04
 0.53262440888303E+04
 0.53061754569200E+04
 0.52464221223703E+04
 0.51677964196773E+04
 0.51286458693236E+04
 0.51091819583337E+04
 0.50512323171231E+04
 0.49749872802833E+04
 0.49368399016351E+04
 0.49178760419069E+04
 0.48614204220063E+04
 0.47871531244885E+04
 0.47502972013204E+04
 0.47319757819003E+04
 0.46774344204661E+04
 0.46056892586706E+04
 0.45708022367949E+04
 0.45534579479287E+04
 0.45018189719504E+04
 0.44338768209169E+04
 0.44001597365136E+04
 0.43833974649193E+04
 0.43334928126237E+04
 0.42678359681679E+04
 0.42355698552305E+04
 0.42195283912065E+04
 0.41717676070591E+04
 0.41089264471511E+04
 0.40780991859918E+04
 0.40627723937185E+04
 0.40171367717372E+04
 0.39570856749960E+04
 0.39277497070803E+04
 0.39131633792324E+04
 0.38697286059240E+04
 0.38125646044922E+04
 0.37841596944788E+04
 0.37700366971062E+04
 0.37279831745931E+04
 0.36726406112511E+04
 0.36456695001681E+04
 0.36322583111410E+04
 0.35923200322165E+04
 0.35397512678167E+04
 0.35136702366108E+04
 0.35007018710759E+04
 0.34620832547369E+04
 0.34112536679771E+04
 0.33861799076739E+04
 0.33737122239390E+04
 0.33365839300968E+04
 0.32877143697796E+04
 0.32638935004131E+04
 0.32520478652991E+04
 0.32167682860535E+04
 0.31703234869246E+04
 0.31474306872805E+04
 0.31360463519840E+04
 0.31021398171141E+04
 0.30575006781354E+04
 0.30356188900665E+04
 0.30247367914600E+04
 0.29923239995280E+04
 0.29496465982894E+04
 0.29286720516949E+04
 0.29182407743108E+04
 0.28871693381693E+04
 0.28462547713511E+04
 0.28261709922349E+04
 0.28161823078995E+04
 0.27864275789166E+04
 0.27472430672128E+04
 0.27280097447534E+04
 0.27184436362614E+04
 0.26899461106815E+04
 0.26524135788135E+04
 0.26339836686573E+04
 0.26248167902641E+04
 0.25975071300079E+04
 0.25615357383127E+04
 0.25438942951194E+04
 0.25351191869465E+04
 0.25089750637394E+04
 0.24745351616095E+04
 0.24576390895914E+04
 0.24492343646083E+04
 0.24241922548374E+04
 0.23912006131711E+04
 0.23750104259733E+04
 0.23669564856307E+04
 0.23429581668610E+04
 0.23113384769239E+04
 0.22958210614249E+04
 0.22881014636577E+04
 0.22650980636009E+04
 0.22347862089095E+04
 0.22199098247015E+04
 0.22125088089810E+04
 0.21904534808633E+04
 0.21613880016419E+04
 0.21471226890716E+04
 0.21400253782927E+04
 0.21188738980681E+04
 0.20909967680837E+04
 0.20773126806827E+04
 0.20705042555180E+04
 0.20502125771642E+04
 0.20234660183445E+04
 0.20103338586245E+04
 0.20037997731042E+04
 0.19843246661896E+04
 0.19586519776067E+04
 0.19460440064662E+04
 0.19397704876613E+04
 0.19210710165092E+04
 0.18964185008070E+04
 0.18843081559997E+04
 0.18782820150451E+04
 0.18603189788883E+04
 0.18366352121374E+04
 0.18249965228237E+04
 0.18192048649224E+04
 0.18019399387236E+04
 0.17791746497465E+04
 0.17679832643133E+04
 0.17624139977034E+04
 0.17458112394750E+04
 0.17239172744903E+04
 0.17131496809744E+04
 0.17077911307953E+04
 0.16918158376722E+04
 0.16707476684048E+04
 0.16603814427838E+04
 0.16552224740228E+04
 0.16398415463492E+04
 0.16195557445235E+04
 0.16095695117516E+04
 0.16045995099252E+04
 0.15897813939458E+04
 0.15702365563610E+04
 0.15606099430530E+04
 0.15558187907574E+04
 0.15415334090912E+04
 0.15226900668078E+04
 0.15134036813967E+04
 0.15087817484738E+04
 0.14950004709519E+04
 0.14768210511915E+04
 0.14678564477480E+04
 0.14633945733616E+04
 0.14500901639146E+04
 0.14325389207532E+04
 0.14238785558363E+04
 0.14195680271002E+04
 0.14067145804386E+04
 0.13897575122144E+04
 0.13813846921343E+04
 0.13772172179922E+04
 0.13647900822271E+04
 0.13483948306263E+04
 0.13402936537420E+04
 0.13362613363904E+04
 0.13242370283835E+04
 0.13083727680614E+04
 0.13005040684315E+04
 0.12965874836758E+04
 0.12849083602940E+04
 0.12694996856388E+04
 0.12618774842001E+04
 0.12580835636681E+04
 0.12467701073104E+04
 0.12318436085196E+04
 0.12244647160741E+04
 0.12207918632629E+04
 0.12098392768792E+04
 0.11953885412726E+04
 0.11882294549050E+04
 0.11846660080891E+04
 0.11740396621338E+04
 0.11600193377061E+04
 0.11530680385205E+04
 0.11496080277906E+04
 0.11392901691187E+04
 0.11256769468496E+04
 0.11189064164499E+04
 0.11155364407221E+04
 0.11054872943488E+04
 0.10922291291940E+04
 0.10856388473079E+04
 0.10823586371642E+04
 0.10725773576385E+04
 0.10596730374910E+04
 0.10532446959212E+04
 0.10500451688448E+04
 0.10405047917273E+04
 0.10279190177504E+04
 0.10216447744256E+04
 0.10185220352852E+04
 0.10092109770012E+04
 0.99692854034255E+03
 0.99079491062745E+03
 0.98774227007292E+03
 0.97864067128300E+03
 0.96663557537036E+03
 0.96063042685784E+03
 0.95764186756400E+03
 0.94873186829817E+03
 0.93698074415491E+03
 0.93109165650873E+03
 0.92816102091132E+03
 0.91942435454839E+03
 0.90790332384403E+03
 0.90211793766039E+03
 0.89923910129211E+03
 0.89065760994146E+03
 0.87934296171483E+03
 0.87364784442941E+03
 0.87081415499833E+03
 0.86236813054644E+03
 0.85123416447834E+03
 0.84561535333231E+03
 0.84281990078306E+03
 0.83448888876351E+03
 0.82350897297375E+03
 0.81795062574006E+03
 0.81518557588252E+03
 0.80694640797587E+03
 0.79609042940718E+03
 0.79057443032560E+03
 0.78783083258748E+03
 0.77965706697903E+03
 0.76889072607264E+03
 0.76339487744776E+03
 0.76066177451271E+03
 0.75252107633791E+03
 0.74180251564494E+03
 0.73629720849655E+03
 0.73355999780791E+03
 0.72540932111297E+03
 0.71468293074733E+03
 0.70912358438156E+03
 0.70636029758426E+03
 0.69813494669952E+03
 0.68731730386543E+03
 0.68162395105947E+03
 0.67879521087007E+03
 0.67037932816615E+03
 0.65932129522088E+03
 0.65330296961669E+03
 0.65031481788867E+03
 0.64143226288939E+03
 0.62977909671301E+03
 0.62250015950244E+03
 0.61889316642560E+03
 0.60819738204975E+03
 0.59422778780404E+03
 0.59286198201325E+03
 0.58980952480010E+03
 0.58074643201816E+03
 0.56888350493649E+03
 0.56843165906946E+03
 0.56131137106785E+03
 0.55196034948900E+03
 0.55042515588919E+03
 0.54835514176065E+03
 0.54219198106621E+03
 0.53408639870686E+03
 0.53042681030361E+03
 0.52860758937121E+03
 0.52318759513235E+03
 0.51605207859317E+03
 0.51275379678830E+03
 0.51111389570648E+03
 0.50622595096072E+03
 0.49978678727478E+03
 0.49679261998664E+03
 0.49530379198630E+03
 0.49086442690601E+03
 0.48501331531156E+03
 0.48229283186670E+03
 0.48094004415269E+03
 0.47690485174698E+03
 0.47158417908635E+03
 0.46911951228096E+03
 0.46789393125373E+03
 0.46423685384282E+03
 0.45941282912586E+03
 0.45719840857972E+03
 0.45609726598542E+03
 0.45281024257503E+03
 0.44847248688963E+03
 0.44652167848497E+03
 0.44555155183294E+03
 0.44265431997324E+03
 0.43882873557158E+03
 0.43865230662088E+03
 0.43783373343464E+03
 0.43538762261706E+03
 0.43215431011064E+03
 0.43037267228114E+03
 0.42948718068079E+03
 0.42684226346513E+03
 0.42335128521085E+03
 0.42147375374076E+03
 0.42054178689569E+03
 0.41775910630038E+03
 0.41409218666862E+03
 0.41216290570569E+03
 0.41120672770967E+03
 0.40835263088553E+03
 0.40459831158486E+03
 0.40264392485313E+03
 0.40167721157846E+03
 0.39879244964462E+03
 0.39500600534215E+03
 0.39304339027479E+03
 0.39207511919933E+03
 0.38918644299885E+03
 0.38540528651109E+03
 0.38344437178493E+03
 0.38248026639633E+03
 0.37960471520799E+03
 0.37585417670946E+03
 0.37394887227070E+03
 0.37301592026272E+03
 0.37023351569641E+03
 0.36661844819967E+03
 0.36485226250787E+03
 0.36399076192827E+03
 0.36142096038860E+03
 0.35809205863545E+03
 0.35644491829419E+03
 0.35564443858799E+03
 0.35325619248642E+03
 0.35017168237675E+03
 0.34861639664404E+03
 0.34786313238946E+03
 0.34561537861061E+03
 0.34272036042434E+03
 0.34121277961836E+03
 0.34048475111510E+03
 0.33831215499641E+03
 0.33552131087133E+03
 0.33395863275493E+03
 0.33320621268443E+03
 0.33096116309274E+03
 0.32808835601116E+03
 0.32572903639127E+03
 0.32460809337465E+03
 0.32126048956332E+03
 0.31708556464551E+03
 0.31469251632717E+03
 0.31355429921697E+03
 0.31016571674649E+03
 0.30589379164876E+03
 0.30310124164560E+03
 0.30174061399335E+03
 0.29771835564231E+03
 0.29261944043425E+03
 0.28964455945475E+03
 0.28816980664817E+03
 0.28385675523670E+03
 0.27833076915594E+03
 0.27575530659041E+03
 0.27446993495997E+03
 0.27072305886868E+03
 0.26587968686883E+03
 0.26335787408274E+03
 0.26209021032281E+03
 0.25840685729111E+03
 0.25366602620214E+03
 0.25107614100503E+03
 0.24978012185772E+03
 0.24603160451299E+03
 0.24125489235196E+03
 0.23858239522162E+03
 0.23725739308247E+03
 0.23344964097778E+03
 0.22867136306975E+03
 0.22605549697569E+03
 0.22477568823673E+03
 0.22112449572386E+03
 0.21662853931968E+03
 0.21452637669059E+03
 0.21350956901058E+03
 0.21061094582553E+03
 0.20707039212889E+03
 0.20542809177863E+03
 0.20463946645046E+03
 0.20239372741195E+03
 0.19966822707656E+03
 0.19840962989899E+03
 0.19780819420387E+03
 0.19609781160373E+03
 0.19403221690968E+03
 0.19308187183457E+03
 0.19262901802450E+03
 0.19134305403111E+03
 0.18979545925414E+03
 0.18908547619405E+03
 0.18874758550243E+03
 0.18778945560375E+03
 0.18663909462317E+03
 0.18611245334449E+03
 0.18586187881500E+03
 0.18515227541027E+03
 0.18430157582854E+03
 0.18391269329222E+03
 0.18372760938585E+03
 0.18320406210683E+03
 0.18257700231524E+03
 0.18229064429568E+03
 0.18215428896320E+03
 0.18176894007935E+03
 0.18130768331120E+03
 0.18109719261089E+03
 0.18099691479143E+03
 0.18071373392608E+03
 0.18037491610261E+03
 0.18022038005167E+03
 0.18014673074391E+03
 0.17993886835021E+03
 0.17969025032872E+03
 0.17957690032086E+03
 0.17952286519682E+03
 0.17937042866460E+03
 0.17918815602417E+03
 0.17910508141200E+03
 0.17906547247249E+03
 0.17895377178171E+03
 0.17882024250684E+03
 0.17875940069456E+03
 0.17873038971667E+03
 0.17864859835028E+03
 0.17855084651844E+03
 0.17850631746734E+03
 0.17848508431906E+03
 0.17842523410691E+03
 0.17835372079801E+03
 0.17832115151421E+03
 0.17830562143569E+03
 0.17826185429230E+03
 0.17820956904329E+03
 0.17818576171842E+03
 0.17817441003162E+03
 0.17814242326224E+03
 0.17810421857959E+03
 0.17808682601491E+03
 0.17807853339380E+03
 0.17805516946019E+03
 0.17802726894041E+03
 0.17801456965607E+03
 0.17800851509606E+03
 0.17799145870223E+03
 0.17797109400313E+03
 0.17796182638143E+03
 0.17795740818274E+03
 0.17794496289292E+03
 0.17793010613337E+03
 0.17792334622992E+03
 0.17792012374757E+03
 0.17791104744478E+03
 0.17790021416970E+03
 0.17789528578649E+03
 0.17789293654446E+03
 0.17788632036035E+03
 0.17787842461452E+03
 0.17787483219830E+03
 0.17787311990641E+03
 0.17786829805852E+03
 0.17786254467808E+03
 0.17785992897873E+03
 0.17785868228478E+03
 0.17785517178087E+03
 0.17785098351655E+03
 0.17784907910591E+03
 0.17784817147643E+03
 0.17784561591561E+03
 0.17784256735319E+03
 0.17784118136291E+03
 0.17784052084454E+03
 0.17783866119180E+03
 0.17783644306169E+03
 0.17783543475934E+03
 0.17783495425970E+03
 0.17783360153130E+03
 0.17783198823492E+03
 0.17783125497447E+03
 0.17783090556156E+03
 0.17782992193946E+03
 0.17782874898215E+03
 0.17782821593168E+03
 0.17782796193488E+03
 0.17782724696051E+03
 0.17782639445596E+03
 0.17782600708545E+03
 0.17782582251316E+03
 0.17782530299266E+03
 0.17782468360425E+03
 0.17782440219502E+03
 0.17782426811652E+03
 0.17782389074398E+03
 0.17782344087439E+03
 0.17782323650821E+03
 0.17782313914130E+03
 0.17782286511101E+03
 0.17782253846858E+03
 0.17782239009935E+03
 0.17782231941414E+03
 0.17782212048763E+03
 0.17782188339060E+03
 0.17782177570742E+03
 0.17782172440762E+03
 0.17782158004402E+03
 0.17782140799500E+03
 0.17782132986348E+03
 0.17782129264336E+03
 0.17782118790672E+03
 0.17782106309488E+03
 0.17782100642088E+03
 0.17782097942360E+03
 0.17782090345740E+03
 0.17782081293798E+03
 0.17782077183952E+03
 0.17782075226249E+03
 0.17782069717820E+03
 0.17782063154631E+03
 0.17782060175044E+03
 0.17782058755781E+03
 0.17782054762541E+03
 0.17782050005029E+03
 0.17782047845396E+03
 0.17782046816733E+03
 0.17782043922603E+03
 0.17782040474811E+03
 0.17782038909856E+03
 0.17782038164468E+03
 0.17782036067412E+03
 0.17782033569351E+03
 0.17782032435578E+03
 0.17782031895578E+03
 0.17782030376411E+03
 0.17782028566863E+03
 0.17782027745648E+03
 0.17782027354525E+03
 0.17782026254230E+03
 0.17782024943702E+03
 0.17782024349001E+03
 0.17782024065768E+03
 0.17782023269014E+03
 0.17782022320080E+03
 0.17782021889499E+03
 0.17782021684435E+03
 0.17782021107595E+03
 0.17782020420617E+03
 0.17782020108922E+03
 0.17782019960481E+03
 0.17782019542932E+03
 0.17782019045688E+03
 0.17782018820094E+03
 0.17782018712660E+03
 0.17782018410469E+03
 0.17782018050618E+03
 0.17782017887369E+03
 0.17782017809628E+03
 0.17782017590960E+03
 0.17782017330583E+03
 0.17782017212469E+03
 0.17782017156222E+03
 0.17782016998019E+03
 0.17782016809648E+03
 0.17782016724202E+03
 0.17782016683513E+03
 0.17782016569072E+03
 0.17782016432815E+03
 0.17782016371012E+03
 0.17782016341582E+03
 0.17782016258810E+03
 0.17782016160263E+03
 0.17782016115566E+03
 0.17782016094283E+03
 0.17782016034424E+03
 0.17782015963160E+03
 0.17782015930840E+03
 0.17782015915450E+03
 0.17782015872168E+03
 0.17782015820640E+03
 0.17782015797273E+03
 0.17782015786146E+03
 0.17782015754853E+03
 0.17782015717601E+03
 0.17782015700707E+03
 0.17782015692664E+03
 0.17782015670042E+03
 0.17782015643113E+03
 0.17782015630902E+03
 0.17782015625088E+03
 0.17782015608736E+03
 0.17782015589272E+03
 0.17782015580446E+03
 0.17782015576244E+03
 0.17782015564426E+03
 0.17782015550359E+03
 0.17782015543981E+03
 0.17782015540944E+03
 0.17782015532404E+03
 0.17782015522238E+03
 0.17782015517629E+03
 0.17782015515435E+03
 0.17782015509263E+03
 0.17782015501918E+03
 0.17782015498588E+03
 0.17782015497002E+03
 0.17782015492543E+03
 0.17782015487236E+03
 0.17782015484967E+03
 0.17782015483884E+03
 0.17782015480826E+03
 0.17782015477162E+03
