 0.20000000000000E+05
 0.19997098478896E+05
 0.19995647876092E+05
 0.19991296699233E+05
 0.19985496603496E+05
 0.19984774934645E+05
 0.19984108749496E+05
 0.19983964961173E+05
 0.19983328198506E+05
 0.19983027379827E+05
 0.19982876972175E+05
 0.19982425756033E+05
 0.19981824150419E+05
 0.19981482179951E+05
 0.19981311196898E+05
 0.19980798256546E+05
 0.19980114356627E+05
 0.19979772745247E+05
 0.19979601941734E+05
 0.19979089539982E+05
 0.19978406358156E+05
 0.19978046177611E+05
 0.19977866089761E+05
 0.19977325835976E+05
 0.19976605520394E+05
 0.19976232595941E+05
 0.19976046136311E+05
 0.19975486767892E+05
 0.19974740967773E+05
 0.19973609914362E+05
 0.19973044411632E+05
 0.19971347999588E+05
 0.19969086341217E+05
 0.19968733654319E+05
 0.19967926447694E+05
 0.19967522856588E+05
 0.19966312132273E+05
 0.19964697947542E+05
 0.19964317845802E+05
 0.19963860177308E+05
 0.19963631346979E+05
 0.19962944871762E+05
 0.19962029608283E+05
 0.19961495388224E+05
 0.19961228283536E+05
 0.19960426990955E+05
 0.19959358650990E+05
 0.19958836530087E+05
 0.19958575474738E+05
 0.19957792329217E+05
 0.19956748183094E+05
 0.19956213610635E+05
 0.19955946329756E+05
 0.19955144508636E+05
 0.19954075464030E+05
 0.19953443162127E+05
 0.19953127018665E+05
 0.19952178618381E+05
 0.19950914154917E+05
 0.19950262344811E+05
 0.19949936447719E+05
 0.19948958788433E+05
 0.19947655317377E+05
 0.19946968454773E+05
 0.19946625032315E+05
 0.19945594800467E+05
 0.19944221240912E+05
 0.19943439405638E+05
 0.19943048499465E+05
 0.19941875826976E+05
 0.19940312371075E+05
 0.19939458036597E+05
 0.19939030883053E+05
 0.19937749477389E+05
 0.19936041064773E+05
 0.19935211650782E+05
 0.19934796956695E+05
 0.19933552926256E+05
 0.19931894339932E+05
 0.19931118635242E+05
 0.19930730794189E+05
 0.19929567316369E+05
 0.19928016118414E+05
 0.19927050229852E+05
 0.19926567303092E+05
 0.19925118593101E+05
 0.19923187143810E+05
 0.19922233318954E+05
 0.19921756423614E+05
 0.19920325806160E+05
 0.19918418476221E+05
 0.19917296265923E+05
 0.19916735184443E+05
 0.19915052034919E+05
 0.19912808057039E+05
 0.19911640108137E+05
 0.19911056159332E+05
 0.19909304415754E+05
 0.19906968997615E+05
 0.19906757484260E+05
 0.19906263254663E+05
 0.19904780639568E+05
 0.19902803991409E+05
 0.19901507447715E+05
 0.19900859207493E+05
 0.19898914613610E+05
 0.19896322117597E+05
 0.19894789953861E+05
 0.19894023916183E+05
 0.19891725980231E+05
 0.19888662478822E+05
 0.19888492491775E+05
 0.19886580048507E+05
 0.19884030410463E+05
 0.19879868360769E+05
 0.19877787662473E+05
 0.19871546874443E+05
 0.19863228872325E+05
 0.19860804043495E+05
 0.19859331888791E+05
 0.19858595852305E+05
 0.19856387906629E+05
 0.19853444361217E+05
 0.19851962191368E+05
 0.19851221147883E+05
 0.19848998183506E+05
 0.19846034618519E+05
 0.19844544246183E+05
 0.19843799101931E+05
 0.19841563837159E+05
 0.19838583876088E+05
 0.19837938701204E+05
 0.19837230612176E+05
 0.19835106496842E+05
 0.19832274697143E+05
 0.19830879995392E+05
 0.19830182681246E+05
 0.19828090886027E+05
 0.19825302169247E+05
 0.19820125645203E+05
 0.19817537889869E+05
 0.19809776651254E+05
 0.19799433062144E+05
 0.19797948840326E+05
 0.19796727345052E+05
 0.19793063311577E+05
 0.19788178988973E+05
 0.19785946215910E+05
 0.19784829923771E+05
 0.19781481425385E+05
 0.19777017642859E+05
 0.19774981693338E+05
 0.19773963797100E+05
 0.19770910422896E+05
 0.19766839991102E+05
 0.19764672824124E+05
 0.19763589329656E+05
 0.19760339202781E+05
 0.19756006532117E+05
 0.19753908699420E+05
 0.19752859866531E+05
 0.19749713702135E+05
 0.19745519596180E+05
 0.19743334277514E+05
 0.19742241708798E+05
 0.19738964365566E+05
 0.19734595421326E+05
 0.19732070258010E+05
 0.19730807797427E+05
 0.19727020900479E+05
 0.19721972835622E+05
 0.19719470904282E+05
 0.19718220057544E+05
 0.19714467993560E+05
 0.19709466352657E+05
 0.19706658345378E+05
 0.19705254491659E+05
 0.19701043530725E+05
 0.19695430316470E+05
 0.19692412859167E+05
 0.19690904303768E+05
 0.19686379331144E+05
 0.19680347652399E+05
 0.19677231766546E+05
 0.19675674008504E+05
 0.19671001474496E+05
 0.19664773155805E+05
 0.19661824428841E+05
 0.19660350231063E+05
 0.19655928301109E+05
 0.19650033942149E+05
 0.19646261908960E+05
 0.19644376163765E+05
 0.19638720014409E+05
 0.19631181015917E+05
 0.19627534167822E+05
 0.19625710997698E+05
 0.19620242503640E+05
 0.19612953549139E+05
 0.19609547635996E+05
 0.19607844901101E+05
 0.19602737583728E+05
 0.19595929897233E+05
 0.19592019866650E+05
 0.19590065143789E+05
 0.19584202145573E+05
 0.19576387544842E+05
 0.19572728360659E+05
 0.19570899024928E+05
 0.19565412043800E+05
 0.19558098462608E+05
 0.19554472751864E+05
 0.19552660148417E+05
 0.19547223346400E+05
 0.19539976629309E+05
 0.19536058390510E+05
 0.19534099565613E+05
 0.19528224269568E+05
 0.19520393291049E+05
 0.19504765388282E+05
 0.19496956128793E+05
 0.19473547106370E+05
 0.19442378794246E+05
 0.19428331118149E+05
 0.19421311086229E+05
 0.19400266207123E+05
 0.19372241839982E+05
 0.19364780680105E+05
 0.19353710325049E+05
 0.19346589831269E+05
 0.19343030566572E+05
 0.19332356701397E+05
 0.19318134044312E+05
 0.19311298611146E+05
 0.19307881801342E+05
 0.19297634999296E+05
 0.19283981056591E+05
 0.19277521073063E+05
 0.19274291892620E+05
 0.19264607596934E+05
 0.19251702772625E+05
 0.19244103499239E+05
 0.19240304987217E+05
 0.19228913949758E+05
 0.19213736391225E+05
 0.19206507926090E+05
 0.19202894713109E+05
 0.19192059152594E+05
 0.19177621250311E+05
 0.19166685981497E+05
 0.19161220685180E+05
 0.19144834145695E+05
 0.19123007225492E+05
 0.19110903523398E+05
 0.19104854545044E+05
 0.19086719096185E+05
 0.19062565276530E+05
 0.19058753101888E+05
 0.19043213196319E+05
 0.19022513032550E+05
 0.19022221634014E+05
 0.19017966412097E+05
 0.19005206457418E+05
 0.18988206502617E+05
 0.18978614318969E+05
 0.18973820044055E+05
 0.18959444485427E+05
 0.18940294017004E+05
 0.18931667101360E+05
 0.18927355116847E+05
 0.18914425055790E+05
 0.18897198715365E+05
 0.18885988446163E+05
 0.18880385805215E+05
 0.18863587853576E+05
 0.18841213832739E+05
 0.18836637670465E+05
 0.18831054399460E+05
 0.18814314514765E+05
 0.18792017816556E+05
 0.18780368276979E+05
 0.18774546215203E+05
 0.18757090857813E+05
 0.18733842292555E+05
 0.18722504763557E+05
 0.18716838571903E+05
 0.18699850284632E+05
 0.18677223220454E+05
 0.18666462179365E+05
 0.18661083983668E+05
 0.18644958693010E+05
 0.18623479980750E+05
 0.18612819381271E+05
 0.18607491369762E+05
 0.18591516485299E+05
 0.18570237973469E+05
 0.18559336201628E+05
 0.18553887715519E+05
 0.18537551853234E+05
 0.18515793077034E+05
 0.18503877231486E+05
 0.18497922184245E+05
 0.18480068539911E+05
 0.18456290485316E+05
 0.18445362213902E+05
 0.18439900504580E+05
 0.18423525078853E+05
 0.18401713798834E+05
 0.18390498601028E+05
 0.18384893565193E+05
 0.18368088706222E+05
 0.18345706121679E+05
 0.18331218253819E+05
 0.18323978610393E+05
 0.18302276831817E+05
 0.18273381105909E+05
 0.18258377608073E+05
 0.18250880478754E+05
 0.18228407557376E+05
 0.18198486704092E+05
 0.18182939987722E+05
 0.18175171610172E+05
 0.18151886386515E+05
 0.18120885823437E+05
 0.18103557101114E+05
 0.18094898954495E+05
 0.18068949352901E+05
 0.18034407766606E+05
 0.18011365970463E+05
 0.17999856113708E+05
 0.17965370657424E+05
 0.17919492806939E+05
 0.17898852689047E+05
 0.17888541546221E+05
 0.17857643745753E+05
 0.17816529683352E+05
 0.17791654824672E+05
 0.17779230420988E+05
 0.17742009245378E+05
 0.17692502201924E+05
 0.17670137635458E+05
 0.17658965955022E+05
 0.17625493276282E+05
 0.17580961717960E+05
 0.17558095025509E+05
 0.17546672833945E+05
 0.17512450824972E+05
 0.17466925286640E+05
 0.17442664213277E+05
 0.17430546315354E+05
 0.17394243111813E+05
 0.17345956433452E+05
 0.17319195316536E+05
 0.17305830243580E+05
 0.17265796877134E+05
 0.17212563081421E+05
 0.17203866697827E+05
 0.17191484452799E+05
 0.17154391165599E+05
 0.17105057922489E+05
 0.17047993954194E+05
 0.17019533396566E+05
 0.16934436489455E+05
 0.16821635448728E+05
 0.16808454070063E+05
 0.16731883821840E+05
 0.16685367707094E+05
 0.16662158165076E+05
 0.16592723071362E+05
 0.16500592850416E+05
 0.16500019086091E+05
 0.16447032284674E+05
 0.16376647817963E+05
 0.16332108315192E+05
 0.16309884007978E+05
 0.16243392378623E+05
 0.16155158356444E+05
 0.16112279487678E+05
 0.16090882748858E+05
 0.16026862870969E+05
 0.15941899085965E+05
 0.15899961838368E+05
 0.15879034601696E+05
 0.15816418014076E+05
 0.15733313166804E+05
 0.15672336427421E+05
 0.15641936734372E+05
 0.15551091000866E+05
 0.15430783575064E+05
 0.15363014749304E+05
 0.15329242025766E+05
 0.15228368665883E+05
 0.15094902676097E+05
 0.15079817283160E+05
 0.14989058358238E+05
 0.14868895606356E+05
 0.14866739384775E+05
 0.14838443771972E+05
 0.14753879655305E+05
 0.14641876704419E+05
 0.14623198437993E+05
 0.14540133013232E+05
 0.14430112639912E+05
 0.14409000810063E+05
 0.14384633203593E+05
 0.14311777363040E+05
 0.14215209933305E+05
 0.14165892008356E+05
 0.14141297244632E+05
 0.14067768868647E+05
 0.13970325411113E+05
 0.13924232973536E+05
 0.13901243811903E+05
 0.13832503812994E+05
 0.13741378950027E+05
 0.13694669777455E+05
 0.13671374762725E+05
 0.13601727205298E+05
 0.13509415423270E+05
 0.13463420984621E+05
 0.13440482519564E+05
 0.13371901351671E+05
 0.13281003847341E+05
 0.13211656794961E+05
 0.13177119171034E+05
 0.13074047085860E+05
 0.12937870704339E+05
 0.12874185683350E+05
 0.12842460822642E+05
 0.12747754537829E+05
 0.12622565025308E+05
 0.12553738072448E+05
 0.12519465456179E+05
 0.12417207991737E+05
 0.12282162779617E+05
 0.12246852180062E+05
 0.12209985239973E+05
 0.12100048977443E+05
 0.11955005523149E+05
 0.11874441517480E+05
 0.11834363334261E+05
 0.11714938588369E+05
 0.11557578193017E+05
 0.11470717654933E+05
 0.11427532489074E+05
 0.11298950057526E+05
 0.11129754602828E+05
 0.11028581997388E+05
 0.10978341098046E+05
 0.10828987481396E+05
 0.10633005234886E+05
 0.10599406325217E+05
 0.10445648474505E+05
 0.10365737988439E+05
 0.10326012282454E+05
 0.10207746308679E+05
 0.10052162711176E+05
 0.10046396638358E+05
 0.99513020501096E+04
 0.98259079926894E+04
 0.97541770385504E+04
 0.97185081668910E+04
 0.96122822501695E+04
 0.94724516320623E+04
 0.94581322974085E+04
 0.94212627484004E+04
 0.93115142138509E+04
 0.91671689906361E+04
 0.91321971820998E+04
 0.90958430759509E+04
 0.89876467868901E+04
 0.88453844457355E+04
 0.87746392807158E+04
 0.87394791610578E+04
 0.86348418743276E+04
 0.84972717331334E+04
 0.84319087382301E+04
 0.83994160260569E+04
 0.83026872382680E+04
 0.81754461101947E+04
 0.81091468854675E+04
 0.80761991654341E+04
 0.79781570425158E+04
 0.78492831379044E+04
 0.78362031259030E+04
 0.78085354815307E+04
 0.77261172986461E+04
 0.76175780091131E+04
 0.75408376802728E+04
 0.75027579106142E+04
 0.73896685006627E+04
 0.72415297860244E+04
 0.71748477345370E+04
 0.70603980709465E+04
 0.70026540300035E+04
 0.69739593486741E+04
 0.68885788744825E+04
 0.67763620469832E+04
 0.67214064272502E+04
 0.66940959736677E+04
 0.66128286230845E+04
 0.65060047999162E+04
 0.64545677232364E+04
 0.64290018843999E+04
 0.63529103498586E+04
 0.62528540586307E+04
 0.62071746205868E+04
 0.61844601921784E+04
 0.61168144194646E+04
 0.60277696360267E+04
 0.59815350310113E+04
 0.59585508842120E+04
 0.58901269928335E+04
 0.58001158350735E+04
 0.57555428506840E+04
 0.57333849729978E+04
 0.56674218555810E+04
 0.55806500581755E+04
 0.55371696361376E+04
 0.55155566270571E+04
 0.54512224542206E+04
 0.53666093419668E+04
 0.53262440876846E+04
 0.53061754557559E+04
 0.52464221211503E+04
 0.51677964183782E+04
 0.51286458679833E+04
 0.51091819569715E+04
 0.50512323156948E+04
 0.49749872787614E+04
 0.49368399000641E+04
 0.49178760403100E+04
 0.48614204203306E+04
 0.47871531227013E+04
 0.47502971994752E+04
 0.47319757800244E+04
 0.46774344184968E+04
 0.46056892565693E+04
 0.45708022346262E+04
 0.45534579457243E+04
 0.45018189696377E+04
 0.44338768184511E+04
 0.44001597339680E+04
 0.43833974623315E+04
 0.43334928099076E+04
 0.42678359652703E+04
 0.42355698522392E+04
 0.42195283881656E+04
 0.41717676038676E+04
 0.41089264437465E+04
 0.40780991824772E+04
 0.40627723901459E+04
 0.40171367679880E+04
 0.39570856709968E+04
 0.39277497029529E+04
 0.39131633750371E+04
 0.38697286015227E+04
 0.38125645997990E+04
 0.37841596896333E+04
 0.37700366921803E+04
 0.37279831694223E+04
 0.36726406057332E+04
 0.36456694944726E+04
 0.36322583053515E+04
 0.35923200261413E+04
 0.35397512613369E+04
 0.35136702299201E+04
 0.35007018642737E+04
 0.34620832475953E+04
 0.34112536603543E+04
 0.33861798998018E+04
 0.33737122159349E+04
 0.33365839216911E+04
 0.32877143608043E+04
 0.32638934911459E+04
 0.32520478558776E+04
 0.32167682761622E+04
 0.31703234763673E+04
 0.31474306763781E+04
 0.31360463408990E+04
 0.31021398054735E+04
 0.30575006657067E+04
 0.30356188772316E+04
 0.30247367784102E+04
 0.29923239858241E+04
 0.29496465836577E+04
 0.29286720365838E+04
 0.29182407589460E+04
 0.28871693220322E+04
 0.28462547541184E+04
 0.28261709744365E+04
 0.28161822898019E+04
 0.27864275599078E+04
 0.27472430469111E+04
 0.27280097237843E+04
 0.27184436149391E+04
 0.26899460882838E+04
 0.26524135548895E+04
 0.26339836439451E+04
 0.26248167651347E+04
 0.25975071036083E+04
 0.25615357101099E+04
 0.25438942659865E+04
 0.25351191573213E+04
 0.25089750326150E+04
 0.24745351283569E+04
 0.24576390552406E+04
 0.24492343296763E+04
 0.24241922181352E+04
 0.23912005739554E+04
 0.23750103854604E+04
 0.23669564444311E+04
 0.23429581235699E+04
 0.23113384306628E+04
 0.22958210136310E+04
 0.22881014150522E+04
 0.22650980125237E+04
 0.22347861543218E+04
 0.22199097683022E+04
 0.22125087516222E+04
 0.21904534205825E+04
 0.21613879372106E+04
 0.21471226224985E+04
 0.21400253105850E+04
 0.21188738269053E+04
 0.20909966920125E+04
 0.20773126020785E+04
 0.20705041755716E+04
 0.20502124931310E+04
 0.20234659285047E+04
 0.20103337657877E+04
 0.20037996786792E+04
 0.19843245669286E+04
 0.19586518714737E+04
 0.19460438967859E+04
 0.19397703761007E+04
 0.19210708992236E+04
 0.18964183753852E+04
 0.18843080263774E+04
 0.18782818831958E+04
 0.18603188402586E+04
 0.18366350638702E+04
 0.18249963695801E+04
 0.18192047090394E+04
 0.18019397748061E+04
 0.17791744744068E+04
 0.17679830830746E+04
 0.17624138133350E+04
 0.17458110455805E+04
 0.17239170670508E+04
 0.17131494665380E+04
 0.17077909126454E+04
 0.16918156082205E+04
 0.16707474228802E+04
 0.16603811889544E+04
 0.16552222157839E+04
 0.16398412746923E+04
 0.16195554537803E+04
 0.16095692111435E+04
 0.16045992040771E+04
 0.15897810721547E+04
 0.15702362118867E+04
 0.15606095868510E+04
 0.15558184283230E+04
 0.15415330276972E+04
 0.15226896584318E+04
 0.15134032590654E+04
 0.15087813187226E+04
 0.14950000186319E+04
 0.14768205667441E+04
 0.14678559466776E+04
 0.14633940634480E+04
 0.14500896271075E+04
 0.14325383456503E+04
 0.14238779609106E+04
 0.14195674216224E+04
 0.14067139428766E+04
 0.13897568289490E+04
 0.13813839852010E+04
 0.13772164984515E+04
 0.13647893243607E+04
 0.13483940181438E+04
 0.13402928129625E+04
 0.13362604805265E+04
 0.13242361266738E+04
 0.13083718009903E+04
 0.13005030673740E+04
 0.12965864644829E+04
 0.12849072859931E+04
 0.12694985327163E+04
 0.12618762905121E+04
 0.12580823482081E+04
 0.12467688257080E+04
 0.12318422325051E+04
 0.12244632911516E+04
 0.12207904121977E+04
 0.12098377464157E+04
 0.11953868974230E+04
 0.11882277522103E+04
 0.11846642739088E+04
 0.11740378323549E+04
 0.11600173713224E+04
 0.11530660012062E+04
 0.11496059524829E+04
 0.11392879784873E+04
 0.11256745913172E+04
 0.11189039750501E+04
 0.11155339532668E+04
 0.11054846671408E+04
 0.10922263019726E+04
 0.10856359160184E+04
 0.10823556499802E+04
 0.10725742009035E+04
 0.10596696378831E+04
 0.10532411697060E+04
 0.10500415745227E+04
 0.10405009908831E+04
 0.10279149207615E+04
 0.10216405229882E+04
 0.10185177006220E+04
 0.10092063900695E+04
 0.99692359125689E+03
 0.99078977239444E+03
 0.98773702972131E+03
 0.97863512152685E+03
 0.96662958085702E+03
 0.96062419973247E+03
 0.95763551458414E+03
 0.94872513417162E+03
 0.93697346133213E+03
 0.93108408625777E+03
 0.92815329477130E+03
 0.91941615653664E+03
 0.90789444537659E+03
 0.90210870212641E+03
 0.89922967157038E+03
 0.89064759273547E+03
 0.87933209568781E+03
 0.87363653205857E+03
 0.87080259913082E+03
 0.86235583845016E+03
 0.85122080625100E+03
 0.84560143316815E+03
 0.84280567296835E+03
 0.83447373134130E+03
 0.82349246585432E+03
 0.81793340516470E+03
 0.81516796309153E+03
 0.80692761088157E+03
 0.79606990749782E+03
 0.79055299345842E+03
 0.78780889030714E+03
 0.77963359976481E+03
 0.76886502974074E+03
 0.76336799330231E+03
 0.76063423048322E+03
 0.75249154299277E+03
 0.74177006129668E+03
 0.73626318807717E+03
 0.73352510134422E+03
 0.72537178618596E+03
 0.71464149993036E+03
 0.70908004560005E+03
 0.70631556938911E+03
 0.69808664009868E+03
 0.68726367489704E+03
 0.68156739657765E+03
 0.67873698651064E+03
 0.67031608636461E+03
 0.65925051393485E+03
 0.65322789817255E+03
 0.65023725405638E+03
 0.64134722328720E+03
 0.62968263115016E+03
 0.62239619860634E+03
 0.61878466167952E+03
 0.60807530426949E+03
 0.59408392508230E+03
 0.59271658077133E+03
 0.58965843120912E+03
 0.58057832976092E+03
 0.56868865947499E+03
 0.56823611723936E+03
 0.56109776791665E+03
 0.55171926758706E+03
 0.55017988773882E+03
 0.54810280092367E+03
 0.54191847206772E+03
 0.53378110943269E+03
 0.53010661234985E+03
 0.52827886016344E+03
 0.52283332842593E+03
 0.51565983778861E+03
 0.51234331979186E+03
 0.51069306821018E+03
 0.50577413792082E+03
 0.49928918574054E+03
 0.49627290730158E+03
 0.49477160803201E+03
 0.49029490544943E+03
 0.48438891403993E+03
 0.48164194627117E+03
 0.48027430958483E+03
 0.47619465632149E+03
 0.47080897490961E+03
 0.46831307509514E+03
 0.46707009130619E+03
 0.46336089968263E+03
 0.45846109158102E+03
 0.45621062630540E+03
 0.45508953958354E+03
 0.45174278219366E+03
 0.44731869386995E+03
 0.44532771355181E+03
 0.44433554892448E+03
 0.44137229841644E+03
 0.43745201584223E+03
 0.43727207640364E+03
 0.43643145604357E+03
 0.43391927881683E+03
 0.43059218928282E+03
 0.42875725214745E+03
 0.42784271789158E+03
 0.42511080277080E+03
 0.42149536573386E+03
 0.41954862512831E+03
 0.41857862909769E+03
 0.41568207620089E+03
 0.41185116171130E+03
 0.40983251162888E+03
 0.40882689988386E+03
 0.40582484549554E+03
 0.40185636992969E+03
 0.39978638155233E+03
 0.39875538921827E+03
 0.39567833765689E+03
 0.39161250681860E+03
 0.38949964451100E+03
 0.38844749194353E+03
 0.38530805673965E+03
 0.38116157706484E+03
 0.37900411969743E+03
 0.37792997464215E+03
 0.37472577071618E+03
 0.37049571790696E+03
 0.36833808260761E+03
 0.36726398144927E+03
 0.36406043457659E+03
 0.35983246494313E+03
 0.35775720749678E+03
 0.35672407124798E+03
 0.35364252924718E+03
 0.34957517565918E+03
 0.34755242928485E+03
 0.34654544934524E+03
 0.34354198130755E+03
 0.33957781079721E+03
 0.33756873585665E+03
 0.33656866014403E+03
 0.33358617491882E+03
 0.32965059978725E+03
 0.32759157837287E+03
 0.32656689542043E+03
 0.32351203745227E+03
 0.31948330003761E+03
 0.31721919035072E+03
 0.31609315952188E+03
 0.31273899288245E+03
 0.30832207129864E+03
 0.30468142724327E+03
 0.30287725761835E+03
 0.29752859662636E+03
 0.29054368967097E+03
 0.28662443970260E+03
 0.28468468494674E+03
 0.27894383090889E+03
 0.27146903843603E+03
 0.26669931420676E+03
 0.26434597116478E+03
 0.25740980582402E+03
 0.24844386493442E+03
 0.24338985429925E+03
 0.24090153504102E+03
 0.23358817735522E+03
 0.22418122977182E+03
 0.21991815510449E+03
 0.21781711496050E+03
 0.21163366628868E+03
 0.20366126151665E+03
 0.19954397213559E+03
 0.19751664699821E+03
 0.19155742015388E+03
 0.18389052292989E+03
 0.17970530129725E+03
 0.17764854677680E+03
 0.17161844813472E+03
 0.16389550936515E+03
 0.15955070792211E+03
 0.15742169187593E+03
 0.15120358799989E+03
 0.14329316026913E+03
 0.13890714025099E+03
 0.13676473382422E+03
 0.13053374203542E+03
 0.12266509768595E+03
 0.11891047912448E+03
 0.11707648861598E+03
 0.11174249599294E+03
 0.10500660319788E+03
 0.10179552764725E+03
 0.10022700231953E+03
 0.95664955231709E+02
 0.89903593355573E+02
 0.87154150926100E+02
 0.85811123616452E+02
 0.81904945747772E+02
 0.76971895351327E+02
 0.74616414647669E+02
 0.73465844438385E+02
 0.70119493282712E+02
 0.65893589173331E+02
 0.63875218352263E+02
 0.62889336695571E+02
 0.60022055553921E+02
 0.56401328573174E+02
 0.54671791392881E+02
 0.53827014060246E+02
 0.51370198467629E+02
 0.48267986867496E+02
 0.46786063777022E+02
 0.46062252247682E+02
 0.43957314564488E+02
 0.41299595674428E+02
 0.40029999005941E+02
 0.39409912309323E+02
 0.37606692338399E+02
 0.35330086275926E+02
 0.34242568168343E+02
 0.33711427580309E+02
 0.32166928227312E+02
 0.30217105029188E+02
 0.29285721468949E+02
 0.28830851142245E+02
 0.27508193679818E+02
 0.25838554997663E+02
 0.25041046590212E+02
 0.24651571077826E+02
 0.23519115394032E+02
 0.22089683464359E+02
 0.21406949446584E+02
 0.21073536722255E+02
 0.20104133710235E+02
 0.18880606790042E+02
 0.18296256127557E+02
 0.18010898243677E+02
 0.17181251595960E+02
 0.16134197423780E+02
 0.15634164736178E+02
 0.15389990145581E+02
 0.14680110231700E+02
 0.13784275755562E+02
 0.13356492229399E+02
 0.13147604970352E+02
 0.12540340858074E+02
 0.11774060677300E+02
 0.11408171829904E+02
 0.11229513602268E+02
 0.10710151680011E+02
 0.10054840646558E+02
 0.97419641115129E+01
 0.95891959092753E+01
 0.91451154144291E+01
 0.85848331585743E+01
 0.83173507177101E+01
 0.81867511970654E+01
 0.78071284467202E+01
 0.73282054687242E+01
 0.70995844259826E+01
 0.69879626129351E+01
 0.66635169671737E+01
 0.62542334906068E+01
 0.60588732115406E+01
 0.59634935085225E+01
 0.56862691294789E+01
 0.53365792142058E+01
 0.51696792665155E+01
 0.50881970161595E+01
 0.48513753541477E+01
 0.45526698622155E+01
 0.44100770827357E+01
 0.43404643240693E+01
 0.41381499468864E+01
 0.38829899757882E+01
 0.37612680796385E+01
 0.37018455695583E+01
 0.35291516862793E+01
 0.33113597461604E+01
 0.32074437989188E+01
 0.31567151894813E+01
 0.30092927230441E+01
 0.28233831440967E+01
 0.27346867949552E+01
 0.26913890492422E+01
 0.25655657219340E+01
 0.24069036105578E+01
 0.23312133973950E+01
 0.22942656123864E+01
 0.21868988342905E+01
 0.20515181282509E+01
 0.19869398618619E+01
 0.19554170784779E+01
 0.18638177738468E+01
 0.17483250427554E+01
 0.16932381773398E+01
 0.16663490881606E+01
 0.15882168450998E+01
 0.14897093621360E+01
 0.14427278272860E+01
 0.14197956417678E+01
 0.13531630502024E+01
 0.12691584780705E+01
 0.12290970615682E+01
 0.12095430836873E+01
 0.11527279662662E+01
 0.10811040195987E+01
 0.10469495217607E+01
 0.10302790592039E+01
 0.98184348646485E+00
 0.92078616857230E+00
 0.89167265745769E+00
 0.87746293456014E+00
 0.83617807022525E+00
 0.78413727761966E+00
 0.75932486918249E+00
 0.74721466212189E+00
 0.71203061915995E+00
 0.66768207764733E+00
 0.64653874217374E+00
 0.63621949273833E+00
 0.60623949105613E+00
 0.56845212697353E+00
 0.55043809634194E+00
 0.54164629632540E+00
 0.51610451681305E+00
 0.48391249799433E+00
 0.46856690581154E+00
 0.46107757222735E+00
 0.43932018390141E+00
 0.41189896891901E+00
 0.39882840586296E+00
 0.39244949176280E+00
 0.37391840040066E+00
 0.35056422539266E+00
 0.33943294032229E+00
 0.33400054952991E+00
 0.31821948449341E+00
 0.29833180287526E+00
 0.28885331358608E+00
 0.28422760400062E+00
 0.27079020773963E+00
 0.25385665903053E+00
 0.24578657362456E+00
 0.24184825182571E+00
 0.23040788898162E+00
 0.21599143885461E+00
 0.20912131359400E+00
 0.20576863569094E+00
 0.19602967441043E+00
 0.18375761354343E+00
 0.17790969978541E+00
 0.17505590648658E+00
 0.16676626238724E+00
 0.15632079928860E+00
 0.15134355176386E+00
 0.14891467526919E+00
 0.14185943656537E+00
 0.13296965515644E+00
 0.12873389163183E+00
 0.12666688064129E+00
 0.12066285824774E+00
 0.11309784301020E+00
 0.10949346543693E+00
 0.10773458431417E+00
 0.10262565888459E+00
 0.96188625464660E-01
 0.93121813552083E-01
 0.91625272244673E-01
 0.87278412321162E-01
 0.81801685576201E-01
 0.79192505210129E-01
 0.77919291668569E-01
 0.74221160253180E-01
 0.69561894204832E-01
 0.67342252501221E-01
 0.66259134386289E-01
 0.63113187756111E-01
 0.59149706902639E-01
 0.57261603353928E-01
 0.56340274352115E-01
 0.53664281368230E-01
 0.50292952816059E-01
 0.48686996199750E-01
 0.47903351976296E-01
 0.45627289750866E-01
 0.42759869115143E-01
 0.41393999282941E-01
 0.40727513620063E-01
 0.38791754979554E-01
 0.36353101690591E-01
 0.35191510636115E-01
 0.34624708717644E-01
 0.32978491463687E-01
 0.30904638290768E-01
 0.29916842006908E-01
 0.29434847415211E-01
 0.28034958189935E-01
 0.26271452255444E-01
 0.25431502082725E-01
 0.25021651856852E-01
 0.23831307670316E-01
 0.22331800440051E-01
 0.21617612864285E-01
 0.21269130353640E-01
 0.20257027963980E-01
 0.18982076674739E-01
 0.18374855369788E-01
 0.18078568199508E-01
 0.17218064901150E-01
 0.16134100384924E-01
 0.15617857582610E-01
 0.15365963931769E-01
 0.14634398071123E-01
 0.13712867294889E-01
 0.13273991014101E-01
 0.13059848586741E-01
 0.12437927199380E-01
 0.11654523042656E-01
 0.11303048777060E-01
 0.11131306718095E-01
 0.10631579584922E-01
 0.99999997764826E-02
