 0.00000000000000E+00
-0.14508657977072E-03
-0.21762987506097E-03
-0.43525975012195E-03
-0.72543288804380E-03
-0.76154316813199E-03
-0.79487835730587E-03
-0.80207351632449E-03
-0.83393770411175E-03
-0.84899129977536E-03
-0.85651809816795E-03
-0.87909849222416E-03
-0.90920568130822E-03
-0.92631990431016E-03
-0.93487701644868E-03
-0.96054835158913E-03
-0.99477679504277E-03
-0.10118745100480E-02
-0.10204233681876E-02
-0.10460699413324E-02
-0.10802653687951E-02
-0.10982940235750E-02
-0.11073083516365E-02
-0.11343513344778E-02
-0.11704086413509E-02
-0.11890768747341E-02
-0.11984109921212E-02
-0.12264133428914E-02
-0.12637498068761E-02
-0.13203755942218E-02
-0.13486884900042E-02
-0.14336271731322E-02
-0.15468787393858E-02
-0.15645405395497E-02
-0.16049648826537E-02
-0.16251770557116E-02
-0.16858135718735E-02
-0.17666622520579E-02
-0.17857011255807E-02
-0.18086257124866E-02
-0.18200880067936E-02
-0.18544748880064E-02
-0.19003240584021E-02
-0.19270862272909E-02
-0.19404673127322E-02
-0.19806105670623E-02
-0.20341349008519E-02
-0.20602944454126E-02
-0.20733742186674E-02
-0.21126135364829E-02
-0.21649326217062E-02
-0.21917195317579E-02
-0.22051129877816E-02
-0.22452933538569E-02
-0.22988671699687E-02
-0.23305555297090E-02
-0.23463997107596E-02
-0.23939322515505E-02
-0.24573089663091E-02
-0.24899801887573E-02
-0.25063158011985E-02
-0.25553226360878E-02
-0.26206650761158E-02
-0.26550989189971E-02
-0.26723158417205E-02
-0.27239666073253E-02
-0.27928342879570E-02
-0.28320361494748E-02
-0.28516370816940E-02
-0.29104398754310E-02
-0.29888435926250E-02
-0.30316890989352E-02
-0.30531118536864E-02
-0.31173801147478E-02
-0.32030711209836E-02
-0.32446757325598E-02
-0.32654780398977E-02
-0.33278849588118E-02
-0.34110941757645E-02
-0.34500126935795E-02
-0.34694719539368E-02
-0.35278497321092E-02
-0.36056867619399E-02
-0.36541568135710E-02
-0.36783918411921E-02
-0.37510969204444E-02
-0.38480370164839E-02
-0.38959132765830E-02
-0.39198514084161E-02
-0.39916658003483E-02
-0.40874183134124E-02
-0.41437602319548E-02
-0.41719311933248E-02
-0.42564440732372E-02
-0.43691279019263E-02
-0.44277827712908E-02
-0.44571102081582E-02
-0.45450925143901E-02
-0.46624022443790E-02
-0.46730273917504E-02
-0.46978549274287E-02
-0.47723375307640E-02
-0.48716476586789E-02
-0.49367935510641E-02
-0.49693664996835E-02
-0.50670853406881E-02
-0.51973771157509E-02
-0.52743874658737E-02
-0.53128926438039E-02
-0.54284081718569E-02
-0.55824288606270E-02
-0.55909758292078E-02
-0.56871387346220E-02
-0.58153559291037E-02
-0.60246940391738E-02
-0.61293631020074E-02
-0.64433702749111E-02
-0.68620464638577E-02
-0.69841301827340E-02
-0.70582565506457E-02
-0.70953197373630E-02
-0.72065092919920E-02
-0.73547620167697E-02
-0.74294203557188E-02
-0.74667495279745E-02
-0.75787370391793E-02
-0.77280537059524E-02
-0.78031532574876E-02
-0.78407030360528E-02
-0.79533523661533E-02
-0.81035514580329E-02
-0.81360732035200E-02
-0.81717675201238E-02
-0.82788504646162E-02
-0.84216277097559E-02
-0.84919550330274E-02
-0.85271186972831E-02
-0.86326096848103E-02
-0.87732643208738E-02
-0.90344053582901E-02
-0.91649758867265E-02
-0.95566874525792E-02
-0.10078969488499E-01
-0.10153935142675E-01
-0.10215635118126E-01
-0.10400735035284E-01
-0.10647534900311E-01
-0.10760374946879E-01
-0.10816794974367E-01
-0.10986055048423E-01
-0.11211735124745E-01
-0.11314685648466E-01
-0.11366160914161E-01
-0.11520586703577E-01
-0.11726487735677E-01
-0.11836130237378E-01
-0.11890951492313E-01
-0.12055415248949E-01
-0.12274700236013E-01
-0.12380892956823E-01
-0.12433989321185E-01
-0.12593278406357E-01
-0.12805663832155E-01
-0.12916344110478E-01
-0.12971684253763E-01
-0.13137704675371E-01
-0.13359065215525E-01
-0.13487029576139E-01
-0.13551011761212E-01
-0.13742958306899E-01
-0.13998887009058E-01
-0.14125755151113E-01
-0.14189189226866E-01
-0.14379491444674E-01
-0.14633227709879E-01
-0.14775707839777E-01
-0.14846947910034E-01
-0.15060668110189E-01
-0.15345628348754E-01
-0.15498846045634E-01
-0.15575454899782E-01
-0.15805281450810E-01
-0.16111716821740E-01
-0.16270054092738E-01
-0.16349222734136E-01
-0.16586728646532E-01
-0.16903403164935E-01
-0.17053364115061E-01
-0.17128344595711E-01
-0.17353286026487E-01
-0.17653207904394E-01
-0.17845186976128E-01
-0.17941176519146E-01
-0.18229145133899E-01
-0.18613103248759E-01
-0.18798888651466E-01
-0.18891781359740E-01
-0.19170459470720E-01
-0.19542030248448E-01
-0.19715701638527E-01
-0.19802537340037E-01
-0.20063044431626E-01
-0.20410387185907E-01
-0.20609939886185E-01
-0.20709716243758E-01
-0.21009045301610E-01
-0.21408150672431E-01
-0.21595086397958E-01
-0.21688554267685E-01
-0.21968957862940E-01
-0.22342829286139E-01
-0.22528228028399E-01
-0.22620927406436E-01
-0.22899025526733E-01
-0.23269822983626E-01
-0.23470367322892E-01
-0.23570639499996E-01
-0.23871456016366E-01
-0.24272544665014E-01
-0.25073458953676E-01
-0.25473916127843E-01
-0.26675287590672E-01
-0.28277116048649E-01
-0.28999905868555E-01
-0.29361300805435E-01
-0.30445485562220E-01
-0.31891065094328E-01
-0.32276286233387E-01
-0.32848124394986E-01
-0.33216105719723E-01
-0.33400096395799E-01
-0.33952068396612E-01
-0.34688030991251E-01
-0.35041928668127E-01
-0.35218877519748E-01
-0.35749724048246E-01
-0.36457519349263E-01
-0.36792567686679E-01
-0.36960091867869E-01
-0.37462664386474E-01
-0.38132761011381E-01
-0.38527571471057E-01
-0.38724976715602E-01
-0.39317192419824E-01
-0.40106813280345E-01
-0.40483097468504E-01
-0.40671239576601E-01
-0.41235665872857E-01
-0.41988234193104E-01
-0.42558606689025E-01
-0.42843792958234E-01
-0.43699351723363E-01
-0.44840096630213E-01
-0.45473236283538E-01
-0.45789806133787E-01
-0.46739515637361E-01
-0.48005794849666E-01
-0.48205797096039E-01
-0.49021498118311E-01
-0.50109099373297E-01
-0.50124418104710E-01
-0.50348140549526E-01
-0.51019307850639E-01
-0.51914197496556E-01
-0.52419490467878E-01
-0.52672136972362E-01
-0.53430076448168E-01
-0.54440662315516E-01
-0.54896245577549E-01
-0.55124037225537E-01
-0.55807412135558E-01
-0.56718578591736E-01
-0.57311978480605E-01
-0.57608678447145E-01
-0.58498778302554E-01
-0.59685577991868E-01
-0.59928487930409E-01
-0.60224936729871E-01
-0.61114283084082E-01
-0.62300078105232E-01
-0.62920189903381E-01
-0.63230245825557E-01
-0.64160413545882E-01
-0.65400637049776E-01
-0.66006009983119E-01
-0.66308696472342E-01
-0.67216755894909E-01
-0.68427501671387E-01
-0.69003826223815E-01
-0.69291988521498E-01
-0.70156475371608E-01
-0.71309124390583E-01
-0.71881716186942E-01
-0.72168012106452E-01
-0.73026899822321E-01
-0.74172083329716E-01
-0.74759311834012E-01
-0.75052926108036E-01
-0.75933768886355E-01
-0.77108225807443E-01
-0.77751983348208E-01
-0.78073862142573E-01
-0.79039498477703E-01
-0.80327013463306E-01
-0.80919305186559E-01
-0.81215451070250E-01
-0.82103888677194E-01
-0.83288472035441E-01
-0.83898122688234E-01
-0.84202948037341E-01
-0.85117424039241E-01
-0.86336725253981E-01
-0.87126751618557E-01
-0.87521764830276E-01
-0.88706804406571E-01
-0.90286857018000E-01
-0.91108251837646E-01
-0.91518949278068E-01
-0.92751041538137E-01
-0.94393831055031E-01
-0.95248482382948E-01
-0.95675808078745E-01
-0.96957785102458E-01
-0.98667087630939E-01
-0.99623829667255E-01
-0.10010220072105E+00
-0.10153731381117E+00
-0.10345079774124E+00
-0.10472927213044E+00
-0.10536850937266E+00
-0.10728622100409E+00
-0.10984316959198E+00
-0.11099565834545E+00
-0.11157190276511E+00
-0.11330063593825E+00
-0.11560561327345E+00
-0.11700275626577E+00
-0.11770132781397E+00
-0.11979704235450E+00
-0.12259132813095E+00
-0.12385619803607E+00
-0.12448863303574E+00
-0.12638593794053E+00
-0.12891567756228E+00
-0.13021717497276E+00
-0.13086792372648E+00
-0.13282016989067E+00
-0.13542316451768E+00
-0.13681310221769E+00
-0.13750807111947E+00
-0.13959297772126E+00
-0.14237285291416E+00
-0.14391683128331E+00
-0.14468882052540E+00
-0.14700478813663E+00
-0.15009274464486E+00
-0.15059810698691E+00
-0.15131810228563E+00
-0.15347808807451E+00
-0.15635806884025E+00
-0.15969973339204E+00
-0.16137056579242E+00
-0.16638306274460E+00
-0.17306639135024E+00
-0.17385029526059E+00
-0.17841616346932E+00
-0.18120012340988E+00
-0.18259210348387E+00
-0.18676804349843E+00
-0.19233596296471E+00
-0.19237073591535E+00
-0.19558722084462E+00
-0.19987586699095E+00
-0.20259926803490E+00
-0.20396096865833E+00
-0.20804607032571E+00
-0.21349287200780E+00
-0.21615059117424E+00
-0.21747945085647E+00
-0.22146602970514E+00
-0.22678146764199E+00
-0.22941556443331E+00
-0.23073261292710E+00
-0.23468375821220E+00
-0.23995195140233E+00
-0.24383512635928E+00
-0.24577671398242E+00
-0.25160147656250E+00
-0.25936782589777E+00
-0.26376929235230E+00
-0.26597002574353E+00
-0.27257222558930E+00
-0.28137515784249E+00
-0.28237502754892E+00
-0.28841178140874E+00
-0.29646078575558E+00
-0.29660581185548E+00
-0.29851090843146E+00
-0.30422619787551E+00
-0.31184658304390E+00
-0.31312307175076E+00
-0.31881965340022E+00
-0.32641509484496E+00
-0.32787920598397E+00
-0.32957177540923E+00
-0.33464948343280E+00
-0.34141976012498E+00
-0.34489516954992E+00
-0.34663287439186E+00
-0.35184598865873E+00
-0.35879680699072E+00
-0.36210157194814E+00
-0.36375395454997E+00
-0.36871110210921E+00
-0.37532063153160E+00
-0.37872558376527E+00
-0.38042806000895E+00
-0.38553548848631E+00
-0.39234539244627E+00
-0.39575582229751E+00
-0.39746103735017E+00
-0.40257668225407E+00
-0.40939754144833E+00
-0.41463274312936E+00
-0.41725034416489E+00
-0.42510314688145E+00
-0.43557354946339E+00
-0.44050807689960E+00
-0.44297534080154E+00
-0.45037713213968E+00
-0.46024618627680E+00
-0.46571379794772E+00
-0.46844760398686E+00
-0.47664902169691E+00
-0.48758424422401E+00
-0.49046333447729E+00
-0.49347819427952E+00
-0.50252277323696E+00
-0.51458221064888E+00
-0.52134395484619E+00
-0.52472482719674E+00
-0.53486744374461E+00
-0.54839093113165E+00
-0.55593477637234E+00
-0.55970669927372E+00
-0.57102246741578E+00
-0.58611015677304E+00
-0.59524200726665E+00
-0.59980793285364E+00
-0.61350570893423E+00
-0.63176940856069E+00
-0.63493428105945E+00
-0.64954679579052E+00
-0.65722633015848E+00
-0.66106609762855E+00
-0.67258539946657E+00
-0.68794446705814E+00
-0.68851824678794E+00
-0.69802887163732E+00
-0.71070970351010E+00
-0.71803666607710E+00
-0.72170014763355E+00
-0.73269059175701E+00
-0.74734451579921E+00
-0.74885734154597E+00
-0.75276314422554E+00
-0.76448055168225E+00
-0.78010376007250E+00
-0.78392595268638E+00
-0.78791476923886E+00
-0.79988121830193E+00
-0.81583648213435E+00
-0.82386661265774E+00
-0.82788167821857E+00
-0.83992687430280E+00
-0.85598713415299E+00
-0.86370910507849E+00
-0.86757009082891E+00
-0.87915304750483E+00
-0.89459698820517E+00
-0.90273960387383E+00
-0.90681091201149E+00
-0.91902483581781E+00
-0.93531006594177E+00
-0.93697785166588E+00
-0.94051484565611E+00
-0.95112582709974E+00
-0.96527380095244E+00
-0.97539899952565E+00
-0.98046159918945E+00
-0.99564939742645E+00
-0.10158997930641E+01
-0.10251507338008E+01
-0.10412308396516E+01
-0.10494430492134E+01
-0.10535491543003E+01
-0.10658674689490E+01
-0.10822918868490E+01
-0.10904348511476E+01
-0.10945063336003E+01
-0.11067207803516E+01
-0.11230067077355E+01
-0.11309442192381E+01
-0.11349129752851E+01
-0.11468192428348E+01
-0.11626942646574E+01
-0.11700264536703E+01
-0.11736925484499E+01
-0.11846908322425E+01
-0.11993552091758E+01
-0.12070550443827E+01
-0.12109049622730E+01
-0.12224547153702E+01
-0.12378543846367E+01
-0.12455689090373E+01
-0.12494261715250E+01
-0.12609979584134E+01
-0.12764270060652E+01
-0.12842487993507E+01
-0.12881596962848E+01
-0.12998923865044E+01
-0.13155359719098E+01
-0.13230859577560E+01
-0.13268609509604E+01
-0.13381859300109E+01
-0.13532859005783E+01
-0.13608906125719E+01
-0.13646929688519E+01
-0.13761000371256E+01
-0.13913094599796E+01
-0.13990068433905E+01
-0.14028555353826E+01
-0.14144016107857E+01
-0.14297963764604E+01
-0.14375250891542E+01
-0.14413894457890E+01
-0.14529825151175E+01
-0.14684399393534E+01
-0.14760435403720E+01
-0.14798453411645E+01
-0.14912507429757E+01
-0.15064579438799E+01
-0.15140914301142E+01
-0.15179081735157E+01
-0.15293584031514E+01
-0.15446253744823E+01
-0.15522143967124E+01
-0.15560089081101E+01
-0.15673924417379E+01
-0.15825704850672E+01
-0.15901012803446E+01
-0.15938666782638E+01
-0.16051628714605E+01
-0.16202244608931E+01
-0.16276656063362E+01
-0.16313861793350E+01
-0.16425478977770E+01
-0.16574301875544E+01
-0.16649084219775E+01
-0.16686475394676E+01
-0.16798648913808E+01
-0.16948213591126E+01
-0.17021922502071E+01
-0.17058776960290E+01
-0.17169340329453E+01
-0.17316758140361E+01
-0.17390711328370E+01
-0.17427687925130E+01
-0.17538617709899E+01
-0.17686524074898E+01
-0.17760298607755E+01
-0.17797185876931E+01
-0.17907847678964E+01
-0.18055396733684E+01
-0.18128114683737E+01
-0.18164473661472E+01
-0.18273550589259E+01
-0.18418986478528E+01
-0.18491458118393E+01
-0.18527693941026E+01
-0.18636401403525E+01
-0.18781344672457E+01
-0.18853169564094E+01
-0.18889082012588E+01
-0.18996819352719E+01
-0.19140469125290E+01
-0.19211831830996E+01
-0.19247513186507E+01
-0.19354557247724E+01
-0.19497282648501E+01
-0.19568094906134E+01
-0.19603501037589E+01
-0.19709719426677E+01
-0.19851343931392E+01
-0.19921599691421E+01
-0.19956727574052E+01
-0.20062111216713E+01
-0.20202622726301E+01
-0.20272348798402E+01
-0.20307211837050E+01
-0.20411800947798E+01
-0.20551253081610E+01
-0.20620361910521E+01
-0.20654916327551E+01
-0.20758579573491E+01
-0.20896797221015E+01
-0.20965311180910E+01
-0.20999568163409E+01
-0.21102339105803E+01
-0.21239367015382E+01
-0.21307304632515E+01
-0.21341273443612E+01
-0.21443179871843E+01
-0.21579055095985E+01
-0.21646417538710E+01
-0.21680098762582E+01
-0.21781142429178E+01
-0.21915867304590E+01
-0.21982657234048E+01
-0.22016052201264E+01
-0.22116237097938E+01
-0.22249816946900E+01
-0.22316036428749E+01
-0.22349146172140E+01
-0.22448475397380E+01
-0.22580914351209E+01
-0.22646572334474E+01
-0.22679401328553E+01
-0.22777888305896E+01
-0.22909204262643E+01
-0.22974315126375E+01
-0.23006870560667E+01
-0.23104536858691E+01
-0.23234758576454E+01
-0.23299337326007E+01
-0.23331626703189E+01
-0.23428494829923E+01
-0.23557652319405E+01
-0.23621716148098E+01
-0.23653748064831E+01
-0.23749843810256E+01
-0.23877971458096E+01
-0.23941542757927E+01
-0.23973328410211E+01
-0.24068685362326E+01
-0.24195827952516E+01
-0.24258928777810E+01
-0.24290479192808E+01
-0.24385130433100E+01
-0.24511332074285E+01
-0.24573988037639E+01
-0.24605316021651E+01
-0.24699299969017E+01
-0.24824611886389E+01
-0.24886850656467E+01
-0.24917970043824E+01
-0.25011328201260E+01
-0.25135805732141E+01
-0.25197657010794E+01
-0.25228582652424E+01
-0.25321359572708E+01
-0.25445062120797E+01
-0.25506557678178E+01
-0.25537305459159E+01
-0.25629548797520E+01
-0.25752539903117E+01
-0.25813713448054E+01
-0.25844300222801E+01
-0.25936060542485E+01
-0.26058407623243E+01
-0.26119294771428E+01
-0.26149738347789E+01
-0.26241069072335E+01
-0.26362843359632E+01
-0.26423481658445E+01
-0.26453800810111E+01
-0.26544758260589E+01
-0.26666034849179E+01
-0.26726463891141E+01
-0.26756678414372E+01
-0.26847321979566E+01
-0.26968180054484E+01
-0.27028441663264E+01
-0.27058572469898E+01
-0.27148964885312E+01
-0.27269488093892E+01
-0.27329811090389E+01
-0.27359972590885E+01
-0.27450457087879E+01
-0.27571103071886E+01
-0.27631325407755E+01
-0.27661436577933E+01
-0.27751770083979E+01
-0.27872214746743E+01
-0.27932296552363E+01
-0.27962337457412E+01
-0.28052460168080E+01
-0.28172623770368E+01
-0.28232693603729E+01
-0.28262728522648E+01
-0.28352833274928E+01
-0.28472972932699E+01
-0.28533077908818E+01
-0.28563130399117E+01
-0.28653287865534E+01
-0.28773497808815E+01
-0.28833826610877E+01
-0.28863991014156E+01
-0.28954484219496E+01
-0.29075141814631E+01
-0.29135663605369E+01
-0.29165924502993E+01
-0.29256707191355E+01
-0.29377750763813E+01
-0.29438600355659E+01
-0.29469025153849E+01
-0.29560299543886E+01
-0.29681998718511E+01
-0.29743225824062E+01
-0.29773839379118E+01
-0.29865680039725E+01
-0.29988134241703E+01
-0.30049851775474E+01
-0.30080710544659E+01
-0.30173286847616E+01
-0.30296721905963E+01
-0.30359042713133E+01
-0.30390203119039E+01
-0.30483684332115E+01
-0.30608325937168E+01
-0.30671379611229E+01
-0.30702906450609E+01
-0.30797486964049E+01
-0.30923594302776E+01
-0.30987525273993E+01
-0.31019490761983E+01
-0.31115387221189E+01
-0.31243249154096E+01
-0.31308231305872E+01
-0.31340722384181E+01
-0.31438195614266E+01
-0.31568159908135E+01
-0.31634394231280E+01
-0.31667511395320E+01
-0.31766862882505E+01
-0.31899331518925E+01
-0.31967066310266E+01
-0.32000933708460E+01
-0.32102535897994E+01
-0.32238005470583E+01
-0.32307548602355E+01
-0.32342320170831E+01
-0.32446634871080E+01
-0.32585721124261E+01
-0.32657473396139E+01
-0.32693349534751E+01
-0.32800977945241E+01
-0.32944482478304E+01
-0.33018999052321E+01
-0.33056257342104E+01
-0.33168032205905E+01
-0.33317065342833E+01
-0.33395191330818E+01
-0.33434254327721E+01
-0.33551443312609E+01
-0.33707695276938E+01
-0.33790924118246E+01
-0.33832538542001E+01
-0.33957381807065E+01
-0.34123839477280E+01
-0.34215614823510E+01
-0.34261502500044E+01
-0.34399165522809E+01
-0.34582716201594E+01
-0.34699106873282E+01
-0.34757302213462E+01
-0.34931888225331E+01
-0.35164669551363E+01
-0.35187712091525E+01
-0.35239441134352E+01
-0.35394628255124E+01
-0.35601544395599E+01
-0.35609505208289E+01
-0.35735923878362E+01
-0.35904482088381E+01
-0.35932422591689E+01
-0.35970246902551E+01
-0.36083719829500E+01
-0.36235017050404E+01
-0.36304094108419E+01
-0.36338632640000E+01
-0.36442248229597E+01
-0.36580402335334E+01
-0.36644926057440E+01
-0.36677187920896E+01
-0.36773973506458E+01
-0.36903020941054E+01
-0.36963615607909E+01
-0.36993912943593E+01
-0.37084804946133E+01
-0.37205994270812E+01
-0.37262865645952E+01
-0.37291301335640E+01
-0.37376608400468E+01
-0.37490351142272E+01
-0.37543505163966E+01
-0.37570082176793E+01
-0.37649813211314E+01
-0.37756121246781E+01
-0.37805329498721E+01
-0.37829933626524E+01
-0.37903746006266E+01
-0.38002162502812E+01
-0.38046771064572E+01
-0.38069075347113E+01
-0.38135988191413E+01
-0.38225205308284E+01
-0.38229319507098E+01
-0.38248562204151E+01
-0.38306290292443E+01
-0.38383261069185E+01
-0.38425966395694E+01
-0.38447319060539E+01
-0.38511377051894E+01
-0.38596787698549E+01
-0.38643081212405E+01
-0.38666227971058E+01
-0.38735668243568E+01
-0.38828255264383E+01
-0.38877389845222E+01
-0.38901957137473E+01
-0.38975659010563E+01
-0.39073928164920E+01
-0.39125571942007E+01
-0.39151393832475E+01
-0.39228859500029E+01
-0.39332147046507E+01
-0.39386245999061E+01
-0.39413295477353E+01
-0.39494443908199E+01
-0.39602641805245E+01
-0.39659404775987E+01
-0.39687786263473E+01
-0.39772930721701E+01
-0.39886456654728E+01
-0.39944863333782E+01
-0.39974066675485E+01
-0.40061676696241E+01
-0.40178490045646E+01
-0.40236329875610E+01
-0.40265249792747E+01
-0.40352009539848E+01
-0.40467689191158E+01
-0.40525720232720E+01
-0.40554735755663E+01
-0.40641782320168E+01
-0.40757844394645E+01
-0.40817184011623E+01
-0.40846853822323E+01
-0.40935863250001E+01
-0.41054542475116E+01
-0.41117199079302E+01
-0.41148527383728E+01
-0.41242512292341E+01
-0.41367825491375E+01
-0.41438945653913E+01
-0.41474505737832E+01
-0.41581185984289E+01
-0.41723426298768E+01
-0.41842208226416E+01
-0.41901599194665E+01
-0.42079772090562E+01
-0.42317335928158E+01
-0.42453147661699E+01
-0.42521053533529E+01
-0.42724771138901E+01
-0.42996394585747E+01
-0.43173656927547E+01
-0.43262288105050E+01
-0.43528181624353E+01
-0.43882706281538E+01
-0.44088230560920E+01
-0.44190992708268E+01
-0.44499279134997E+01
-0.44910327663136E+01
-0.45102320976535E+01
-0.45198317640387E+01
-0.45486307617639E+01
-0.45870294215829E+01
-0.46074529287861E+01
-0.46176646831485E+01
-0.46482999447141E+01
-0.46891469560771E+01
-0.47121692583623E+01
-0.47236804103626E+01
-0.47582138646481E+01
-0.48042584657880E+01
-0.48311257628295E+01
-0.48445594123511E+01
-0.48848603589143E+01
-0.49385949489938E+01
-0.49696818984024E+01
-0.49852253742648E+01
-0.50318557995358E+01
-0.50940296937208E+01
-0.51251166187913E+01
-0.51406600824846E+01
-0.51872904712484E+01
-0.52494643167571E+01
-0.52805213821229E+01
-0.52960499159629E+01
-0.53426355151687E+01
-0.54047496412726E+01
-0.54358091520302E+01
-0.54513389085661E+01
-0.54979281758597E+01
-0.55600471927468E+01
-0.55911270340391E+01
-0.56066669558431E+01
-0.56532867189394E+01
-0.57154463968928E+01
-0.57465560855874E+01
-0.57621109310936E+01
-0.58087754652943E+01
-0.58709948380476E+01
-0.59021396727821E+01
-0.59177120913096E+01
-0.59644293445715E+01
-0.60267190093996E+01
-0.60579021765008E+01
-0.60734937612131E+01
-0.61202685130266E+01
-0.61826348425825E+01
-0.62138584043645E+01
-0.62294701864187E+01
-0.62763055302548E+01
-0.63387526491662E+01
-0.63700179991588E+01
-0.63856506753198E+01
-0.64325487014733E+01
-0.64950793967996E+01
-0.65263874771719E+01
-0.65420415185243E+01
-0.65890036402491E+01
-0.66516197963284E+01
-0.66829712104440E+01
-0.66986469186697E+01
-0.67456740410110E+01
-0.68083768645703E+01
-0.68397719427305E+01
-0.68554694829802E+01
-0.69025621013900E+01
-0.69653522530322E+01
-0.69967910968124E+01
-0.70125105198736E+01
-0.70596687867151E+01
-0.71225464695907E+01
-0.71540289857475E+01
-0.71697702449986E+01
-0.72169940204066E+01
-0.72799590480288E+01
-0.73114849765816E+01
-0.73272479420325E+01
-0.73745368360362E+01
-0.74375886884441E+01
-0.74691576267490E+01
-0.74849420970775E+01
-0.75322955057108E+01
-0.75954333776164E+01
-0.76270448010517E+01
-0.76428505139470E+01
-0.76902676502777E+01
-0.77534904924379E+01
-0.77851437717626E+01
-0.78009704126042E+01
-0.78484503327704E+01
-0.79117568867031E+01
-0.79434513017536E+01
-0.79592985104596E+01
-0.80068401342162E+01
-0.80702289595945E+01
-0.81019637084333E+01
-0.81178310840350E+01
-0.81654332084755E+01
-0.82289027014244E+01
-0.82606769033647E+01
-0.82765640055185E+01
-0.83242253096126E+01
-0.83877737087585E+01
-0.84195953841517E+01
-0.84355062230338E+01
-0.84832387373090E+01
-0.85468820833536E+01
-0.85787313967691E+01
-0.85946560546633E+01
-0.86424300259729E+01
-0.87061286480579E+01
-0.87380132569532E+01
-0.87539555625886E+01
-0.88017824771193E+01
-0.88655516901587E+01
-0.88974706406036E+01
-0.89134301170152E+01
-0.89613085438717E+01
-0.90251464400053E+01
-0.90570986490987E+01
-0.90730747548357E+01
-0.91210030696661E+01
-0.91849074830916E+01
-0.92168918552212E+01
-0.92328840424775E+01
-0.92808606018634E+01
-0.93448293413565E+01
-0.93768447756772E+01
-0.93928524940302E+01
-0.94408756467038E+01
-0.95049065105744E+01
-0.95369519064140E+01
-0.95529746055276E+01
-0.96010427004808E+01
-0.96651334873849E+01
-0.96972077490184E+01
-0.97132448810300E+01
-0.97613562746751E+01
-0.98255047931627E+01
-0.98576068340729E+01
-0.98736578557240E+01
-0.99218109182852E+01
-0.99860149953221E+01
-0.10018143742235E+02
-0.10034208116888E+02
-0.10082401238454E+02
-0.10146658727491E+02
-0.10178813123060E+02
-0.10194890322042E+02
-0.10243121916593E+02
-0.10307430702939E+02
-0.10339609709079E+02
-0.10355699213348E+02
-0.10403967723757E+02
-0.10468325731243E+02
-0.10500528331557E+02
-0.10516629632914E+02
-0.10564933534584E+02
-0.10629338730414E+02
-0.10661563931473E+02
-0.10677676533204E+02
-0.10726014335994E+02
-0.10790464733311E+02
-0.10822711567625E+02
-0.10838834985983E+02
-0.10887205238656E+02
-0.10951698902479E+02
-0.10983966428854E+02
-0.11000100193244E+02
-0.11048501484009E+02
-0.11113036531952E+02
-0.11145323837707E+02
-0.11161467491787E+02
-0.11209898451623E+02
-0.11274473058322E+02
-0.11306779259049E+02
-0.11322932360616E+02
-0.11371391662911E+02
-0.11436004059552E+02
-0.11468328300130E+02
-0.11484490421623E+02
-0.11532976783694E+02
-0.11597625260034E+02
-0.11629966714525E+02
-0.11646137442975E+02
-0.11694649625917E+02
-0.11759332530080E+02
-0.11791690401756E+02
-0.11807869338799E+02
-0.11856406147518E+02
-0.11921121886047E+02
-0.11953495413341E+02
-0.11969682178194E+02
-0.12018242470341E+02
-0.12082989520106E+02
-0.12115377960417E+02
-0.12131572181780E+02
-0.12180154843454E+02
-0.12244931719250E+02
-0.12277334372294E+02
-0.12293535700023E+02
-0.12342139680796E+02
-0.12406944982056E+02
-0.12439361168361E+02
-0.12455569262721E+02
-0.12504193543386E+02
-0.12569025911166E+02
-0.12601454968668E+02
-0.12617669498627E+02
-0.12666313086088E+02
-0.12731171196260E+02
-0.12763612530949E+02
-0.12779833199502E+02
-0.12828495202744E+02
-0.12893377867288E+02
-0.12925830855571E+02
-0.12942057350921E+02
-0.12990736834555E+02
-0.13055642806284E+02
-0.13088106906049E+02
-0.13104338957141E+02
-0.13153035107997E+02
-0.13217963302690E+02
-0.13250437953112E+02
-0.13266675279533E+02
-0.13315387256376E+02
-0.13380336552382E+02
-0.13412821231880E+02
-0.13429063572839E+02
-0.13477790593296E+02
-0.13542759947451E+02
-0.13575254186478E+02
-0.13591501307202E+02
-0.13640242666952E+02
-0.13705231140164E+02
-0.13737734438711E+02
-0.13753986089196E+02
-0.13802741038227E+02
-0.13867747630479E+02
-0.13900259657482E+02
-0.13916515672195E+02
-0.13965283713912E+02
-0.14030307763074E+02
-0.14062827855118E+02
-0.14079087902351E+02
-0.14127868041628E+02
-0.14192908220869E+02
-0.14225436273750E+02
-0.14241700301402E+02
-0.14290492381935E+02
-0.14355548482849E+02
-0.14386170338911E+02
-0.14401481268082E+02
-0.14447414053316E+02
-0.14508657760876E+02
