 0.44999998807907E-03
 0.56736566952283E-03
 0.59878026404861E-03
 0.73653357020877E-03
 0.81581135388707E-03
 0.86953998286665E-03
 0.88362974965013E-03
 0.88639184825325E-03
 0.89962850660271E-03
 0.90543181903356E-03
 0.90844337315632E-03
 0.91740582031359E-03
 0.92932135730760E-03
 0.93603972954099E-03
 0.93934667195874E-03
 0.94927137255911E-03
 0.96216942178674E-03
 0.96880329820080E-03
 0.97196878139146E-03
 0.98139245842410E-03
 0.99424295796668E-03
 0.10006289813772E-02
 0.10038487276900E-02
 0.10137519091267E-02
 0.10261473526260E-02
 0.10331430550724E-02
 0.10364037981872E-02
 0.10461890784862E-02
 0.10590934309627E-02
 0.10785517017332E-02
 0.10878885227080E-02
 0.11155068032257E-02
 0.11533238034917E-02
 0.11580367241223E-02
 0.11703639402770E-02
 0.11765445222113E-02
 0.11960169167584E-02
 0.12183305601481E-02
 0.12251032780956E-02
 0.12323258023108E-02
 0.12356927272577E-02
 0.12457958943087E-02
 0.12593160606571E-02
 0.12669883003106E-02
 0.12708252370595E-02
 0.12823394047947E-02
 0.12971312235140E-02
 0.13047052338263E-02
 0.13083217777919E-02
 0.13191740753859E-02
 0.13338857019852E-02
 0.13410397831390E-02
 0.13446553844498E-02
 0.13555949735844E-02
 0.13699220657289E-02
 0.13783721841926E-02
 0.13825365097413E-02
 0.13952365700838E-02
 0.14112925537382E-02
 0.14200916467280E-02
 0.14242451393682E-02
 0.14367090727568E-02
 0.14531605665440E-02
 0.14619508886107E-02
 0.14662397161069E-02
 0.14791098098034E-02
 0.14958737510583E-02
 0.15055929843499E-02
 0.15104017521243E-02
 0.15245967029486E-02
 0.15436403290035E-02
 0.15535633914567E-02
 0.15585669020000E-02
 0.15738267038306E-02
 0.15931061888268E-02
 0.16030054566575E-02
 0.16077205944367E-02
 0.16218701023951E-02
 0.16410385190468E-02
 0.16494227934798E-02
 0.16537157436646E-02
 0.16665975702520E-02
 0.16836205450521E-02
 0.16942140053823E-02
 0.16993893076960E-02
 0.17147964713124E-02
 0.17360923472636E-02
 0.17458388253803E-02
 0.17507344973660E-02
 0.17657982451215E-02
 0.17851803897769E-02
 0.17970152973427E-02
 0.18027231330049E-02
 0.18198526465189E-02
 0.18427424358042E-02
 0.18542525942731E-02
 0.18600699505830E-02
 0.18771040140311E-02
 0.19013388868603E-02
 0.19023612356662E-02
 0.19071722810501E-02
 0.19214907708902E-02
 0.19405796464976E-02
 0.19528131394329E-02
 0.19589016458735E-02
 0.19774695366477E-02
 0.20009445452837E-02
 0.20155963282867E-02
 0.20226341359979E-02
 0.20429051276298E-02
 0.20729190548941E-02
 0.20726699642573E-02
 0.20897043800005E-02
 0.21122064466363E-02
 0.21487674848754E-02
 0.21663660424768E-02
 0.22184258418347E-02
 0.22907482333263E-02
 0.23084890670795E-02
 0.23196461625782E-02
 0.23255240510957E-02
 0.23434469950440E-02
 0.23658584746284E-02
 0.23783339448352E-02
 0.23840633063898E-02
 0.24013984039826E-02
 0.24247308974012E-02
 0.24358606011958E-02
 0.24415469508975E-02
 0.24588850423472E-02
 0.24802895883676E-02
 0.24861309997679E-02
 0.24914080480449E-02
 0.25071172384678E-02
 0.25291664634241E-02
 0.25387408302400E-02
 0.25438849465260E-02
 0.25593208542112E-02
 0.25797637372740E-02
 0.26175872942905E-02
 0.26357371876601E-02
 0.26925304215734E-02
 0.27568531392109E-02
 0.27722636549230E-02
 0.27806339369917E-02
 0.28049540531390E-02
 0.28398361971139E-02
 0.28531417772750E-02
 0.28605621462415E-02
 0.28830054542889E-02
 0.29109487983386E-02
 0.29252551913792E-02
 0.29317492898997E-02
 0.29518728161953E-02
 0.29766541708314E-02
 0.29916957593329E-02
 0.29984681121045E-02
 0.30194539476419E-02
 0.30445922504466E-02
 0.30592911143848E-02
 0.30658422695518E-02
 0.30850346698471E-02
 0.31117299576290E-02
 0.31244501008097E-02
 0.31311128064817E-02
 0.31507916174876E-02
 0.31779396885198E-02
 0.31926195271174E-02
 0.32002043139150E-02
 0.32224277536663E-02
 0.32540873598072E-02
 0.32675060725536E-02
 0.32749348774678E-02
 0.32965297620813E-02
 0.33264197467908E-02
 0.33421897408040E-02
 0.33501744544877E-02
 0.33743360231237E-02
 0.34064496519287E-02
 0.34233007092128E-02
 0.34318603653624E-02
 0.34563422618486E-02
 0.34924811401870E-02
 0.35078972547250E-02
 0.35163454179273E-02
 0.35421184017469E-02
 0.35765251558137E-02
 0.35920321715514E-02
 0.36001282857004E-02
 0.36231078327172E-02
 0.36564903263267E-02
 0.36751963613766E-02
 0.36851499179369E-02
 0.37150340947261E-02
 0.37535345252147E-02
 0.37731599265351E-02
 0.37827503768122E-02
 0.38099794465209E-02
 0.38504539526949E-02
 0.38657078085604E-02
 0.38742165257098E-02
 0.39007761205127E-02
 0.39328790104141E-02
 0.39540117766282E-02
 0.39635419288201E-02
 0.39939854932044E-02
 0.40279594350005E-02
 0.40493740546195E-02
 0.40582448517490E-02
 0.40852947837174E-02
 0.41196844600454E-02
 0.41377637483534E-02
 0.41463569517705E-02
 0.41719577120963E-02
 0.42069888757808E-02
 0.42250597670498E-02
 0.42342314233852E-02
 0.42617701875021E-02
 0.42982471429634E-02
 0.43709357921987E-02
 0.44062620430677E-02
 0.45118929446776E-02
 0.46505375095209E-02
 0.47113759839186E-02
 0.47407550717224E-02
 0.48335176602401E-02
 0.49430582605429E-02
 0.49798427904815E-02
 0.50269874005860E-02
 0.50552485181047E-02
 0.50695004409688E-02
 0.51143446451202E-02
 0.51674032580146E-02
 0.51982155599593E-02
 0.52119260935092E-02
 0.52534329527794E-02
 0.53053087417562E-02
 0.53326494288542E-02
 0.53453758720325E-02
 0.53833224527604E-02
 0.54333637304532E-02
 0.54629691200315E-02
 0.54776706096538E-02
 0.55201917968111E-02
 0.55822345041360E-02
 0.56066294842757E-02
 0.56203041909775E-02
 0.56607835679079E-02
 0.57165288766957E-02
 0.57568374063466E-02
 0.57768208710656E-02
 0.58378828855362E-02
 0.59172109106515E-02
 0.59622422042558E-02
 0.59841277019157E-02
 0.60490003339478E-02
 0.61401632463556E-02
 0.61506807300968E-02
 0.62043386458708E-02
 0.62833732493637E-02
 0.62801128297268E-02
 0.62949984234683E-02
 0.63390739867164E-02
 0.64004837670794E-02
 0.64320852998550E-02
 0.64486802715755E-02
 0.64996526209896E-02
 0.65610310578912E-02
 0.65941387949043E-02
 0.66089077160941E-02
 0.66523104603154E-02
 0.67118471097920E-02
 0.67491220690836E-02
 0.67676314140030E-02
 0.68249412382597E-02
 0.68985578233798E-02
 0.69148529914873E-02
 0.69331192420178E-02
 0.69904552708593E-02
 0.70587885315310E-02
 0.71010552878578E-02
 0.71202257064269E-02
 0.71774074990508E-02
 0.72519645295784E-02
 0.72897675474244E-02
 0.73079644336145E-02
 0.73626230243242E-02
 0.74367568599740E-02
 0.74698734395433E-02
 0.74868649812449E-02
 0.75382593153612E-02
 0.76066911611374E-02
 0.76397573284199E-02
 0.76566214970842E-02
 0.77054534794979E-02
 0.77772247371997E-02
 0.78075417278330E-02
 0.78245559927044E-02
 0.78759658690663E-02
 0.79414243735657E-02
 0.79801214275934E-02
 0.79985975359294E-02
 0.80544063555212E-02
 0.81246428437129E-02
 0.81607753483966E-02
 0.81774351668959E-02
 0.82287932376397E-02
 0.82906345506070E-02
 0.83284162948337E-02
 0.83455057645700E-02
 0.83963823288714E-02
 0.84644291865550E-02
 0.85078618903081E-02
 0.85297454801280E-02
 0.85948594496941E-02
 0.86809021306966E-02
 0.87260472792946E-02
 0.87484317498962E-02
 0.88149959938847E-02
 0.89029777780782E-02
 0.89498414260428E-02
 0.89726465692509E-02
 0.90423081527835E-02
 0.91298124505895E-02
 0.91833679379783E-02
 0.92085906405539E-02
 0.92845337141275E-02
 0.93845461469089E-02
 0.94521225911735E-02
 0.94856552714530E-02
 0.95843940625053E-02
 0.97213903545122E-02
 0.97765699203257E-02
 0.98064976758117E-02
 0.98951584860466E-02
 0.10013665912308E-01
 0.10084521318779E-01
 0.10120366097242E-01
 0.10225300532281E-01
 0.10372156651582E-01
 0.10431314454776E-01
 0.10463106123108E-01
 0.10558936154772E-01
 0.10684464869732E-01
 0.10749297213645E-01
 0.10781859753231E-01
 0.10879255567062E-01
 0.11006501110031E-01
 0.11075392256559E-01
 0.11109971055147E-01
 0.11212272714188E-01
 0.11348037879969E-01
 0.11423535838584E-01
 0.11461555689548E-01
 0.11571393653919E-01
 0.11728803808778E-01
 0.11747317108283E-01
 0.11782432231267E-01
 0.11886471785440E-01
 0.12024906376080E-01
 0.12182817026675E-01
 0.12264747015088E-01
 0.12500147980956E-01
 0.12829105371470E-01
 0.12857268783062E-01
 0.13071317457035E-01
 0.13200947280651E-01
 0.13268175534135E-01
 0.13465444444680E-01
 0.13719978411180E-01
 0.13725422081593E-01
 0.13875864654828E-01
 0.14076479514698E-01
 0.14200820110805E-01
 0.14265824715071E-01
 0.14453941747458E-01
 0.14711272161868E-01
 0.14829648687850E-01
 0.14892533375363E-01
 0.15078716456018E-01
 0.15319842185045E-01
 0.15443817848749E-01
 0.15505919197486E-01
 0.15689364771283E-01
 0.15930989657271E-01
 0.16109053109979E-01
 0.16201890484677E-01
 0.16469915013710E-01
 0.16833280383874E-01
 0.17029106533144E-01
 0.17135442753290E-01
 0.17438737599366E-01
 0.17859912654718E-01
 0.17897512576347E-01
 0.18179648562508E-01
 0.18551920219574E-01
 0.18558719714581E-01
 0.18651210941277E-01
 0.18915029412428E-01
 0.19288858958018E-01
 0.19337403113116E-01
 0.19607013196313E-01
 0.19962012215800E-01
 0.20033514799065E-01
 0.20115980625318E-01
 0.20357107489754E-01
 0.20682726643796E-01
 0.20844782166901E-01
 0.20930065377238E-01
 0.21183799732627E-01
 0.21511088241556E-01
 0.21675048608608E-01
 0.21757462584529E-01
 0.22000083581943E-01
 0.22318801812764E-01
 0.22486834154285E-01
 0.22572484349323E-01
 0.22825140218398E-01
 0.23156660618185E-01
 0.23327487176801E-01
 0.23414885674945E-01
 0.23668448555468E-01
 0.24014143807110E-01
 0.24270395593565E-01
 0.24408056469346E-01
 0.24804275218678E-01
 0.25349364068506E-01
 0.25592644960097E-01
 0.25724607603892E-01
 0.26108209935737E-01
 0.26625691943979E-01
 0.26907768249458E-01
 0.27057944926252E-01
 0.27490040777287E-01
 0.28089577523631E-01
 0.28229497649061E-01
 0.28399130583660E-01
 0.28889845093483E-01
 0.29562231128926E-01
 0.29924846451387E-01
 0.30122419141865E-01
 0.30691972313964E-01
 0.31471459850443E-01
 0.31893227266891E-01
 0.32122443623761E-01
 0.32782415861138E-01
 0.33690851893657E-01
 0.34221464876538E-01
 0.34513437531092E-01
 0.35353566230383E-01
 0.36503876540073E-01
 0.36698824701672E-01
 0.37643376403102E-01
 0.38128819593651E-01
 0.38390478076135E-01
 0.39152958947374E-01
 0.40184905972309E-01
 0.40226004934580E-01
 0.40875911345976E-01
 0.41758386431780E-01
 0.42263427951890E-01
 0.42531894903843E-01
 0.43318791628756E-01
 0.44381086822879E-01
 0.44484175338481E-01
 0.44782430070743E-01
 0.45654918775409E-01
 0.46842649484415E-01
 0.47124981359319E-01
 0.47444588627976E-01
 0.48377179397416E-01
 0.49655100207582E-01
 0.50288780214989E-01
 0.50628249341208E-01
 0.51621147071774E-01
 0.52979238571023E-01
 0.53625099661256E-01
 0.53969620373423E-01
 0.54977729348079E-01
 0.56358653006856E-01
 0.57077666302549E-01
 0.57461596367618E-01
 0.58588445528287E-01
 0.60124398725256E-01
 0.60272858544255E-01
 0.60621575877305E-01
 0.61646275745164E-01
 0.63048488338501E-01
 0.64038754875315E-01
 0.64573063265682E-01
 0.66134632904132E-01
 0.68284228508928E-01
 0.69276377832755E-01
 0.71054566377615E-01
 0.71956359978357E-01
 0.72436023851728E-01
 0.73845717850868E-01
 0.75778545428645E-01
 0.76730042894086E-01
 0.77235653186582E-01
 0.78724186835575E-01
 0.80762052428276E-01
 0.81751723862476E-01
 0.82275630406913E-01
 0.83821406601274E-01
 0.85929888751345E-01
 0.86906828884171E-01
 0.87419920148623E-01
 0.88935456521996E-01
 0.91002775328220E-01
 0.92087974079326E-01
 0.92659915068900E-01
 0.94348662281623E-01
 0.96655886403793E-01
 0.97811740204382E-01
 0.98421100527359E-01
 0.10022065787175E+00
 0.10268122288263E+00
 0.10392810355686E+00
 0.10458586880381E+00
 0.10652982687081E+00
 0.10918604791774E+00
 0.11047132275286E+00
 0.11114720207265E+00
 0.11314633922058E+00
 0.11587678196288E+00
 0.11725508626452E+00
 0.11798006396777E+00
 0.12012477043736E+00
 0.12305638248647E+00
 0.12454302282650E+00
 0.12532581312964E+00
 0.12764128740248E+00
 0.13080962583465E+00
 0.13240305162920E+00
 0.13324251528382E+00
 0.13572681470127E+00
 0.13912582341559E+00
 0.14080316749259E+00
 0.14168566982992E+00
 0.14429862646551E+00
 0.14787366329799E+00
 0.14967405187791E+00
 0.15062150086126E+00
 0.15342770273003E+00
 0.15726821282527E+00
 0.15918490434762E+00
 0.16019328572341E+00
 0.16318075883835E+00
 0.16727014096072E+00
 0.16930816719938E+00
 0.17038007188308E+00
 0.17355696244237E+00
 0.17790530145469E+00
 0.18006487493528E+00
 0.18119991770393E+00
 0.18456497260347E+00
 0.18917218195347E+00
 0.19149891074459E+00
 0.19272261714368E+00
 0.19635143106368E+00
 0.20132081569922E+00
 0.20378469385718E+00
 0.20507955088113E+00
 0.20892035479329E+00
 0.21418139480414E+00
 0.21683578245282E+00
 0.21823175912567E+00
 0.22237281117384E+00
 0.22804862140585E+00
 0.23089621384117E+00
 0.23239427070314E+00
 0.23683943002947E+00
 0.24293234160045E+00
 0.24595538617828E+00
 0.24754470066442E+00
 0.25226166235202E+00
 0.25872794782729E+00
 0.26197163724283E+00
 0.26367737558823E+00
 0.26874083789559E+00
 0.27568368707914E+00
 0.27914850371182E+00
 0.28097027095824E+00
 0.28637917166150E+00
 0.29379686558675E+00
 0.29750853233191E+00
 0.29946024579186E+00
 0.30525578264860E+00
 0.31320544660966E+00
 0.31717898003868E+00
 0.31926846111057E+00
 0.32547391456343E+00
 0.33398742659757E+00
 0.33824285955982E+00
 0.34048067709556E+00
 0.34712743135948E+00
 0.35624808841208E+00
 0.36080900198717E+00
 0.36320768079094E+00
 0.37033298817233E+00
 0.38011186201993E+00
 0.38499629063498E+00
 0.38756514235118E+00
 0.39519669351703E+00
 0.40567166474460E+00
 0.41090566546655E+00
 0.41365851185301E+00
 0.42183723631020E+00
 0.43306488097659E+00
 0.43867646420082E+00
 0.44162817360040E+00
 0.45039816992871E+00
 0.46243924679494E+00
 0.46845736302035E+00
 0.47162324453115E+00
 0.48102989279907E+00
 0.49394687111998E+00
 0.50040272592264E+00
 0.50379928947627E+00
 0.51389151571630E+00
 0.52775172065805E+00
 0.53467874739755E+00
 0.53832367903101E+00
 0.54915386887286E+00
 0.56402939662011E+00
 0.57146418420039E+00
 0.57537686962524E+00
 0.58700240394842E+00
 0.60297228403444E+00
 0.61095484502232E+00
 0.61515651773382E+00
 0.62764021146221E+00
 0.64479099410694E+00
 0.65336461179840E+00
 0.65787825769096E+00
 0.67128807673970E+00
 0.68971342263742E+00
 0.69892515881459E+00
 0.70377579607434E+00
 0.71818566743566E+00
 0.73798751765648E+00
 0.74788907144763E+00
 0.75310423359088E+00
 0.76859547296846E+00
 0.78988601413945E+00
 0.80053348255808E+00
 0.80614307233178E+00
 0.82280393923572E+00
 0.84570499555305E+00
 0.85715996519875E+00
 0.86319686575259E+00
 0.88112435594172E+00
 0.90576990707953E+00
 0.91809989694481E+00
 0.92460021481166E+00
 0.94390076410374E+00
 0.97043792951211E+00
 0.98371711830482E+00
 0.99072058563321E+00
 0.10115112394533E+01
 0.10401019223161E+01
 0.10544119912947E+01
 0.10619624337207E+01
 0.10843722056785E+01
 0.11151950023159E+01
 0.11306260607102E+01
 0.11387719118048E+01
 0.11629432747450E+01
 0.11961955699916E+01
 0.12128472265100E+01
 0.12216421249543E+01
 0.12477327386410E+01
 0.12836331366196E+01
 0.13016157334342E+01
 0.13111192131874E+01
 0.13393039174641E+01
 0.13780950493258E+01
 0.13975310985276E+01
 0.14078093953697E+01
 0.14382825352024E+01
 0.14802343398818E+01
 0.15012601999642E+01
 0.15123871968837E+01
 0.15453652861901E+01
 0.15907790536063E+01
 0.16136164055401E+01
 0.16257135239623E+01
 0.16615520640377E+01
 0.17109260618603E+01
 0.17356770189523E+01
 0.17487992840631E+01
 0.17876591970651E+01
 0.18412135364183E+01
 0.18680291222762E+01
 0.18822579701306E+01
 0.19243771248239E+01
 0.19824417911748E+01
 0.20115618565439E+01
 0.20270288115839E+01
 0.20727909944191E+01
 0.21359031957674E+01
 0.21675607920922E+01
 0.21843938615405E+01
 0.22341720343322E+01
 0.23028529026068E+01
 0.23373895482989E+01
 0.23557775466754E+01
 0.24101210096967E+01
 0.24851436705050E+01
 0.25228227803671E+01
 0.25429116843100E+01
 0.26022442002148E+01
 0.26842008462003E+01
 0.27254215333048E+01
 0.27474330258517E+01
 0.28123973510092E+01
 0.29021937827795E+01
 0.29473546644588E+01
 0.29715115935750E+01
 0.30427524608256E+01
 0.31412967044345E+01
 0.31909001617633E+01
 0.32174844428476E+01
 0.32958160392407E+01
 0.34042596530102E+01
 0.34588861537299E+01
 0.34882257135246E+01
 0.35745930653143E+01
 0.36942761633182E+01
 0.37546155198775E+01
 0.37871023648848E+01
 0.38826326278748E+01
 0.40151589462694E+01
 0.40820333702050E+01
 0.41181379385141E+01
 0.42241805290917E+01
 0.43714769464712E+01
 0.44458889811458E+01
 0.44861890787716E+01
 0.46043971461708E+01
 0.47688342947902E+01
 0.48520114703500E+01
 0.48972204717975E+01
 0.50296293181382E+01
 0.52141393778560E+01
 0.53076232189090E+01
 0.53586449888061E+01
 0.55078255360195E+01
 0.57161324441659E+01
 0.58218913231967E+01
 0.58798918797614E+01
 0.60491493708324E+01
 0.62860704960816E+01
 0.64066929922445E+01
 0.64732234650417E+01
 0.66669376121578E+01
 0.69389034484935E+01
 0.70779320605737E+01
 0.71551437369335E+01
 0.73793606070560E+01
 0.76953283803577E+01
 0.78579168984118E+01
 0.79489899900264E+01
 0.82125951373640E+01
 0.85858814263771E+01
 0.87803519450187E+01
 0.88905254395291E+01
 0.92080396028955E+01
 0.96607560976018E+01
 0.99036942132544E+01
 0.10043694678428E+02
 0.10444474960456E+02
 0.11022462722296E+02
 0.11376314910721E+02
 0.11588525293006E+02
 0.12185231624666E+02
 0.13074928576857E+02
 0.13129531424082E+02
 0.13349533659090E+02
 0.13972162103385E+02
 0.14887940534634E+02
 0.14908591388659E+02
 0.15483866733527E+02
 0.16311872400666E+02
 0.16429953236002E+02
 0.16633734246061E+02
 0.17219580839561E+02
 0.18055705371664E+02
 0.18427713689568E+02
 0.18639459360558E+02
 0.19250204867205E+02
 0.20116647637146E+02
 0.20512893152358E+02
 0.20736549045696E+02
 0.21383050215885E+02
 0.22296675469744E+02
 0.22718027018922E+02
 0.22954351252628E+02
 0.23638766721167E+02
 0.24602763762026E+02
 0.25048178818509E+02
 0.25296514036699E+02
 0.26017050383728E+02
 0.27028634984254E+02
 0.27495099520891E+02
 0.27753571145003E+02
 0.28504966430037E+02
 0.29556303418497E+02
 0.30037464171734E+02
 0.30302260658595E+02
 0.31073694932953E+02
 0.32148990830924E+02
 0.32631838743080E+02
 0.32895369016357E+02
 0.33665133024576E+02
 0.34733168570043E+02
 0.34770350896627E+02
 0.35013744572683E+02
 0.35727320067666E+02
 0.36711228198327E+02
 0.37253936401082E+02
 0.37547930918757E+02
 0.38407333252902E+02
 0.39597567533306E+02
 0.40237746523286E+02
 0.40587261402047E+02
 0.41606278639358E+02
 0.43022780675465E+02
 0.43767262328376E+02
 0.44176224884482E+02
 0.45365911537807E+02
 0.47023947986594E+02
 0.47885063917957E+02
 0.48360333650987E+02
 0.49740034204195E+02
 0.51666127778431E+02
 0.52660550362744E+02
 0.53211324903197E+02
 0.54806831924590E+02
 0.57035839961702E+02
 0.58184736021690E+02
 0.58822516518656E+02
 0.60665777579312E+02
 0.63239901664649E+02
 0.64535385436816E+02
 0.65253694910478E+02
 0.67326488998225E+02
 0.70211706525932E+02
 0.71602750933345E+02
 0.72368582695726E+02
 0.74579300854063E+02
 0.77634522093098E+02
 0.79121986046558E+02
 0.79932585574800E+02
 0.82272988333241E+02
 0.85481679632165E+02
 0.87067448459353E+02
 0.87922101229753E+02
 0.90389456438158E+02
 0.93742879779183E+02
 0.95445894380329E+02
 0.96353145031058E+02
 0.98970075486448E+02
 0.10249376100960E+03
 0.10440475882248E+03
 0.10541107472642E+03
 0.10830334162235E+03
 0.11215823509765E+03
 0.11518955265730E+03
 0.11677234733408E+03
 0.12118183174064E+03
 0.12699456562759E+03
 0.12991462734233E+03
 0.13141890546729E+03
 0.13562120425189E+03
 0.14098075379240E+03
 0.14402027110357E+03
 0.14549434924433E+03
 0.14958746990306E+03
 0.15460201452924E+03
 0.15702022050019E+03
 0.15814008940975E+03
 0.16127994572597E+03
 0.16495694370632E+03
 0.16636404109125E+03
 0.16700134618385E+03
 0.16882584487105E+03
 0.17092132238815E+03
 0.17187080329636E+03
 0.17227435243135E+03
 0.17343545969339E+03
 0.17473044504538E+03
 0.17534318711499E+03
 0.17558787857750E+03
 0.17629140273725E+03
 0.17703724210938E+03
 0.17738413376409E+03
 0.17750910258128E+03
 0.17786570734297E+03
 0.17820679703161E+03
 0.17834207047194E+03
 0.17838026125187E+03
 0.17848525092949E+03
 0.17855306734267E+03
 0.17855493342493E+03
 0.17854812200759E+03
 0.17852334606654E+03
 0.17847061545603E+03
 0.17843310074879E+03
 0.17841485149833E+03
 0.17835761053630E+03
 0.17828276642921E+03
 0.17824291069494E+03
 0.17822607204861E+03
 0.17817388017840E+03
 0.17811184274189E+03
 0.17808144175143E+03
 0.17806939177197E+03
 0.17803207853566E+03
 0.17798975043341E+03
 0.17796986764051E+03
 0.17796230601728E+03
 0.17793884478391E+03
 0.17791301744655E+03
 0.17790120998969E+03
 0.17789685369337E+03
 0.17788329825759E+03
 0.17786869397576E+03
 0.17786214602958E+03
 0.17785978569793E+03
 0.17785241878794E+03
 0.17784460962185E+03
 0.17784115996394E+03
 0.17783993870743E+03
 0.17783611632325E+03
 0.17783211473581E+03
 0.17783036775754E+03
 0.17782975795551E+03
 0.17782784472046E+03
 0.17782586123137E+03
 0.17782500359627E+03
 0.17782470756375E+03
 0.17782377687932E+03
 0.17782281951097E+03
 0.17782240892113E+03
 0.17782226849265E+03
 0.17782182624864E+03
 0.17782137426020E+03
 0.17782118181755E+03
 0.17782111652392E+03
 0.17782091058889E+03
 0.17782070131862E+03
 0.17782061283325E+03
 0.17782058304013E+03
 0.17782048893790E+03
 0.17782039384149E+03
 0.17782035392146E+03
 0.17782034059045E+03
 0.17782029841863E+03
 0.17782025605759E+03
 0.17782023842262E+03
 0.17782023259210E+03
 0.17782021411215E+03
 0.17782019568587E+03
 0.17782018809649E+03
 0.17782018562124E+03
 0.17782017775476E+03
 0.17782016999041E+03
 0.17782016684087E+03
 0.17782016583476E+03
 0.17782016262379E+03
 0.17782015950398E+03
 0.17782015826918E+03
 0.17782015788865E+03
 0.17782015666500E+03
 0.17782015550910E+03
 0.17782015507246E+03
 0.17782015494774E+03
 0.17782015453990E+03
 0.17782015417853E+03
 0.17782015405757E+03
 0.17782015403076E+03
 0.17782015393730E+03
 0.17782015387440E+03
 0.17782015386716E+03
 0.17782015387333E+03
 0.17782015388734E+03
 0.17782015392095E+03
 0.17782015394690E+03
 0.17782015396094E+03
 0.17782015400188E+03
 0.17782015405518E+03
 0.17782015408483E+03
 0.17782015409806E+03
 0.17782015413776E+03
 0.17782015418516E+03
 0.17782015420952E+03
 0.17782015421971E+03
 0.17782015425061E+03
 0.17782015428628E+03
 0.17782015430398E+03
 0.17782015431115E+03
 0.17782015433302E+03
 0.17782015435783E+03
 0.17782015436991E+03
 0.17782015437472E+03
 0.17782015438943E+03
 0.17782015440594E+03
 0.17782015441389E+03
 0.17782015441702E+03
 0.17782015442660E+03
 0.17782015443729E+03
 0.17782015444240E+03
 0.17782015444440E+03
 0.17782015445052E+03
 0.17782015445732E+03
 0.17782015446055E+03
 0.17782015446180E+03
 0.17782015446566E+03
 0.17782015446993E+03
 0.17782015447195E+03
 0.17782015447273E+03
 0.17782015447514E+03
 0.17782015447780E+03
 0.17782015447905E+03
 0.17782015447954E+03
 0.17782015448103E+03
 0.17782015448267E+03
 0.17782015448345E+03
 0.17782015448375E+03
 0.17782015448467E+03
 0.17782015448568E+03
 0.17782015448616E+03
 0.17782015448634E+03
 0.17782015448691E+03
 0.17782015448753E+03
 0.17782015448782E+03
 0.17782015448793E+03
 0.17782015448828E+03
 0.17782015448866E+03
 0.17782015448884E+03
 0.17782015448891E+03
 0.17782015448912E+03
 0.17782015448935E+03
 0.17782015448946E+03
 0.17782015448951E+03
 0.17782015448964E+03
 0.17782015448978E+03
 0.17782015448984E+03
 0.17782015448987E+03
 0.17782015448995E+03
 0.17782015449004E+03
 0.17782015449008E+03
 0.17782015449009E+03
 0.17782015449014E+03
 0.17782015449019E+03
 0.17782015449022E+03
 0.17782015449023E+03
 0.17782015449026E+03
 0.17782015449029E+03
 0.17782015449030E+03
 0.17782015449031E+03
 0.17782015449033E+03
 0.17782015449035E+03
 0.17782015449036E+03
 0.17782015449036E+03
 0.17782015449037E+03
 0.17782015449038E+03
 0.17782015449039E+03
 0.17782015449039E+03
 0.17782015449040E+03
 0.17782015449040E+03
 0.17782015449041E+03
 0.17782015449041E+03
 0.17782015449041E+03
 0.17782015449042E+03
 0.17782015449042E+03
 0.17782015449042E+03
 0.17782015449042E+03
 0.17782015449043E+03
 0.17782015449043E+03
 0.17782015449043E+03
 0.17782015449043E+03
 0.17782015449043E+03
 0.17782015449043E+03
 0.17782015449043E+03
 0.17782015449043E+03
 0.17782015449043E+03
 0.17782015449043E+03
 0.17782015449043E+03
 0.17782015449043E+03
 0.17782015449043E+03
 0.17782015449043E+03
 0.17782015449043E+03
 0.17782015449044E+03
 0.17782015449044E+03
 0.17782015449044E+03
 0.17782015449044E+03
 0.17782015449044E+03
 0.17782015449044E+03
 0.17782015449044E+03
 0.17782015449044E+03
 0.17782015449044E+03
 0.17782015449044E+03
 0.17782015449044E+03
 0.17782015449044E+03
 0.17782015449044E+03
 0.17782015449044E+03
 0.17782015449044E+03
 0.17782015449044E+03
 0.17782015449044E+03
 0.17782015449044E+03
 0.17782015449044E+03
 0.17782015449044E+03
 0.17782015449044E+03
 0.17782015449044E+03
 0.17782015449044E+03
 0.17782015449044E+03
 0.17782015449044E+03
 0.17782015449044E+03
 0.17782015449044E+03
 0.17782015449044E+03
 0.17782015449044E+03
 0.17782015449044E+03
 0.17782015449044E+03
 0.17782015449044E+03
 0.17782015449044E+03
 0.17782015449044E+03
 0.17782015449044E+03
 0.17782015449044E+03
 0.17782015449044E+03
 0.17782015449044E+03
 0.17782015449044E+03
 0.17782015449044E+03
 0.17782015449044E+03
 0.17782015449044E+03
 0.17782015449044E+03
 0.17782015449044E+03
 0.17782015449044E+03
 0.17782015449044E+03
