 0.00000000000000E+00
 0.10001000000000E+05
 0.10001000000000E+05
 0.10001000000000E+05
 0.10001000000000E+05
 0.10012166090260E+05
 0.10013984710607E+05
 0.10015197658362E+05
 0.10015197658362E+05
 0.10016637847939E+05
 0.10016637847939E+05
 0.10016637847939E+05
 0.10016637847939E+05
 0.10017988243067E+05
 0.10017988243067E+05
 0.10017988243067E+05
 0.10017988243067E+05
 0.10019511162584E+05
 0.10019511162584E+05
 0.10019511162584E+05
 0.10019511162584E+05
 0.10021019537440E+05
 0.10021019537440E+05
 0.10021019537440E+05
 0.10021019537440E+05
 0.10022595896043E+05
 0.10022595896043E+05
 0.10022595896043E+05
 0.10022595896043E+05
 0.10024212832880E+05
 0.10024212832880E+05
 0.10024212832880E+05
 0.10024212832880E+05
 0.10026304060095E+05
 0.10029317324126E+05
 0.10029317324126E+05
 0.10029317324126E+05
 0.10029317324126E+05
 0.10031190405753E+05
 0.10032966987952E+05
 0.10032966987952E+05
 0.10032966987952E+05
 0.10032966987952E+05
 0.10034823828319E+05
 0.10034823828319E+05
 0.10034823828319E+05
 0.10034823828319E+05
 0.10036961528888E+05
 0.10036961528888E+05
 0.10036961528888E+05
 0.10036961528888E+05
 0.10039019991682E+05
 0.10039019991682E+05
 0.10039019991682E+05
 0.10039019991682E+05
 0.10041095767747E+05
 0.10041095767747E+05
 0.10041095767747E+05
 0.10041095767747E+05
 0.10043509487629E+05
 0.10043509487629E+05
 0.10043509487629E+05
 0.10043509487629E+05
 0.10045950609011E+05
 0.10045950609011E+05
 0.10045950609011E+05
 0.10045950609011E+05
 0.10048471143571E+05
 0.10048471143571E+05
 0.10048471143571E+05
 0.10048471143571E+05
 0.10051275170016E+05
 0.10051275170016E+05
 0.10051275170016E+05
 0.10051275170016E+05
 0.10054259968992E+05
 0.10054259968992E+05
 0.10054259968992E+05
 0.10054259968992E+05
 0.10057078645826E+05
 0.10057078645826E+05
 0.10057078645826E+05
 0.10057078645826E+05
 0.10059644015098E+05
 0.10059644015098E+05
 0.10059644015098E+05
 0.10059644015098E+05
 0.10062742860980E+05
 0.10062742860980E+05
 0.10062742860980E+05
 0.10062742860980E+05
 0.10065698788865E+05
 0.10065698788865E+05
 0.10065698788865E+05
 0.10065698788865E+05
 0.10069043818838E+05
 0.10069043818838E+05
 0.10069043818838E+05
 0.10069043818838E+05
 0.10071938240145E+05
 0.10071938240145E+05
 0.10071938240145E+05
 0.10071938240145E+05
 0.10074650505163E+05
 0.10074650505163E+05
 0.10074650505163E+05
 0.10074650505163E+05
 0.10078037762695E+05
 0.10078037762695E+05
 0.10078037762695E+05
 0.10078037762695E+05
 0.10080961240776E+05
 0.10080961240776E+05
 0.10080961240776E+05
 0.10083930444453E+05
 0.10083930444453E+05
 0.10083930444453E+05
 0.10083930444453E+05
 0.10090514427890E+05
 0.10093162076925E+05
 0.10093162076925E+05
 0.10093162076925E+05
 0.10093162076925E+05
 0.10095565694677E+05
 0.10095565694677E+05
 0.10095565694677E+05
 0.10095565694677E+05
 0.10097731496234E+05
 0.10097731496234E+05
 0.10097731496234E+05
 0.10097731496234E+05
 0.10099465431142E+05
 0.10099465431142E+05
 0.10099465431142E+05
 0.10099465431142E+05
 0.10101076690058E+05
 0.10101076690058E+05
 0.10101076690058E+05
 0.10101076690058E+05
 0.10102434991005E+05
 0.10102434991005E+05
 0.10102434991005E+05
 0.10102434991005E+05
 0.10105431034842E+05
 0.10105431034842E+05
 0.10105431034842E+05
 0.10105431034842E+05
 0.10105842705398E+05
 0.10105842705398E+05
 0.10105842705398E+05
 0.10105842705398E+05
 0.10105607482718E+05
 0.10105607482718E+05
 0.10105607482718E+05
 0.10105607482718E+05
 0.10104885325266E+05
 0.10104885325266E+05
 0.10104885325266E+05
 0.10104885325266E+05
 0.10103583796974E+05
 0.10103583796974E+05
 0.10103583796974E+05
 0.10103583796974E+05
 0.10101802905479E+05
 0.10101802905479E+05
 0.10101802905479E+05
 0.10101802905479E+05
 0.10099403683114E+05
 0.10099403683114E+05
 0.10099403683114E+05
 0.10099403683114E+05
 0.10095939105810E+05
 0.10095939105810E+05
 0.10095939105810E+05
 0.10095939105810E+05
 0.10091775045768E+05
 0.10091775045768E+05
 0.10091775045768E+05
 0.10091775045768E+05
 0.10086237597551E+05
 0.10086237597551E+05
 0.10086237597551E+05
 0.10086237597551E+05
 0.10079274243632E+05
 0.10079274243632E+05
 0.10079274243632E+05
 0.10079274243632E+05
 0.10070986101927E+05
 0.10070986101927E+05
 0.10070986101927E+05
 0.10070986101927E+05
 0.10062120002511E+05
 0.10062120002511E+05
 0.10062120002511E+05
 0.10062120002511E+05
 0.10049341090670E+05
 0.10049341090670E+05
 0.10049341090670E+05
 0.10049341090670E+05
 0.10035461001556E+05
 0.10035461001556E+05
 0.10035461001556E+05
 0.10035461001556E+05
 0.10021147261329E+05
 0.10021147261329E+05
 0.10021147261329E+05
 0.10021147261329E+05
 0.10003126228917E+05
 0.10003126228917E+05
 0.10003126228917E+05
 0.10003126228917E+05
 0.99847370436801E+04
 0.99847370436801E+04
 0.99847370436801E+04
 0.99847370436801E+04
 0.99650875626820E+04
 0.99650875626820E+04
 0.99650875626820E+04
 0.99650875626820E+04
 0.99422719569180E+04
 0.99422719569180E+04
 0.99422719569180E+04
 0.99422719569180E+04
 0.98355079670176E+04
 0.98355079670176E+04
 0.98355079670176E+04
 0.98355079670176E+04
 0.97351819723517E+04
 0.97351819723517E+04
 0.96850263745841E+04
 0.96850263745841E+04
 0.96850263745841E+04
 0.96850263745841E+04
 0.96165689673222E+04
 0.96165689673222E+04
 0.96165689673222E+04
 0.96165689673222E+04
 0.95467803102809E+04
 0.95467803102809E+04
 0.95467803102809E+04
 0.95467803102809E+04
 0.94773350666846E+04
 0.94773350666846E+04
 0.94773350666846E+04
 0.94773350666846E+04
 0.93915661855396E+04
 0.93915661855396E+04
 0.93915661855396E+04
 0.93915661855396E+04
 0.93061180858563E+04
 0.93061180858563E+04
 0.93061180858563E+04
 0.93061180858563E+04
 0.91702658505417E+04
 0.91702658505417E+04
 0.91702658505417E+04
 0.91702658505417E+04
 0.90429904759645E+04
 0.90429904759645E+04
 0.90429904759645E+04
 0.89247333981635E+04
 0.89247333981635E+04
 0.89247333981635E+04
 0.89247333981635E+04
 0.88057625838348E+04
 0.88057625838348E+04
 0.88057625838348E+04
 0.88057625838348E+04
 0.86680158098405E+04
 0.86680158098405E+04
 0.86680158098405E+04
 0.86680158098405E+04
 0.85411985191849E+04
 0.85411985191849E+04
 0.85411985191849E+04
 0.85411985191849E+04
 0.83929799349487E+04
 0.83929799349487E+04
 0.83929799349487E+04
 0.83929799349487E+04
 0.82224793809645E+04
 0.82224793809645E+04
 0.82224793809645E+04
 0.82224793809645E+04
 0.80420586923137E+04
 0.80420586923137E+04
 0.80420586923137E+04
 0.80420586923137E+04
 0.78646720515357E+04
 0.78646720515357E+04
 0.78646720515357E+04
 0.78646720515357E+04
 0.76953304605514E+04
 0.76953304605514E+04
 0.76953304605514E+04
 0.76953304605514E+04
 0.75272285142887E+04
 0.75272285142887E+04
 0.75272285142887E+04
 0.75272285142887E+04
 0.73554699450977E+04
 0.73554699450977E+04
 0.73554699450977E+04
 0.73554699450977E+04
 0.71684856351346E+04
 0.71684856351346E+04
 0.71684856351346E+04
 0.71684856351346E+04
 0.69981182587124E+04
 0.69981182587124E+04
 0.69981182587124E+04
 0.69981182587124E+04
 0.68248631628952E+04
 0.68248631628952E+04
 0.68248631628952E+04
 0.68248631628952E+04
 0.66041135397987E+04
 0.66041135397987E+04
 0.66041135397987E+04
 0.66041135397987E+04
 0.63797737347838E+04
 0.63797737347838E+04
 0.63797737347838E+04
 0.63797737347838E+04
 0.61525456028064E+04
 0.61525456028064E+04
 0.61525456028064E+04
 0.61525456028064E+04
 0.59062765270222E+04
 0.59062765270222E+04
 0.59062765270222E+04
 0.59062765270222E+04
 0.55912992820147E+04
 0.55912992820147E+04
 0.55912992820147E+04
 0.55912992820147E+04
 0.53216682644251E+04
 0.53216682644251E+04
 0.53216682644251E+04
 0.53216682644251E+04
 0.50131041116249E+04
 0.50131041116249E+04
 0.50131041116249E+04
 0.50131041116249E+04
 0.47508643056933E+04
 0.47508643056933E+04
 0.47508643056933E+04
 0.47508643056933E+04
 0.44975677253937E+04
 0.44975677253937E+04
 0.44975677253937E+04
 0.44975677253937E+04
 0.42448834624049E+04
 0.42448834624049E+04
 0.42448834624049E+04
 0.42448834624049E+04
 0.40150448725475E+04
 0.40150448725475E+04
 0.40150448725475E+04
 0.40150448725475E+04
 0.37883655960951E+04
 0.37883655960951E+04
 0.37883655960951E+04
 0.37883655960951E+04
 0.34832435599815E+04
 0.34832435599815E+04
 0.31918978639407E+04
 0.31918978639407E+04
 0.31918978639407E+04
 0.31918978639407E+04
 0.29478837769096E+04
 0.29478837769096E+04
 0.29478837769096E+04
 0.27298473550770E+04
 0.27298473550770E+04
 0.27298473550770E+04
 0.27298473550770E+04
 0.24850819614130E+04
 0.24850819614130E+04
 0.24850819614130E+04
 0.24850819614130E+04
 0.22760985043507E+04
 0.22760985043507E+04
 0.22760985043507E+04
 0.22760985043507E+04
 0.20938461510686E+04
 0.20938461510686E+04
 0.20938461510686E+04
 0.20938461510686E+04
 0.18629663115754E+04
 0.18629663115754E+04
 0.18629663115754E+04
 0.18629663115754E+04
 0.16917125235450E+04
 0.16917125235450E+04
 0.16917125235450E+04
 0.15479405091417E+04
 0.15479405091417E+04
 0.15479405091417E+04
 0.15479405091417E+04
 0.14356108078934E+04
 0.14356108078934E+04
 0.14356108078934E+04
 0.13201145089299E+04
 0.13201145089299E+04
 0.13201145089299E+04
 0.13201145089299E+04
 0.12195930412216E+04
 0.12195930412216E+04
 0.12195930412216E+04
 0.12195930412216E+04
 0.11286454319721E+04
 0.11286454319721E+04
 0.11286454319721E+04
 0.11286454319721E+04
 0.10519488395358E+04
 0.10519488395358E+04
 0.10519488395358E+04
 0.10519488395358E+04
 0.98145662482072E+03
 0.98145662482072E+03
 0.98145662482072E+03
 0.98145662482072E+03
 0.91832130546074E+03
 0.91832130546074E+03
 0.91832130546074E+03
 0.91832130546074E+03
 0.83364557681436E+03
 0.83364557681436E+03
 0.83364557681436E+03
 0.83364557681436E+03
 0.76509627550545E+03
 0.76509627550545E+03
 0.76509627550545E+03
 0.76509627550545E+03
 0.70660651546075E+03
 0.70660651546075E+03
 0.70660651546075E+03
 0.70660651546075E+03
 0.64360780549881E+03
 0.64360780549881E+03
 0.64360780549881E+03
 0.64360780549881E+03
 0.58355469605529E+03
 0.58355469605529E+03
 0.58355469605529E+03
 0.58355469605529E+03
 0.52705447410964E+03
 0.52705447410964E+03
 0.52705447410964E+03
 0.52705447410964E+03
 0.49222234042765E+03
 0.49222234042765E+03
 0.45085873617827E+03
 0.45085873617827E+03
 0.45085873617827E+03
 0.45085873617827E+03
 0.42165365013671E+03
 0.42165365013671E+03
 0.42165365013671E+03
 0.39367954982294E+03
 0.39367954982294E+03
 0.39367954982294E+03
 0.39367954982294E+03
 0.36975914692796E+03
 0.36975914692796E+03
 0.36975914692796E+03
 0.36975914692796E+03
 0.34516102592418E+03
 0.34516102592418E+03
 0.34516102592418E+03
 0.34516102592418E+03
 0.32027888583636E+03
 0.32027888583636E+03
 0.32027888583636E+03
 0.32027888583636E+03
 0.29814245975072E+03
 0.29814245975072E+03
 0.29814245975072E+03
 0.29814245975072E+03
 0.27916246529195E+03
 0.27916246529195E+03
 0.27916246529195E+03
 0.27916246529195E+03
 0.26348875211657E+03
 0.26348875211657E+03
 0.26348875211657E+03
 0.26348875211657E+03
 0.24917510219412E+03
 0.24917510219412E+03
 0.24917510219412E+03
 0.24917510219412E+03
 0.23593241601379E+03
 0.23593241601379E+03
 0.22232427727534E+03
 0.22232427727534E+03
 0.22232427727534E+03
 0.22232427727534E+03
 0.20963815645994E+03
 0.20963815645994E+03
 0.20963815645994E+03
 0.20963815645994E+03
 0.19810844609958E+03
 0.19810844609958E+03
 0.19810844609958E+03
 0.19810844609958E+03
 0.18774607044657E+03
 0.18774607044657E+03
 0.18774607044657E+03
 0.18774607044657E+03
 0.17885057938055E+03
 0.17885057938055E+03
 0.17885057938055E+03
 0.17885057938055E+03
 0.17012900482579E+03
 0.17012900482579E+03
 0.17012900482579E+03
 0.17012900482579E+03
 0.16195820580450E+03
 0.16195820580450E+03
 0.16195820580450E+03
 0.16195820580450E+03
 0.15419096622873E+03
 0.15419096622873E+03
 0.15419096622873E+03
 0.15419096622873E+03
 0.14713604963817E+03
 0.14713604963817E+03
 0.14713604963817E+03
 0.14713604963817E+03
 0.14042500462697E+03
 0.14042500462697E+03
 0.14042500462697E+03
 0.14042500462697E+03
 0.13399650526598E+03
 0.13399650526598E+03
 0.13399650526598E+03
 0.13399650526598E+03
 0.12787531566827E+03
 0.12787531566827E+03
 0.12787531566827E+03
 0.12787531566827E+03
 0.12214890763838E+03
 0.12214890763838E+03
 0.12214890763838E+03
 0.12214890763838E+03
 0.11666831109371E+03
 0.11666831109371E+03
 0.11666831109371E+03
 0.11666831109371E+03
 0.11146276824946E+03
 0.11146276824946E+03
 0.11146276824946E+03
 0.11146276824946E+03
 0.10651640414724E+03
 0.10651640414724E+03
 0.10651640414724E+03
 0.10651640414724E+03
 0.10182586859146E+03
 0.10182586859146E+03
 0.10182586859146E+03
 0.10182586859146E+03
 0.97293631617197E+02
 0.97293631617197E+02
 0.97293631617197E+02
 0.97293631617197E+02
 0.92991237195277E+02
 0.92991237195277E+02
 0.92991237195277E+02
 0.92991237195277E+02
 0.88827157548532E+02
 0.88827157548532E+02
 0.88827157548532E+02
 0.88827157548532E+02
 0.84815044808846E+02
 0.84815044808846E+02
 0.84815044808846E+02
 0.84815044808846E+02
 0.80990250594677E+02
 0.80990250594677E+02
 0.80990250594677E+02
 0.80990250594677E+02
 0.77299114559293E+02
 0.77299114559293E+02
 0.77299114559293E+02
 0.77299114559293E+02
 0.73753422873699E+02
 0.73753422873699E+02
 0.73753422873699E+02
 0.73753422873699E+02
 0.70336100854208E+02
 0.70336100854208E+02
 0.70336100854208E+02
 0.70336100854208E+02
 0.67044683825437E+02
 0.67044683825437E+02
 0.67044683825437E+02
 0.67044683825437E+02
 0.63873483233808E+02
 0.63873483233808E+02
 0.63873483233808E+02
 0.63873483233808E+02
 0.60816174887684E+02
 0.60816174887684E+02
 0.60816174887684E+02
 0.60816174887684E+02
 0.57872077892143E+02
 0.57872077892143E+02
 0.57872077892143E+02
 0.57872077892143E+02
 0.55036216241063E+02
 0.55036216241063E+02
 0.55036216241063E+02
 0.55036216241063E+02
 0.52304405662457E+02
 0.52304405662457E+02
 0.52304405662457E+02
 0.52304405662457E+02
 0.49673663214630E+02
 0.49673663214630E+02
 0.49673663214630E+02
 0.49673663214630E+02
 0.47141327659731E+02
 0.47141327659731E+02
 0.47141327659731E+02
 0.47141327659731E+02
 0.44705076445847E+02
 0.44705076445847E+02
 0.44705076445847E+02
 0.44705076445847E+02
 0.42362598555538E+02
 0.42362598555538E+02
 0.42362598555538E+02
 0.42362598555538E+02
 0.40111626355071E+02
 0.40111626355071E+02
 0.40111626355071E+02
 0.40111626355071E+02
 0.37950072746372E+02
 0.37950072746372E+02
 0.37950072746372E+02
 0.37950072746372E+02
 0.35875938846268E+02
 0.35875938846268E+02
 0.35875938846268E+02
 0.35875938846268E+02
 0.33887192093510E+02
 0.33887192093510E+02
 0.33887192093510E+02
 0.33887192093510E+02
 0.31981921853329E+02
 0.31981921853329E+02
 0.31981921853329E+02
 0.31981921853329E+02
 0.30158193691275E+02
 0.30158193691275E+02
 0.30158193691275E+02
 0.30158193691275E+02
 0.28414081527762E+02
 0.28414081527762E+02
 0.28414081527762E+02
 0.28414081527762E+02
 0.26747654909111E+02
 0.26747654909111E+02
 0.26747654909111E+02
 0.26747654909111E+02
 0.25156968444702E+02
 0.25156968444702E+02
 0.25156968444702E+02
 0.25156968444702E+02
 0.23640059015521E+02
 0.23640059015521E+02
 0.23640059015521E+02
 0.23640059015521E+02
 0.22194943133453E+02
 0.22194943133453E+02
 0.22194943133453E+02
 0.22194943133453E+02
 0.20819615731909E+02
 0.20819615731909E+02
 0.20819615731909E+02
 0.20819615731909E+02
 0.19512049692572E+02
 0.19512049692572E+02
 0.19512049692572E+02
 0.19512049692572E+02
 0.18270194428391E+02
 0.18270194428391E+02
 0.18270194428391E+02
 0.18270194428391E+02
 0.17088464487202E+02
 0.17088464487202E+02
 0.17088464487202E+02
 0.17088464487202E+02
 0.15969110691689E+02
 0.15969110691689E+02
 0.15969110691689E+02
 0.15969110691689E+02
 0.14911493501728E+02
 0.14911493501728E+02
 0.14911493501728E+02
 0.14911493501728E+02
 0.13911965978053E+02
 0.13911965978053E+02
 0.13911965978053E+02
 0.13911965978053E+02
 0.12968474488315E+02
 0.12968474488315E+02
 0.12968474488315E+02
 0.12968474488315E+02
 0.12076975115437E+02
 0.12076975115437E+02
 0.12076975115437E+02
 0.12076975115437E+02
 0.11236909023495E+02
 0.11236909023495E+02
 0.11236909023495E+02
 0.11236909023495E+02
 0.10445375688227E+02
 0.10445375688227E+02
 0.10445375688227E+02
 0.10445375688227E+02
 0.97007830099624E+01
 0.97007830099624E+01
 0.97007830099624E+01
 0.97007830099624E+01
 0.90008540303676E+01
 0.90008540303676E+01
 0.90008540303676E+01
 0.90008540303676E+01
 0.83435092915797E+01
 0.83435092915797E+01
 0.83435092915797E+01
 0.83435092915797E+01
 0.77266840238007E+01
 0.77266840238007E+01
 0.77266840238007E+01
 0.77266840238007E+01
 0.71483803365232E+01
 0.71483803365232E+01
 0.71483803365232E+01
 0.71483803365232E+01
 0.66065714029879E+01
 0.66065714029879E+01
 0.66065714029879E+01
 0.66065714029879E+01
 0.60992815749646E+01
 0.60992815749646E+01
 0.60992815749646E+01
 0.60992815749646E+01
 0.56244935102533E+01
 0.56244935102533E+01
 0.56244935102533E+01
 0.56244935102533E+01
 0.51801651249700E+01
 0.51801651249700E+01
 0.51801651249700E+01
 0.51801651249700E+01
 0.47641521880015E+01
 0.47641521880015E+01
 0.47641521880015E+01
 0.47641521880015E+01
 0.43740756597709E+01
 0.43740756597709E+01
 0.43740756597709E+01
 0.43740756597709E+01
 0.40070126951838E+01
 0.40070126951838E+01
 0.40070126951838E+01
 0.40070126951838E+01
 0.36586517272848E+01
 0.36586517272848E+01
 0.36586517272848E+01
 0.36586517272848E+01
 0.33201154084954E+01
 0.33201154084954E+01
 0.33201154084954E+01
 0.33201154084954E+01
 0.29982508611997E+01
 0.29982508611997E+01
 0.29982508611997E+01
 0.29982508611997E+01
 0.27737947978738E+01
 0.27737947978738E+01
 0.27737947978738E+01
 0.25858223100254E+01
 0.25858223100254E+01
 0.25858223100254E+01
 0.25858223100254E+01
 0.24151758966494E+01
 0.24151758966494E+01
 0.24151758966494E+01
 0.24151758966494E+01
 0.22747989473733E+01
 0.22747989473733E+01
 0.22747989473733E+01
 0.22747989473733E+01
 0.21556735102980E+01
 0.21556735102980E+01
 0.21556735102980E+01
 0.21556735102980E+01
 0.20533926041545E+01
 0.20533926041545E+01
 0.20533926041545E+01
 0.20533926041545E+01
 0.19651387818889E+01
 0.19651387818889E+01
 0.19651387818889E+01
 0.19651387818889E+01
 0.18889138790152E+01
 0.18889138790152E+01
 0.18889138790152E+01
 0.18889138790152E+01
 0.18233699727039E+01
 0.18233699727039E+01
 0.18233699727039E+01
 0.18233699727039E+01
 0.17761923330993E+01
 0.17761923330993E+01
 0.17761923330993E+01
 0.17761923330993E+01
 0.17306991177550E+01
 0.17306991177550E+01
 0.17306991177550E+01
 0.17306991177550E+01
 0.16831869920617E+01
 0.16831869920617E+01
 0.16831869920617E+01
 0.16831869920617E+01
 0.16350662848311E+01
 0.16350662848311E+01
 0.16350662848311E+01
 0.16350662848311E+01
 0.15876937639994E+01
 0.15876937639994E+01
 0.15876937639994E+01
 0.15876937639994E+01
 0.15418712869932E+01
 0.15418712869932E+01
 0.15418712869932E+01
 0.15418712869932E+01
 0.14981147567794E+01
 0.14981147567794E+01
 0.14981147567794E+01
 0.14981147567794E+01
 0.14567802246306E+01
 0.14567802246306E+01
 0.14567802246306E+01
 0.14567802246306E+01
 0.14190726263617E+01
 0.14190726263617E+01
 0.14190726263617E+01
 0.14190726263617E+01
 0.13864896666121E+01
 0.13864896666121E+01
 0.13864896666121E+01
 0.13864896666121E+01
 0.13584622594501E+01
 0.13584622594501E+01
 0.13584622594501E+01
 0.13584622594501E+01
 0.13344591079074E+01
 0.13344591079074E+01
 0.13344591079074E+01
 0.13344591079074E+01
 0.13139171159543E+01
 0.13139171159543E+01
 0.13139171159543E+01
 0.13139171159543E+01
 0.12960244000139E+01
 0.12960244000139E+01
 0.12960244000139E+01
 0.12960244000139E+01
 0.12770051150688E+01
 0.12770051150688E+01
 0.12770051150688E+01
 0.12770051150688E+01
 0.12681734084956E+01
 0.12681734084956E+01
 0.12681734084956E+01
 0.12681734084956E+01
 0.12714810595218E+01
 0.12714810595218E+01
 0.12714810595218E+01
 0.12714810595218E+01
 0.12907253296084E+01
 0.12907253296084E+01
 0.12907253296084E+01
 0.12907253296084E+01
 0.13210692402128E+01
 0.13210692402128E+01
 0.13210692402128E+01
 0.13210692402128E+01
 0.13659503922800E+01
 0.13659503922800E+01
 0.13659503922800E+01
 0.13659503922800E+01
 0.14333163661584E+01
 0.14333163661584E+01
 0.14333163661584E+01
 0.14333163661584E+01
 0.15382780762326E+01
 0.15382780762326E+01
 0.15382780762326E+01
 0.15382780762326E+01
 0.17043336306693E+01
 0.17043336306693E+01
 0.17043336306693E+01
 0.17043336306693E+01
 0.19336717983580E+01
 0.19336717983580E+01
 0.19336717983580E+01
 0.19336717983580E+01
 0.22484273907194E+01
 0.22484273907194E+01
 0.22484273907194E+01
 0.22484273907194E+01
 0.26797889168922E+01
 0.26797889168922E+01
 0.26797889168922E+01
 0.26797889168922E+01
 0.32706118645651E+01
 0.32706118645651E+01
 0.32706118645651E+01
 0.32706118645651E+01
 0.40796170839241E+01
 0.40796170839241E+01
 0.40796170839241E+01
 0.40796170839241E+01
 0.51872275168299E+01
 0.51872275168299E+01
 0.51872275168299E+01
 0.51872275168299E+01
 0.67036277230748E+01
 0.67036277230748E+01
 0.67036277230748E+01
 0.67036277230748E+01
 0.87798656151924E+01
 0.87798656151924E+01
 0.87798656151924E+01
 0.87798656151924E+01
 0.11623129708264E+02
 0.11623129708264E+02
 0.11623129708264E+02
 0.11623129708264E+02
 0.15517767927198E+02
 0.15517767927198E+02
 0.15517767927198E+02
 0.15517767927198E+02
 0.20854210407588E+02
 0.20854210407588E+02
 0.20854210407588E+02
 0.20854210407588E+02
 0.28168780931888E+02
 0.28168780931888E+02
 0.28168780931888E+02
 0.28168780931888E+02
 0.38198515703444E+02
 0.38198515703444E+02
 0.38198515703444E+02
 0.38198515703444E+02
 0.51956673234214E+02
 0.51956673234214E+02
 0.51956673234214E+02
 0.51956673234214E+02
 0.70836780095579E+02
 0.70836780095579E+02
 0.70836780095579E+02
 0.70836780095579E+02
 0.96756042094141E+02
 0.96756042094141E+02
 0.96756042094141E+02
 0.96756042094141E+02
 0.13235307413719E+03
 0.13235307413719E+03
 0.13235307413719E+03
 0.13235307413719E+03
 0.18126060001364E+03
 0.18126060001364E+03
 0.18126060001364E+03
 0.18126060001364E+03
 0.24848164687315E+03
 0.24848164687315E+03
 0.24848164687315E+03
 0.24848164687315E+03
 0.34090863771394E+03
 0.34090863771394E+03
 0.34090863771394E+03
 0.34090863771394E+03
 0.46803981101433E+03
 0.46803981101433E+03
 0.46803981101433E+03
 0.46803981101433E+03
 0.64302582378337E+03
 0.64302582378337E+03
 0.64302582378337E+03
 0.64302582378337E+03
 0.88381879454268E+03
 0.88381879454268E+03
 0.88381879454268E+03
 0.88381879454268E+03
 0.12153509278165E+04
 0.12153509278165E+04
 0.12153509278165E+04
 0.12153509278165E+04
 0.16719604250130E+04
 0.16719604250130E+04
 0.16719604250130E+04
 0.16719604250130E+04
 0.23010255871944E+04
 0.23010255871944E+04
 0.23010255871944E+04
 0.23010255871944E+04
 0.31679333230161E+04
 0.31679333230161E+04
 0.31679333230161E+04
 0.31679333230161E+04
 0.43629442935973E+04
 0.43629442935973E+04
 0.43629442935973E+04
 0.43629442935973E+04
 0.60106815134140E+04
 0.60106815134140E+04
 0.60106815134140E+04
 0.60106815134140E+04
 0.82832469838715E+04
 0.82832469838715E+04
 0.82832469838715E+04
 0.82832469838715E+04
 0.11418356230593E+05
 0.11418356230593E+05
 0.11418356230593E+05
 0.11418356230593E+05
 0.15744413944602E+05
 0.15744413944602E+05
 0.15744413944602E+05
 0.15744413944602E+05
 0.21715191922201E+05
 0.21715191922201E+05
 0.21715191922201E+05
 0.21715191922201E+05
 0.29957792704598E+05
 0.29957792704598E+05
 0.29957792704598E+05
 0.29957792704598E+05
 0.41338996673373E+05
 0.41338996673373E+05
 0.41338996673373E+05
 0.41338996673373E+05
 0.57057048732661E+05
 0.57057048732661E+05
 0.57057048732661E+05
 0.57057048732661E+05
 0.78768654136624E+05
 0.78768654136624E+05
 0.78768654136624E+05
 0.78768654136624E+05
 0.10876470551814E+06
 0.10876470551814E+06
 0.10876470551814E+06
 0.10876470551814E+06
 0.15021346748007E+06
 0.15021346748007E+06
 0.15021346748007E+06
 0.15021346748007E+06
 0.20749714137736E+06
 0.20749714137736E+06
 0.20749714137736E+06
 0.20749714137736E+06
 0.28667771273640E+06
 0.28667771273640E+06
 0.28667771273640E+06
 0.28667771273640E+06
 0.39614179235107E+06
 0.39614179235107E+06
 0.39614179235107E+06
 0.39614179235107E+06
 0.54749329915804E+06
 0.54749329915804E+06
 0.54749329915804E+06
 0.54749329915804E+06
 0.75678938051417E+06
 0.75678938051417E+06
 0.75678938051417E+06
 0.75678938051417E+06
 0.10462514609982E+07
 0.10462514609982E+07
 0.10462514609982E+07
 0.10462514609982E+07
 0.14466347547690E+07
 0.14466347547690E+07
 0.14466347547690E+07
 0.14466347547690E+07
 0.20005090378554E+07
 0.20005090378554E+07
 0.20005090378554E+07
 0.20005090378554E+07
 0.27668018844470E+07
 0.27668018844470E+07
 0.27668018844470E+07
 0.27668018844470E+07
 0.38270923631198E+07
 0.38270923631198E+07
 0.38270923631198E+07
 0.38270923631198E+07
 0.52943231689821E+07
 0.52943231689821E+07
 0.52943231689821E+07
 0.52943231689821E+07
 0.73248749770378E+07
 0.73248749770378E+07
 0.73248749770378E+07
 0.73248749770378E+07
 0.10135281436642E+08
 0.10135281436642E+08
 0.10135281436642E+08
 0.10135281436642E+08
 0.14025390737274E+08
 0.14025390737274E+08
 0.14025390737274E+08
 0.14025390737274E+08
 0.19410451861098E+08
 0.19410451861098E+08
 0.19410451861098E+08
 0.19410451861098E+08
 0.26865545872044E+08
 0.26865545872044E+08
 0.26865545872044E+08
 0.26865545872044E+08
 0.37187210481774E+08
 0.37187210481774E+08
 0.37187210481774E+08
 0.37187210481774E+08
 0.51478580371474E+08
 0.51478580371474E+08
 0.51478580371474E+08
 0.51478580371474E+08
 0.71267922017188E+08
 0.71267922017188E+08
 0.71267922017188E+08
 0.71267922017188E+08
