 0.10000000000000E+01
 0.10000054988780E+01
 0.10000118960210E+01
 0.10000273290060E+01
 0.10000729360164E+01
 0.10000683448246E+01
 0.10000731274355E+01
 0.10000741749855E+01
 0.10000789306311E+01
 0.10000812098920E+01
 0.10000823840435E+01
 0.10000859064213E+01
 0.10000907103307E+01
 0.10000934773196E+01
 0.10000949056782E+01
 0.10000991894589E+01
 0.10001050448356E+01
 0.10001080059562E+01
 0.10001095327702E+01
 0.10001141109141E+01
 0.10001203553324E+01
 0.10001236901368E+01
 0.10001254071625E+01
 0.10001305557113E+01
 0.10001375898083E+01
 0.10001412617928E+01
 0.10001431562784E+01
 0.10001488383706E+01
 0.10001565844045E+01
 0.10001684703712E+01
 0.10001749102210E+01
 0.10001941936566E+01
 0.10002214656717E+01
 0.10002258765790E+01
 0.10002360233220E+01
 0.10002413445081E+01
 0.10002572972261E+01
 0.10002794818628E+01
 0.10002847098046E+01
 0.10002911429505E+01
 0.10002944458308E+01
 0.10003043527031E+01
 0.10003178177594E+01
 0.10003257583517E+01
 0.10003298401710E+01
 0.10003420829396E+01
 0.10003587576641E+01
 0.10003669922950E+01
 0.10003712178313E+01
 0.10003838921147E+01
 0.10004011233592E+01
 0.10004100399455E+01
 0.10004146099989E+01
 0.10004283150496E+01
 0.10004469493489E+01
 0.10004580702756E+01
 0.10004637903795E+01
 0.10004809469521E+01
 0.10005043349271E+01
 0.10005164986366E+01
 0.10005227555270E+01
 0.10005415223727E+01
 0.10005670642382E+01
 0.10005806703660E+01
 0.10005876596171E+01
 0.10006086230744E+01
 0.10006371563249E+01
 0.10006535689534E+01
 0.10006620167654E+01
 0.10006873657948E+01
 0.10007218815374E+01
 0.10007410004780E+01
 0.10007508353729E+01
 0.10007803327773E+01
 0.10008206028812E+01
 0.10008403336332E+01
 0.10008504869419E+01
 0.10008809406198E+01
 0.10009223932223E+01
 0.10009419987789E+01
 0.10009520374575E+01
 0.10009821486745E+01
 0.10010230373564E+01
 0.10010487456228E+01
 0.10010619681574E+01
 0.10011016180173E+01
 0.10011556185040E+01
 0.10011826232624E+01
 0.10011964779227E+01
 0.10012380079367E+01
 0.10012945944745E+01
 0.10013281412700E+01
 0.10013454411731E+01
 0.10013973285169E+01
 0.10014680730858E+01
 0.10015053311556E+01
 0.10015245003019E+01
 0.10015820075657E+01
 0.10016602618208E+01
 0.10016673592920E+01
 0.10016843884870E+01
 0.10017354778115E+01
 0.10018047770837E+01
 0.10018506974557E+01
 0.10018743124833E+01
 0.10019451413805E+01
 0.10020417639751E+01
 0.10020994069468E+01
 0.10021291978719E+01
 0.10022185677917E+01
 0.10023403328391E+01
 0.10023474455150E+01
 0.10024253939291E+01
 0.10025313489151E+01
 0.10027061289833E+01
 0.10028003951444E+01
 0.10030827357256E+01
 0.10034807450151E+01
 0.10036016416880E+01
 0.10036756012373E+01
 0.10037134036810E+01
 0.10038267941322E+01
 0.10039808148027E+01
 0.10040589549906E+01
 0.10040989589431E+01
 0.10042189334099E+01
 0.10043817179084E+01
 0.10044642807453E+01
 0.10045064708034E+01
 0.10046330250557E+01
 0.10048046745440E+01
 0.10048417150869E+01
 0.10048834524498E+01
 0.10050086321130E+01
 0.10051780144104E+01
 0.10052621977271E+01
 0.10053050482775E+01
 0.10054335877976E+01
 0.10056074277017E+01
 0.10059326867867E+01
 0.10061061337953E+01
 0.10066256124517E+01
 0.10073572748996E+01
 0.10074593624849E+01
 0.10075494422677E+01
 0.10078197418858E+01
 0.10081870365783E+01
 0.10083576435912E+01
 0.10084447211366E+01
 0.10087059620116E+01
 0.10090607741769E+01
 0.10092239534145E+01
 0.10093073331134E+01
 0.10095573628263E+01
 0.10098965483795E+01
 0.10100780997804E+01
 0.10101709995533E+01
 0.10104495740484E+01
 0.10108276114676E+01
 0.10110115280605E+01
 0.10111055304514E+01
 0.10113875512447E+01
 0.10117688431343E+01
 0.10119695687544E+01
 0.10120717665862E+01
 0.10123783282084E+01
 0.10127929730913E+01
 0.10130349258047E+01
 0.10131584328166E+01
 0.10135289688380E+01
 0.10140307016056E+01
 0.10142823220290E+01
 0.10144105046797E+01
 0.10147951307160E+01
 0.10153153391970E+01
 0.10156107598289E+01
 0.10157615058866E+01
 0.10162136068365E+01
 0.10168269406801E+01
 0.10171594354491E+01
 0.10173295446691E+01
 0.10178399799168E+01
 0.10185308195820E+01
 0.10188929928111E+01
 0.10190775773187E+01
 0.10196310639229E+01
 0.10203824607342E+01
 0.10207409306535E+01
 0.10209240004443E+01
 0.10214734054870E+01
 0.10222155406282E+01
 0.10226967396609E+01
 0.10229427153145E+01
 0.10236805173800E+01
 0.10246831641518E+01
 0.10251729280433E+01
 0.10254235335797E+01
 0.10261756382101E+01
 0.10271932955323E+01
 0.10276765922082E+01
 0.10279221754264E+01
 0.10286587263563E+01
 0.10296579256511E+01
 0.10302346802030E+01
 0.10305302451431E+01
 0.10314165125022E+01
 0.10326223472380E+01
 0.10331879906934E+01
 0.10334780011074E+01
 0.10343479355663E+01
 0.10355266158051E+01
 0.10361149621528E+01
 0.10364151373530E+01
 0.10373154397994E+01
 0.10385332957181E+01
 0.10391975934361E+01
 0.10395362636120E+01
 0.10405521625758E+01
 0.10419275223980E+01
 0.10446966942756E+01
 0.10461876213659E+01
 0.10506559048114E+01
 0.10569564751655E+01
 0.10598759921928E+01
 0.10614260821581E+01
 0.10660677554845E+01
 0.10725793809587E+01
 0.10743241840048E+01
 0.10770012036631E+01
 0.10787424866534E+01
 0.10796352309612E+01
 0.10823118882715E+01
 0.10859630559568E+01
 0.10877259571294E+01
 0.10886326224470E+01
 0.10913526569354E+01
 0.10950481482271E+01
 0.10968120971404E+01
 0.10977143109196E+01
 0.11004210245547E+01
 0.11040892950682E+01
 0.11062708866006E+01
 0.11073883146000E+01
 0.11107406320548E+01
 0.11152864006031E+01
 0.11174843169727E+01
 0.11186047617342E+01
 0.11219656189477E+01
 0.11265212855382E+01
 0.11300100616825E+01
 0.11318105084637E+01
 0.11372076948867E+01
 0.11445940175174E+01
 0.11487353135168E+01
 0.11508805429614E+01
 0.11573141815304E+01
 0.11661091017157E+01
 0.11675283152868E+01
 0.11733555288677E+01
 0.11812742328169E+01
 0.11813844985830E+01
 0.11830555195629E+01
 0.11880679512291E+01
 0.11948591995262E+01
 0.11987338708933E+01
 0.12007152203645E+01
 0.12066594253262E+01
 0.12147377979785E+01
 0.12184031294483E+01
 0.12202775151898E+01
 0.12259009076687E+01
 0.12335096195080E+01
 0.12385152274091E+01
 0.12410799917024E+01
 0.12487702739526E+01
 0.12592443100787E+01
 0.12613710151197E+01
 0.12640595845990E+01
 0.12721213701751E+01
 0.12831005335990E+01
 0.12888679252587E+01
 0.12918332235022E+01
 0.13007294978738E+01
 0.13128119345977E+01
 0.13187714816064E+01
 0.13218193798256E+01
 0.13309621475967E+01
 0.13433680725195E+01
 0.13493301542741E+01
 0.13523738113420E+01
 0.13615027505566E+01
 0.13738761178136E+01
 0.13800712819865E+01
 0.13832326546167E+01
 0.13927175114703E+01
 0.14055400287042E+01
 0.14121949239454E+01
 0.14155805532088E+01
 0.14257383263931E+01
 0.14394920484629E+01
 0.14470882505176E+01
 0.14509682344120E+01
 0.14626093225693E+01
 0.14783862469919E+01
 0.14857006883896E+01
 0.14894291199514E+01
 0.15006141231840E+01
 0.15157577562869E+01
 0.15235916651639E+01
 0.15275884819575E+01
 0.15395802454057E+01
 0.15557928313496E+01
 0.15663865612240E+01
 0.15718052445952E+01
 0.15880636639352E+01
 0.16101211125735E+01
 0.16217082206012E+01
 0.16276343377283E+01
 0.16454156703087E+01
 0.16695369179398E+01
 0.16822191127905E+01
 0.16887060081498E+01
 0.17081643033875E+01
 0.17345996738576E+01
 0.17495082717772E+01
 0.17571611953736E+01
 0.17801176527328E+01
 0.18113262039564E+01
 0.18323876807724E+01
 0.18432623293266E+01
 0.18758912545965E+01
 0.19204217074745E+01
 0.19408162193577E+01
 0.19512770880455E+01
 0.19826705149935E+01
 0.20253844913509E+01
 0.20516108869474E+01
 0.20651359943209E+01
 0.21057268116427E+01
 0.21610931367253E+01
 0.21865886183079E+01
 0.21996591285922E+01
 0.22388741932297E+01
 0.22922931509875E+01
 0.23200718698156E+01
 0.23343495960576E+01
 0.23771958016770E+01
 0.24355154427221E+01
 0.24670154783147E+01
 0.24832078649078E+01
 0.25318070180704E+01
 0.25979478579780E+01
 0.26351705837399E+01
 0.26543244583433E+01
 0.27118130850679E+01
 0.27900453544951E+01
 0.28029874318211E+01
 0.28218465204420E+01
 0.28784477915644E+01
 0.29554197161728E+01
 0.30458275375288E+01
 0.30937065192546E+01
 0.32376548170221E+01
 0.34374188179966E+01
 0.34621672749368E+01
 0.36055928897243E+01
 0.36946377690378E+01
 0.37411061295115E+01
 0.38807642195622E+01
 0.40730038976016E+01
 0.40742922633137E+01
 0.41889268669888E+01
 0.43453876924528E+01
 0.44464290830370E+01
 0.44989014281803E+01
 0.46565634703637E+01
 0.48726462886053E+01
 0.49804965938347E+01
 0.50362519565895E+01
 0.52037246897375E+01
 0.54332374423698E+01
 0.55489136850289E+01
 0.56087802130869E+01
 0.57885734199711E+01
 0.60345980647182E+01
 0.62189497375149E+01
 0.63157007564382E+01
 0.66066208714708E+01
 0.70080845176015E+01
 0.72417928749532E+01
 0.73645338434610E+01
 0.77339330309862E+01
 0.82441908277128E+01
 0.83052981427720E+01
 0.86727857303267E+01
 0.91791081210666E+01
 0.91867485768795E+01
 0.93122169683048E+01
 0.96894418972027E+01
 0.10206841692638E+02
 0.10297097247421E+02
 0.10700930068410E+02
 0.11255498253824E+02
 0.11363422531987E+02
 0.11492782717103E+02
 0.11881414501689E+02
 0.12412952081350E+02
 0.12691077823393E+02
 0.12834828390776E+02
 0.13266627138957E+02
 0.13857969767585E+02
 0.14143645771338E+02
 0.14291196100380E+02
 0.14734446646170E+02
 0.15339742003716E+02
 0.15656822583409E+02
 0.15820421699625E+02
 0.16311858673251E+02
 0.16983111782950E+02
 0.17324880175019E+02
 0.17501114991012E+02
 0.18030576601069E+02
 0.18752530936098E+02
 0.19316722359686E+02
 0.19611981729202E+02
 0.20500256487121E+02
 0.21724139158216E+02
 0.22318128553361E+02
 0.22626795102646E+02
 0.23554910309351E+02
 0.24831241457668E+02
 0.25555894378447E+02
 0.25934488088634E+02
 0.27073353491294E+02
 0.28641583253069E+02
 0.29060773475888E+02
 0.29521013990389E+02
 0.30905795085317E+02
 0.32818575704600E+02
 0.33923075202076E+02
 0.34504139133554E+02
 0.36253687709761E+02
 0.38676986402240E+02
 0.40073852624532E+02
 0.40811623190517E+02
 0.43033954258642E+02
 0.46122014098909E+02
 0.48058397283745E+02
 0.49091544026379E+02
 0.52207937505883E+02
 0.56570538597360E+02
 0.57375302470111E+02
 0.61114427118029E+02
 0.63144536908626E+02
 0.64214454546203E+02
 0.67435855057217E+02
 0.71910309431713E+02
 0.72090898392280E+02
 0.74997062310840E+02
 0.79005317687572E+02
 0.81382099183632E+02
 0.82631996855516E+02
 0.86393090991137E+02
 0.91605439635665E+02
 0.92131360285459E+02
 0.93608834942443E+02
 0.98055909911694E+02
 0.10423021927216E+03
 0.10576375281512E+03
 0.10745614345200E+03
 0.11255070817262E+03
 0.11962423924081E+03
 0.12330362078986E+03
 0.12524136539516E+03
 0.13107411503882E+03
 0.13917328289170E+03
 0.14319665315203E+03
 0.14531029482828E+03
 0.15167066127651E+03
 0.16048584989019E+03
 0.16527955729463E+03
 0.16780516540271E+03
 0.17540654562681E+03
 0.18596445263084E+03
 0.18704709739726E+03
 0.18948151004044E+03
 0.19680261851880E+03
 0.20691652278596E+03
 0.21434996359272E+03
 0.21832138595745E+03
 0.23029222173423E+03
 0.24706384804789E+03
 0.25516986620659E+03
 0.26969004605405E+03
 0.27733842567110E+03
 0.28136727861253E+03
 0.29349130291414E+03
 0.31032622403495E+03
 0.31894241331315E+03
 0.32347711559446E+03
 0.33712181404417E+03
 0.35606390024618E+03
 0.36558845938732E+03
 0.37059506762379E+03
 0.38565710116243E+03
 0.40654962413187E+03
 0.41649389914707E+03
 0.42170131284774E+03
 0.43736102267836E+03
 0.45902012886434E+03
 0.47070712383617E+03
 0.47684627480433E+03
 0.49531201789337E+03
 0.52089705821381E+03
 0.53409017876263E+03
 0.54101898968312E+03
 0.56185999570101E+03
 0.59073921242625E+03
 0.60581050763990E+03
 0.61373198474685E+03
 0.63756000582617E+03
 0.67060015929997E+03
 0.68702309392231E+03
 0.69563953331535E+03
 0.72155340039081E+03
 0.75744363123884E+03
 0.77603686506299E+03
 0.78579977925968E+03
 0.81516270824932E+03
 0.85584529945845E+03
 0.87703088638198E+03
 0.88816337199851E+03
 0.92164791879794E+03
 0.96806704401918E+03
 0.99205980714130E+03
 0.10046710568822E+04
 0.10426044984876E+04
 0.10952098114641E+04
 0.11218578990197E+04
 0.11358558924899E+04
 0.11779576016443E+04
 0.12363202169120E+04
 0.12664754646013E+04
 0.12823253147060E+04
 0.13299984498147E+04
 0.13961096533516E+04
 0.14299459444661E+04
 0.14477299923486E+04
 0.15012205508995E+04
 0.15754010333103E+04
 0.16132968492519E+04
 0.16332133841708E+04
 0.16931172670434E+04
 0.17761910269670E+04
 0.18184465321156E+04
 0.18406492455241E+04
 0.19074272356725E+04
 0.20000192468271E+04
 0.20479111666669E+04
 0.20730937623951E+04
 0.21488383305872E+04
 0.22539164265391E+04
 0.23072431331719E+04
 0.23352721335170E+04
 0.24195748995827E+04
 0.25365001786083E+04
 0.25968878282275E+04
 0.26286503638741E+04
 0.27241876460998E+04
 0.28567566024726E+04
 0.29248602969735E+04
 0.29606914666116E+04
 0.30684692304067E+04
 0.32180672153509E+04
 0.32940175206822E+04
 0.33339656633435E+04
 0.34541232844074E+04
 0.36208766336480E+04
 0.37064591972299E+04
 0.37514917002396E+04
 0.38869454709740E+04
 0.40749780564240E+04
 0.41709646383946E+04
 0.42214737028072E+04
 0.43734001580911E+04
 0.45843140058789E+04
 0.46922528076053E+04
 0.47490641927650E+04
 0.49199494774098E+04
 0.51572240651911E+04
 0.52785112208243E+04
 0.53423576598399E+04
 0.55344052829159E+04
 0.58010985442037E+04
 0.59374142449323E+04
 0.60091830797852E+04
 0.62250624291775E+04
 0.65248894203581E+04
 0.66782020801697E+04
 0.67589343289734E+04
 0.70017776548306E+04
 0.73391038912720E+04
 0.75113792417883E+04
 0.76021070891918E+04
 0.78750180317744E+04
 0.82541475816788E+04
 0.84478294603007E+04
 0.85498448047701E+04
 0.88567101109067E+04
 0.92830548087856E+04
 0.95009131834463E+04
 0.96156790677308E+04
 0.99609002676523E+04
 0.10440589169537E+05
 0.10685709050686E+05
 0.10814853569826E+05
 0.11203328315498E+05
 0.11743176573308E+05
 0.12019046221884E+05
 0.12164410365872E+05
 0.12601676658244E+05
 0.13209390007057E+05
 0.13519944926714E+05
 0.13683605276511E+05
 0.14175909636312E+05
 0.14860177983878E+05
 0.15209894383458E+05
 0.15394213343235E+05
 0.15948662165631E+05
 0.16719372619684E+05
 0.17113345190830E+05
 0.17321011896466E+05
 0.17945694503590E+05
 0.18814102567401E+05
 0.19258108344314E+05
 0.19492171637726E+05
 0.20196259263183E+05
 0.21175124310590E+05
 0.21675726428251E+05
 0.21939649868962E+05
 0.22733561183077E+05
 0.23837376920354E+05
 0.24402063568394E+05
 0.24699799401886E+05
 0.25595423219039E+05
 0.26840729487544E+05
 0.27478005852540E+05
 0.27814042117429E+05
 0.28824878738209E+05
 0.30230453989769E+05
 0.30950022692549E+05
 0.31329479465024E+05
 0.32470930439146E+05
 0.34058197101201E+05
 0.34871122803254E+05
 0.35299838440752E+05
 0.36589465876292E+05
 0.38382849365753E+05
 0.39301759912958E+05
 0.39786397062825E+05
 0.41244242467484E+05
 0.43271613774400E+05
 0.44310933468268E+05
 0.44859101931133E+05
 0.46508055736834E+05
 0.48801244252168E+05
 0.49977460616570E+05
 0.50597857692657E+05
 0.52464081307493E+05
 0.55059460013800E+05
 0.56391432465684E+05
 0.57094005286927E+05
 0.59207419230140E+05
 0.62146581179454E+05
 0.63655897976572E+05
 0.64452031096665E+05
 0.66846879034491E+05
 0.70177418490225E+05
 0.71888810713225E+05
 0.72791543527482E+05
 0.75507045944347E+05
 0.79283463043271E+05
 0.81225285123789E+05
 0.82249564032020E+05
 0.85330703898372E+05
 0.89615360755486E+05
 0.91826979424302E+05
 0.92993712148208E+05
 0.96503428554727E+05
 0.10138434940980E+06
 0.10389732742554E+06
 0.10522291518661E+06
 0.10921035627398E+06
 0.11475565769179E+06
 0.11760831346605E+06
 0.11911296198493E+06
 0.12363901487202E+06
 0.12993220062190E+06
 0.13317637126900E+06
 0.13488730421606E+06
 0.14003379264009E+06
 0.14718896788614E+06
 0.15087998203484E+06
 0.15282636870332E+06
 0.15868097777438E+06
 0.16681955240578E+06
 0.17103058086338E+06
 0.17325111811349E+06
 0.17993030841545E+06
 0.18921438754492E+06
 0.19401543558324E+06
 0.19654666583005E+06
 0.20416028293961E+06
 0.21474128101755E+06
 0.22022456756749E+06
 0.22311507709076E+06
 0.23180919672853E+06
 0.24388992627873E+06
 0.25015464118791E+06
 0.25345641887582E+06
 0.26338733599620E+06
 0.27718364662657E+06
 0.28434986000657E+06
 0.28812592860431E+06
 0.29948311919173E+06
 0.31525707595589E+06
 0.32346364245469E+06
 0.32778678247458E+06
 0.34078902664482E+06
 0.35884287078704E+06
 0.36825239523656E+06
 0.37320777388264E+06
 0.38811107964219E+06
 0.40879816658034E+06
 0.41960093780882E+06
 0.42528810490312E+06
 0.44239167839147E+06
 0.46612454094823E+06
 0.47854592857513E+06
 0.48508270595039E+06
 0.50474065426472E+06
 0.53200711389389E+06
 0.54631402724252E+06
 0.55383978497510E+06
 0.57647094848873E+06
 0.60784731974917E+06
 0.62436077325109E+06
 0.63304302506566E+06
 0.65915080396390E+06
 0.69532915630268E+06
 0.71443932887201E+06
 0.72448153792065E+06
 0.75467735931301E+06
 0.79649748489625E+06
 0.81868950449594E+06
 0.83034461780152E+06
 0.86538864216510E+06
 0.91389403658255E+06
 0.93979327921632E+06
 0.95338767653202E+06
 0.99426087330733E+06
 0.10507982737002E+07
 0.10812637980110E+07
 0.10972471138408E+07
 0.11453013053943E+07
 0.12117290930713E+07
 0.12480893579771E+07
 0.12671613462168E+07
 0.13245015294128E+07
 0.14037237784093E+07
 0.14486011509269E+07
 0.14721602395962E+07
 0.15429975148684E+07
 0.16408648054445E+07
 0.17046365656851E+07
 0.17383615908184E+07
 0.18398368939838E+07
 0.19804855282496E+07
 0.19944998880547E+07
 0.20276112151167E+07
 0.21271344641438E+07
 0.22639785735513E+07
 0.22695989563895E+07
 0.23561943304962E+07
 0.24743465405450E+07
 0.24940886045132E+07
 0.25215521784176E+07
 0.26039996651458E+07
 0.27159829028213E+07
 0.27678457478044E+07
 0.27943016616034E+07
 0.28737045428385E+07
 0.29811475067116E+07
 0.30318912931433E+07
 0.30576805215075E+07
 0.31350701571882E+07
 0.32394847342298E+07
 0.32889502414008E+07
 0.33140085223501E+07
 0.33891958739366E+07
 0.34903882732081E+07
 0.35382081496009E+07
 0.35623635405643E+07
 0.36348352371653E+07
 0.37321614210228E+07
 0.37778871393767E+07
 0.38009260904718E+07
 0.38700433994573E+07
 0.39626873958553E+07
 0.40057385696829E+07
 0.40273810618147E+07
 0.40923055844764E+07
 0.41791832944190E+07
 0.42186664074387E+07
 0.42384757949795E+07
 0.42978992334200E+07
 0.43773002495840E+07
 0.43809580521212E+07
 0.43981289487565E+07
 0.44496372613988E+07
 0.45183916633239E+07
 0.45565682204953E+07
 0.45756757644698E+07
 0.46329902565524E+07
 0.47094216474505E+07
 0.47508540009337E+07
 0.47715590709708E+07
 0.48336605823653E+07
 0.49163660235797E+07
 0.49602211063531E+07
 0.49820929657666E+07
 0.50476874345981E+07
 0.51348975477592E+07
 0.51806346483358E+07
 0.52033884516761E+07
 0.52716189994367E+07
 0.53621454219145E+07
 0.54093860265782E+07
 0.54328157562471E+07
 0.55030613318703E+07
 0.55960227255774E+07
 0.56445129775563E+07
 0.56684701967282E+07
 0.57402816377158E+07
 0.58350110277325E+07
 0.58833391861389E+07
 0.59071100516106E+07
 0.59783471735858E+07
 0.60719711966658E+07
 0.61177983288054E+07
 0.61402384741494E+07
 0.62074791669990E+07
 0.62955247703221E+07
 0.63390650581110E+07
 0.63602710537018E+07
 0.64238075377810E+07
 0.65066448398249E+07
 0.65482654877827E+07
 0.65684028530680E+07
 0.66287341490104E+07
 0.67069780710957E+07
 0.67474266741807E+07
 0.67668232657832E+07
 0.68249342389444E+07
 0.68997654920339E+07
 0.69411580516037E+07
 0.69607147895880E+07
 0.70193043753038E+07
 0.70938659211505E+07
 0.71541063253459E+07
 0.71809251605773E+07
 0.72612043208724E+07
 0.73586893491766E+07
 0.74104083967159E+07
 0.74323317230337E+07
 0.74982126157056E+07
 0.75745392938418E+07
 0.76195907100551E+07
 0.76362586634939E+07
 0.76869286867617E+07
 0.77385872787833E+07
 0.77634138962434E+07
 0.77699436567545E+07
 0.77906185138471E+07
 0.78030579967694E+07
 0.78055041541721E+07
 0.78033034753376E+07
 0.77973748099344E+07
 0.77810976081958E+07
 0.77703795876689E+07
 0.77626566713295E+07
 0.77400556988481E+07
 0.77046387460261E+07
 0.76833146827606E+07
 0.76711600749999E+07
 0.76352312177138E+07
 0.75847139423967E+07
 0.75545832208612E+07
 0.75390382891664E+07
 0.74929085517121E+07
 0.74318305915999E+07
 0.73967244343966E+07
 0.73799159342955E+07
 0.73298638681361E+07
 0.72667462803487E+07
 0.72361772353737E+07
 0.72222971192511E+07
 0.71807522545533E+07
 0.71298863181827E+07
 0.71057005662450E+07
 0.70950656153243E+07
 0.70631135232133E+07
 0.70247264733894E+07
 0.70066693581674E+07
 0.69988975564240E+07
 0.69754808028436E+07
 0.69477088670404E+07
 0.69347425445242E+07
 0.69292447619665E+07
 0.69126444300857E+07
 0.68931378270352E+07
 0.68840794799608E+07
 0.68802811096509E+07
 0.68687939090257E+07
 0.68553905629505E+07
 0.68491921289005E+07
 0.68466158797203E+07
 0.68388150522387E+07
 0.68297651846700E+07
 0.68255942840508E+07
 0.68238735986011E+07
 0.68186580191239E+07
 0.68126367564418E+07
 0.68098698001019E+07
 0.68087355861961E+07
 0.68052945447930E+07
 0.68013384601236E+07
 0.67995251260974E+07
 0.67987858650427E+07
 0.67965412478568E+07
 0.67939697359876E+07
 0.67927935971893E+07
 0.67923162987432E+07
 0.67908660593844E+07
 0.67892094626735E+07
 0.67884531562150E+07
 0.67881473856511E+07
 0.67872177662799E+07
 0.67861583959845E+07
 0.67856754702858E+07
 0.67854808186299E+07
 0.67848887344872E+07
 0.67842153016552E+07
 0.67839086812555E+07
 0.67837853924315E+07
 0.67834102251856E+07
 0.67829841635299E+07
 0.67827903624993E+07
 0.67827125875511E+07
 0.67824758416699E+07
 0.67822073057653E+07
 0.67820852534972E+07
 0.67820363475053E+07
 0.67818874395551E+07
 0.67817186999474E+07
 0.67816420545957E+07
 0.67816113807507E+07
 0.67815179662252E+07
 0.67814121930657E+07
 0.67813641732808E+07
 0.67813449745975E+07
 0.67812864969094E+07
 0.67812203245735E+07
 0.67811902959196E+07
 0.67811782999841E+07
 0.67811417563551E+07
 0.67811004257985E+07
 0.67810816769474E+07
 0.67810741921641E+07
 0.67810513884778E+07
 0.67810256089829E+07
 0.67810139181912E+07
 0.67810092537486E+07
 0.67809950414005E+07
 0.67809789804002E+07
 0.67809716988341E+07
 0.67809687950384E+07
 0.67809599466067E+07
 0.67809499504848E+07
 0.67809454183620E+07
 0.67809436119191E+07
 0.67809381069085E+07
 0.67809318899519E+07
 0.67809290736309E+07
 0.67809279514292E+07
 0.67809245314281E+07
 0.67809206699335E+07
 0.67809189204671E+07
 0.67809182236083E+07
 0.67809160997638E+07
 0.67809137023019E+07
 0.67809126163173E+07
 0.67809121838767E+07
 0.67809108658477E+07
 0.67809093783324E+07
 0.67809087046451E+07
 0.67809084364598E+07
 0.67809076190265E+07
 0.67809066966616E+07
 0.67809062789959E+07
 0.67809061127743E+07
 0.67809056061076E+07
 0.67809050345075E+07
 0.67809047757156E+07
 0.67809046727484E+07
 0.67809043588783E+07
 0.67809040048452E+07
 0.67809038445805E+07
 0.67809037808303E+07
 0.67809035864967E+07
 0.67809033673323E+07
 0.67809032681344E+07
 0.67809032286844E+07
 0.67809031084226E+07
 0.67809029728158E+07
 0.67809029114461E+07
 0.67809028870452E+07
 0.67809028126578E+07
 0.67809027287913E+07
 0.67809026908419E+07
 0.67809026757562E+07
 0.67809026297652E+07
 0.67809025779211E+07
 0.67809025544647E+07
 0.67809025451421E+07
 0.67809025167200E+07
 0.67809024846850E+07
 0.67809024701929E+07
 0.67809024644341E+07
 0.67809024468768E+07
 0.67809024270902E+07
 0.67809024181401E+07
 0.67809024145843E+07
 0.67809024037428E+07
 0.67809023915264E+07
 0.67809023860011E+07
 0.67809023838063E+07
 0.67809023771144E+07
 0.67809023695747E+07
 0.67809023661650E+07
 0.67809023648107E+07
 0.67809023606817E+07
 0.67809023560300E+07
 0.67809023539265E+07
 0.67809023530913E+07
 0.67809023505444E+07
 0.67809023476755E+07
 0.67809023463784E+07
 0.67809023458633E+07
 0.67809023442929E+07
 0.67809023425241E+07
 0.67809023417245E+07
 0.67809023414070E+07
 0.67809023404390E+07
 0.67809023393488E+07
 0.67809023388560E+07
 0.67809023386604E+07
 0.67809023380638E+07
 0.67809023373921E+07
 0.67809023370885E+07
 0.67809023369680E+07
 0.67809023366005E+07
 0.67809023361867E+07
 0.67809023359997E+07
 0.67809023359255E+07
 0.67809023356992E+07
 0.67809023354444E+07
 0.67809023353292E+07
 0.67809023352835E+07
 0.67809023351442E+07
 0.67809023349873E+07
 0.67809023349164E+07
 0.67809023348883E+07
 0.67809023348025E+07
 0.67809023347059E+07
 0.67809023346623E+07
 0.67809023346450E+07
 0.67809023345922E+07
 0.67809023345328E+07
 0.67809023345060E+07
 0.67809023344953E+07
 0.67809023344628E+07
 0.67809023344263E+07
 0.67809023344098E+07
 0.67809023344032E+07
 0.67809023343832E+07
 0.67809023343608E+07
 0.67809023343506E+07
 0.67809023343466E+07
 0.67809023343343E+07
 0.67809023343205E+07
 0.67809023343142E+07
 0.67809023343117E+07
 0.67809023343042E+07
 0.67809023342957E+07
 0.67809023342918E+07
 0.67809023342903E+07
 0.67809023342857E+07
 0.67809023342804E+07
 0.67809023342781E+07
 0.67809023342771E+07
 0.67809023342743E+07
 0.67809023342711E+07
 0.67809023342696E+07
 0.67809023342691E+07
 0.67809023342673E+07
 0.67809023342653E+07
 0.67809023342644E+07
 0.67809023342641E+07
 0.67809023342630E+07
 0.67809023342618E+07
 0.67809023342612E+07
 0.67809023342610E+07
 0.67809023342604E+07
 0.67809023342596E+07
 0.67809023342593E+07
 0.67809023342591E+07
 0.67809023342587E+07
 0.67809023342583E+07
 0.67809023342581E+07
 0.67809023342580E+07
 0.67809023342577E+07
 0.67809023342575E+07
 0.67809023342573E+07
 0.67809023342573E+07
 0.67809023342571E+07
 0.67809023342570E+07
 0.67809023342569E+07
 0.67809023342569E+07
 0.67809023342568E+07
 0.67809023342567E+07
