 0.36940338837032E+01
 0.36940338837037E+01
 0.36940338837099E+01
 0.36940338837492E+01
 0.36940393246678E+01
 0.36940853083169E+01
 0.36942941305709E+01
 0.36948846504061E+01
 0.36961118194929E+01
 0.36981803604524E+01
 0.37012037474847E+01
 0.37051458249709E+01
 0.37099039757663E+01
 0.37153135445065E+01
 0.37211902493015E+01
 0.37273561140358E+01
 0.37336542974383E+01
 0.37399554891010E+01
 0.37461585232185E+01
 0.37521877925405E+01
 0.37579891681401E+01
 0.37635262960867E+01
 0.37687762800108E+01
 0.37737268614040E+01
 0.37783734771554E+01
 0.37827174236771E+01
 0.37867640458472E+01
 0.37905215648511E+01
 0.37940005445234E+01
 0.37972127739962E+01
 0.38001709137679E+01
 0.38028876488347E+01
 0.38053767224689E+01
 0.38076509203901E+01
 0.38097143803381E+01
 0.38116070543862E+01
 0.38133077010698E+01
 0.38148568767348E+01
 0.38162451662426E+01
 0.38174912895280E+01
 0.38186047117359E+01
 0.38195941631608E+01
 0.38204697180529E+01
 0.38212392338576E+01
 0.38219093348705E+01
 0.38224880228782E+01
 0.38229809076339E+01
 0.38233938736278E+01
 0.38237336553426E+01
 0.38240021955525E+01
 0.38242055721886E+01
 0.38243474517951E+01
 0.38244303143152E+01
 0.38244584434847E+01
 0.38244321453109E+01
 0.38243562336668E+01
 0.38242306791378E+01
 0.38240580112872E+01
 0.38238391598841E+01
 0.38235766496465E+01
 0.38232691222330E+01
 0.38229185346405E+01
 0.38225272748689E+01
 0.38220951310210E+01
 0.38216208937903E+01
 0.38211096081579E+01
 0.38205547673916E+01
 0.38199628229017E+01
 0.38193318646305E+01
 0.38186616808457E+01
 0.38179511365503E+01
 0.38172081116259E+01
 0.38164231800869E+01
 0.38156021139878E+01
 0.38147452957850E+01
 0.38138508550652E+01
 0.38129245928873E+01
 0.38119606812453E+01
 0.38109618223206E+01
 0.38099301664268E+01
 0.38088634653248E+01
 0.38077676908662E+01
 0.38066368779077E+01
 0.38054756955773E+01
 0.38042847486438E+01
 0.38030604842063E+01
 0.38018114762125E+01
 0.38005331066781E+01
 0.37992263735931E+01
 0.37978966847775E+01
 0.37965396048606E+01
 0.37951567064739E+01
 0.37937500506799E+01
 0.37923211895928E+01
 0.37908698325824E+01
 0.37893967064843E+01
 0.37879064760308E+01
 0.37863907743348E+01
 0.37848593551034E+01
 0.37833072504059E+01
 0.37817437990119E+01
 0.37801558536114E+01
 0.37785526700694E+01
 0.37769339901300E+01
 0.37752980808087E+01
 0.37736454952215E+01
 0.37719734756335E+01
 0.37702950401159E+01
 0.37685912077863E+01
 0.37668708809909E+01
 0.37651369133789E+01
 0.37633871859181E+01
 0.37616087596819E+01
 0.37598119013189E+01
 0.37579901847857E+01
 0.37561421132917E+01
 0.37542657436867E+01
 0.37523609465808E+01
 0.37504089164945E+01
 0.37484174391291E+01
 0.37463876104238E+01
 0.37442885779092E+01
 0.37421367648092E+01
 0.37399105811109E+01
 0.37376062234397E+01
 0.37352097572349E+01
 0.37326976306449E+01
 0.37300656135824E+01
 0.37273058080988E+01
 0.37243712843426E+01
 0.37212630235978E+01
 0.37179444308909E+01
 0.37143604525992E+01
 0.37105151744810E+01
 0.37063703916213E+01
 0.37018508044718E+01
 0.36968981992722E+01
 0.36915433796766E+01
 0.36856321353773E+01
 0.36791472331176E+01
 0.36720146541083E+01
 0.36641811455627E+01
 0.36554906828198E+01
 0.36460043042595E+01
 0.36355803105569E+01
 0.36242452180547E+01
 0.36118631824094E+01
 0.35984958892402E+01
 0.35838733194983E+01
 0.35679321148835E+01
 0.35503717481171E+01
 0.35306470379617E+01
 0.35081183947359E+01
 0.34817552984671E+01
 0.34508143593391E+01
 0.34141444364942E+01
 0.33712871496209E+01
 0.33222808406712E+01
 0.32677321274991E+01
 0.32087527579826E+01
 0.31468255722048E+01
 0.30825404160356E+01
 0.30182460275525E+01
 0.29543688998885E+01
 0.28914515437540E+01
 0.28302850898479E+01
 0.27712635771306E+01
 0.27139938544435E+01
 0.26591900151221E+01
 0.26065272688302E+01
 0.25557688440396E+01
 0.25071163860981E+01
 0.24607396325853E+01
 0.24161468955224E+01
 0.23735924916153E+01
 0.23327720597131E+01
 0.22940464026118E+01
 0.22568960201287E+01
 0.22214204167622E+01
 0.21878878740515E+01
 0.21558915596552E+01
 0.21253734043931E+01
 0.20966486333392E+01
 0.20693491232794E+01
 0.20438665884356E+01
 0.20196979170642E+01
 0.19971355530276E+01
 0.19762311733030E+01
 0.19570061706148E+01
 0.19395417217478E+01
 0.19237973808431E+01
 0.19099856356898E+01
 0.18982222008415E+01
 0.18886670615255E+01
 0.18814331764678E+01
 0.18767704016598E+01
 0.18748666309072E+01
 0.18758943481199E+01
 0.18800467925438E+01
 0.18873716559604E+01
 0.18979185326457E+01
 0.19113936839625E+01
 0.19279173624452E+01
 0.19470147174167E+01
 0.19684959179983E+01
 0.19919477755317E+01
 0.20170354508265E+01
 0.20436986204187E+01
 0.20715582564571E+01
 0.21005953569477E+01
 0.21306830926089E+01
 0.21614158244102E+01
 0.21929620896978E+01
 0.22254403596509E+01
 0.22586411481242E+01
 0.22924351608823E+01
 0.23268869320642E+01
 0.23621440001905E+01
 0.23980240148598E+01
 0.24346141185278E+01
 0.24715660904710E+01
 0.25096378271562E+01
 0.25480567465423E+01
 0.25875341813674E+01
 0.26274931429663E+01
 0.26679036386763E+01
 0.27093085962979E+01
 0.27515053843403E+01
 0.27941746340334E+01
 0.28376286135436E+01
 0.28818212609926E+01
 0.29266408420561E+01
 0.29725334062098E+01
 0.30186822484207E+01
 0.30660589079464E+01
 0.31138335450156E+01
 0.31623922279206E+01
 0.32117324116681E+01
 0.32619321048194E+01
 0.33125129292953E+01
 0.33641366048508E+01
 0.34165368631043E+01
 0.34695474977459E+01
 0.35236120856336E+01
 0.35781948305511E+01
 0.36336626855980E+01
 0.36899285830295E+01
 0.37467099988380E+01
 0.38045264664984E+01
 0.38629101653863E+01
