 0.21634875317451E+10
-0.64223833757148E+08
-0.12613886358414E+09
-0.18687655384494E+09
-0.24788030053227E+09
-0.30939502017945E+09
-0.37157922021055E+09
-0.43457986882259E+09
-0.49854447619313E+09
-0.56362449714613E+09
-0.62997696004159E+09
-0.69776566268364E+09
-0.76716227960503E+09
-0.83834749300746E+09
-0.91151219519714E+09
-0.98685879059307E+09
-0.10646026195475E+10
-0.11449735254119E+10
-0.12282175876546E+10
-0.13145990464124E+10
-0.14044024473225E+10
-0.14979350397799E+10
-0.15955294669432E+10
-0.16975467920250E+10
-0.18043799128078E+10
-0.19164574251867E+10
-0.20342480071515E+10
-0.21582654073541E+10
-0.22890741377545E+10
-0.24272959883783E+10
-0.25736175047035E+10
-0.27287985955665E+10
-0.28936824729268E+10
-0.30692071658824E+10
-0.32564189019254E+10
-0.34564877110866E+10
-0.36707256865851E+10
-0.39006084331154E+10
-0.41478003565492E+10
-0.44141846039508E+10
-0.47018986602384E+10
-0.50133768607638E+10
-0.53514014054276E+10
-0.57191638842520E+10
-0.61203398805725E+10
-0.65591799538727E+10
-0.70406212875289E+10
-0.75704256151884E+10
-0.81553508568682E+10
-0.88033664174914E+10
-0.95239256568387E+10
-0.10328314151633E+11
-0.11230099885919E+11
-0.12245722861094E+11
-0.13395279359364E+11
-0.14703585006474E+11
-0.16201650480455E+11
-0.17928795253934E+11
-0.19935809269902E+11
-0.22289991505292E+11
-0.25084012627997E+11
-0.28454295707364E+11
-0.32632544904179E+11
-0.38238444687804E+11
-0.72036393685042E+11
-0.15593335564345E+12
-0.27389577018117E+12
-0.43513327472499E+12
-0.65280940936560E+12
-0.94472110302868E+12
-0.13356691141050E+13
-0.18611997013084E+13
-0.25732540472068E+13
-0.35523525138315E+13
-0.49266376517099E+13
-0.69118957786623E+13
-0.98954895250419E+13
-0.14635686449254E+14
-0.22792153900040E+14
-0.38640344673509E+14
-0.76381117263989E+14
-0.21163158005174E+15
-0.21193426721760E+16
 0.14002890362741E+16
 0.21853287291386E+15
 0.82756207290989E+14
 0.40417888457149E+14
 0.22009190670118E+14
 0.12537773841214E+14
 0.71505711744931E+13
 0.38862951569448E+13
 0.18153797973913E+13
 0.46449308402239E+12
-0.42417230696388E+12
-0.10169430664650E+13
-0.14072934115557E+13
-0.16551189246140E+13
-0.18028050834756E+13
-0.18783497901432E+13
-0.19024339979811E+13
-0.18880708141473E+13
-0.18375997176413E+13
-0.17715527305791E+13
-0.16876522082317E+13
-0.15939879847998E+13
-0.14929789662007E+13
-0.13767090563107E+13
-0.12635067457232E+13
-0.11456573598288E+13
-0.10264207166770E+13
-0.90752798728238E+12
-0.78927072794882E+12
-0.66412188659253E+12
-0.54578256869359E+12
-0.42783080708051E+12
-0.31346186949307E+12
-0.19640965568244E+12
-0.85575800750114E+11
 0.22177816357617E+11
 0.12896138636138E+12
 0.23204808167044E+12
 0.32964568089457E+12
 0.43387747185568E+12
 0.52755263652170E+12
 0.61986407539176E+12
 0.70944710388692E+12
 0.79363769614115E+12
 0.88202752275934E+12
 0.96170402827398E+12
 0.10382320447438E+13
 0.11133792176231E+13
 0.11836242157708E+13
 0.12504675364619E+13
 0.13226057016450E+13
 0.13847596672370E+13
 0.14449908342058E+13
 0.15026145248711E+13
 0.15616496209103E+13
 0.16085174171906E+13
 0.16639977727743E+13
 0.17109021748305E+13
 0.17568135264575E+13
 0.17982849395544E+13
 0.18376462120073E+13
 0.18826305422703E+13
 0.19177940138910E+13
 0.19515867710837E+13
 0.19836794452783E+13
 0.20138316803686E+13
 0.20459564570191E+13
 0.20722696744581E+13
 0.20958691870291E+13
 0.21192889379175E+13
 0.21403500117287E+13
 0.21588910269596E+13
 0.21757357404851E+13
 0.21965876122305E+13
 0.22106325291778E+13
 0.22244259376555E+13
 0.22366637803065E+13
 0.22462982003532E+13
 0.22542836014273E+13
 0.22670930322601E+13
 0.22738929277127E+13
 0.22795823622917E+13
 0.22844615912323E+13
 0.22868501200442E+13
 0.22879519804011E+13
 0.22941228658958E+13
 0.22948111502601E+13
 0.22942373373982E+13
 0.22934114109862E+13
 0.22902309192450E+13
 0.22860224816222E+13
 0.22878335689445E+13
 0.22826831686077E+13
 0.22771689373865E+13
 0.22719895438498E+13
 0.22646312856571E+13
 0.22565376045430E+13
 0.22488507136214E+13
 0.22451335807411E+13
 0.22358520999008E+13
 0.22270783071661E+13
 0.22168195494484E+13
 0.22067106723774E+13
 0.21995174610481E+13
 0.21886161384127E+13
 0.21764107396527E+13
 0.21643896637987E+13
 0.21526803998553E+13
 0.21403730403824E+13
 0.21271138079160E+13
 0.21137306196601E+13
 0.21041362133901E+13
 0.20900634412851E+13
 0.20765141127811E+13
 0.20631654787726E+13
 0.20486768643758E+13
 0.20338011748642E+13
 0.20186665118303E+13
