 0.22795237606857E+04
 0.22795237606857E+04
 0.22795237606857E+04
 0.22795237606857E+04
 0.22795237606857E+04
 0.22795237606857E+04
 0.22795237606857E+04
 0.22795237606857E+04
 0.22795237606857E+04
 0.22795237606857E+04
 0.22795237606857E+04
 0.22795237606857E+04
 0.22795237606857E+04
 0.22795237606857E+04
 0.22795237606857E+04
 0.22795237606857E+04
 0.22795237606857E+04
 0.22795237606857E+04
 0.22795237606857E+04
 0.22795237606857E+04
 0.22795237606857E+04
 0.22795237606857E+04
 0.22795237606857E+04
 0.22795237606857E+04
 0.22795237606857E+04
 0.22795237606857E+04
 0.22795237606857E+04
 0.22795237606857E+04
 0.22795237606857E+04
 0.22795237606857E+04
 0.22795237606857E+04
 0.22795237606857E+04
 0.22795237606857E+04
 0.22795237606857E+04
 0.22795237606857E+04
 0.22795237606857E+04
 0.22795237606857E+04
 0.22795237606857E+04
 0.22795237606857E+04
 0.22795237606857E+04
 0.22795237606857E+04
 0.22795237606857E+04
 0.22795237606857E+04
 0.22795237606857E+04
 0.22795237606857E+04
 0.22795237606857E+04
 0.22795237606857E+04
 0.22795237606857E+04
 0.22795237606857E+04
 0.22795237606857E+04
 0.22795237606857E+04
 0.22795237606857E+04
 0.22795237606857E+04
 0.22795237606857E+04
 0.22795237606857E+04
 0.22795237606857E+04
 0.22795237606857E+04
 0.22795237606857E+04
 0.22795237606857E+04
 0.22795237606857E+04
 0.22795237606857E+04
 0.22795237606857E+04
 0.22795237606857E+04
 0.22795237606857E+04
 0.22795237604382E+04
 0.22795237632008E+04
 0.22795237707632E+04
 0.22795237770375E+04
 0.22795237854226E+04
 0.22795237848890E+04
 0.22795237900856E+04
 0.22795237883545E+04
 0.22795237912831E+04
 0.22795238090023E+04
 0.22795238116903E+04
 0.22795238094253E+04
 0.22795238325228E+04
 0.22795238316645E+04
 0.22795238224104E+04
 0.22795238214745E+04
 0.22795238162138E+04
 0.22795238057320E+04
 0.22795237589703E+04
 0.22795237381407E+04
 0.22795237560589E+04
 0.22795237607539E+04
 0.22795237852436E+04
 0.22795237935932E+04
 0.22795237879844E+04
 0.22795249638452E+04
 0.22795249722756E+04
 0.22795249660994E+04
 0.22795249929197E+04
 0.22795249666919E+04
 0.22795249776535E+04
 0.22795249740552E+04
 0.22795249733497E+04
 0.22795249596265E+04
 0.22795248681913E+04
 0.22795248667568E+04
 0.22795248518648E+04
 0.22795248541968E+04
 0.22795248520652E+04
 0.22795248546548E+04
 0.22795248517367E+04
 0.22795251707593E+04
 0.22795251838867E+04
 0.22795251740077E+04
 0.22795251764054E+04
 0.22795251620939E+04
 0.22795251708061E+04
 0.22795251634045E+04
 0.22795251575278E+04
 0.22795251694841E+04
 0.22795251555543E+04
 0.22795251465661E+04
 0.22795251562965E+04
 0.22795251458930E+04
 0.22795251417869E+04
 0.22795251508916E+04
 0.22795251365133E+04
 0.22795248014461E+04
 0.22795247995723E+04
 0.22795247986614E+04
 0.22795247874530E+04
 0.22795247925212E+04
 0.22795247784518E+04
 0.22795247891508E+04
 0.22795247818848E+04
 0.22795247944708E+04
 0.22795247833696E+04
 0.22795247815734E+04
 0.22795247835850E+04
 0.22795247738253E+04
 0.22795246913707E+04
 0.22795246916365E+04
 0.22795246800229E+04
 0.22795246744949E+04
 0.22795246838675E+04
 0.22795246827636E+04
 0.22795246827351E+04
 0.22795246800127E+04
 0.22795246718194E+04
 0.22795246815990E+04
 0.22795244231175E+04
 0.22795244372195E+04
 0.22795244428035E+04
 0.22795243233095E+04
 0.22795243386274E+04
 0.22795243405919E+04
 0.22795242300842E+04
 0.22795242416370E+04
 0.22795242316093E+04
 0.22795242378922E+04
 0.22795242360304E+04
 0.22795242346272E+04
 0.22795242436480E+04
 0.22795242454660E+04
 0.22795242433549E+04
 0.22795242320828E+04
 0.22795242382047E+04
 0.22795242451136E+04
 0.22795242469466E+04
 0.22795242447966E+04
 0.22795242457912E+04
 0.22795242460699E+04
 0.22795242330671E+04
 0.22795242480667E+04
 0.22795242500136E+04
 0.22795242490239E+04
 0.22795242523483E+04
 0.22795242491316E+04
 0.22795242491637E+04
 0.22795242507243E+04
 0.22795242500201E+04
 0.22795242649737E+04
 0.22795242555344E+04
 0.22795242526278E+04
 0.22795242516987E+04
 0.22795242546100E+04
 0.22795242594120E+04
 0.22795242276604E+04
 0.22795242442190E+04
 0.22795242434749E+04
 0.22795242739561E+04
 0.22795242589189E+04
 0.22795242558898E+04
 0.22795242454829E+04
 0.22795234929734E+04
 0.22795235078247E+04
 0.22795235008324E+04
 0.22795235009357E+04
 0.22795235017082E+04
 0.22795234916183E+04
 0.22795235078853E+04
 0.22795235103808E+04
 0.22795235114642E+04
 0.22795235085707E+04
 0.22795235086332E+04
 0.22795235090284E+04
 0.22795235104571E+04
