 0.13988892696852E+04
 0.13988892696852E+04
 0.13988892696852E+04
 0.13988892696852E+04
 0.13988892696852E+04
 0.13988892696852E+04
 0.13988892696852E+04
 0.13988892696852E+04
 0.13988892696852E+04
 0.13988892696852E+04
 0.13988892696852E+04
 0.13988892696852E+04
 0.13988892696852E+04
 0.13988892696852E+04
 0.13988892696852E+04
 0.13988892696852E+04
 0.13988892696852E+04
 0.13988892696852E+04
 0.13988892696852E+04
 0.13988892696852E+04
 0.13988892696852E+04
 0.13988892696852E+04
 0.13988892696852E+04
 0.13988892696852E+04
 0.13988892696852E+04
 0.13988892696852E+04
 0.13988892696852E+04
 0.13988892696852E+04
 0.13988892696852E+04
 0.13988892696852E+04
 0.13988892696852E+04
 0.13988892696852E+04
 0.13988892696852E+04
 0.13988892696852E+04
 0.13988892696852E+04
 0.13988892696852E+04
 0.13988892696852E+04
 0.13988892696852E+04
 0.13988892696852E+04
 0.13988892696852E+04
 0.13988892696852E+04
 0.13988892696852E+04
 0.13988892696852E+04
 0.13988892696852E+04
 0.13988892696852E+04
 0.13988892696852E+04
 0.13988892696852E+04
 0.13988892696852E+04
 0.13988892696852E+04
 0.13988892696852E+04
 0.13988892696852E+04
 0.13988892696852E+04
 0.13988892696852E+04
 0.13988892696852E+04
 0.13988892696852E+04
 0.13988892696852E+04
 0.13988892696852E+04
 0.13988892696852E+04
 0.13988892696852E+04
 0.13988892696852E+04
 0.13988892696852E+04
 0.13988892696852E+04
 0.13988892696852E+04
 0.13988892696852E+04
 0.13988892699234E+04
 0.13988892698171E+04
 0.13988892688425E+04
 0.13988892672828E+04
 0.13988892643783E+04
 0.13988892641682E+04
 0.13988892616310E+04
 0.13988892617170E+04
 0.13988892597771E+04
 0.13988892533299E+04
 0.13988892518278E+04
 0.13988892523103E+04
 0.13988892431327E+04
 0.13988892428091E+04
 0.13988892407148E+04
 0.13988892394177E+04
 0.13988892349627E+04
 0.13988892323937E+04
 0.13988892196108E+04
 0.13988892409761E+04
 0.13988892554879E+04
 0.13988892714983E+04
 0.13988892744667E+04
 0.13988892775512E+04
 0.13988892748308E+04
 0.13988895482188E+04
 0.13988895428528E+04
 0.13988895444680E+04
 0.13988895364870E+04
 0.13988895419783E+04
 0.13988895366341E+04
 0.13988895375587E+04
 0.13988895233635E+04
 0.13988895252600E+04
 0.13988892951404E+04
 0.13988892932765E+04
 0.13988892976714E+04
 0.13988892952791E+04
 0.13988892959472E+04
 0.13988892859049E+04
 0.13988892839399E+04
 0.13988892066184E+04
 0.13988892004368E+04
 0.13988892024539E+04
 0.13988892006730E+04
 0.13988891987332E+04
 0.13988891934399E+04
 0.13988891943684E+04
 0.13988891962919E+04
 0.13988891910668E+04
 0.13988891888705E+04
 0.13988891909934E+04
 0.13988891860982E+04
 0.13988891896211E+04
 0.13988891905801E+04
 0.13988891799205E+04
 0.13988891837603E+04
 0.13988892015443E+04
 0.13988892012488E+04
 0.13988892012098E+04
 0.13988891985218E+04
 0.13988891960386E+04
 0.13988891995974E+04
 0.13988891963508E+04
 0.13988891937117E+04
 0.13988891880816E+04
 0.13988891913048E+04
 0.13988891916948E+04
 0.13988891912740E+04
 0.13988891896437E+04
 0.13988893031725E+04
 0.13988893033230E+04
 0.13988893110318E+04
 0.13988893110557E+04
 0.13988893097560E+04
 0.13988893111999E+04
 0.13988893138524E+04
 0.13988893078069E+04
 0.13988893147308E+04
 0.13988893094208E+04
 0.13988893687145E+04
 0.13988893661058E+04
 0.13988893698270E+04
 0.13988891671601E+04
 0.13988891578430E+04
 0.13988891576873E+04
 0.13988892716600E+04
 0.13988892672103E+04
 0.13988892807839E+04
 0.13988892737905E+04
 0.13988892748523E+04
 0.13988892731707E+04
 0.13988892689704E+04
 0.13988892688385E+04
 0.13988892661268E+04
 0.13988892739253E+04
 0.13988892744518E+04
 0.13988892699365E+04
 0.13988892689871E+04
 0.13988892664494E+04
 0.13988892669721E+04
 0.13988892689766E+04
 0.13988892754230E+04
 0.13988892694406E+04
 0.13988892693851E+04
 0.13988892700273E+04
 0.13988892726308E+04
 0.13988892687816E+04
 0.13988892698882E+04
 0.13988892698602E+04
 0.13988892705847E+04
 0.13988892811371E+04
 0.13988892798105E+04
 0.13988892720144E+04
 0.13988892707887E+04
 0.13988892734866E+04
 0.13988892828053E+04
 0.13988892871905E+04
 0.13988892789372E+04
 0.13988892816702E+04
 0.13988892855770E+04
 0.13988892805969E+04
 0.13988892805750E+04
 0.13988892786057E+04
 0.13988891577168E+04
 0.13988891528184E+04
 0.13988891661669E+04
 0.13988891581481E+04
 0.13988891581602E+04
 0.13988891578764E+04
 0.13988891518460E+04
 0.13988891515192E+04
 0.13988891521413E+04
 0.13988891504341E+04
 0.13988891516664E+04
 0.13988891520490E+04
 0.13988891513730E+04
