 0.84539085739156E+02
 0.84539085739156E+02
 0.84539085739156E+02
 0.84539085739156E+02
 0.84539085739156E+02
 0.84539085739156E+02
 0.84539085739156E+02
 0.84539085739156E+02
 0.84539085739156E+02
 0.84539085739156E+02
 0.84539085739156E+02
 0.84539085739156E+02
 0.84539085739156E+02
 0.84539085739156E+02
 0.84539085739156E+02
 0.84539085739156E+02
 0.84539085739156E+02
 0.84539085739156E+02
 0.84539085739156E+02
 0.84539085739156E+02
 0.84539085739156E+02
 0.84539085739156E+02
 0.84539085739156E+02
 0.84539085739156E+02
 0.84539085739156E+02
 0.84539085739156E+02
 0.84539085739156E+02
 0.84539085739156E+02
 0.84539085739156E+02
 0.84539085739156E+02
 0.84539085739156E+02
 0.84539085739156E+02
 0.84539085739156E+02
 0.84539085739156E+02
 0.84539085739156E+02
 0.84539085739156E+02
 0.84539085739156E+02
 0.84539085739156E+02
 0.84539085739156E+02
 0.84539085739156E+02
 0.84539085739156E+02
 0.84539085739156E+02
 0.84539085739156E+02
 0.84539085739156E+02
 0.84539085739156E+02
 0.84539085739156E+02
 0.84539085739156E+02
 0.84539085739156E+02
 0.84539085739156E+02
 0.84539085739156E+02
 0.84539085739156E+02
 0.84539085739156E+02
 0.84539085739156E+02
 0.84539085739156E+02
 0.84539085739156E+02
 0.84539085739156E+02
 0.84539085739156E+02
 0.84539085739156E+02
 0.84539085739156E+02
 0.84539085739156E+02
 0.84539085739156E+02
 0.84539085739156E+02
 0.84539085739156E+02
 0.84539085739156E+02
 0.84539085759642E+02
 0.84539085801384E+02
 0.84539085828906E+02
 0.84539085825994E+02
 0.84539085839191E+02
 0.84539085825720E+02
 0.84539085856165E+02
 0.84539085844376E+02
 0.84539085896795E+02
 0.84539086192173E+02
 0.84539086259290E+02
 0.84539086257469E+02
 0.84539086569373E+02
 0.84539086575320E+02
 0.84539086449673E+02
 0.84539086361859E+02
 0.84539086088947E+02
 0.84539085657662E+02
 0.84539084378061E+02
 0.84539084208502E+02
 0.84539084753223E+02
 0.84539085068522E+02
 0.84539085518175E+02
 0.84539085703211E+02
 0.84539085759978E+02
 0.84539074710030E+02
 0.84539074940319E+02
 0.84539074855170E+02
 0.84539075224338E+02
 0.84539074930959E+02
 0.84539075126731E+02
 0.84539075095109E+02
 0.84539075296743E+02
 0.84539075153746E+02
 0.84539093329117E+02
 0.84539093334634E+02
 0.84539093126582E+02
 0.84539093173770E+02
 0.84539093163714E+02
 0.84539093343977E+02
 0.84539093335134E+02
 0.84539103856900E+02
 0.84539104077652E+02
 0.84539103931527E+02
 0.84539103982578E+02
 0.84539103889358E+02
 0.84539104055351E+02
 0.84539103950174E+02
 0.84539103879407E+02
 0.84539104077160E+02
 0.84539103954739E+02
 0.84539103857329E+02
 0.84539104021943E+02
 0.84539103872748E+02
 0.84539103811202E+02
 0.84539104054767E+02
 0.84539103860890E+02
 0.84539098053703E+02
 0.84539098029581E+02
 0.84539098017993E+02
 0.84539097934531E+02
 0.84539098044874E+02
 0.84539097830904E+02
 0.84539098003929E+02
 0.84539097956715E+02
 0.84539098175743E+02
 0.84539098021205E+02
 0.84539097999184E+02
 0.84539098024207E+02
 0.84539097935010E+02
 0.84539087858063E+02
 0.84539087857544E+02
 0.84539087621713E+02
 0.84539087563084E+02
 0.84539087677119E+02
 0.84539087632357E+02
 0.84539087580347E+02
 0.84539087670966E+02
 0.84539087464771E+02
 0.84539087662027E+02
 0.84539081074100E+02
 0.84539081256796E+02
 0.84539081252033E+02
 0.84539096721700E+02
 0.84539097055104E+02
 0.84539097079140E+02
 0.84539086395000E+02
 0.84539086584648E+02
 0.84539086259323E+02
 0.84539086446658E+02
 0.84539086409898E+02
 0.84539086417442E+02
 0.84539086574447E+02
 0.84539086593664E+02
 0.84539086612570E+02
 0.84539086370168E+02
 0.84539086433838E+02
 0.84539086570788E+02
 0.84539086602482E+02
 0.84539086611355E+02
 0.84539086610488E+02
 0.84539086590569E+02
 0.84539086350207E+02
 0.84539086603182E+02
 0.84539086619052E+02
 0.84539086583269E+02
 0.84539086570838E+02
 0.84539086615872E+02
 0.84539086602371E+02
 0.84539086612326E+02
 0.84539086580402E+02
 0.84539086548498E+02
 0.84539086479643E+02
 0.84539086585371E+02
 0.84539086599584E+02
 0.84539086581085E+02
 0.84539086461963E+02
 0.84539086079346E+02
 0.84539086408791E+02
 0.84539086354390E+02
 0.84539086563366E+02
 0.84539086491138E+02
 0.84539086463262E+02
 0.84539086423318E+02
 0.84539089750259E+02
 0.84539089986344E+02
 0.84539089693518E+02
 0.84539089830680E+02
 0.84539089839373E+02
 0.84539089728514E+02
 0.84539089995487E+02
 0.84539090020479E+02
 0.84539090024079E+02
 0.84539090001396E+02
 0.84539089999082E+02
 0.84539089992763E+02
 0.84539090014665E+02
