 0.13775847654648E+03
 0.13775847654648E+03
 0.13775847654648E+03
 0.13775847654648E+03
 0.13775847654648E+03
 0.13775847654648E+03
 0.13775847654648E+03
 0.13775847654648E+03
 0.13775847654648E+03
 0.13775847654648E+03
 0.13775847654648E+03
 0.13775847654648E+03
 0.13775847654648E+03
 0.13775847654648E+03
 0.13775847654648E+03
 0.13775847654648E+03
 0.13775847654648E+03
 0.13775847654648E+03
 0.13775847654648E+03
 0.13775847654648E+03
 0.13775847654648E+03
 0.13775847654648E+03
 0.13775847654648E+03
 0.13775847654648E+03
 0.13775847654648E+03
 0.13775847654648E+03
 0.13775847654648E+03
 0.13775847654648E+03
 0.13775847654648E+03
 0.13775847654648E+03
 0.13775847654648E+03
 0.13775847654648E+03
 0.13775847654648E+03
 0.13775847654648E+03
 0.13775847654648E+03
 0.13775847654648E+03
 0.13775847654648E+03
 0.13775847654648E+03
 0.13775847654648E+03
 0.13775847654648E+03
 0.13775847654648E+03
 0.13775847654648E+03
 0.13775847654648E+03
 0.13775847654648E+03
 0.13775847654648E+03
 0.13775847654648E+03
 0.13775847654648E+03
 0.13775847654648E+03
 0.13775847654648E+03
 0.13775847654648E+03
 0.13775847654648E+03
 0.13775847654648E+03
 0.13775847654648E+03
 0.13775847654648E+03
 0.13775847654648E+03
 0.13775847654648E+03
 0.13775847654648E+03
 0.13775847654648E+03
 0.13775847654648E+03
 0.13775847654648E+03
 0.13775847654648E+03
 0.13775847654648E+03
 0.13775847654648E+03
 0.13775847654648E+03
 0.13775847654145E+03
 0.13775847678689E+03
 0.13775847738474E+03
 0.13775847791276E+03
 0.13775847872702E+03
 0.13775847869351E+03
 0.13775847930702E+03
 0.13775847917473E+03
 0.13775847962817E+03
 0.13775848181522E+03
 0.13775848223496E+03
 0.13775848204759E+03
 0.13775848485548E+03
 0.13775848484517E+03
 0.13775848428742E+03
 0.13775848421549E+03
 0.13775848389157E+03
 0.13775848280833E+03
 0.13775847915606E+03
 0.13775847551697E+03
 0.13775847605838E+03
 0.13775847527923E+03
 0.13775847719962E+03
 0.13775847770198E+03
 0.13775847772343E+03
 0.13775850385562E+03
 0.13775850526879E+03
 0.13775850459772E+03
 0.13775850760607E+03
 0.13775850500221E+03
 0.13775850650995E+03
 0.13775850614991E+03
 0.13775850783375E+03
 0.13775850658463E+03
 0.13775855333765E+03
 0.13775855344351E+03
 0.13775855177171E+03
 0.13775855222512E+03
 0.13775855201413E+03
 0.13775855345330E+03
 0.13775855345605E+03
 0.13775859749543E+03
 0.13775859925721E+03
 0.13775859822346E+03
 0.13775859862692E+03
 0.13775859780115E+03
 0.13775859911942E+03
 0.13775859840929E+03
 0.13775859774941E+03
 0.13775859930875E+03
 0.13775859848374E+03
 0.13775859757276E+03
 0.13775859891110E+03
 0.13775859769235E+03
 0.13775859724948E+03
 0.13775859924632E+03
 0.13775859768334E+03
 0.13775856621994E+03
 0.13775856609649E+03
 0.13775856602641E+03
 0.13775856547775E+03
 0.13775856620838E+03
 0.13775856465900E+03
 0.13775856590723E+03
 0.13775856565108E+03
 0.13775856732304E+03
 0.13775856608292E+03
 0.13775856590008E+03
 0.13775856610387E+03
 0.13775856552926E+03
 0.13775853294566E+03
 0.13775853294605E+03
 0.13775853110077E+03
 0.13775853066881E+03
 0.13775853154904E+03
 0.13775853126720E+03
 0.13775853091951E+03
 0.13775853149799E+03
 0.13775852998500E+03
 0.13775853142036E+03
 0.13775849922529E+03
 0.13775850063212E+03
 0.13775850059536E+03
 0.13775853854023E+03
 0.13775854092675E+03
 0.13775854109996E+03
 0.13775850578789E+03
 0.13775850723329E+03
 0.13775850476047E+03
 0.13775850613412E+03
 0.13775850585713E+03
 0.13775850595023E+03
 0.13775850716487E+03
 0.13775850731903E+03
 0.13775850748930E+03
 0.13775850564513E+03
 0.13775850606699E+03
 0.13775850715234E+03
 0.13775850740824E+03
 0.13775850754268E+03
 0.13775850754990E+03
 0.13775850733689E+03
 0.13775850552459E+03
 0.13775850743242E+03
 0.13775850758140E+03
 0.13775850740004E+03
 0.13775850732430E+03
 0.13775850758235E+03
 0.13775850745331E+03
 0.13775850756660E+03
 0.13775850740068E+03
 0.13775850721321E+03
 0.13775850666120E+03
 0.13775850742558E+03
 0.13775850751330E+03
 0.13775850739340E+03
 0.13775850657182E+03
 0.13775850359764E+03
 0.13775850594793E+03
 0.13775850554518E+03
 0.13775850734305E+03
 0.13775850680703E+03
 0.13775850658071E+03
 0.13775850608062E+03
 0.13775847793033E+03
 0.13775847969492E+03
 0.13775847748066E+03
 0.13775847850009E+03
 0.13775847855974E+03
 0.13775847779728E+03
 0.13775847980924E+03
 0.13775848003296E+03
 0.13775848004304E+03
 0.13775847999933E+03
 0.13775847987798E+03
 0.13775847985389E+03
 0.13775848004250E+03
