 0.42483979375637E+14
 0.42483979375637E+14
 0.42483979375637E+14
 0.42483979375637E+14
 0.42483979375637E+14
 0.42483979375637E+14
 0.42483979375637E+14
 0.42483979375637E+14
 0.42483979375637E+14
 0.42483979375637E+14
 0.42483979375637E+14
 0.42483979375637E+14
 0.42483979375637E+14
 0.42483979375637E+14
 0.42483979375637E+14
 0.42483979375637E+14
 0.42483979375637E+14
 0.42483979375637E+14
 0.42483979375637E+14
 0.42483979375637E+14
 0.42483979375637E+14
 0.42483979375637E+14
 0.42483979375637E+14
 0.42483979375637E+14
 0.42483979375637E+14
 0.42483979375637E+14
 0.42483979375637E+14
 0.42483979375637E+14
 0.42483979375637E+14
 0.42483979375637E+14
 0.42483979375637E+14
 0.42483979375637E+14
 0.42483979375637E+14
 0.42483979375637E+14
 0.42483979375637E+14
 0.42483979375637E+14
 0.42483979375637E+14
 0.42483979375637E+14
 0.42483979375637E+14
 0.42483979375637E+14
 0.42483979375637E+14
 0.42483979375637E+14
 0.42483979375637E+14
 0.42483979375637E+14
 0.42483979375637E+14
 0.42483979375637E+14
 0.42483979375637E+14
 0.42483979375637E+14
 0.42483979375637E+14
 0.42483979375637E+14
 0.42483979375637E+14
 0.42483979375637E+14
 0.42483979375637E+14
 0.42483979375637E+14
 0.42483979375637E+14
 0.42483979375637E+14
 0.42483979375637E+14
 0.42483979375637E+14
 0.42483979375637E+14
 0.42483979375637E+14
 0.42483979375637E+14
 0.42483979375637E+14
 0.42483979375637E+14
 0.42483979375637E+14
 0.42483979376658E+14
 0.42483979381817E+14
 0.42483979390798E+14
 0.42483979395642E+14
 0.42483979397369E+14
 0.42483979395426E+14
 0.42483979388566E+14
 0.42483979385648E+14
 0.42483979372774E+14
 0.42483979334627E+14
 0.42483979320564E+14
 0.42483979317278E+14
 0.42483979262257E+14
 0.42483979254146E+14
 0.42483979235620E+14
 0.42483979219732E+14
 0.42483979191658E+14
 0.42483979175386E+14
 0.42483979132487E+14
 0.42483979227900E+14
 0.42483979288017E+14
 0.42483979356412E+14
 0.42483979365382E+14
 0.42483979382584E+14
 0.42483979379529E+14
 0.42483976782034E+14
 0.42483976758515E+14
 0.42483976768733E+14
 0.42483976724091E+14
 0.42483976757796E+14
 0.42483976729351E+14
 0.42483976733419E+14
 0.42483976659881E+14
 0.42483976667726E+14
 0.42483978177055E+14
 0.42483978168224E+14
 0.42483978189900E+14
 0.42483978179133E+14
 0.42483978180422E+14
 0.42483978129343E+14
 0.42483978119737E+14
 0.42483978482737E+14
 0.42483978450603E+14
 0.42483978462451E+14
 0.42483978453325E+14
 0.42483978440750E+14
 0.42483978414117E+14
 0.42483978420172E+14
 0.42483978428262E+14
 0.42483978402093E+14
 0.42483978390664E+14
 0.42483978400566E+14
 0.42483978375189E+14
 0.42483978392955E+14
 0.42483978398185E+14
 0.42483978342467E+14
 0.42483978361360E+14
 0.42483978326793E+14
 0.42483978325149E+14
 0.42483978325238E+14
 0.42483978311041E+14
 0.42483978296558E+14
 0.42483978317872E+14
 0.42483978299231E+14
 0.42483978284290E+14
 0.42483978254922E+14
 0.42483978270391E+14
 0.42483978273209E+14
 0.42483978270016E+14
 0.42483978261269E+14
 0.42483977666655E+14
 0.42483977667166E+14
 0.42483977707750E+14
 0.42483977708323E+14
 0.42483977698270E+14
 0.42483977705992E+14
 0.42483977720160E+14
 0.42483977687310E+14
 0.42483977726149E+14
 0.42483977694902E+14
 0.42483977607863E+14
 0.42483977594605E+14
 0.42483977614072E+14
 0.42483979010478E+14
 0.42483978957791E+14
 0.42483978956570E+14
 0.42483978284161E+14
 0.42483978260928E+14
 0.42483978333641E+14
 0.42483978292407E+14
 0.42483978299152E+14
 0.42483978288984E+14
 0.42483978267893E+14
 0.42483978267455E+14
 0.42483978251130E+14
 0.42483978291687E+14
 0.42483978293275E+14
 0.42483978270573E+14
 0.42483978266067E+14
 0.42483978251880E+14
 0.42483978253234E+14
 0.42483978263754E+14
 0.42483978296598E+14
 0.42483978266035E+14
 0.42483978266494E+14
 0.42483978267859E+14
 0.42483978281627E+14
 0.42483978260429E+14
 0.42483978264930E+14
 0.42483978266436E+14
 0.42483978268367E+14
 0.42483978323944E+14
 0.42483978317289E+14
 0.42483978276165E+14
 0.42483978269003E+14
 0.42483978284768E+14
 0.42483978330141E+14
 0.42483978353844E+14
 0.42483978307829E+14
 0.42483978324678E+14
 0.42483978343653E+14
 0.42483978316338E+14
 0.42483978317738E+14
 0.42483978304629E+14
 0.42483979727679E+14
 0.42483979701430E+14
 0.42483979768626E+14
 0.42483979724827E+14
 0.42483979724480E+14
 0.42483979726600E+14
 0.42483979694402E+14
 0.42483979691853E+14
 0.42483979695364E+14
 0.42483979679516E+14
 0.42483979689205E+14
 0.42483979688261E+14
 0.42483979686691E+14
