 0.27853005452515E+03
 0.27853005452515E+03
 0.27853005452515E+03
 0.27853005452515E+03
 0.27853005452515E+03
 0.27853005452515E+03
 0.27853005452515E+03
 0.27853005452515E+03
 0.27853005452515E+03
 0.27853005452515E+03
 0.27853005452515E+03
 0.27853005452515E+03
 0.27853005452515E+03
 0.27853005452515E+03
 0.27853005452515E+03
 0.27853005452515E+03
 0.27853005452515E+03
 0.27853005452515E+03
 0.27853005452515E+03
 0.27853005452515E+03
 0.27853005452515E+03
 0.27853005452515E+03
 0.27853005452515E+03
 0.27853005452515E+03
 0.27853005452515E+03
 0.27853005452515E+03
 0.27853005452515E+03
 0.27853005452515E+03
 0.27853005452515E+03
 0.27853005452515E+03
 0.27853005452515E+03
 0.27853005452515E+03
 0.27853005452515E+03
 0.27853005452515E+03
 0.27853005452515E+03
 0.27853005452515E+03
 0.27853005452515E+03
 0.27853005452515E+03
 0.27853005452515E+03
 0.27853005452515E+03
 0.27853005452515E+03
 0.27853005452515E+03
 0.27853005452515E+03
 0.27853005452515E+03
 0.27853005452515E+03
 0.27853005452515E+03
 0.27853005452515E+03
 0.27853005452515E+03
 0.27853005452515E+03
 0.27853005452515E+03
 0.27853005452515E+03
 0.27853005452515E+03
 0.27853005452515E+03
 0.27853005452515E+03
 0.27853005452515E+03
 0.27853005452515E+03
 0.27853005452515E+03
 0.27853005452515E+03
 0.27853005452515E+03
 0.27853005452515E+03
 0.27853005452515E+03
 0.27853005452515E+03
 0.27853005452515E+03
 0.27853005452515E+03
 0.27853005428875E+03
 0.27853005423633E+03
 0.27853005411381E+03
 0.27853005368130E+03
 0.27853005263329E+03
 0.27853005254655E+03
 0.27853005132392E+03
 0.27853005133924E+03
 0.27853004981675E+03
 0.27853004207308E+03
 0.27853004003769E+03
 0.27853004009718E+03
 0.27853002712420E+03
 0.27853002592477E+03
 0.27853002359933E+03
 0.27853001901401E+03
 0.27853001255965E+03
 0.27853000790487E+03
 0.27853000327072E+03
 0.27853001997248E+03
 0.27853002849576E+03
 0.27853003962159E+03
 0.27853003756027E+03
 0.27853004053334E+03
 0.27853004413165E+03
 0.27853020334172E+03
 0.27853019942707E+03
 0.27853020254783E+03
 0.27853018981370E+03
 0.27853020189270E+03
 0.27853019543882E+03
 0.27853019738444E+03
 0.27853018966509E+03
 0.27853019407906E+03
 0.27852998898721E+03
 0.27852998844894E+03
 0.27852999439593E+03
 0.27852999304818E+03
 0.27852999352286E+03
 0.27852998790184E+03
 0.27852998762728E+03
 0.27852988452057E+03
 0.27852987745393E+03
 0.27852988131557E+03
 0.27852987966673E+03
 0.27852988205513E+03
 0.27852987727316E+03
 0.27852987982929E+03
 0.27852988199593E+03
 0.27852987640656E+03
 0.27852987891465E+03
 0.27852988265195E+03
 0.27852987724945E+03
 0.27852988202234E+03
 0.27852988386182E+03
 0.27852987542589E+03
 0.27852988100485E+03
 0.27852993777896E+03
 0.27852993776279E+03
 0.27852993798021E+03
 0.27852993948363E+03
 0.27852993703184E+03
 0.27852994357553E+03
 0.27852993849431E+03
 0.27852993845239E+03
 0.27852993251702E+03
 0.27852993690806E+03
 0.27852993805629E+03
 0.27852993690008E+03
 0.27852993848776E+03
 0.27853004278416E+03
 0.27853004282264E+03
 0.27853005034176E+03
 0.27853005201253E+03
 0.27853004815328E+03
 0.27853004910292E+03
 0.27853005051218E+03
 0.27853004806708E+03
 0.27853005501615E+03
 0.27853004901463E+03
 0.27853011927681E+03
 0.27853011451928E+03
 0.27853011503348E+03
 0.27852995059273E+03
 0.27852994092160E+03
 0.27852994023406E+03
 0.27853005434479E+03
 0.27853004931277E+03
 0.27853005990761E+03
 0.27853005374989E+03
 0.27853005513835E+03
 0.27853005414566E+03
 0.27853004979170E+03
 0.27853004926940E+03
 0.27853004853022E+03
 0.27853005521142E+03
 0.27853005400802E+03
 0.27853005001569E+03
 0.27853004905681E+03
 0.27853004824489E+03
 0.27853004840909E+03
 0.27853004934520E+03
 0.27853005590287E+03
 0.27853004910723E+03
 0.27853004850645E+03
 0.27853004917624E+03
 0.27853004966546E+03
 0.27853004854026E+03
 0.27853004925954E+03
 0.27853004866583E+03
 0.27853004929934E+03
 0.27853005097693E+03
 0.27853005285779E+03
 0.27853004932579E+03
 0.27853004899000E+03
 0.27853004949401E+03
 0.27853005348010E+03
 0.27853006522466E+03
 0.27853005556209E+03
 0.27853005724901E+03
 0.27853005121565E+03
 0.27853005255082E+03
 0.27853005317695E+03
 0.27853005460222E+03
 0.27853000410394E+03
 0.27852999806932E+03
 0.27853000817245E+03
 0.27853000265159E+03
 0.27853000252849E+03
 0.27853000456110E+03
 0.27852999754837E+03
 0.27852999686405E+03
 0.27852999690147E+03
 0.27852999723961E+03
 0.27852999752846E+03
 0.27852999790642E+03
 0.27852999700616E+03
