 0.45387143293911E+03
 0.45387143293911E+03
 0.45387143293911E+03
 0.45387143293911E+03
 0.45387143293911E+03
 0.45387143293911E+03
 0.45387143293911E+03
 0.45387143293911E+03
 0.45387143293911E+03
 0.45387143293911E+03
 0.45387143293911E+03
 0.45387143293911E+03
 0.45387143293911E+03
 0.45387143293911E+03
 0.45387143293911E+03
 0.45387143293911E+03
 0.45387143293911E+03
 0.45387143293911E+03
 0.45387143293911E+03
 0.45387143293911E+03
 0.45387143293911E+03
 0.45387143293911E+03
 0.45387143293911E+03
 0.45387143293911E+03
 0.45387143293911E+03
 0.45387143293911E+03
 0.45387143293911E+03
 0.45387143293911E+03
 0.45387143293911E+03
 0.45387143293911E+03
 0.45387143293911E+03
 0.45387143293911E+03
 0.45387143293911E+03
 0.45387143293911E+03
 0.45387143293911E+03
 0.45387143293911E+03
 0.45387143293911E+03
 0.45387143293911E+03
 0.45387143293911E+03
 0.45387143293911E+03
 0.45387143293911E+03
 0.45387143293911E+03
 0.45387143293911E+03
 0.45387143293911E+03
 0.45387143293911E+03
 0.45387143293911E+03
 0.45387143293911E+03
 0.45387143293911E+03
 0.45387143293911E+03
 0.45387143293911E+03
 0.45387143293911E+03
 0.45387143293911E+03
 0.45387143293911E+03
 0.45387143293911E+03
 0.45387143293911E+03
 0.45387143293911E+03
 0.45387143293911E+03
 0.45387143293911E+03
 0.45387143293911E+03
 0.45387143293911E+03
 0.45387143293911E+03
 0.45387143293911E+03
 0.45387143293911E+03
 0.45387143293911E+03
 0.45387143242735E+03
 0.45387143292647E+03
 0.45387143454877E+03
 0.45387143559927E+03
 0.45387143650343E+03
 0.45387143632399E+03
 0.45387143618956E+03
 0.45387143584194E+03
 0.45387143457352E+03
 0.45387142757488E+03
 0.45387142528072E+03
 0.45387142477012E+03
 0.45387141120692E+03
 0.45387140918653E+03
 0.45387140423411E+03
 0.45387139699670E+03
 0.45387138687717E+03
 0.45387137803859E+03
 0.45387136532394E+03
 0.45387138146051E+03
 0.45387139420870E+03
 0.45387140807869E+03
 0.45387140863273E+03
 0.45387141413912E+03
 0.45387141976856E+03
 0.45387182462743E+03
 0.45387182166800E+03
 0.45387182499956E+03
 0.45387181217858E+03
 0.45387182485777E+03
 0.45387181825750E+03
 0.45387182041149E+03
 0.45387181229781E+03
 0.45387181614275E+03
 0.45387153839765E+03
 0.45387153783967E+03
 0.45387154313937E+03
 0.45387154218369E+03
 0.45387154231602E+03
 0.45387153693027E+03
 0.45387153653940E+03
 0.45387145713144E+03
 0.45387145023553E+03
 0.45387145390678E+03
 0.45387145227515E+03
 0.45387145394693E+03
 0.45387144960671E+03
 0.45387145199699E+03
 0.45387145373341E+03
 0.45387144870125E+03
 0.45387145072733E+03
 0.45387145433895E+03
 0.45387144906109E+03
 0.45387145362422E+03
 0.45387145549300E+03
 0.45387144701778E+03
 0.45387145200016E+03
 0.45387147203044E+03
 0.45387147172684E+03
 0.45387147191245E+03
 0.45387147300275E+03
 0.45387147082228E+03
 0.45387147752942E+03
 0.45387147243305E+03
 0.45387147177427E+03
 0.45387146643513E+03
 0.45387147033430E+03
 0.45387147172121E+03
 0.45387147037421E+03
 0.45387147154708E+03
 0.45387158824872E+03
 0.45387158831551E+03
 0.45387159575459E+03
 0.45387159736872E+03
 0.45387159336784E+03
 0.45387159422705E+03
 0.45387159565717E+03
 0.45387159309225E+03
 0.45387160053810E+03
 0.45387159442850E+03
 0.45387163821880E+03
 0.45387163412052E+03
 0.45387163486286E+03
 0.45387140886599E+03
 0.45387139917953E+03
 0.45387139850079E+03
 0.45387152546549E+03
 0.45387152100966E+03
 0.45387153187364E+03
 0.45387152535948E+03
 0.45387152690678E+03
 0.45387152555539E+03
 0.45387152161941E+03
 0.45387152117308E+03
 0.45387152042805E+03
 0.45387152654065E+03
 0.45387152562776E+03
 0.45387152196279E+03
 0.45387152107324E+03
 0.45387152014549E+03
 0.45387152044151E+03
 0.45387152137204E+03
 0.45387152737742E+03
 0.45387152123130E+03
 0.45387152065796E+03
 0.45387152134397E+03
 0.45387152195837E+03
 0.45387152073326E+03
 0.45387152155268E+03
 0.45387152090503E+03
 0.45387152156209E+03
 0.45387152384939E+03
 0.45387152546526E+03
 0.45387152166052E+03
 0.45387152132605E+03
 0.45387152185165E+03
 0.45387152627975E+03
 0.45387153767301E+03
 0.45387152790236E+03
 0.45387152961635E+03
 0.45387152458634E+03
 0.45387152538380E+03
 0.45387152580808E+03
 0.45387152669742E+03
 0.45387133380116E+03
 0.45387132851391E+03
 0.45387133925404E+03
 0.45387133287995E+03
 0.45387133282924E+03
 0.45387133422451E+03
 0.45387132799257E+03
 0.45387132748035E+03
 0.45387132755523E+03
 0.45387132808399E+03
 0.45387132816730E+03
 0.45387132873776E+03
 0.45387132777456E+03
