-0.24451107037604E+13
-0.24450911439446E+13
-0.24470011298841E+13
-0.24501311968898E+13
-0.24544780585466E+13
-0.24600498118637E+13
-0.24668583040316E+13
-0.24749183986165E+13
-0.24842478949622E+13
-0.24948675785514E+13
-0.25068013174948E+13
-0.25200761862786E+13
-0.25347226122487E+13
-0.25507745443648E+13
-0.25682696452309E+13
-0.25872495081308E+13
-0.26077599012851E+13
-0.26298510419814E+13
-0.26535779036652E+13
-0.26790005595624E+13
-0.27061845669439E+13
-0.27352013967611E+13
-0.27661289140943E+13
-0.27990519156840E+13
-0.28340627317751E+13
-0.28712619006313E+13
-0.29107589253951E+13
-0.29526731245182E+13
-0.29971345888239E+13
-0.30442852604256E+13
-0.30942801513098E+13
-0.31472887224631E+13
-0.32034964481049E+13
-0.32631065940108E+13
-0.33263422442470E+13
-0.33934486170992E+13
-0.34646957188449E+13
-0.35403813936260E+13
-0.36208348394819E+13
-0.37064206751664E+13
-0.37975436604447E+13
-0.38946541951134E+13
-0.39982547502963E+13
-0.41089074213332E+13
-0.42272428370801E+13
-0.43539707187744E+13
-0.44898924569980E+13
-0.46359161735813E+13
-0.47930748647590E+13
-0.49625483943099E+13
-0.51456903379219E+13
-0.53440609981211E+13
-0.55594683516539E+13
-0.57940193193414E+13
-0.60501846618490E+13
-0.63308821738358E+13
-0.66395849813475E+13
-0.69804652404064E+13
-0.73585896567716E+13
-0.77801950189671E+13
-0.82530977231098E+13
-0.87873595028050E+13
-0.93965738913814E+13
-0.10101662238775E+14
-0.10940117104294E+14
-0.11887039976071E+14
-0.12969667459179E+14
-0.14222831671537E+14
-0.15687373499223E+14
-0.17417161856231E+14
-0.19484884304045E+14
-0.21992283992426E+14
-0.25085345046311E+14
-0.28980719551050E+14
-0.34014607479541E+14
-0.40732038489434E+14
-0.50075713325644E+14
-0.63805132166818E+14
-0.85575952508735E+14
-0.12419563557400E+15
-0.20638341825003E+15
-0.45493219243447E+15
-0.25832227613999E+16
-0.11823638335177E+16
-0.24652264371190E+15
-0.10677945138807E+15
-0.58685358854952E+14
-0.36024510136063E+14
-0.23412536148102E+14
-0.15626411300454E+14
-0.10470274344028E+14
-0.68844145075469E+13
-0.42976310655025E+13
-0.23638846079994E+13
-0.88806788986608E+12
 0.25730785478143E+12
 0.11618837624727E+13
 0.18858413074872E+13
 0.24664573979570E+13
 0.29404247185086E+13
 0.33343420595922E+13
 0.36618357940113E+13
 0.39288927330846E+13
 0.41498595641941E+13
 0.43270626439437E+13
 0.44751131550458E+13
 0.46061816784298E+13
 0.47066120948626E+13
 0.47837860341911E+13
 0.48459106991084E+13
 0.48910289116642E+13
 0.49279770158350E+13
 0.49562740818023E+13
 0.49696007717682E+13
 0.49702241791094E+13
 0.49632625953905E+13
 0.49541718728740E+13
 0.49396589315485E+13
 0.49161699002343E+13
 0.48873367117394E+13
 0.48483589408945E+13
 0.48074314843328E+13
 0.47735519464749E+13
 0.47285576464759E+13
 0.46803955649637E+13
 0.46250770758184E+13
 0.45679992152049E+13
 0.45198065743708E+13
 0.44621016606434E+13
 0.44027451007668E+13
 0.43388014325707E+13
 0.42731231370025E+13
 0.42106815288346E+13
 0.41509369528485E+13
 0.40855446679498E+13
 0.40195421248994E+13
 0.39475441899452E+13
 0.38820510489785E+13
 0.38124426203555E+13
 0.37492562382708E+13
 0.36812132166556E+13
 0.36095141122974E+13
 0.35377146668693E+13
 0.34688636917341E+13
 0.34081664615291E+13
 0.33403913343548E+13
 0.32730008278651E+13
 0.32008671119807E+13
 0.31330232679641E+13
 0.30690868501623E+13
 0.30060010242303E+13
 0.29406459710754E+13
 0.28731358901054E+13
 0.28076625698006E+13
 0.27415842694749E+13
 0.26799281286893E+13
 0.26220667421836E+13
 0.25605337960599E+13
 0.24996842038384E+13
 0.24354041611960E+13
 0.23734400203818E+13
 0.23166256558457E+13
 0.22630747792000E+13
 0.22059923302793E+13
 0.21499037848061E+13
 0.20905433125985E+13
 0.20331551544616E+13
 0.19814758664299E+13
 0.19327162638172E+13
 0.18805944030204E+13
 0.18294527515374E+13
 0.17755082938498E+13
 0.17233513612551E+13
 0.16763649563440E+13
 0.16324579156151E+13
 0.15854712908184E+13
 0.15393432849741E+13
 0.14911534726100E+13
 0.14442964820678E+13
 0.14015351686533E+13
 0.13587069717978E+13
 0.13204817348712E+13
 0.12792895578681E+13
 0.12390616701929E+13
 0.11950692509495E+13
 0.11555894410634E+13
 0.11197322805014E+13
 0.10846562631898E+13
 0.10481743270219E+13
 0.10124790161396E+13
 0.97423044534135E+12
 0.93950111864828E+12
 0.90421753958188E+12
 0.87264376793741E+12
 0.84408685362915E+12
 0.81268027417037E+12
 0.78208846741430E+12
 0.75197019499522E+12
 0.71893310936147E+12
 0.68839347086824E+12
 0.66174574476366E+12
