 0.21709934419406E+08
 0.21709934419406E+08
 0.21709934419406E+08
 0.21709934419406E+08
 0.21709934419406E+08
 0.21709934419406E+08
 0.21709934419406E+08
 0.21709934419406E+08
 0.21709934419406E+08
 0.21709934419406E+08
 0.21709934419406E+08
 0.21709934419406E+08
 0.21709934419406E+08
 0.21709934419406E+08
 0.21709934419406E+08
 0.21709934419406E+08
 0.21709934419406E+08
 0.21709934419406E+08
 0.21709934419406E+08
 0.21709934419406E+08
 0.21709934419406E+08
 0.21709934419406E+08
 0.21709934419406E+08
 0.21709934419406E+08
 0.21709934419406E+08
 0.21709934419406E+08
 0.21709934419406E+08
 0.21709934419406E+08
 0.21709934419406E+08
 0.21709934419406E+08
 0.21709934419406E+08
 0.21709934419406E+08
 0.21709934419406E+08
 0.21709934419406E+08
 0.21709934419406E+08
 0.21709934419406E+08
 0.21709934419406E+08
 0.21709934419406E+08
 0.21709934419406E+08
 0.21709934419406E+08
 0.21709934419406E+08
 0.21709934419406E+08
 0.21709934419406E+08
 0.21709934419406E+08
 0.21709934419406E+08
 0.21709934419406E+08
 0.21709934419406E+08
 0.21709934419406E+08
 0.21709934419406E+08
 0.21709934419406E+08
 0.21709934419406E+08
 0.21709934419406E+08
 0.21709934419406E+08
 0.21709934419406E+08
 0.21709934419406E+08
 0.21709934419406E+08
 0.21709934419406E+08
 0.21709934419406E+08
 0.21709934419406E+08
 0.21709934419406E+08
 0.21709934419406E+08
 0.21709934419406E+08
 0.21709934419406E+08
 0.21709934419406E+08
 0.21709934412535E+08
 0.21709934418471E+08
 0.21709934453310E+08
 0.21709934504196E+08
 0.21709934595230E+08
 0.21709934600758E+08
 0.21709934676004E+08
 0.21709934671843E+08
 0.21709934725478E+08
 0.21709934906097E+08
 0.21709934945534E+08
 0.21709934928878E+08
 0.21709935185624E+08
 0.21709935191523E+08
 0.21709935247062E+08
 0.21709935279202E+08
 0.21709935403135E+08
 0.21709935474559E+08
 0.21709935849403E+08
 0.21709935235006E+08
 0.21709934815298E+08
 0.21709934353304E+08
 0.21709934265752E+08
 0.21709934178803E+08
 0.21709934261681E+08
 0.21709924448686E+08
 0.21709924603222E+08
 0.21709924558309E+08
 0.21709924783217E+08
 0.21709924629997E+08
 0.21709924781339E+08
 0.21709924754718E+08
 0.21709925157743E+08
 0.21709925102887E+08
 0.21709933016813E+08
 0.21709933070154E+08
 0.21709932944817E+08
 0.21709933013569E+08
 0.21709932993493E+08
 0.21709933279090E+08
 0.21709933335174E+08
 0.21709935920641E+08
 0.21709936096087E+08
 0.21709936039536E+08
 0.21709936090148E+08
 0.21709936143930E+08
 0.21709936294620E+08
 0.21709936268894E+08
 0.21709936213324E+08
 0.21709936362131E+08
 0.21709936424463E+08
 0.21709936363630E+08
 0.21709936502603E+08
 0.21709936402335E+08
 0.21709936375244E+08
 0.21709936677631E+08
 0.21709936568102E+08
 0.21709935998445E+08
 0.21709936006775E+08
 0.21709936008033E+08
 0.21709936084208E+08
 0.21709936153884E+08
 0.21709936054316E+08
 0.21709936145559E+08
 0.21709936219838E+08
 0.21709936379583E+08
 0.21709936287442E+08
 0.21709936276778E+08
 0.21709936288208E+08
 0.21709936334342E+08
 0.21709932506685E+08
 0.21709932502274E+08
 0.21709932283741E+08
 0.21709932283291E+08
 0.21709932318497E+08
 0.21709932277627E+08
 0.21709932202535E+08
 0.21709932373392E+08
 0.21709932178331E+08
 0.21709932327179E+08
 0.21709930442294E+08
 0.21709930516492E+08
 0.21709930410937E+08
 0.21709937415063E+08
 0.21709937677331E+08
 0.21709937681538E+08
 0.21709933800351E+08
 0.21709933926592E+08
 0.21709933542440E+08
 0.21709933738436E+08
 0.21709933708924E+08
 0.21709933755924E+08
 0.21709933875519E+08
 0.21709933879387E+08
 0.21709933955214E+08
 0.21709933733885E+08
 0.21709933718354E+08
 0.21709933846902E+08
 0.21709933874067E+08
 0.21709933945586E+08
 0.21709933930052E+08
 0.21709933873212E+08
 0.21709933689907E+08
 0.21709933859975E+08
 0.21709933861931E+08
 0.21709933842696E+08
 0.21709933768921E+08
 0.21709933877566E+08
 0.21709933845516E+08
 0.21709933847154E+08
 0.21709933825655E+08
 0.21709933526521E+08
 0.21709933564295E+08
 0.21709933785264E+08
 0.21709933819649E+08
 0.21709933743964E+08
 0.21709933477910E+08
 0.21709933353910E+08
 0.21709933586569E+08
 0.21709933510350E+08
 0.21709933398784E+08
 0.21709933539403E+08
 0.21709933540798E+08
 0.21709933595221E+08
 0.21709938074671E+08
 0.21709938213298E+08
 0.21709937833314E+08
 0.21709938059827E+08
 0.21709938059274E+08
 0.21709938069166E+08
 0.21709938239889E+08
 0.21709938248730E+08
 0.21709938231216E+08
 0.21709938276106E+08
 0.21709938242807E+08
 0.21709938230449E+08
 0.21709938250630E+08
