 0.81759258196794E+07
 0.81759258196794E+07
 0.81759258196794E+07
 0.81759258196794E+07
 0.81759258196794E+07
 0.81759258196794E+07
 0.81759258196794E+07
 0.81759258196794E+07
 0.81759258196794E+07
 0.81759258196794E+07
 0.81759258196794E+07
 0.81759258196794E+07
 0.81759258196794E+07
 0.81759258196794E+07
 0.81759258196794E+07
 0.81759258196794E+07
 0.81759258196794E+07
 0.81759258196794E+07
 0.81759258196794E+07
 0.81759258196794E+07
 0.81759258196794E+07
 0.81759258196794E+07
 0.81759258196794E+07
 0.81759258196794E+07
 0.81759258196794E+07
 0.81759258196794E+07
 0.81759258196794E+07
 0.81759258196794E+07
 0.81759258196794E+07
 0.81759258196794E+07
 0.81759258196794E+07
 0.81759258196794E+07
 0.81759258196794E+07
 0.81759258196794E+07
 0.81759258196794E+07
 0.81759258196794E+07
 0.81759258196794E+07
 0.81759258196794E+07
 0.81759258196794E+07
 0.81759258196794E+07
 0.81759258196794E+07
 0.81759258196794E+07
 0.81759258196794E+07
 0.81759258196794E+07
 0.81759258196794E+07
 0.81759258196794E+07
 0.81759258196794E+07
 0.81759258196794E+07
 0.81759258196794E+07
 0.81759258196794E+07
 0.81759258196794E+07
 0.81759258196794E+07
 0.81759258196794E+07
 0.81759258196794E+07
 0.81759258196794E+07
 0.81759258196794E+07
 0.81759258196794E+07
 0.81759258196794E+07
 0.81759258196794E+07
 0.81759258196794E+07
 0.81759258196794E+07
 0.81759258196794E+07
 0.81759258196794E+07
 0.81759258196794E+07
 0.81759258216511E+07
 0.81759258028269E+07
 0.81759257503073E+07
 0.81759257062316E+07
 0.81759256464146E+07
 0.81759256498689E+07
 0.81759256112715E+07
 0.81759256231279E+07
 0.81759255996424E+07
 0.81759254651942E+07
 0.81759254432059E+07
 0.81759254588214E+07
 0.81759252825460E+07
 0.81759252871419E+07
 0.81759253499599E+07
 0.81759253536156E+07
 0.81759253859500E+07
 0.81759254580083E+07
 0.81759257851907E+07
 0.81759259529714E+07
 0.81759258360070E+07
 0.81759258154907E+07
 0.81759256415432E+07
 0.81759255849586E+07
 0.81759256246046E+07
 0.81759166898552E+07
 0.81759166248546E+07
 0.81759166711252E+07
 0.81759164701425E+07
 0.81759166647700E+07
 0.81759165806643E+07
 0.81759166072589E+07
 0.81759165981676E+07
 0.81759166981190E+07
 0.81759176444820E+07
 0.81759176530722E+07
 0.81759177640694E+07
 0.81759177452693E+07
 0.81759177608078E+07
 0.81759177324017E+07
 0.81759177514861E+07
 0.81759155328831E+07
 0.81759154325316E+07
 0.81759155056771E+07
 0.81759154867213E+07
 0.81759155869627E+07
 0.81759155193412E+07
 0.81759155736011E+07
 0.81759156173136E+07
 0.81759155265110E+07
 0.81759156242345E+07
 0.81759156906158E+07
 0.81759156159326E+07
 0.81759156939791E+07
 0.81759157244405E+07
 0.81759156484061E+07
 0.81759157551829E+07
 0.81759181520853E+07
 0.81759181652105E+07
 0.81759181717615E+07
 0.81759182494311E+07
 0.81759182102883E+07
 0.81759183153149E+07
 0.81759182349793E+07
 0.81759182842259E+07
 0.81759181882900E+07
 0.81759182709002E+07
 0.81759182843270E+07
 0.81759182692824E+07
 0.81759183376094E+07
 0.81759188146532E+07
 0.81759188128448E+07
 0.81759189039642E+07
 0.81759189437284E+07
 0.81759188745608E+07
 0.81759188839657E+07
 0.81759188868965E+07
 0.81759189001032E+07
 0.81759189663516E+07
 0.81759188901855E+07
 0.81759207276146E+07
 0.81759206239045E+07
 0.81759205875951E+07
 0.81759217135025E+07
 0.81759215934817E+07
 0.81759215791551E+07
 0.81759222424629E+07
 0.81759221551195E+07
 0.81759222410451E+07
 0.81759221880400E+07
 0.81759222026939E+07
 0.81759222108026E+07
 0.81759221420342E+07
 0.81759221289088E+07
 0.81759221409107E+07
 0.81759222295747E+07
 0.81759221859659E+07
 0.81759221320365E+07
 0.81759221180211E+07
 0.81759221307135E+07
 0.81759221238391E+07
 0.81759221238648E+07
 0.81759222234593E+07
 0.81759221099796E+07
 0.81759220961023E+07
 0.81759221034644E+07
 0.81759220822672E+07
 0.81759221012619E+07
 0.81759221018978E+07
 0.81759220909930E+07
 0.81759220964158E+07
 0.81759219998440E+07
 0.81759220662751E+07
 0.81759220792111E+07
 0.81759220844973E+07
 0.81759220666476E+07
 0.81759220409330E+07
 0.81759222732598E+07
 0.81759221456237E+07
 0.81759221542042E+07
 0.81759219392030E+07
 0.81759220418140E+07
 0.81759220638123E+07
 0.81759221359416E+07
 0.81759278078268E+07
 0.81759276962411E+07
 0.81759277593314E+07
 0.81759277501617E+07
 0.81759277445534E+07
 0.81759278173401E+07
 0.81759276944541E+07
 0.81759276760627E+07
 0.81759276689663E+07
 0.81759276866732E+07
 0.81759276880892E+07
 0.81759276850721E+07
 0.81759276745215E+07
