-0.62288813202500E+08
-0.68645464276728E+09
-0.13106169731391E+10
-0.19349902804476E+10
-0.25596756268836E+10
-0.31847745624622E+10
-0.38103893739399E+10
-0.44366232774278E+10
-0.50635806122491E+10
-0.56913670402627E+10
-0.63200897521887E+10
-0.69498576822287E+10
-0.75807817323020E+10
-0.82129750073172E+10
-0.88465530630184E+10
-0.94816341680880E+10
-0.10118339582364E+11
-0.10756793853216E+11
-0.11397125132370E+11
-0.12039465515708E+11
-0.12683951408912E+11
-0.13330723922137E+11
-0.13979929297351E+11
-0.14631719372423E+11
-0.15286252086642E+11
-0.15943692032959E+11
-0.16604211063067E+11
-0.17267988952305E+11
-0.17935214132450E+11
-0.18606084501749E+11
-0.19280808323029E+11
-0.19959605222536E+11
-0.20642707304316E+11
-0.21330360397557E+11
-0.22022825457429E+11
-0.22720380143832E+11
-0.23423320607088E+11
-0.24131963515379E+11
-0.24846648365830E+11
-0.25567740129939E+11
-0.26295632295119E+11
-0.27030750377991E+11
-0.27773556002772E+11
-0.28524551660652E+11
-0.29284286295222E+11
-0.30053361896969E+11
-0.30832441339716E+11
-0.31622257758173E+11
-0.32423625854723E+11
-0.33237455644609E+11
-0.34064769315351E+11
-0.34906722109227E+11
-0.35764628468429E+11
-0.36639995160371E+11
-0.37534563804298E+11
-0.38450366278808E+11
-0.39389798120390E+11
-0.40355717603024E+11
-0.41351582397236E+11
-0.42381642815430E+11
-0.43451223152503E+11
-0.44567145688005E+11
-0.45738396914024E+11
-0.46977229619885E+11
-0.48301108692974E+11
-0.49736453250391E+11
-0.51326735016164E+11
-0.53153375371766E+11
-0.55408630967036E+11
-0.58942284176032E+11
-0.10946785395596E+12
-0.23292976770328E+12
-0.39794516624160E+12
-0.59455719379780E+12
-0.81737793418382E+12
-0.10628198592552E+13
-0.13281448679167E+13
-0.16114739657175E+13
-0.19109549376518E+13
-0.22255435553069E+13
-0.25537971018779E+13
-0.28953919482695E+13
-0.32489823255384E+13
-0.36142146988827E+13
-0.39902633203245E+13
-0.43774523953076E+13
-0.47752032609924E+13
-0.51812551316928E+13
-0.56004016356175E+13
-0.60304210177551E+13
-0.64677795999686E+13
-0.69199912629945E+13
-0.73853551737648E+13
-0.78610698936559E+13
-0.83563712345423E+13
-0.88645943418641E+13
-0.93984420290291E+13
-0.99501050941030E+13
-0.10529852219547E+14
-0.11143501946273E+14
-0.11786605901904E+14
-0.12465566952894E+14
-0.13181106541480E+14
-0.13930440764207E+14
-0.14692571511938E+14
-0.15455635017897E+14
-0.16198399860557E+14
-0.16898564376122E+14
-0.17553500548371E+14
-0.18181112533065E+14
-0.18786817624870E+14
-0.19399565044098E+14
-0.20012785463930E+14
-0.20645021090834E+14
-0.21288724980138E+14
-0.21949720307342E+14
-0.22609790020020E+14
-0.23290941874832E+14
-0.23980237381786E+14
-0.24679949106138E+14
-0.25378812757737E+14
-0.26091227369858E+14
-0.26814705371254E+14
-0.27544482459716E+14
-0.28282754848153E+14
-0.29017448204046E+14
-0.29770868227008E+14
-0.30529301363037E+14
-0.31294266058654E+14
-0.32067699111990E+14
-0.32835932379104E+14
-0.33620492872106E+14
-0.34415116987909E+14
-0.35213248391203E+14
-0.36021597488430E+14
-0.36830154162142E+14
-0.37637948395890E+14
-0.38466570990499E+14
-0.39295315593715E+14
-0.40142529770296E+14
-0.40967201225415E+14
-0.41819738503798E+14
-0.42682382725597E+14
-0.43548317280267E+14
-0.44421039449209E+14
-0.45294711279973E+14
-0.46166023362180E+14
-0.47063602314777E+14
-0.47963778384641E+14
-0.48867685529400E+14
-0.49798535624435E+14
-0.50678601399655E+14
-0.51610664002544E+14
-0.52539333280276E+14
-0.53480896838138E+14
-0.54438432001904E+14
-0.55358523734125E+14
-0.56320618023707E+14
-0.57288418589143E+14
-0.58262296654298E+14
-0.59254985064338E+14
-0.60206525739029E+14
-0.61200376068289E+14
-0.62205702797423E+14
-0.63211690518829E+14
-0.64237847165563E+14
-0.65220813955999E+14
-0.66248916240352E+14
-0.67291638459071E+14
-0.68330866968741E+14
-0.69390707536025E+14
-0.70453057686997E+14
-0.71538581498479E+14
-0.72546816902756E+14
-0.73630872360172E+14
-0.74717797985193E+14
-0.75807396651585E+14
-0.76943813199949E+14
-0.77970255354388E+14
-0.79095743910034E+14
-0.80214875148301E+14
-0.81338280441568E+14
-0.82478780608715E+14
-0.83574051265908E+14
-0.84726942220394E+14
-0.85885462072994E+14
-0.87050306438188E+14
-0.88215231412213E+14
-0.89399608170770E+14
-0.90539884354898E+14
-0.91732484887498E+14
-0.92925729515875E+14
-0.94134724314529E+14
-0.95340456301661E+14
-0.96570869205433E+14
-0.97821626736591E+14
-0.98959965704812E+14
-0.10021195855211E+15
-0.10146656355868E+15
-0.10270408117318E+15
-0.10398821376947E+15
