 0.23256304961640E+04
 0.23256304961640E+04
 0.23256304961640E+04
 0.23256304961640E+04
 0.23256304961640E+04
 0.23256304961640E+04
 0.23256304961640E+04
 0.23256304961640E+04
 0.23256304961640E+04
 0.23256304961640E+04
 0.23256304961640E+04
 0.23256304961640E+04
 0.23256304961640E+04
 0.23256304961640E+04
 0.23256304961640E+04
 0.23256304961640E+04
 0.23256304961640E+04
 0.23256304961640E+04
 0.23256304961640E+04
 0.23256304961640E+04
 0.23256304961640E+04
 0.23256304961640E+04
 0.23256304961640E+04
 0.23256304961640E+04
 0.23256304961640E+04
 0.23256304961640E+04
 0.23256304961640E+04
 0.23256304961640E+04
 0.23256304961640E+04
 0.23256304961640E+04
 0.23256304961640E+04
 0.23256304961640E+04
 0.23256304961640E+04
 0.23256304961640E+04
 0.23256304961640E+04
 0.23256304961640E+04
 0.23256304961640E+04
 0.23256304961640E+04
 0.23256304961640E+04
 0.23256304961640E+04
 0.23256304961640E+04
 0.23256304961640E+04
 0.23256304961640E+04
 0.23256304961640E+04
 0.23256304961640E+04
 0.23256304961640E+04
 0.23256304961640E+04
 0.23256304961640E+04
 0.23256304961640E+04
 0.23256304961640E+04
 0.23256304961640E+04
 0.23256304961640E+04
 0.23256304961640E+04
 0.23256304961640E+04
 0.23256304961640E+04
 0.23256304961640E+04
 0.23256304961640E+04
 0.23256304961640E+04
 0.23256304961640E+04
 0.23256304961640E+04
 0.23256304961640E+04
 0.23256304961640E+04
 0.23256304961640E+04
 0.23256304961640E+04
 0.23256304961640E+04
 0.23256304961640E+04
 0.23256304961640E+04
 0.23256304961640E+04
 0.23256304961640E+04
 0.23256304961640E+04
 0.23256304960471E+04
 0.23256305009440E+04
 0.23256305121553E+04
 0.23256305256074E+04
 0.23256305269868E+04
 0.23256305402697E+04
 0.23256305393391E+04
 0.23256305430870E+04
 0.23256305408312E+04
 0.23256305453149E+04
 0.23256305575454E+04
 0.23256305572337E+04
 0.23256305549647E+04
 0.23256305743610E+04
 0.23256305761534E+04
 0.23256305749039E+04
 0.23256305784345E+04
 0.23256305763270E+04
 0.23256305712409E+04
 0.23256305631168E+04
 0.23256305572273E+04
 0.23256305530529E+04
 0.23256305438202E+04
 0.23256305347343E+04
 0.23256305344158E+04
 0.23256305083954E+04
 0.23256305050136E+04
 0.23256304850091E+04
 0.23256304741252E+04
 0.23256304593296E+04
 0.23256304473352E+04
 0.23256304252244E+04
 0.23256304189881E+04
 0.23256304296565E+04
 0.23256303975081E+04
 0.23256304437643E+04
 0.23256304355883E+04
 0.23256304704365E+04
 0.23256304784550E+04
 0.23256305077938E+04
 0.23256304824743E+04
 0.23256304846894E+04
 0.23256305096090E+04
 0.23256305076616E+04
 0.23256304923763E+04
 0.23256305061001E+04
 0.23256305089638E+04
 0.23256304997892E+04
 0.23256305085508E+04
 0.23256304778359E+04
 0.23256304999096E+04
 0.23256304918468E+04
 0.23256304442030E+04
 0.23256304811661E+04
 0.23256304776638E+04
 0.23256304214667E+04
 0.23256304717135E+04
 0.23256304405526E+04
 0.23256304288829E+04
 0.23256304257800E+04
 0.23256304452818E+04
 0.23256304341738E+04
 0.23256304165653E+04
 0.23256304393971E+04
 0.23256304113057E+04
 0.23256304421229E+04
 0.23256304214039E+04
 0.23256304018080E+04
 0.23256304006654E+04
 0.23256303873735E+04
 0.23256303924353E+04
 0.23256304202859E+04
 0.23256304006032E+04
 0.23256304189565E+04
 0.23256304047588E+04
 0.23256303784619E+04
 0.23256303822533E+04
 0.23256304078537E+04
 0.23256303791559E+04
 0.23256303795626E+04
 0.23256303903752E+04
 0.23256304104110E+04
 0.23256304142970E+04
 0.23256304072959E+04
 0.23256304021642E+04
 0.23256304020784E+04
 0.23256303938839E+04
 0.23256303752679E+04
 0.23256303822439E+04
 0.23256304079237E+04
 0.23256304104773E+04
 0.23256303979983E+04
 0.23256303920605E+04
 0.23256304016265E+04
 0.23256303890544E+04
 0.23256303815350E+04
 0.23256303909013E+04
 0.23256304037842E+04
 0.23256304251772E+04
 0.23256304265286E+04
 0.23256304144159E+04
 0.23256304053972E+04
 0.23256304257545E+04
 0.23256304196839E+04
 0.23256304130116E+04
 0.23256304312506E+04
 0.23256304267200E+04
 0.23256304264974E+04
 0.23256304092962E+04
 0.23256303908301E+04
 0.23256304199569E+04
 0.23256303823276E+04
 0.23256304043671E+04
 0.23256303861784E+04
 0.23256304150982E+04
 0.23256304193475E+04
 0.23256304291743E+04
 0.23256304148042E+04
 0.23256304166242E+04
 0.23256304128811E+04
 0.23256304348334E+04
 0.23256304240884E+04
 0.23256304174488E+04
 0.23256304310113E+04
 0.23256304319561E+04
 0.23256304328440E+04
 0.23256304171842E+04
 0.23256303856966E+04
 0.23256303969156E+04
 0.23256303927859E+04
 0.23256304214041E+04
