 0.14141385420116E+04
 0.14141385420116E+04
 0.14141385420116E+04
 0.14141385420116E+04
 0.14141385420116E+04
 0.14141385420116E+04
 0.14141385420116E+04
 0.14141385420116E+04
 0.14141385420116E+04
 0.14141385420116E+04
 0.14141385420116E+04
 0.14141385420116E+04
 0.14141385420116E+04
 0.14141385420116E+04
 0.14141385420116E+04
 0.14141385420116E+04
 0.14141385420116E+04
 0.14141385420116E+04
 0.14141385420116E+04
 0.14141385420116E+04
 0.14141385420116E+04
 0.14141385420116E+04
 0.14141385420116E+04
 0.14141385420116E+04
 0.14141385420116E+04
 0.14141385420116E+04
 0.14141385420116E+04
 0.14141385420116E+04
 0.14141385420116E+04
 0.14141385420116E+04
 0.14141385420116E+04
 0.14141385420116E+04
 0.14141385420116E+04
 0.14141385420116E+04
 0.14141385420116E+04
 0.14141385420116E+04
 0.14141385420116E+04
 0.14141385420116E+04
 0.14141385420116E+04
 0.14141385420116E+04
 0.14141385420116E+04
 0.14141385420116E+04
 0.14141385420116E+04
 0.14141385420116E+04
 0.14141385420116E+04
 0.14141385420116E+04
 0.14141385420116E+04
 0.14141385420116E+04
 0.14141385420116E+04
 0.14141385420116E+04
 0.14141385420116E+04
 0.14141385420116E+04
 0.14141385420116E+04
 0.14141385420116E+04
 0.14141385420116E+04
 0.14141385420116E+04
 0.14141385420116E+04
 0.14141385420116E+04
 0.14141385420116E+04
 0.14141385420116E+04
 0.14141385420116E+04
 0.14141385420116E+04
 0.14141385420116E+04
 0.14141385420116E+04
 0.14141385420116E+04
 0.14141385420116E+04
 0.14141385420116E+04
 0.14141385420116E+04
 0.14141385420116E+04
 0.14141385420116E+04
 0.14141385423089E+04
 0.14141385422118E+04
 0.14141385405913E+04
 0.14141385372470E+04
 0.14141385365158E+04
 0.14141385318960E+04
 0.14141385318062E+04
 0.14141385300902E+04
 0.14141385302264E+04
 0.14141385284313E+04
 0.14141385242986E+04
 0.14141385239801E+04
 0.14141385243300E+04
 0.14141385153960E+04
 0.14141385139588E+04
 0.14141385141259E+04
 0.14141385072047E+04
 0.14141385052162E+04
 0.14141385061378E+04
 0.14141385038135E+04
 0.14141385015359E+04
 0.14141385019272E+04
 0.14141384976120E+04
 0.14141384968208E+04
 0.14141384962111E+04
 0.14141384895430E+04
 0.14141384888242E+04
 0.14141384852879E+04
 0.14141384854783E+04
 0.14141384861827E+04
 0.14141384887037E+04
 0.14141384976547E+04
 0.14141385029968E+04
 0.14141385089787E+04
 0.14141385281121E+04
 0.14141385233608E+04
 0.14141385346202E+04
 0.14141385349994E+04
 0.14141385426393E+04
 0.14141385484391E+04
 0.14141385611864E+04
 0.14141385581847E+04
 0.14141385475781E+04
 0.14141385471368E+04
 0.14141385503613E+04
 0.14141385467132E+04
 0.14141385467057E+04
 0.14141385479557E+04
 0.14141385451505E+04
 0.14141385519653E+04
 0.14141385445486E+04
 0.14141385339106E+04
 0.14141385400577E+04
 0.14141385264168E+04
 0.14141385250938E+04
 0.14141385402299E+04
 0.14141385245797E+04
 0.14141385232511E+04
 0.14141385233894E+04
 0.14141385226885E+04
 0.14141385159113E+04
 0.14141385132372E+04
 0.14141385147598E+04
 0.14141385067740E+04
 0.14141385134125E+04
 0.14141385052417E+04
 0.14141385030327E+04
 0.14141385070578E+04
 0.14141385064551E+04
 0.14141385102980E+04
 0.14141385021497E+04
 0.14141384928405E+04
 0.14141384974235E+04
 0.14141384924587E+04
 0.14141384913861E+04
 0.14141384978243E+04
 0.14141384955120E+04
 0.14141384889434E+04
 0.14141385007663E+04
 0.14141384945375E+04
 0.14141384886043E+04
 0.14141384888783E+04
 0.14141384901390E+04
 0.14141384892810E+04
 0.14141384836694E+04
 0.14141384847638E+04
 0.14141384901806E+04
 0.14141384966864E+04
 0.14141384973416E+04
 0.14141384943950E+04
 0.14141384942798E+04
 0.14141384990538E+04
 0.14141385039544E+04
 0.14141385122996E+04
 0.14141385039119E+04
 0.14141385060903E+04
 0.14141385038056E+04
 0.14141385099640E+04
 0.14141384985150E+04
 0.14141385013683E+04
 0.14141385231821E+04
 0.14141385108476E+04
 0.14141384998951E+04
 0.14141384966962E+04
 0.14141384989065E+04
 0.14141385052989E+04
 0.14141384979227E+04
 0.14141384979773E+04
 0.14141384996324E+04
 0.14141385072585E+04
 0.14141384996702E+04
 0.14141385065683E+04
 0.14141385015888E+04
 0.14141385082815E+04
 0.14141385274391E+04
 0.14141385092814E+04
 0.14141385026063E+04
 0.14141385177318E+04
 0.14141385198807E+04
 0.14141385182342E+04
 0.14141385049981E+04
 0.14141384981131E+04
 0.14141384999770E+04
 0.14141385005656E+04
 0.14141385033829E+04
 0.14141385013604E+04
 0.14141384990894E+04
 0.14141385082682E+04
 0.14141385079026E+04
 0.14141385090268E+04
 0.14141385015710E+04
