 0.13698738047226E+03
 0.13698738047226E+03
 0.13698738047226E+03
 0.13698738047226E+03
 0.13698738047226E+03
 0.13698738047226E+03
 0.13698738047226E+03
 0.13698738047226E+03
 0.13698738047226E+03
 0.13698738047226E+03
 0.13698738047226E+03
 0.13698738047226E+03
 0.13698738047226E+03
 0.13698738047226E+03
 0.13698738047226E+03
 0.13698738047226E+03
 0.13698738047226E+03
 0.13698738047226E+03
 0.13698738047226E+03
 0.13698738047226E+03
 0.13698738047226E+03
 0.13698738047226E+03
 0.13698738047226E+03
 0.13698738047226E+03
 0.13698738047226E+03
 0.13698738047226E+03
 0.13698738047226E+03
 0.13698738047226E+03
 0.13698738047226E+03
 0.13698738047226E+03
 0.13698738047226E+03
 0.13698738047226E+03
 0.13698738047226E+03
 0.13698738047226E+03
 0.13698738047226E+03
 0.13698738047226E+03
 0.13698738047226E+03
 0.13698738047226E+03
 0.13698738047226E+03
 0.13698738047226E+03
 0.13698738047226E+03
 0.13698738047226E+03
 0.13698738047226E+03
 0.13698738047226E+03
 0.13698738047226E+03
 0.13698738047226E+03
 0.13698738047226E+03
 0.13698738047226E+03
 0.13698738047226E+03
 0.13698738047226E+03
 0.13698738047226E+03
 0.13698738047226E+03
 0.13698738047226E+03
 0.13698738047226E+03
 0.13698738047226E+03
 0.13698738047226E+03
 0.13698738047226E+03
 0.13698738047226E+03
 0.13698738047226E+03
 0.13698738047226E+03
 0.13698738047226E+03
 0.13698738047226E+03
 0.13698738047226E+03
 0.13698738047226E+03
 0.13698738047226E+03
 0.13698738047226E+03
 0.13698738047226E+03
 0.13698738047226E+03
 0.13698738047226E+03
 0.13698738047226E+03
 0.13698738048382E+03
 0.13698738087139E+03
 0.13698738177078E+03
 0.13698738296446E+03
 0.13698738309849E+03
 0.13698738447461E+03
 0.13698738441204E+03
 0.13698738488191E+03
 0.13698738471443E+03
 0.13698738529514E+03
 0.13698738674067E+03
 0.13698738678696E+03
 0.13698738661392E+03
 0.13698738892571E+03
 0.13698738919284E+03
 0.13698738908848E+03
 0.13698738974077E+03
 0.13698738965932E+03
 0.13698738917946E+03
 0.13698738851888E+03
 0.13698738805364E+03
 0.13698738764309E+03
 0.13698738694212E+03
 0.13698738614967E+03
 0.13698738611474E+03
 0.13698738430302E+03
 0.13698738402123E+03
 0.13698738269699E+03
 0.13698738178223E+03
 0.13698738056782E+03
 0.13698737940603E+03
 0.13698737667778E+03
 0.13698737584416E+03
 0.13698737623197E+03
 0.13698737190322E+03
 0.13698737646066E+03
 0.13698737499429E+03
 0.13698737812209E+03
 0.13698737811540E+03
 0.13698738008796E+03
 0.13698737676869E+03
 0.13698737739126E+03
 0.13698738062986E+03
 0.13698738064756E+03
 0.13698737912612E+03
 0.13698738054476E+03
 0.13698738083883E+03
 0.13698737998285E+03
 0.13698738095941E+03
 0.13698737784497E+03
 0.13698738037043E+03
 0.13698738112977E+03
 0.13698737677279E+03
 0.13698738123430E+03
 0.13698738109552E+03
 0.13698737501131E+03
 0.13698738075112E+03
 0.13698737850813E+03
 0.13698737765824E+03
 0.13698737750716E+03
 0.13698737981688E+03
 0.13698737923126E+03
 0.13698737777168E+03
 0.13698738046550E+03
 0.13698737753336E+03
 0.13698738087115E+03
 0.13698737949369E+03
 0.13698737757372E+03
 0.13698737755833E+03
 0.13698737607611E+03
 0.13698737746292E+03
 0.13698738065879E+03
 0.13698737859694E+03
 0.13698738059985E+03
 0.13698737963980E+03
 0.13698737692162E+03
 0.13698737749535E+03
 0.13698738022744E+03
 0.13698737660732E+03
 0.13698737740033E+03
 0.13698737896813E+03
 0.13698738043406E+03
 0.13698738052496E+03
 0.13698738007488E+03
 0.13698738038732E+03
 0.13698738024067E+03
 0.13698737895293E+03
 0.13698737681029E+03
 0.13698737725683E+03
 0.13698737950153E+03
 0.13698737971090E+03
 0.13698737819070E+03
 0.13698737718925E+03
 0.13698737689290E+03
 0.13698737697344E+03
 0.13698737613322E+03
 0.13698737712121E+03
 0.13698737734341E+03
 0.13698738037159E+03
 0.13698738011550E+03
 0.13698737651821E+03
 0.13698737735704E+03
 0.13698738023850E+03
 0.13698738011260E+03
 0.13698737933461E+03
 0.13698737998978E+03
 0.13698738051363E+03
 0.13698738049485E+03
 0.13698737896335E+03
 0.13698737669327E+03
 0.13698737976744E+03
 0.13698737612710E+03
 0.13698737835184E+03
 0.13698737621080E+03
 0.13698737603788E+03
 0.13698737861976E+03
 0.13698738015050E+03
 0.13698737720424E+03
 0.13698737708165E+03
 0.13698737700595E+03
 0.13698738029175E+03
 0.13698738026201E+03
 0.13698737951773E+03
 0.13698738053391E+03
 0.13698738026885E+03
 0.13698738054382E+03
 0.13698737960901E+03
 0.13698737615705E+03
 0.13698737705222E+03
 0.13698737660739E+03
 0.13698737962064E+03
