 0.83297469144197E+02
 0.83297469144197E+02
 0.83297469144197E+02
 0.83297469144197E+02
 0.83297469144197E+02
 0.83297469144197E+02
 0.83297469144197E+02
 0.83297469144197E+02
 0.83297469144197E+02
 0.83297469144197E+02
 0.83297469144197E+02
 0.83297469144197E+02
 0.83297469144197E+02
 0.83297469144197E+02
 0.83297469144197E+02
 0.83297469144197E+02
 0.83297469144197E+02
 0.83297469144197E+02
 0.83297469144197E+02
 0.83297469144197E+02
 0.83297469144197E+02
 0.83297469144197E+02
 0.83297469144197E+02
 0.83297469144197E+02
 0.83297469144197E+02
 0.83297469144197E+02
 0.83297469144197E+02
 0.83297469144197E+02
 0.83297469144197E+02
 0.83297469144197E+02
 0.83297469144197E+02
 0.83297469144197E+02
 0.83297469144197E+02
 0.83297469144197E+02
 0.83297469144197E+02
 0.83297469144197E+02
 0.83297469144197E+02
 0.83297469144197E+02
 0.83297469144197E+02
 0.83297469144197E+02
 0.83297469144197E+02
 0.83297469144197E+02
 0.83297469144197E+02
 0.83297469144197E+02
 0.83297469144197E+02
 0.83297469144197E+02
 0.83297469144197E+02
 0.83297469144197E+02
 0.83297469144197E+02
 0.83297469144197E+02
 0.83297469144197E+02
 0.83297469144197E+02
 0.83297469144197E+02
 0.83297469144197E+02
 0.83297469144197E+02
 0.83297469144197E+02
 0.83297469144197E+02
 0.83297469144197E+02
 0.83297469144197E+02
 0.83297469144197E+02
 0.83297469144197E+02
 0.83297469144197E+02
 0.83297469144197E+02
 0.83297469144197E+02
 0.83297469144197E+02
 0.83297469144197E+02
 0.83297469144197E+02
 0.83297469144197E+02
 0.83297469144197E+02
 0.83297469144197E+02
 0.83297469172922E+02
 0.83297469227486E+02
 0.83297469277357E+02
 0.83297469324395E+02
 0.83297469313414E+02
 0.83297469402313E+02
 0.83297469392310E+02
 0.83297469442698E+02
 0.83297469429683E+02
 0.83297469516460E+02
 0.83297469713945E+02
 0.83297469734499E+02
 0.83297469731159E+02
 0.83297469915918E+02
 0.83297469929502E+02
 0.83297469920635E+02
 0.83297469783133E+02
 0.83297469691963E+02
 0.83297469636633E+02
 0.83297469389028E+02
 0.83297469182919E+02
 0.83297469105839E+02
 0.83297468756108E+02
 0.83297468553074E+02
 0.83297468507328E+02
 0.83297467944886E+02
 0.83297467852327E+02
 0.83297467555301E+02
 0.83297467400116E+02
 0.83297467233100E+02
 0.83297467104755E+02
 0.83297466764994E+02
 0.83297466796126E+02
 0.83297467002179E+02
 0.83297466648497E+02
 0.83297467483092E+02
 0.83297467547501E+02
 0.83297468223587E+02
 0.83297468382335E+02
 0.83297468872572E+02
 0.83297468511974E+02
 0.83297468634383E+02
 0.83297469086359E+02
 0.83297469140876E+02
 0.83297468953147E+02
 0.83297469109338E+02
 0.83297469185139E+02
 0.83297469066886E+02
 0.83297469181649E+02
 0.83297468789396E+02
 0.83297469097561E+02
 0.83297469221463E+02
 0.83297468640677E+02
 0.83297469226166E+02
 0.83297469189295E+02
 0.83297468394072E+02
 0.83297469162719E+02
 0.83297468836665E+02
 0.83297468745999E+02
 0.83297468723978E+02
 0.83297469030746E+02
 0.83297468914998E+02
 0.83297468747840E+02
 0.83297469097703E+02
 0.83297468711953E+02
 0.83297469156478E+02
 0.83297468930873E+02
 0.83297468702358E+02
 0.83297468698426E+02
 0.83297468499571E+02
 0.83297468681592E+02
 0.83297469079016E+02
 0.83297468800209E+02
 0.83297469068308E+02
 0.83297468929868E+02
 0.83297468598146E+02
 0.83297468675018E+02
 0.83297469032460E+02
 0.83297468555467E+02
 0.83297468656210E+02
 0.83297468872772E+02
 0.83297469062674E+02
 0.83297469053021E+02
 0.83297468979563E+02
 0.83297469022811E+02
 0.83297469001171E+02
 0.83297468830705E+02
 0.83297468577827E+02
 0.83297468638083E+02
 0.83297468909669E+02
 0.83297468938729E+02
 0.83297468742513E+02
 0.83297468634905E+02
 0.83297468603638E+02
 0.83297468608849E+02
 0.83297468495576E+02
 0.83297468626291E+02
 0.83297468662721E+02
 0.83297469063440E+02
 0.83297469027379E+02
 0.83297468558737E+02
 0.83297468665282E+02
 0.83297469043125E+02
 0.83297468995573E+02
 0.83297468891679E+02
 0.83297469013332E+02
 0.83297469059660E+02
 0.83297469059431E+02
 0.83297468841762E+02
 0.83297468572011E+02
 0.83297468951091E+02
 0.83297468491619E+02
 0.83297468761708E+02
 0.83297468505504E+02
 0.83297468492980E+02
 0.83297468841187E+02
 0.83297469026828E+02
 0.83297468640940E+02
 0.83297468627789E+02
 0.83297468618840E+02
 0.83297469050900E+02
 0.83297469012126E+02
 0.83297468907159E+02
 0.83297469073964E+02
 0.83297469044898E+02
 0.83297469061168E+02
 0.83297468919855E+02
 0.83297468489292E+02
 0.83297468610254E+02
 0.83297468553894E+02
 0.83297468921962E+02
