 0.42414631440667E+14
 0.42414631440667E+14
 0.42414631440667E+14
 0.42414631440667E+14
 0.42414631440667E+14
 0.42414631440667E+14
 0.42414631440667E+14
 0.42414631440667E+14
 0.42414631440667E+14
 0.42414631440667E+14
 0.42414631440667E+14
 0.42414631440667E+14
 0.42414631440667E+14
 0.42414631440667E+14
 0.42414631440667E+14
 0.42414631440667E+14
 0.42414631440667E+14
 0.42414631440667E+14
 0.42414631440667E+14
 0.42414631440667E+14
 0.42414631440667E+14
 0.42414631440667E+14
 0.42414631440667E+14
 0.42414631440667E+14
 0.42414631440667E+14
 0.42414631440667E+14
 0.42414631440667E+14
 0.42414631440667E+14
 0.42414631440667E+14
 0.42414631440667E+14
 0.42414631440667E+14
 0.42414631440667E+14
 0.42414631440667E+14
 0.42414631440667E+14
 0.42414631440667E+14
 0.42414631440667E+14
 0.42414631440667E+14
 0.42414631440667E+14
 0.42414631440667E+14
 0.42414631440667E+14
 0.42414631440667E+14
 0.42414631440667E+14
 0.42414631440667E+14
 0.42414631440667E+14
 0.42414631440667E+14
 0.42414631440667E+14
 0.42414631440667E+14
 0.42414631440667E+14
 0.42414631440667E+14
 0.42414631440667E+14
 0.42414631440667E+14
 0.42414631440667E+14
 0.42414631440667E+14
 0.42414631440667E+14
 0.42414631440667E+14
 0.42414631440667E+14
 0.42414631440667E+14
 0.42414631440667E+14
 0.42414631440667E+14
 0.42414631440667E+14
 0.42414631440667E+14
 0.42414631440667E+14
 0.42414631440667E+14
 0.42414631440667E+14
 0.42414631440667E+14
 0.42414631440667E+14
 0.42414631440667E+14
 0.42414631440667E+14
 0.42414631440667E+14
 0.42414631440667E+14
 0.42414631442446E+14
 0.42414631450961E+14
 0.42414631463877E+14
 0.42414631471343E+14
 0.42414631470019E+14
 0.42414631462575E+14
 0.42414631460112E+14
 0.42414631450700E+14
 0.42414631446459E+14
 0.42414631432361E+14
 0.42414631403502E+14
 0.42414631395493E+14
 0.42414631390938E+14
 0.42414631336208E+14
 0.42414631323477E+14
 0.42414631320787E+14
 0.42414631282816E+14
 0.42414631267042E+14
 0.42414631264494E+14
 0.42414631249628E+14
 0.42414631237546E+14
 0.42414631237537E+14
 0.42414631222396E+14
 0.42414631216098E+14
 0.42414631217782E+14
 0.42414631187274E+14
 0.42414631189613E+14
 0.42414631175117E+14
 0.42414631180763E+14
 0.42414631181277E+14
 0.42414631195229E+14
 0.42414631243948E+14
 0.42414631265726E+14
 0.42414631286274E+14
 0.42414631378809E+14
 0.42414631343061E+14
 0.42414631396718E+14
 0.42414631390305E+14
 0.42414631424180E+14
 0.42414631445835E+14
 0.42414631514013E+14
 0.42414631504215E+14
 0.42414631456203E+14
 0.42414631457076E+14
 0.42414631472090E+14
 0.42414631455445E+14
 0.42414631454836E+14
 0.42414631460867E+14
 0.42414631446468E+14
 0.42414631482095E+14
 0.42414631444281E+14
 0.42414631386007E+14
 0.42414631421183E+14
 0.42414631346636E+14
 0.42414631340154E+14
 0.42414631424884E+14
 0.42414631338590E+14
 0.42414631332565E+14
 0.42414631332570E+14
 0.42414631329318E+14
 0.42414631291758E+14
 0.42414631279608E+14
 0.42414631286449E+14
 0.42414631244235E+14
 0.42414631280358E+14
 0.42414631236605E+14
 0.42414631225107E+14
 0.42414631244666E+14
 0.42414631241945E+14
 0.42414631265014E+14
 0.42414631219140E+14
 0.42414631169114E+14
 0.42414631194637E+14
 0.42414631167015E+14
 0.42414631161455E+14
 0.42414631194532E+14
 0.42414631181485E+14
 0.42414631146710E+14
 0.42414631211398E+14
 0.42414631175164E+14
 0.42414631141490E+14
 0.42414631145992E+14
 0.42414631152388E+14
 0.42414631146988E+14
 0.42414631115949E+14
 0.42414631122099E+14
 0.42414631151515E+14
 0.42414631185859E+14
 0.42414631187844E+14
 0.42414631173879E+14
 0.42414631173473E+14
 0.42414631199201E+14
 0.42414631221056E+14
 0.42414631266751E+14
 0.42414631221695E+14
 0.42414631232569E+14
 0.42414631218009E+14
 0.42414631251291E+14
 0.42414631189662E+14
 0.42414631205797E+14
 0.42414631322507E+14
 0.42414631251751E+14
 0.42414631195728E+14
 0.42414631178730E+14
 0.42414631190141E+14
 0.42414631225730E+14
 0.42414631183069E+14
 0.42414631182069E+14
 0.42414631193677E+14
 0.42414631233259E+14
 0.42414631194889E+14
 0.42414631229063E+14
 0.42414631202158E+14
 0.42414631238390E+14
 0.42414631341375E+14
 0.42414631237983E+14
 0.42414631202921E+14
 0.42414631283007E+14
 0.42414631295491E+14
 0.42414631289559E+14
 0.42414631217037E+14
 0.42414631180264E+14
 0.42414631188887E+14
 0.42414631191112E+14
 0.42414631207334E+14
 0.42414631195738E+14
 0.42414631182617E+14
 0.42414631231490E+14
 0.42414631228866E+14
 0.42414631237091E+14
 0.42414631193879E+14
