 0.30198986749798E+03
 0.30198986749798E+03
 0.30198986749798E+03
 0.30198986749798E+03
 0.30198986749798E+03
 0.30198986749798E+03
 0.30198986749798E+03
 0.30198986749798E+03
 0.30198986749798E+03
 0.30198986749798E+03
 0.30198986749798E+03
 0.30198986749798E+03
 0.30198986749798E+03
 0.30198986749798E+03
 0.30198986749798E+03
 0.30198986749798E+03
 0.30198986749798E+03
 0.30198986749798E+03
 0.30198986749798E+03
 0.30198986749798E+03
 0.30198986749798E+03
 0.30198986749798E+03
 0.30198986749798E+03
 0.30198986749798E+03
 0.30198986749798E+03
 0.30198986749798E+03
 0.30198986749798E+03
 0.30198986749798E+03
 0.30198986749798E+03
 0.30198986749798E+03
 0.30198986749798E+03
 0.30198986749798E+03
 0.30198986749798E+03
 0.30198986749798E+03
 0.30198986749798E+03
 0.30198986749798E+03
 0.30198986749798E+03
 0.30198986749798E+03
 0.30198986749798E+03
 0.30198986749798E+03
 0.30198986749798E+03
 0.30198986749798E+03
 0.30198986749798E+03
 0.30198986749798E+03
 0.30198986749798E+03
 0.30198986749798E+03
 0.30198986749798E+03
 0.30198986749798E+03
 0.30198986749798E+03
 0.30198986749798E+03
 0.30198986749798E+03
 0.30198986749798E+03
 0.30198986749798E+03
 0.30198986749798E+03
 0.30198986749798E+03
 0.30198986749798E+03
 0.30198986749798E+03
 0.30198986749798E+03
 0.30198986749798E+03
 0.30198986749798E+03
 0.30198986749798E+03
 0.30198986749798E+03
 0.30198986749798E+03
 0.30198986749798E+03
 0.30198986749798E+03
 0.30198986749798E+03
 0.30198986749798E+03
 0.30198986749798E+03
 0.30198986749798E+03
 0.30198986749798E+03
 0.30198986726880E+03
 0.30198986717884E+03
 0.30198986632806E+03
 0.30198986486319E+03
 0.30198986460060E+03
 0.30198986217592E+03
 0.30198986217933E+03
 0.30198986081271E+03
 0.30198986090866E+03
 0.30198985861326E+03
 0.30198985238723E+03
 0.30198985149194E+03
 0.30198985139461E+03
 0.30198983907847E+03
 0.30198983675836E+03
 0.30198983648278E+03
 0.30198982876917E+03
 0.30198982607355E+03
 0.30198982621820E+03
 0.30198982318204E+03
 0.30198982053322E+03
 0.30198982064232E+03
 0.30198981698008E+03
 0.30198981602014E+03
 0.30198981595609E+03
 0.30198981397240E+03
 0.30198981462371E+03
 0.30198981633191E+03
 0.30198981919681E+03
 0.30198982128645E+03
 0.30198982530471E+03
 0.30198983504904E+03
 0.30198983928860E+03
 0.30198983810095E+03
 0.30198985827461E+03
 0.30198984481155E+03
 0.30198985721562E+03
 0.30198985140164E+03
 0.30198985494980E+03
 0.30198985256597E+03
 0.30198986919222E+03
 0.30198987038327E+03
 0.30198986134933E+03
 0.30198986361678E+03
 0.30198986939720E+03
 0.30198986417373E+03
 0.30198986404967E+03
 0.30198986709985E+03
 0.30198986343655E+03
 0.30198987562740E+03
 0.30198986597791E+03
 0.30198986266393E+03
 0.30198987987986E+03
 0.30198986192196E+03
 0.30198986207083E+03
 0.30198988711717E+03
 0.30198986402162E+03
 0.30198987183269E+03
 0.30198987531640E+03
 0.30198987594275E+03
 0.30198986659806E+03
 0.30198986820879E+03
 0.30198987395934E+03
 0.30198986347352E+03
 0.30198987490726E+03
 0.30198986208630E+03
 0.30198986621329E+03
 0.30198987365365E+03
 0.30198987362269E+03
 0.30198988022432E+03
 0.30198987388865E+03
 0.30198986093996E+03
 0.30198986900328E+03
 0.30198986110271E+03
 0.30198986443285E+03
 0.30198987540725E+03
 0.30198987294128E+03
 0.30198986256466E+03
 0.30198987697261E+03
 0.30198987319579E+03
 0.30198986680920E+03
 0.30198986198650E+03
 0.30198986130192E+03
 0.30198986270284E+03
 0.30198986104846E+03
 0.30198986164079E+03
 0.30198986701003E+03
 0.30198987581397E+03
 0.30198987392391E+03
 0.30198986547909E+03
 0.30198986471555E+03
 0.30198987092637E+03
 0.30198987503097E+03
 0.30198987755196E+03
 0.30198987606319E+03
 0.30198987979852E+03
 0.30198987545587E+03
 0.30198987536265E+03
 0.30198986365816E+03
 0.30198986477243E+03
 0.30198988008605E+03
 0.30198987533175E+03
 0.30198986427150E+03
 0.30198986378538E+03
 0.30198986684456E+03
 0.30198986561052E+03
 0.30198986272531E+03
 0.30198986272736E+03
 0.30198986833429E+03
 0.30198987780206E+03
 0.30198986535408E+03
 0.30198988013536E+03
 0.30198987100346E+03
 0.30198987998628E+03
 0.30198988272777E+03
 0.30198987090780E+03
 0.30198986519183E+03
 0.30198987685048E+03
 0.30198987767692E+03
 0.30198987813340E+03
 0.30198986498949E+03
 0.30198986366880E+03
 0.30198986673771E+03
 0.30198986336894E+03
 0.30198986494236E+03
 0.30198986326901E+03
 0.30198986613737E+03
 0.30198988028878E+03
 0.30198987662053E+03
 0.30198987852032E+03
 0.30198986661178E+03
