 0.49663934934325E+03
 0.49663934934325E+03
 0.49663934934325E+03
 0.49663934934325E+03
 0.49663934934325E+03
 0.49663934934325E+03
 0.49663934934325E+03
 0.49663934934325E+03
 0.49663934934325E+03
 0.49663934934325E+03
 0.49663934934325E+03
 0.49663934934325E+03
 0.49663934934325E+03
 0.49663934934325E+03
 0.49663934934325E+03
 0.49663934934325E+03
 0.49663934934325E+03
 0.49663934934325E+03
 0.49663934934325E+03
 0.49663934934325E+03
 0.49663934934325E+03
 0.49663934934325E+03
 0.49663934934325E+03
 0.49663934934325E+03
 0.49663934934325E+03
 0.49663934934325E+03
 0.49663934934325E+03
 0.49663934934325E+03
 0.49663934934325E+03
 0.49663934934325E+03
 0.49663934934325E+03
 0.49663934934325E+03
 0.49663934934325E+03
 0.49663934934325E+03
 0.49663934934325E+03
 0.49663934934325E+03
 0.49663934934325E+03
 0.49663934934325E+03
 0.49663934934325E+03
 0.49663934934325E+03
 0.49663934934325E+03
 0.49663934934325E+03
 0.49663934934325E+03
 0.49663934934325E+03
 0.49663934934325E+03
 0.49663934934325E+03
 0.49663934934325E+03
 0.49663934934325E+03
 0.49663934934325E+03
 0.49663934934325E+03
 0.49663934934325E+03
 0.49663934934325E+03
 0.49663934934325E+03
 0.49663934934325E+03
 0.49663934934325E+03
 0.49663934934325E+03
 0.49663934934325E+03
 0.49663934934325E+03
 0.49663934934325E+03
 0.49663934934325E+03
 0.49663934934325E+03
 0.49663934934325E+03
 0.49663934934325E+03
 0.49663934934325E+03
 0.49663934934325E+03
 0.49663934934325E+03
 0.49663934934325E+03
 0.49663934934325E+03
 0.49663934934325E+03
 0.49663934934325E+03
 0.49663934883698E+03
 0.49663934976886E+03
 0.49663935133301E+03
 0.49663935297114E+03
 0.49663935309067E+03
 0.49663935356216E+03
 0.49663935340057E+03
 0.49663935255611E+03
 0.49663935218435E+03
 0.49663934999735E+03
 0.49663934382152E+03
 0.49663934239445E+03
 0.49663934162696E+03
 0.49663932865205E+03
 0.49663932572398E+03
 0.49663932494527E+03
 0.49663931544445E+03
 0.49663931125964E+03
 0.49663931008772E+03
 0.49663930417597E+03
 0.49663929936200E+03
 0.49663929851257E+03
 0.49663929203365E+03
 0.49663928879255E+03
 0.49663928883333E+03
 0.49663928235618E+03
 0.49663928295753E+03
 0.49663928273675E+03
 0.49663928505710E+03
 0.49663928508665E+03
 0.49663928824810E+03
 0.49663929640787E+03
 0.49663930017222E+03
 0.49663929839647E+03
 0.49663931798833E+03
 0.49663930739423E+03
 0.49663932209318E+03
 0.49663931984041E+03
 0.49663932470482E+03
 0.49663932501295E+03
 0.49663934247193E+03
 0.49663934595791E+03
 0.49663934014768E+03
 0.49663934361573E+03
 0.49663934872537E+03
 0.49663934434700E+03
 0.49663934475717E+03
 0.49663934737512E+03
 0.49663934420683E+03
 0.49663935530284E+03
 0.49663934675230E+03
 0.49663934331646E+03
 0.49663935929584E+03
 0.49663934244718E+03
 0.49663934240870E+03
 0.49663936628218E+03
 0.49663934452674E+03
 0.49663935118468E+03
 0.49663935437318E+03
 0.49663935498679E+03
 0.49663934616367E+03
 0.49663934737958E+03
 0.49663935254170E+03
 0.49663934297749E+03
 0.49663935345057E+03
 0.49663934181635E+03
 0.49663934495465E+03
 0.49663935159245E+03
 0.49663935150918E+03
 0.49663935817786E+03
 0.49663935170105E+03
 0.49663933962308E+03
 0.49663934707087E+03
 0.49663933974091E+03
 0.49663934256231E+03
 0.49663935273353E+03
 0.49663935029983E+03
 0.49663934100873E+03
 0.49663935442285E+03
 0.49663935048603E+03
 0.49663934437568E+03
 0.49663934062689E+03
 0.49663933988816E+03
 0.49663934099827E+03
 0.49663933915245E+03
 0.49663933972390E+03
 0.49663934490166E+03
 0.49663935311995E+03
 0.49663935127128E+03
 0.49663934390207E+03
 0.49663934323215E+03
 0.49663934910470E+03
 0.49663935286585E+03
 0.49663935612378E+03
 0.49663935393635E+03
 0.49663935770849E+03
 0.49663935336931E+03
 0.49663935380437E+03
 0.49663934314499E+03
 0.49663934426401E+03
 0.49663935920054E+03
 0.49663935378770E+03
 0.49663934379225E+03
 0.49663934281989E+03
 0.49663934564974E+03
 0.49663934527025E+03
 0.49663934214834E+03
 0.49663934208499E+03
 0.49663934705132E+03
 0.49663935599989E+03
 0.49663934441354E+03
 0.49663935826385E+03
 0.49663934970125E+03
 0.49663935823933E+03
 0.49663936219564E+03
 0.49663935004140E+03
 0.49663934508392E+03
 0.49663935587648E+03
 0.49663935686959E+03
 0.49663935739920E+03
 0.49663934511970E+03
 0.49663934307113E+03
 0.49663934604564E+03
 0.49663934319508E+03
 0.49663934499500E+03
 0.49663934314296E+03
 0.49663934531358E+03
 0.49663935863860E+03
 0.49663935513015E+03
 0.49663935697780E+03
 0.49663934612337E+03
