-0.15398546950483E+09
-0.76424022871167E+10
-0.27612848637383E+11
-0.60068481582372E+11
-0.10501453083535E+12
-0.16245825160579E+12
-0.23240893714165E+12
-0.31487793539486E+12
-0.40987866954258E+12
-0.51742666243242E+12
-0.63753956508412E+12
-0.77023718939776E+12
-0.91554154524762E+12
-0.10734768821708E+13
-0.12440697358822E+13
-0.14273489798865E+13
-0.16233458824908E+13
-0.18320941695593E+13
-0.20536300933945E+13
-0.22879925081829E+13
-0.25352229524875E+13
-0.27953657393384E+13
-0.30684680545393E+13
-0.33545800638766E+13
-0.36537550300203E+13
-0.39660494399902E+13
-0.42915231441865E+13
-0.46302395081061E+13
-0.49822655780208E+13
-0.53476722620693E+13
-0.57265345284086E+13
-0.61189316223120E+13
-0.65249473043749E+13
-0.69446701123020E+13
-0.73781936491427E+13
-0.78256169012746E+13
-0.82870445899801E+13
-0.87625875610891E+13
-0.92523632179301E+13
-0.97564960037524E+13
-0.10275117940903E+14
-0.10808369235411E+14
-0.11356398957317E+14
-0.11919365809157E+14
-0.12497438997626E+14
-0.13090799226696E+14
-0.13699639834599E+14
-0.14324168102375E+14
-0.14964606768533E+14
-0.15621195793237E+14
-0.16294194427235E+14
-0.16983883656437E+14
-0.17690569114333E+14
-0.18414584583716E+14
-0.19156296250097E+14
-0.19916107927450E+14
-0.20694467561616E+14
-0.21491875442655E+14
-0.22308894749730E+14
-0.23146165354750E+14
-0.24004422303859E+14
-0.24884521232070E+14
-0.25787474455227E+14
-0.26714504294074E+14
-0.27667125890929E+14
-0.28647284488803E+14
-0.29657604190886E+14
-0.30701901650082E+14
-0.31786503019858E+14
-0.32925725546735E+14
-0.34148012421291E+14
-0.35383027592206E+14
-0.36619661941015E+14
-0.37858006493509E+14
-0.39098292552205E+14
-0.40340963474223E+14
-0.41586208434843E+14
-0.42834647601019E+14
-0.44086531652398E+14
-0.45342338908850E+14
-0.46602240431813E+14
-0.47867401193936E+14
-0.49137767866049E+14
-0.50413752386527E+14
-0.51696682397825E+14
-0.52985669352322E+14
-0.54282310866974E+14
-0.55587234817458E+14
-0.56901150779673E+14
-0.58224491530300E+14
-0.59558597662351E+14
-0.60903610435893E+14
-0.62260815068773E+14
-0.63629847318602E+14
-0.65012983981120E+14
-0.66407909387823E+14
-0.67817104809000E+14
-0.69236973784790E+14
-0.70667983535591E+14
-0.72105480533444E+14
-0.73541121016269E+14
-0.74971561926053E+14
-0.76387319680341E+14
-0.77772499647226E+14
-0.79119908372338E+14
-0.80420742825545E+14
-0.81681742139194E+14
-0.82919037863777E+14
-0.84157833746412E+14
-0.85427996964367E+14
-0.86723047491203E+14
-0.88058160360981E+14
-0.89413114501731E+14
-0.90786319583462E+14
-0.92175905093224E+14
-0.93582651261766E+14
-0.94984100238549E+14
-0.96400115321814E+14
-0.97826654187437E+14
-0.99258327243220E+14
-0.10068832370878E+15
-0.10212224258343E+15
-0.10356713471261E+15
-0.10501691049991E+15
-0.10648056298436E+15
-0.10793757472644E+15
-0.10939922763839E+15
-0.11087134211488E+15
-0.11234836593055E+15
-0.11384160602935E+15
-0.11532574663049E+15
-0.11681331632684E+15
-0.11831340488779E+15
-0.11981813802962E+15
-0.12134343836050E+15
-0.12284797103944E+15
-0.12436756411739E+15
-0.12589596922082E+15
-0.12742903053036E+15
-0.12898828198996E+15
-0.13052129771790E+15
-0.13206364587067E+15
-0.13362053881663E+15
-0.13519476087369E+15
-0.13676923477774E+15
-0.13833722364678E+15
-0.13990226265926E+15
-0.14148748345215E+15
-0.14309574250988E+15
-0.14469510345820E+15
-0.14629599833160E+15
-0.14788286736934E+15
-0.14949604084098E+15
-0.15111408217290E+15
-0.15276156047051E+15
-0.15440278541695E+15
-0.15600372498685E+15
-0.15764503635645E+15
-0.15929082865366E+15
-0.16096589130406E+15
-0.16263899513365E+15
-0.16426269946514E+15
-0.16593098729048E+15
-0.16760462146454E+15
-0.16930379638694E+15
-0.17101099501385E+15
-0.17267570465309E+15
-0.17435152698985E+15
-0.17605220714103E+15
-0.17775569305056E+15
-0.17951001072661E+15
-0.18123326712438E+15
-0.18292060577858E+15
-0.18462929224248E+15
-0.18635954252270E+15
-0.18813385843603E+15
-0.18988037532196E+15
-0.19162217478471E+15
-0.19333294608941E+15
-0.19508955879028E+15
-0.19687524636266E+15
-0.19864547147415E+15
-0.20043882840434E+15
-0.20218746252136E+15
-0.20393981436509E+15
-0.20572470060537E+15
-0.20751271851319E+15
-0.20934290218786E+15
-0.21116865866627E+15
-0.21294453229389E+15
-0.21471641675239E+15
-0.21652863447229E+15
-0.21834458373438E+15
-0.22020358502425E+15
-0.22206572365738E+15
-0.22387763986887E+15
-0.22565554472232E+15
-0.22749519839129E+15
-0.22933818382611E+15
-0.23118364925420E+15
-0.23311599724159E+15
