 0.78421342024268E+07
 0.78421342024268E+07
 0.78421342024268E+07
 0.78421342024268E+07
 0.78421342024268E+07
 0.78421342024268E+07
 0.78421342024268E+07
 0.78421342024268E+07
 0.78421342024268E+07
 0.78421342024268E+07
 0.78421342024268E+07
 0.78421342024268E+07
 0.78421342024268E+07
 0.78421342024268E+07
 0.78421342024268E+07
 0.78421342024268E+07
 0.78421342024268E+07
 0.78421342024268E+07
 0.78421342024268E+07
 0.78421342024268E+07
 0.78421342024268E+07
 0.78421342024268E+07
 0.78421342024268E+07
 0.78421342024268E+07
 0.78421342024268E+07
 0.78421342024268E+07
 0.78421342024268E+07
 0.78421342024268E+07
 0.78421342024268E+07
 0.78421342024268E+07
 0.78421342024268E+07
 0.78421342024268E+07
 0.78421342024268E+07
 0.78421342024268E+07
 0.78421342024268E+07
 0.78421342024268E+07
 0.78421342024268E+07
 0.78421342024268E+07
 0.78421342024268E+07
 0.78421342024268E+07
 0.78421342024268E+07
 0.78421342024268E+07
 0.78421342024268E+07
 0.78421342024268E+07
 0.78421342024268E+07
 0.78421342024268E+07
 0.78421342024268E+07
 0.78421342024268E+07
 0.78421342024268E+07
 0.78421342024268E+07
 0.78421342024268E+07
 0.78421342024268E+07
 0.78421342024268E+07
 0.78421342024268E+07
 0.78421342024268E+07
 0.78421342024268E+07
 0.78421342024268E+07
 0.78421342024268E+07
 0.78421342024268E+07
 0.78421342024268E+07
 0.78421342024268E+07
 0.78421342024268E+07
 0.78421342024268E+07
 0.78421342024268E+07
 0.78421342024268E+07
 0.78421342024268E+07
 0.78421342024268E+07
 0.78421342024268E+07
 0.78421342024268E+07
 0.78421342024268E+07
 0.78421342035442E+07
 0.78421341720935E+07
 0.78421340988714E+07
 0.78421340095297E+07
 0.78421339999818E+07
 0.78421339090246E+07
 0.78421339148451E+07
 0.78421338878289E+07
 0.78421339022580E+07
 0.78421338694132E+07
 0.78421337815936E+07
 0.78421337822148E+07
 0.78421337966751E+07
 0.78421336557453E+07
 0.78421336413036E+07
 0.78421336492327E+07
 0.78421336184019E+07
 0.78421336296982E+07
 0.78421336635285E+07
 0.78421337155697E+07
 0.78421337530553E+07
 0.78421337812057E+07
 0.78421338406727E+07
 0.78421339007839E+07
 0.78421339032436E+07
 0.78421340730872E+07
 0.78421340963265E+07
 0.78421342285584E+07
 0.78421343030042E+07
 0.78421344028822E+07
 0.78421344863536E+07
 0.78421346444787E+07
 0.78421346905634E+07
 0.78421346224136E+07
 0.78421348563345E+07
 0.78421345377689E+07
 0.78421346028292E+07
 0.78421343666241E+07
 0.78421343188101E+07
 0.78421341249500E+07
 0.78421343083130E+07
 0.78421342915623E+07
 0.78421341146254E+07
 0.78421341279203E+07
 0.78421342337812E+07
 0.78421341381491E+07
 0.78421341187237E+07
 0.78421341817131E+07
 0.78421341199617E+07
 0.78421343336931E+07
 0.78421341778342E+07
 0.78421342214363E+07
 0.78421345492543E+07
 0.78421342861884E+07
 0.78421343086100E+07
 0.78421347032743E+07
 0.78421343484505E+07
 0.78421345574880E+07
 0.78421346361906E+07
 0.78421346565153E+07
 0.78421345180495E+07
 0.78421345907164E+07
 0.78421347107340E+07
 0.78421345489497E+07
 0.78421347450796E+07
 0.78421345291555E+07
 0.78421346667610E+07
 0.78421348025333E+07
 0.78421348097366E+07
 0.78421349036433E+07
 0.78421348610246E+07
 0.78421346639483E+07
 0.78421348014090E+07
 0.78421346725254E+07
 0.78421347672481E+07
 0.78421349507128E+07
 0.78421349227310E+07
 0.78421347436498E+07
 0.78421349491502E+07
 0.78421349397085E+07
 0.78421348605610E+07
 0.78421347262704E+07
 0.78421347012451E+07
 0.78421347474628E+07
 0.78421347763328E+07
 0.78421347780487E+07
 0.78421348387514E+07
 0.78421349706494E+07
 0.78421349239698E+07
 0.78421347482006E+07
 0.78421347309038E+07
 0.78421348198202E+07
 0.78421348639063E+07
 0.78421348078411E+07
 0.78421348842977E+07
 0.78421349370203E+07
 0.78421348711606E+07
 0.78421347904312E+07
 0.78421346347599E+07
 0.78421346286289E+07
 0.78421347318970E+07
 0.78421347796375E+07
 0.78421346319883E+07
 0.78421346697855E+07
 0.78421347168943E+07
 0.78421346004689E+07
 0.78421346231360E+07
 0.78421346244526E+07
 0.78421347426048E+07
 0.78421348744606E+07
 0.78421346709321E+07
 0.78421349310266E+07
 0.78421347774151E+07
 0.78421349067811E+07
 0.78421347307841E+07
 0.78421346830099E+07
 0.78421346102545E+07
 0.78421347219753E+07
 0.78421347120091E+07
 0.78421347361559E+07
 0.78421345746986E+07
 0.78421346403652E+07
 0.78421346867379E+07
 0.78421345956819E+07
 0.78421345923099E+07
 0.78421345841776E+07
 0.78421346873625E+07
 0.78421349087542E+07
 0.78421348326072E+07
 0.78421348619786E+07
 0.78421346609856E+07
