 0.21209565885570E+08
 0.21209565885570E+08
 0.21209565885570E+08
 0.21209565885570E+08
 0.21209565885570E+08
 0.21209565885570E+08
 0.21209565885570E+08
 0.21209565885570E+08
 0.21209565885570E+08
 0.21209565885570E+08
 0.21209565885570E+08
 0.21209565885570E+08
 0.21209565885570E+08
 0.21209565885570E+08
 0.21209565885570E+08
 0.21209565885570E+08
 0.21209565885570E+08
 0.21209565885570E+08
 0.21209565885570E+08
 0.21209565885570E+08
 0.21209565885570E+08
 0.21209565885570E+08
 0.21209565885570E+08
 0.21209565885570E+08
 0.21209565885570E+08
 0.21209565885570E+08
 0.21209565885570E+08
 0.21209565885570E+08
 0.21209565885570E+08
 0.21209565885570E+08
 0.21209565885570E+08
 0.21209565885570E+08
 0.21209565885570E+08
 0.21209565885570E+08
 0.21209565885570E+08
 0.21209565885570E+08
 0.21209565885570E+08
 0.21209565885570E+08
 0.21209565885570E+08
 0.21209565885570E+08
 0.21209565885570E+08
 0.21209565885570E+08
 0.21209565885570E+08
 0.21209565885570E+08
 0.21209565885570E+08
 0.21209565885570E+08
 0.21209565885570E+08
 0.21209565885570E+08
 0.21209565885570E+08
 0.21209565885570E+08
 0.21209565885570E+08
 0.21209565885570E+08
 0.21209565885570E+08
 0.21209565885570E+08
 0.21209565885570E+08
 0.21209565885570E+08
 0.21209565885570E+08
 0.21209565885570E+08
 0.21209565885570E+08
 0.21209565885570E+08
 0.21209565885570E+08
 0.21209565885570E+08
 0.21209565885570E+08
 0.21209565885570E+08
 0.21209565885570E+08
 0.21209565885570E+08
 0.21209565885570E+08
 0.21209565885570E+08
 0.21209565885570E+08
 0.21209565885570E+08
 0.21209565877542E+08
 0.21209565884711E+08
 0.21209565939780E+08
 0.21209566043830E+08
 0.21209566065102E+08
 0.21209566199957E+08
 0.21209566201417E+08
 0.21209566248186E+08
 0.21209566241980E+08
 0.21209566288777E+08
 0.21209566398313E+08
 0.21209566403860E+08
 0.21209566391087E+08
 0.21209566631708E+08
 0.21209566668452E+08
 0.21209566662094E+08
 0.21209566850718E+08
 0.21209566902478E+08
 0.21209566873559E+08
 0.21209566935847E+08
 0.21209566998124E+08
 0.21209566986383E+08
 0.21209567108253E+08
 0.21209567128835E+08
 0.21209567147968E+08
 0.21209567332732E+08
 0.21209567355460E+08
 0.21209567454291E+08
 0.21209567451401E+08
 0.21209567430529E+08
 0.21209567361884E+08
 0.21209567117747E+08
 0.21209566968396E+08
 0.21209566799234E+08
 0.21209566271572E+08
 0.21209566396219E+08
 0.21209566085307E+08
 0.21209566070725E+08
 0.21209565858496E+08
 0.21209565695352E+08
 0.21209565347069E+08
 0.21209565432209E+08
 0.21209565726362E+08
 0.21209565740035E+08
 0.21209565650820E+08
 0.21209565751927E+08
 0.21209565751849E+08
 0.21209565717369E+08
 0.21209565794315E+08
 0.21209565607709E+08
 0.21209565811275E+08
 0.21209566101237E+08
 0.21209565934436E+08
 0.21209566306337E+08
 0.21209566342780E+08
 0.21209565931121E+08
 0.21209566357419E+08
 0.21209566394260E+08
 0.21209566390113E+08
 0.21209566409512E+08
 0.21209566594024E+08
 0.21209566668160E+08
 0.21209566625909E+08
 0.21209566844346E+08
 0.21209566663278E+08
 0.21209566886493E+08
 0.21209566947006E+08
 0.21209566836048E+08
 0.21209566852767E+08
 0.21209566749030E+08
 0.21209566970508E+08
 0.21209567224737E+08
 0.21209567100025E+08
 0.21209567235139E+08
 0.21209567264534E+08
 0.21209567087951E+08
 0.21209567150788E+08
 0.21209567330434E+08
 0.21209567008135E+08
 0.21209567176858E+08
 0.21209567337994E+08
 0.21209567332026E+08
 0.21209567297407E+08
 0.21209567320443E+08
 0.21209567473250E+08
 0.21209567443498E+08
 0.21209567295724E+08
 0.21209567117745E+08
 0.21209567099086E+08
 0.21209567180491E+08
 0.21209567183743E+08
 0.21209567053405E+08
 0.21209566917333E+08
 0.21209566689857E+08
 0.21209566918926E+08
 0.21209566859021E+08
 0.21209566920271E+08
 0.21209566752186E+08
 0.21209567064796E+08
 0.21209566987277E+08
 0.21209566391302E+08
 0.21209566725911E+08
 0.21209567026432E+08
 0.21209567113888E+08
 0.21209567053293E+08
 0.21209566879339E+08
 0.21209567079265E+08
 0.21209567077128E+08
 0.21209567033285E+08
 0.21209566824322E+08
 0.21209567032759E+08
 0.21209566842930E+08
 0.21209566978843E+08
 0.21209566796203E+08
 0.21209566273041E+08
 0.21209566766007E+08
 0.21209566948702E+08
 0.21209566535039E+08
 0.21209566476822E+08
 0.21209566523244E+08
 0.21209566884017E+08
 0.21209567072153E+08
 0.21209567020556E+08
 0.21209567004012E+08
 0.21209566927615E+08
 0.21209566982483E+08
 0.21209567044044E+08
 0.21209566793152E+08
 0.21209566802805E+08
 0.21209566773198E+08
 0.21209566975235E+08
