 0.26823291703697E+02
 0.26823341602633E+02
 0.26823341495067E+02
 0.26823341495067E+02
 0.26823341495067E+02
 0.26823341495067E+02
 0.26823341495067E+02
 0.26823341451624E+02
 0.26823344758458E+02
 0.26823328329264E+02
 0.26823328340408E+02
 0.26823328354553E+02
 0.26823328354553E+02
 0.26823328354553E+02
 0.26823328354553E+02
 0.26823328354553E+02
 0.26823328354553E+02
 0.26823328354553E+02
 0.26823328354553E+02
 0.26823328354553E+02
 0.26823328354553E+02
 0.26823328354553E+02
 0.26823328354553E+02
 0.26823328354553E+02
 0.26823328354553E+02
 0.26823328354553E+02
 0.26823328354553E+02
 0.26823328354553E+02
 0.26823328354553E+02
 0.26823328354553E+02
 0.26823328354553E+02
 0.26823328354553E+02
 0.26823328354553E+02
 0.26823328354553E+02
 0.26823328354553E+02
 0.26823328354553E+02
 0.26823328354553E+02
 0.26823328354553E+02
 0.26823328354553E+02
 0.26823328354553E+02
 0.26823328354553E+02
 0.26823328354526E+02
 0.26823328354404E+02
 0.26823328354425E+02
 0.26823328354159E+02
 0.26823328354131E+02
 0.26823328353855E+02
 0.26823328353876E+02
 0.26823328353463E+02
 0.26823328353433E+02
 0.26823328353499E+02
 0.26823328352757E+02
 0.26823328352752E+02
 0.26823328352807E+02
 0.26823328351990E+02
 0.26823328351699E+02
 0.26823328351705E+02
 0.26823328351808E+02
 0.26823328351846E+02
 0.26823328350246E+02
 0.26823328350147E+02
 0.26823328350236E+02
 0.26823328350222E+02
 0.26823328350334E+02
 0.26823328348630E+02
 0.26823328348055E+02
 0.26823328348101E+02
 0.26823328347991E+02
 0.26823328348070E+02
 0.26823328348208E+02
 0.26823328348287E+02
 0.26823328346192E+02
 0.26823328345408E+02
 0.26823328345268E+02
 0.26823328345354E+02
 0.26823328345536E+02
 0.26823328345762E+02
 0.26823328345867E+02
 0.26823328345854E+02
 0.26823328343711E+02
 0.26823328343069E+02
 0.26823328342744E+02
 0.26823328342779E+02
 0.26823328342924E+02
 0.26823328343146E+02
 0.26823328343415E+02
 0.26823328343615E+02
 0.26823328343559E+02
 0.26823328343670E+02
 0.26823328342329E+02
 0.26823328342079E+02
 0.26823328342147E+02
 0.26823328342127E+02
 0.26823328342153E+02
 0.26823328342276E+02
 0.26823328342489E+02
 0.26823328342739E+02
 0.26823328343021E+02
 0.26823328343329E+02
 0.26823328343641E+02
 0.26823328343692E+02
 0.26823328345732E+02
 0.26823328346455E+02
 0.26823328346565E+02
 0.26823328347036E+02
 0.26823328347464E+02
 0.26823328347971E+02
 0.26823328348231E+02
 0.26823328348712E+02
 0.26823328349101E+02
 0.26823328349469E+02
 0.26823328349820E+02
 0.26823328350147E+02
 0.26823328350337E+02
 0.26823328350683E+02
 0.26823328350697E+02
 0.26823328360666E+02
 0.26823328363103E+02
 0.26823328364882E+02
 0.26823328366284E+02
 0.26823328367374E+02
 0.26823328368230E+02
 0.26823328369096E+02
 0.26823328369715E+02
 0.26823328370243E+02
 0.26823328370705E+02
 0.26823328371120E+02
 0.26823328371499E+02
 0.26823328371850E+02
 0.26823328372178E+02
 0.26823328372218E+02
 0.26823328372510E+02
 0.26823328372822E+02
 0.26823328398871E+02
 0.26823328404339E+02
 0.26823328408600E+02
 0.26823328411914E+02
 0.26823328414489E+02
 0.26823328416491E+02
 0.26823328418053E+02
 0.26823328419276E+02
 0.26823328420088E+02
 0.26823328420806E+02
 0.26823328421385E+02
 0.26823328421862E+02
 0.26823328422446E+02
 0.26823328422611E+02
 0.26823328422916E+02
 0.26823328423189E+02
 0.26823328423756E+02
 0.26823328423949E+02
 0.26823328424118E+02
 0.26823328424262E+02
 0.26823328476632E+02
 0.26823328486625E+02
 0.26823328494646E+02
 0.26823328500880E+02
 0.26823328505763E+02
 0.26823328509656E+02
 0.26823328512749E+02
 0.26823328515198E+02
 0.26823328517121E+02
 0.26823328518649E+02
 0.26823328519847E+02
 0.26823328520783E+02
 0.26823328521511E+02
 0.26823328522074E+02
 0.26823328522507E+02
 0.26823328522835E+02
 0.26823328523073E+02
 0.26823328523247E+02
 0.26823328523368E+02
 0.26823328523422E+02
 0.26823328523429E+02
 0.26823328523413E+02
 0.26823328523375E+02
 0.26823328523324E+02
 0.26823328523235E+02
 0.26823328582427E+02
 0.26823328592669E+02
 0.26823328601083E+02
 0.26823328607963E+02
 0.26823328613557E+02
 0.26823328618071E+02
 0.26823328621684E+02
 0.26823328624544E+02
 0.26823328626776E+02
 0.26823328628484E+02
 0.26823328629757E+02
 0.26823328630666E+02
 0.26823328631313E+02
 0.26823328631966E+02
 0.26823328632449E+02
 0.26823328632790E+02
 0.26823328633014E+02
 0.26823328633140E+02
 0.26823328633188E+02
 0.26823328633159E+02
 0.26823328633068E+02
 0.26823328632862E+02
 0.26823328632596E+02
 0.26823328632285E+02
 0.26823328631921E+02
 0.26823328631497E+02
 0.26823328631515E+02
 0.26823328631116E+02
 0.26823328630676E+02
 0.26823328630193E+02
 0.26823328666830E+02
 0.26823328672251E+02
 0.26823328676699E+02
 0.26823328680309E+02
 0.26823328683204E+02
 0.26823328685488E+02
 0.26823328687245E+02
 0.26823328688552E+02
 0.26823328689473E+02
 0.26823328690064E+02
 0.26823328690372E+02
 0.26823328690436E+02
 0.26823328690292E+02
 0.26823328689969E+02
 0.26823328689492E+02
 0.26823328688882E+02
 0.26823328688160E+02
 0.26823328687340E+02
 0.26823328686440E+02
 0.26823328684338E+02
 0.26823328683130E+02
 0.26823328681850E+02
 0.26823328680510E+02
 0.26823328679175E+02
 0.26823328677870E+02
 0.26823328676626E+02
 0.26823328675511E+02
 0.26823328676807E+02
 0.26823328676224E+02
 0.26823328673689E+02
 0.26823328674349E+02
 0.26823328672690E+02
 0.26823328682880E+02
 0.26823328683036E+02
 0.26823328682836E+02
 0.26823328683219E+02
 0.26823328684186E+02
 0.26823328684855E+02
 0.26823328685268E+02
 0.26823328685447E+02
 0.26823328685417E+02
 0.26823328685193E+02
 0.26823328684790E+02
 0.26823328676646E+02
 0.26823328676818E+02
 0.26823328676857E+02
 0.26823328676736E+02
 0.26823328676396E+02
 0.26823328675593E+02
 0.26823328670387E+02
 0.26823328673236E+02
 0.26823328673478E+02
 0.26823328672728E+02
 0.26823328671742E+02
 0.26823328670452E+02
 0.26823328668976E+02
 0.26823328663150E+02
 0.26823328662189E+02
 0.26823328661351E+02
 0.26823328665847E+02
 0.26823328650448E+02
 0.26823328642177E+02
 0.26823328650153E+02
 0.26823328657577E+02
 0.26823328647653E+02
 0.26823328646667E+02
 0.26823328645569E+02
 0.26823328644413E+02
 0.26823328643241E+02
 0.26823328642047E+02
 0.26823328640767E+02
 0.26823328639357E+02
 0.26823328637795E+02
 0.26823328636092E+02
 0.26823328634239E+02
 0.26823328632250E+02
 0.26823328630098E+02
 0.26823328627761E+02
 0.26823328625167E+02
 0.26823328622164E+02
 0.26823328618390E+02
 0.26823328612986E+02
 0.26823328603505E+02
 0.26823328589351E+02
 0.26823328597624E+02
 0.26823328594880E+02
 0.26823328590551E+02
 0.26823328588480E+02
 0.26823328587119E+02
 0.26823328579975E+02
 0.26823328576024E+02
 0.26823328572263E+02
 0.26823328568481E+02
 0.26823328564724E+02
 0.26823328561177E+02
 0.26823328557889E+02
 0.26823328554908E+02
 0.26823328552314E+02
 0.26823328544894E+02
 0.26823328530164E+02
 0.26823328525803E+02
 0.26823328524339E+02
 0.26823328522859E+02
 0.26823328521366E+02
 0.26823328519845E+02
 0.26823328518277E+02
 0.26823328516654E+02
 0.26823328514988E+02
 0.26823328513250E+02
 0.26823328511438E+02
 0.26823328509554E+02
 0.26823328507590E+02
 0.26823328505543E+02
 0.26823328503412E+02
 0.26823328501179E+02
 0.26823328498849E+02
 0.26823328496428E+02
 0.26823328493893E+02
 0.26823328491243E+02
 0.26823328488473E+02
 0.26823328491276E+02
 0.26823328488874E+02
 0.26823328486358E+02
 0.26823328483725E+02
 0.26823328480952E+02
 0.26823328478036E+02
 0.26823328474977E+02
 0.26823328471749E+02
 0.26823328468194E+02
 0.26823328455434E+02
 0.26823328448628E+02
 0.26823328451526E+02
 0.26823328447088E+02
 0.26823328445068E+02
 0.26823328433929E+02
 0.26823328423720E+02
 0.26823328419951E+02
 0.26823328416208E+02
 0.26823328412466E+02
 0.26823328408699E+02
 0.26823328404852E+02
 0.26823328400721E+02
 0.26823328395562E+02
 0.26823328392805E+02
 0.26823328389770E+02
 0.26823328386138E+02
 0.26823328382450E+02
 0.26823328378725E+02
 0.26823328377088E+02
 0.26823328375558E+02
 0.26823328373724E+02
 0.26823328366033E+02
 0.26823328371261E+02
 0.26823328369666E+02
 0.26823328363780E+02
 0.26823328362816E+02
 0.26823328361773E+02
 0.26823328360794E+02
 0.26823328359821E+02
 0.26823328358716E+02
 0.26823328331308E+02
 0.26823328347686E+02
 0.26823328347275E+02
 0.26823328341708E+02
 0.26823328329132E+02
 0.26823328333914E+02
 0.26823328341217E+02
 0.26823328340866E+02
 0.26823328335876E+02
 0.26823328314407E+02
 0.26823328309936E+02
 0.26823328305323E+02
 0.26823328300411E+02
 0.26823328294915E+02
 0.26823328289118E+02
 0.26823328287700E+02
 0.26823328286685E+02
 0.26823328286188E+02
 0.26823328286368E+02
 0.26823328286719E+02
 0.26823328285231E+02
 0.26823328283829E+02
 0.26823328282356E+02
 0.26823328280892E+02
 0.26823328279724E+02
 0.26823328278729E+02
 0.26823328277602E+02
 0.26823328275437E+02
 0.26823328274077E+02
 0.26823328273938E+02
 0.26823328272697E+02
 0.26823328271480E+02
 0.26823328268598E+02
 0.26823328267175E+02
 0.26823328265729E+02
 0.26823328264264E+02
 0.26823328262917E+02
 0.26823328261353E+02
 0.26823328259782E+02
 0.26823328258206E+02
 0.26823328256670E+02
 0.26823328214264E+02
 0.26823328209008E+02
 0.26823328203990E+02
 0.26823328199217E+02
 0.26823328194737E+02
 0.26823328190463E+02
 0.26823328186377E+02
 0.26823328182794E+02
 0.26823328181255E+02
 0.26823328179841E+02
 0.26823328178556E+02
 0.26823328177357E+02
 0.26823328176268E+02
 0.26823328175893E+02
 0.26823328174868E+02
 0.26823328173921E+02
 0.26823328173031E+02
 0.26823328172180E+02
 0.26823328171357E+02
 0.26823328170552E+02
 0.26823328169801E+02
 0.26823328169058E+02
 0.26823328168326E+02
 0.26823328167600E+02
 0.26823328166880E+02
 0.26823328166147E+02
 0.26823328165410E+02
 0.26823328164674E+02
 0.26823328163923E+02
 0.26823328163181E+02
 0.26823328162422E+02
 0.26823328157865E+02
 0.26823328153358E+02
 0.26823328149116E+02
 0.26823328145067E+02
 0.26823328141248E+02
 0.26823328137597E+02
 0.26823328134124E+02
 0.26823328130841E+02
 0.26823328127712E+02
 0.26823328124703E+02
 0.26823328121812E+02
 0.26823328119940E+02
 0.26823328119403E+02
 0.26823328118973E+02
 0.26823328118597E+02
 0.26823328118290E+02
 0.26823328118058E+02
 0.26823328117824E+02
 0.26823328117653E+02
 0.26823328117545E+02
 0.26823328117447E+02
 0.26823328117368E+02
 0.26823328117300E+02
 0.26823328117266E+02
 0.26823328117212E+02
 0.26823328117195E+02
 0.26823328117165E+02
 0.26823328117110E+02
 0.26823328117050E+02
 0.26823328117007E+02
 0.26823328116929E+02
 0.26823328116838E+02
 0.26823328116763E+02
 0.26823328116627E+02
 0.26823328116582E+02
 0.26823328116499E+02
 0.26823328116424E+02
 0.26823328116322E+02
 0.26823328116177E+02
 0.26823328116042E+02
 0.26823328115862E+02
 0.26823328114451E+02
 0.26823328113826E+02
 0.26823328113191E+02
 0.26823328112583E+02
 0.26823328111950E+02
 0.26823328111328E+02
 0.26823328110724E+02
 0.26823328110138E+02
 0.26823328110227E+02
 0.26823328111346E+02
 0.26823328112376E+02
 0.26823328113382E+02
 0.26823328114336E+02
 0.26823328115200E+02
 0.26823328111971E+02
 0.26823328113486E+02
 0.26823328114816E+02
 0.26823328116140E+02
 0.26823328117398E+02
 0.26823328118364E+02
 0.26823328115744E+02
 0.26823328117327E+02
 0.26823328118685E+02
 0.26823328119843E+02
 0.26823328121077E+02
 0.26823328122329E+02
 0.26823328125447E+02
 0.26823328120739E+02
 0.26823328121967E+02
 0.26823328122749E+02
 0.26823328122406E+02
 0.26823328120583E+02
 0.26823328115651E+02
 0.26823328126272E+02
 0.26823328126212E+02
 0.26823328127447E+02
 0.26823328125981E+02
 0.26823328127994E+02
 0.26823328128083E+02
 0.26823328125269E+02
 0.26823328125343E+02
 0.26823328124626E+02
 0.26823328124004E+02
 0.26823328123498E+02
 0.26823328123090E+02
 0.26823328125839E+02
 0.26823328125420E+02
 0.26823328126279E+02
 0.26823328127663E+02
 0.26823328128997E+02
 0.26823328130293E+02
 0.26823328131366E+02
 0.26823328132548E+02
 0.26823328133764E+02
 0.26823328134852E+02
 0.26823328135888E+02
 0.26823328136905E+02
 0.26823328137827E+02
 0.26823328138725E+02
 0.26823328139558E+02
 0.26823328140310E+02
 0.26823328141051E+02
 0.26823328141746E+02
 0.26823328142367E+02
 0.26823328142979E+02
 0.26823328143528E+02
 0.26823328144044E+02
 0.26823328144529E+02
 0.26823328145008E+02
 0.26823328145461E+02
 0.26823328145852E+02
 0.26823328146260E+02
 0.26823328146635E+02
 0.26823328147027E+02
 0.26823328147406E+02
 0.26823328146259E+02
 0.26823328146239E+02
 0.26823328146222E+02
 0.26823328146197E+02
 0.26823328146206E+02
 0.26823328146195E+02
 0.26823328146247E+02
 0.26823328146374E+02
 0.26823328146527E+02
 0.26823328146863E+02
 0.26823328147474E+02
 0.26823328152470E+02
 0.26823328152146E+02
 0.26823328152030E+02
 0.26823328151970E+02
 0.26823328152212E+02
 0.26823328152484E+02
 0.26823328157377E+02
 0.26823328156850E+02
 0.26823328156413E+02
 0.26823328166497E+02
 0.26823328164763E+02
 0.26823328163786E+02
 0.26823328166439E+02
 0.26823328169285E+02
 0.26823328168939E+02
 0.26823328166173E+02
 0.26823328166998E+02
 0.26823328167251E+02
 0.26823328162343E+02
 0.26823328163620E+02
 0.26823328166033E+02
 0.26823328168236E+02
 0.26823328168603E+02
 0.26823328169124E+02
 0.26823328169929E+02
 0.26823328170816E+02
 0.26823328171245E+02
 0.26823328171464E+02
 0.26823328171826E+02
 0.26823328172139E+02
 0.26823328172532E+02
 0.26823328172876E+02
 0.26823328173013E+02
 0.26823328173198E+02
 0.26823328173363E+02
 0.26823328173474E+02
 0.26823328173591E+02
 0.26823328172438E+02
 0.26823328172355E+02
 0.26823328171997E+02
 0.26823328171856E+02
 0.26823328173233E+02
 0.26823328174592E+02
 0.26823328175990E+02
 0.26823328177309E+02
 0.26823328178772E+02
 0.26823328180148E+02
 0.26823328181491E+02
 0.26823328182680E+02
 0.26823328183714E+02
 0.26823328184724E+02
 0.26823328185607E+02
 0.26823328186368E+02
 0.26823328189708E+02
 0.26823328190589E+02
 0.26823328191628E+02
 0.26823328192635E+02
 0.26823328193488E+02
 0.26823328194292E+02
 0.26823328195006E+02
 0.26823328195568E+02
 0.26823328196113E+02
 0.26823328193730E+02
 0.26823328194986E+02
 0.26823328196034E+02
 0.26823328196941E+02
 0.26823328197749E+02
 0.26823328198467E+02
 0.26823328197641E+02
 0.26823328198773E+02
 0.26823328201656E+02
 0.26823328202484E+02
 0.26823328203178E+02
 0.26823328203942E+02
 0.26823328204570E+02
 0.26823328205198E+02
 0.26823328205776E+02
 0.26823328206381E+02
 0.26823328206332E+02
 0.26823328207021E+02
 0.26823328207679E+02
 0.26823328208242E+02
 0.26823328208792E+02
 0.26823328209091E+02
 0.26823328209684E+02
 0.26823328210314E+02
 0.26823328210847E+02
 0.26823328211447E+02
 0.26823328212025E+02
 0.26823328212734E+02
 0.26823328213704E+02
 0.26823328215511E+02
 0.26823328221747E+02
 0.26823328217367E+02
 0.26823328220073E+02
 0.26823328219820E+02
 0.26823328220029E+02
 0.26823328221162E+02
 0.26823328222486E+02
 0.26823328223711E+02
 0.26823328224787E+02
 0.26823328229145E+02
 0.26823328230682E+02
 0.26823328231693E+02
 0.26823328232606E+02
 0.26823328233476E+02
 0.26823328234247E+02
 0.26823328235115E+02
 0.26823328235949E+02
 0.26823328236712E+02
 0.26823328237421E+02
 0.26823328237942E+02
 0.26823328239529E+02
 0.26823328240526E+02
 0.26823328241589E+02
 0.26823328242563E+02
 0.26823328243507E+02
 0.26823328244485E+02
 0.26823328245027E+02
 0.26823328243661E+02
 0.26823328244222E+02
 0.26823328244830E+02
 0.26823328245398E+02
 0.26823328245788E+02
 0.26823328246218E+02
 0.26823328246654E+02
 0.26823328247129E+02
 0.26823328247713E+02
 0.26823328248280E+02
 0.26823328248862E+02
 0.26823328249413E+02
 0.26823328250202E+02
 0.26823328251115E+02
 0.26823328257407E+02
 0.26823328258292E+02
 0.26823328259051E+02
 0.26823328259877E+02
 0.26823328260602E+02
 0.26823328261318E+02
 0.26823328261966E+02
 0.26823328262667E+02
 0.26823328263311E+02
 0.26823328264028E+02
 0.26823328263739E+02
 0.26823328264558E+02
 0.26823328265288E+02
 0.26823328265873E+02
 0.26823328265552E+02
 0.26823328266237E+02
 0.26823328266741E+02
 0.26823328266698E+02
 0.26823328265717E+02
 0.26823328261844E+02
 0.26823328261833E+02
 0.26823328262171E+02
 0.26823328263123E+02
 0.26823328264190E+02
 0.26823328265194E+02
 0.26823328266699E+02
 0.26823328267793E+02
 0.26823328268730E+02
 0.26823328269604E+02
 0.26823328270510E+02
 0.26823328271312E+02
 0.26823328272200E+02
 0.26823328273023E+02
 0.26823328273933E+02
 0.26823328276019E+02
 0.26823328277131E+02
 0.26823328278067E+02
 0.26823328278910E+02
 0.26823328279959E+02
 0.26823328280975E+02
 0.26823328281822E+02
 0.26823328282864E+02
 0.26823328283763E+02
 0.26823328284706E+02
 0.26823328285668E+02
 0.26823328286790E+02
 0.26823328287687E+02
 0.26823328289821E+02
 0.26823328290911E+02
 0.26823328291959E+02
 0.26823328293153E+02
 0.26823328294324E+02
 0.26823328295542E+02
 0.26823328296746E+02
 0.26823328298035E+02
 0.26823328299412E+02
 0.26823328300604E+02
 0.26823328301991E+02
 0.26823328303411E+02
 0.26823328304773E+02
 0.26823328306270E+02
 0.26823328307640E+02
 0.26823328305967E+02
 0.26823328307642E+02
 0.26823328309374E+02
 0.26823328311145E+02
 0.26823328312965E+02
 0.26823328314703E+02
 0.26823328316304E+02
 0.26823328315606E+02
 0.26823328317528E+02
 0.26823328318711E+02
 0.26823328318971E+02
 0.26823328320466E+02
 0.26823328322421E+02
 0.26823328332880E+02
 0.26823328310748E+02
 0.26823328312689E+02
 0.26823328308384E+02
 0.26823328309534E+02
 0.26823328310789E+02
 0.26823344196433E+02
 0.26823344191668E+02
 0.26823344192947E+02
 0.26823344173880E+02
 0.26823344222186E+02
 0.26823344257307E+02
 0.26823344208064E+02
 0.26823344214415E+02
 0.26823344212534E+02
 0.26823344209238E+02
 0.26823344209271E+02
 0.26823344211793E+02
 0.26823344213863E+02
 0.26823344216021E+02
 0.26823344218084E+02
 0.26823344220185E+02
 0.26823344229787E+02
 0.26823344223456E+02
 0.26823344222194E+02
 0.26823344221133E+02
 0.26823344220186E+02
 0.26823344219471E+02
 0.26823344218830E+02
 0.26823344218346E+02
 0.26823344218168E+02
 0.26823344218103E+02
 0.26823344218091E+02
 0.26823344218490E+02
 0.26823344218734E+02
 0.26823344214134E+02
 0.26823344210128E+02
 0.26823344205791E+02
 0.26823344201325E+02
 0.26823344197473E+02
 0.26823344194272E+02
 0.26823344191584E+02
 0.26823344189178E+02
 0.26823344187158E+02
 0.26823344201838E+02
 0.26823344196726E+02
 0.26823344192621E+02
 0.26823344189182E+02
 0.26823344186430E+02
 0.26823344184271E+02
 0.26823344182585E+02
 0.26823344181308E+02
 0.26823344180387E+02
 0.26823344179487E+02
 0.26823344178793E+02
 0.26823344180518E+02
 0.26823344173519E+02
 0.26823344174242E+02
 0.26823344174845E+02
 0.26823344175659E+02
 0.26823344176329E+02
 0.26823344177090E+02
 0.26823344177650E+02
 0.26823344178504E+02
 0.26823344177937E+02
 0.26823344177518E+02
 0.26823344178606E+02
 0.26823344179235E+02
 0.26823344179268E+02
 0.26823344175539E+02
 0.26823338500843E+02
 0.26823338499955E+02
 0.26823338498726E+02
 0.26823338501420E+02
 0.26823338509273E+02
 0.26823338539233E+02
 0.26823338596728E+02
 0.26823338552702E+02
 0.26823338552412E+02
 0.26823338554364E+02
 0.26823338594300E+02
 0.26823338587413E+02
 0.26823338542547E+02
 0.26823338536727E+02
 0.26823338531591E+02
 0.26823338516551E+02
 0.26823338514160E+02
 0.26823338512005E+02
 0.26823338509939E+02
 0.26823338508380E+02
 0.26823338506606E+02
 0.26823338505385E+02
 0.26823338504267E+02
 0.26823338503127E+02
 0.26823338502240E+02
 0.26823338501760E+02
 0.26823338500965E+02
 0.26823338500537E+02
 0.26823338500080E+02
 0.26823338499776E+02
 0.26823338500246E+02
 0.26823338500634E+02
 0.26823321165468E+02
 0.26823321166524E+02
 0.26823321167609E+02
 0.26823321168566E+02
 0.26823321169937E+02
 0.26823321171018E+02
 0.26823321172091E+02
 0.26823321172935E+02
 0.26823321174157E+02
 0.26823321175149E+02
 0.26823321176298E+02
 0.26823321177392E+02
 0.26823321178028E+02
 0.26823321179469E+02
 0.26823321180136E+02
 0.26823321180856E+02
 0.26823321181355E+02
 0.26823321182950E+02
 0.26823321184545E+02
 0.26823321186498E+02
 0.26823321188212E+02
 0.26823321189805E+02
 0.26823321190648E+02
 0.26823321189662E+02
 0.26823321188058E+02
 0.26823321186576E+02
 0.26823321186513E+02
 0.26823321180135E+02
 0.26823321181605E+02
 0.26823321180974E+02
 0.26823321178468E+02
 0.26823321174002E+02
 0.26823321166603E+02
 0.26823321173004E+02
 0.26823321166127E+02
 0.26823321166599E+02
 0.26823321165454E+02
 0.26823321164206E+02
 0.26823321163336E+02
 0.26823321162099E+02
 0.26823321165791E+02
 0.26823321167047E+02
 0.26823321167987E+02
 0.26823321169455E+02
 0.26823321166106E+02
 0.26823321166892E+02
 0.26823321168730E+02
 0.26823321170208E+02
 0.26823321176796E+02
 0.26823321179510E+02
 0.26823321181150E+02
 0.26823321183308E+02
 0.26823321185172E+02
 0.26823321187235E+02
 0.26823321189242E+02
 0.26823321191247E+02
 0.26823321192814E+02
 0.26823321194269E+02
 0.26823321196135E+02
 0.26823321197780E+02
 0.26823321200084E+02
 0.26823321202866E+02
 0.26823321205267E+02
 0.26823321207993E+02
 0.26823321210467E+02
 0.26823321213553E+02
 0.26823321223354E+02
 0.26823321214486E+02
 0.26823321206972E+02
 0.26823321200655E+02
 0.26823321195588E+02
 0.26823321190746E+02
 0.26823321187069E+02
 0.26823321183174E+02
 0.26823321180184E+02
 0.26823321177609E+02
 0.26823321175473E+02
 0.26823321173196E+02
 0.26823321171442E+02
 0.26823321170371E+02
 0.26823321169371E+02
 0.26823321168902E+02
 0.26823321168535E+02
 0.26823321168360E+02
 0.26823321168390E+02
 0.26823321168357E+02
 0.26823321170062E+02
 0.26823321176586E+02
 0.26823321148436E+02
 0.26823321147085E+02
 0.26823321145311E+02
 0.26823321144876E+02
 0.26823321145373E+02
 0.26823321145148E+02
 0.26823321146373E+02
 0.26823321145790E+02
 0.26823321146409E+02
 0.26823321145556E+02
 0.26823321147576E+02
 0.26823321146550E+02
 0.26823356039497E+02
 0.26823356040572E+02
 0.26823356041648E+02
 0.26823356042814E+02
 0.26823356043827E+02
 0.26823356044377E+02
 0.26823356045329E+02
 0.26823356030649E+02
 0.26823356029746E+02
 0.26823356029085E+02
 0.26823356029295E+02
 0.26823356029649E+02
 0.26823356029443E+02
 0.26823356028962E+02
 0.26823356027029E+02
 0.26823356026331E+02
 0.26823356024864E+02
 0.26823356025042E+02
 0.26823356025781E+02
 0.26823356025835E+02
 0.26823356025967E+02
 0.26823356025577E+02
 0.26823356024635E+02
 0.26823356023746E+02
 0.26823356021205E+02
 0.26823356018924E+02
 0.26823356017657E+02
 0.26823356017562E+02
 0.26823356010961E+02
 0.26823356011217E+02
 0.26823356010639E+02
 0.26823356009933E+02
 0.26823356014039E+02
 0.26823356013540E+02
 0.26823356012683E+02
 0.26823356013652E+02
 0.26823356014347E+02
 0.26823356015556E+02
 0.26823356016905E+02
 0.26823356018212E+02
 0.26823356019595E+02
 0.26823356019790E+02
 0.26823356022714E+02
 0.26823356023032E+02
 0.26823356026029E+02
 0.26823356026179E+02
 0.26823356028428E+02
 0.26823356031608E+02
 0.26823356034257E+02
 0.26823356035496E+02
 0.26823356038469E+02
 0.26823356040014E+02
 0.26823356043487E+02
 0.26823356045941E+02
 0.26823356048872E+02
 0.26823356051087E+02
 0.26823356041674E+02
 0.26823323983283E+02
 0.26823323971855E+02
 0.26823323963898E+02
 0.26823323954213E+02
 0.26823323947193E+02
 0.26823323939903E+02
 0.26823323931534E+02
 0.26823323928849E+02
 0.26823323923600E+02
 0.26823323914293E+02
 0.26823323911856E+02
 0.26823323908391E+02
 0.26823323903963E+02
 0.26823323900736E+02
 0.26823323895564E+02
 0.26823295646100E+02
 0.26823295643158E+02
 0.26823295645592E+02
 0.26823295642582E+02
 0.26823295641896E+02
 0.26823295638977E+02
 0.26823295636400E+02
 0.26823326579241E+02
 0.26823326578860E+02
 0.26823326579343E+02
 0.26823326580533E+02
 0.26823326579306E+02
 0.26823326579285E+02
 0.26823326581574E+02
 0.26823326581345E+02
 0.26823326581571E+02
 0.26823326581092E+02
 0.26823326580871E+02
 0.26823326582864E+02
 0.26823326584761E+02
 0.26823326583283E+02
 0.26823326585107E+02
 0.26823326586718E+02
 0.26823326586861E+02
 0.26823326586189E+02
 0.26823326587434E+02
 0.26823326589893E+02
 0.26823326589617E+02
 0.26823326590806E+02
 0.26823326591381E+02
 0.26823326590045E+02
 0.26823326585390E+02
 0.26823326587293E+02
 0.26823326585354E+02
 0.26823326584088E+02
 0.26823326583450E+02
 0.26823326581419E+02
 0.26823326577079E+02
 0.26823326575698E+02
 0.26823326573145E+02
 0.26823326568164E+02
 0.26823326565519E+02
 0.26823326565968E+02
 0.26823326565164E+02
 0.26823326561937E+02
 0.26823326563435E+02
 0.26823326562755E+02
 0.26823326564478E+02
 0.26823326562766E+02
 0.26823300667240E+02
 0.26823300670055E+02
 0.26823300669753E+02
 0.26823300672995E+02
 0.26823300673893E+02
 0.26823300675770E+02
 0.26823300671924E+02
 0.26823300674910E+02
 0.26823300674619E+02
 0.26823300678986E+02
 0.26823300679881E+02
 0.26823300683320E+02
 0.26823300684701E+02
 0.26823300687256E+02
 0.26823300688611E+02
 0.26823300691355E+02
 0.26823300691615E+02
 0.26823300695162E+02
 0.26823300694733E+02
 0.26823300697087E+02
 0.26823300698450E+02
 0.26823300701340E+02
 0.26823300702465E+02
 0.26823300704546E+02
 0.26823300706774E+02
 0.26823300710571E+02
 0.26823300711070E+02
 0.26823300714290E+02
 0.26823300763666E+02
 0.26823300719986E+02
 0.26823300714489E+02
 0.26823300708881E+02
 0.26823300703086E+02
 0.26823300699534E+02
 0.26823300696793E+02
 0.26823300693443E+02
 0.26823300689953E+02
 0.26823300689983E+02
 0.26823300691882E+02
 0.26823300697006E+02
 0.26823300701757E+02
 0.26823344542173E+02
 0.26823344541148E+02
 0.26823344539603E+02
 0.26823344538182E+02
 0.26823344538317E+02
 0.26823344538497E+02
 0.26823344539563E+02
 0.26823344539327E+02
 0.26823344540027E+02
 0.26823344485704E+02
 0.26823344485601E+02
 0.26823344486028E+02
 0.26823344487238E+02
 0.26823344485551E+02
 0.26823344481938E+02
 0.26823344482845E+02
 0.26823344482202E+02
 0.26823344484179E+02
 0.26823344482006E+02
 0.26823344478386E+02
 0.26823344481066E+02
 0.26823344478310E+02
 0.26823344476179E+02
 0.26823344476106E+02
 0.26823344476090E+02
 0.26823344472043E+02
 0.26823344470828E+02
 0.26823344470681E+02
 0.26823337313713E+02
 0.26823337315016E+02
 0.26823337310277E+02
 0.26823337309506E+02
 0.26823337304244E+02
 0.26823337304579E+02
 0.26823337304769E+02
 0.26823337302717E+02
 0.26823337299237E+02
 0.26823337301698E+02
 0.26823337301579E+02
 0.26823337300676E+02
 0.26823337298509E+02
 0.26823337301474E+02
 0.26823337303482E+02
 0.26823337297772E+02
 0.26823337297056E+02
 0.26823337295923E+02
 0.26823337294655E+02
 0.26823337291523E+02
 0.26823337293621E+02
 0.26823337295465E+02
 0.26823337298274E+02
 0.26823337294916E+02
 0.26823337298571E+02
 0.26823337301382E+02
 0.26823337299978E+02
 0.26823337301478E+02
 0.26823337300924E+02
 0.26823337303940E+02
 0.26823337305293E+02
 0.26823337308110E+02
 0.26823337311600E+02
 0.26823337312239E+02
 0.26823337311734E+02
 0.26823337319215E+02
 0.26823337315922E+02
 0.26823337321123E+02
 0.26823337319318E+02
 0.26823337326077E+02
 0.26823337322534E+02
 0.26823337325785E+02
 0.26823337330240E+02
 0.26823337330567E+02
 0.26823337331777E+02
 0.26823337332371E+02
 0.26823337334678E+02
 0.26823337342661E+02
 0.26823337340570E+02
 0.26823337342420E+02
 0.26823337346625E+02
 0.26823337395017E+02
 0.26823337350401E+02
 0.26823337344313E+02
 0.26823337343477E+02
 0.26823337341888E+02
 0.26823337339178E+02
 0.26823337339285E+02
 0.26823337339767E+02
 0.26823337341798E+02
 0.26823337348905E+02
 0.26823337394355E+02
 0.26823337343640E+02
 0.26823337277455E+02
 0.26823337270702E+02
 0.26823337271708E+02
 0.26823337269563E+02
 0.26823337263047E+02
 0.26823337265016E+02
 0.26823337259142E+02
 0.26823337259072E+02
 0.26823337260765E+02
 0.26823337255940E+02
 0.26823337255888E+02
 0.26823337259170E+02
 0.26823337256833E+02
 0.26823337256113E+02
 0.26823337256496E+02
 0.26823337257051E+02
 0.26823337257171E+02
 0.26823337258510E+02
 0.26823337261159E+02
 0.26823337258990E+02
 0.26823337256699E+02
 0.26823337305632E+02
 0.26823337299208E+02
 0.26823337295870E+02
 0.26823337268463E+02
 0.26823337266869E+02
 0.26823337302557E+02
 0.26823337293508E+02
 0.26823337269949E+02
 0.26823337261359E+02
 0.26823337253817E+02
 0.26823337248104E+02
 0.26823337249357E+02
 0.26823337245898E+02
 0.26823337242089E+02
 0.26823337242678E+02
 0.26823337236596E+02
 0.26823337237773E+02
 0.26823337239298E+02
 0.26823337233060E+02
 0.26823337231907E+02
 0.26823337232901E+02
 0.26823337233986E+02
 0.26823337238284E+02
 0.26823337236785E+02
 0.26823337238485E+02
 0.26823337237856E+02
 0.26823337243038E+02
 0.26823337243742E+02
 0.26823337247319E+02
 0.26823337248181E+02
 0.26823337248881E+02
 0.26823337251555E+02
 0.26823337250256E+02
 0.26823337254370E+02
 0.26823337255872E+02
 0.26823337258509E+02
 0.26823337258511E+02
 0.26823337259774E+02
 0.26823337261120E+02
 0.26823337265281E+02
 0.26823337266309E+02
 0.26823337262206E+02
 0.26823337264036E+02
 0.26823337260062E+02
 0.26823337259881E+02
 0.26823337259744E+02
 0.26823337256218E+02
 0.26823337258087E+02
 0.26823337252957E+02
 0.26823337250064E+02
 0.26823337250394E+02
 0.26823337255662E+02
 0.26823337247996E+02
 0.26823337250412E+02
 0.26823337245828E+02
 0.26823337244604E+02
 0.26823337245264E+02
 0.26823337243363E+02
 0.26823337241584E+02
 0.26823337238823E+02
 0.26823337235551E+02
 0.26823337230495E+02
 0.26823337239695E+02
 0.26823337233255E+02
 0.26823337232930E+02
 0.26823337229814E+02
 0.26823337230461E+02
 0.26823337221451E+02
 0.26823337217761E+02
 0.26823337213788E+02
 0.26823337213666E+02
 0.26823337216917E+02
 0.26823337221235E+02
 0.26823337218576E+02
 0.26823337221853E+02
 0.26823337223064E+02
 0.26823337228396E+02
 0.26823337226185E+02
 0.26823337238106E+02
 0.26823337233703E+02
 0.26823337236975E+02
 0.26823337240078E+02
 0.26823337240878E+02
 0.26823337237474E+02
 0.26823337241228E+02
 0.26823337248876E+02
 0.26823337252253E+02
 0.26823337254955E+02
 0.26823337268094E+02
 0.26823337253418E+02
 0.26823337245122E+02
 0.26823337234459E+02
 0.26823337228425E+02
 0.26823337222942E+02
 0.26823337213119E+02
 0.26823337214559E+02
 0.26823337210893E+02
 0.26823337208896E+02
 0.26823337205686E+02
 0.26823337199574E+02
 0.26823337202692E+02
 0.26823337198238E+02
 0.26823337197190E+02
 0.26823337194769E+02
 0.26823332376872E+02
 0.26823332374887E+02
 0.26823332377833E+02
 0.26823332378075E+02
 0.26823332381411E+02
 0.26823332379277E+02
 0.26823332380285E+02
 0.26823332388818E+02
 0.26823332388407E+02
 0.26823332392305E+02
 0.26823332370431E+02
 0.26823332369771E+02
 0.26823332371088E+02
 0.26823332369959E+02
 0.26823332367079E+02
 0.26823332371522E+02
 0.26823332364388E+02
 0.26823326034244E+02
 0.26823326036917E+02
 0.26823326033559E+02
 0.26823326031089E+02
 0.26823326052990E+02
 0.26823326050745E+02
 0.26823326042607E+02
 0.26823326055125E+02
 0.26823326054755E+02
 0.26823332760731E+02
 0.26823332749289E+02
 0.26823332748353E+02
 0.26823332751961E+02
 0.26823332727237E+02
 0.26823332730798E+02
 0.26823332732689E+02
 0.26823332765523E+02
 0.26823332749485E+02
 0.26823332738982E+02
 0.26823332742840E+02
 0.26823332743237E+02
 0.26823332748334E+02
 0.26823332741737E+02
 0.26823332750930E+02
 0.26823332738397E+02
 0.26823332759094E+02
 0.26823332747133E+02
 0.26823332764980E+02
 0.26823332820503E+02
 0.26823332758835E+02
 0.26823332763409E+02
 0.26823332760662E+02
 0.26823332775364E+02
 0.26823332770383E+02
 0.26823332752136E+02
 0.26823332739235E+02
 0.26823332732391E+02
 0.26823332723105E+02
 0.26823332720407E+02
 0.26823332720017E+02
 0.26823332711566E+02
 0.26823332717135E+02
 0.26823332712033E+02
 0.26823332719930E+02
 0.26823332725915E+02
 0.26823332719548E+02
 0.26823332720085E+02
 0.26823332721878E+02
 0.26823332725333E+02
 0.26823332727592E+02
 0.26823332724704E+02
 0.26823332730016E+02
 0.26823332739391E+02
 0.26823332732361E+02
 0.26823332731328E+02
 0.26823332729587E+02
 0.26823332746991E+02
 0.26823332744988E+02
 0.26823332736192E+02
 0.26823332733613E+02
 0.26823332727718E+02
 0.26823332738315E+02
 0.26823332746598E+02
 0.26823332752938E+02
 0.26823332747991E+02
 0.26823332741813E+02
 0.26823332752882E+02
 0.26823332757573E+02
 0.26823332750597E+02
 0.26823332747284E+02
 0.26823332751193E+02
 0.26823332733086E+02
 0.26823332743615E+02
 0.26823332737506E+02
 0.26823332738274E+02
 0.26823332736037E+02
 0.26823332739513E+02
 0.26823332728752E+02
 0.26823332738763E+02
 0.26823332737016E+02
 0.26823332743534E+02
 0.26823332742406E+02
 0.26823326426136E+02
 0.26823287599174E+02
 0.26823287597690E+02
 0.26823320906624E+02
 0.26823320905312E+02
 0.26823320909104E+02
 0.26823320980079E+02
 0.26823320987470E+02
 0.26823320921296E+02
 0.26823320910377E+02
 0.26823320913745E+02
 0.26823320917895E+02
 0.26823320926595E+02
 0.26823320911622E+02
 0.26823320917119E+02
 0.26823320914187E+02
 0.26823320920919E+02
 0.26823294733491E+02
 0.26823294735181E+02
 0.26823294734028E+02
 0.26823294731213E+02
 0.26823294731089E+02
 0.26823294733496E+02
 0.26823294729037E+02
 0.26823294741394E+02
 0.26823294741389E+02
 0.26823294740348E+02
 0.26823294743731E+02
 0.26823294737757E+02
 0.26823294743532E+02
 0.26823294744629E+02
 0.26823294734788E+02
 0.26823294741722E+02
 0.26823294749187E+02
 0.26823294736597E+02
 0.26823294734053E+02
 0.26823294733023E+02
 0.26823294733935E+02
 0.26823294731924E+02
 0.26823294731667E+02
 0.26823294736382E+02
 0.26823304179402E+02
 0.26823304184117E+02
 0.26823304169636E+02
 0.26823304182263E+02
 0.26823304182106E+02
 0.26823304165971E+02
 0.26823304192485E+02
 0.26823304175967E+02
 0.26823302527776E+02
 0.26823302532905E+02
 0.26823302533683E+02
 0.26823302534936E+02
 0.26823302533413E+02
 0.26823302542376E+02
 0.26823302532939E+02
 0.26823302542490E+02
 0.26823302551112E+02
 0.26823302567934E+02
 0.26823302570474E+02
 0.26823302584956E+02
 0.26823302612907E+02
 0.26823312064430E+02
 0.26823312076034E+02
 0.26823312000410E+02
 0.26823311976206E+02
 0.26823311979487E+02
 0.26823311992860E+02
 0.26823311977659E+02
 0.26823311986399E+02
 0.26823312007938E+02
 0.26823312004847E+02
 0.26823311999792E+02
 0.26823312006536E+02
 0.26823312001474E+02
 0.26823311995163E+02
 0.26823312001605E+02
 0.26823312011695E+02
 0.26823312019170E+02
 0.26823312020351E+02
 0.26823312026876E+02
 0.26823312039452E+02
 0.26823312030814E+02
 0.26823312029493E+02
 0.26823312036702E+02
 0.26823312038208E+02
 0.26823312044982E+02
 0.26823312088811E+02
 0.26823312055359E+02
 0.26823312053487E+02
 0.26823312043098E+02
 0.26823312052204E+02
 0.26823312050916E+02
 0.26823312042214E+02
 0.26823312036706E+02
 0.26823312026294E+02
 0.26823312035647E+02
 0.26823312030636E+02
 0.26823312025195E+02
 0.26823312023700E+02
 0.26823312035600E+02
 0.26823312037633E+02
 0.26823312034580E+02
 0.26823312032297E+02
 0.26823312025960E+02
 0.26823312042224E+02
 0.26823312041027E+02
 0.26823312050705E+02
 0.26823312040706E+02
 0.26823312034637E+02
 0.26823312054988E+02
 0.26823312066234E+02
 0.26823312050354E+02
 0.26823312067499E+02
 0.26823312064594E+02
 0.26823312067739E+02
 0.26823312064515E+02
 0.26823312070137E+02
 0.26823312069085E+02
 0.26823312073362E+02
 0.26823312065599E+02
 0.26823312070368E+02
 0.26823312094975E+02
 0.26823312090694E+02
 0.26823312096575E+02
 0.26823312087945E+02
 0.26823312078044E+02
 0.26823370174620E+02
 0.26823370161604E+02
 0.26823370162995E+02
 0.26823370171976E+02
 0.26823370178036E+02
 0.26823355606521E+02
 0.26823355596139E+02
 0.26823355583005E+02
 0.26823355591238E+02
 0.26823355580416E+02
 0.26823355600994E+02
 0.26823355588117E+02
 0.26823355571522E+02
 0.26823355581425E+02
 0.26823355587319E+02
 0.26823355582622E+02
 0.26823355573575E+02
 0.26823355583905E+02
 0.26823355571023E+02
 0.26823355587737E+02
 0.26823355579188E+02
 0.26823355585527E+02
 0.26823355580358E+02
 0.26823355575884E+02
 0.26823355580600E+02
 0.26823355590719E+02
 0.26823355601042E+02
 0.26823355595301E+02
 0.26823339636357E+02
 0.26823339618502E+02
 0.26823339623048E+02
 0.26823339616612E+02
 0.26823339619864E+02
 0.26823339622392E+02
 0.26823339631967E+02
 0.26823339627162E+02
 0.26823339621287E+02
 0.26823339626854E+02
 0.26823339613737E+02
 0.26823339616369E+02
 0.26823339629214E+02
 0.26823339615708E+02
 0.26823339636244E+02
 0.26823339616022E+02
 0.26823339614119E+02
 0.26823339633204E+02
 0.26823352517090E+02
 0.26823352514515E+02
 0.26823352517774E+02
 0.26823352533453E+02
 0.26823352536154E+02
 0.26823352531105E+02
 0.26823352588362E+02
 0.26823352580749E+02
 0.26823352610271E+02
 0.26823352557293E+02
 0.26823352542762E+02
 0.26823352546400E+02
 0.26823352535481E+02
 0.26823352525184E+02
 0.26823352525263E+02
 0.26823352539407E+02
 0.26823352530536E+02
 0.26823352539498E+02
 0.26823352530315E+02
 0.26823352506110E+02
 0.26823352502767E+02
 0.26823352543788E+02
 0.26823352568195E+02
 0.26823352548808E+02
 0.26823352585170E+02
 0.26823352536009E+02
 0.26823352515042E+02
 0.26823352509691E+02
 0.26823352519780E+02
 0.26823352546197E+02
 0.26823352531583E+02
 0.26823352571491E+02
 0.26823352551052E+02
 0.26823352578615E+02
 0.26823352533748E+02
 0.26823352551968E+02
 0.26823352549842E+02
 0.26823352540383E+02
 0.26823352528288E+02
 0.26823352531577E+02
 0.26823352522681E+02
 0.26823352509988E+02
 0.26823352528378E+02
 0.26823352547211E+02
 0.26823352545673E+02
 0.26823352533559E+02
 0.26823352546254E+02
 0.26823352535860E+02
 0.26823352543304E+02
 0.26823352541843E+02
 0.26823352502325E+02
 0.26823352518961E+02
 0.26823352529421E+02
 0.26823352527064E+02
 0.26823352527558E+02
 0.26823352540365E+02
 0.26823352539771E+02
 0.26823352523218E+02
 0.26823352533058E+02
 0.26823352545254E+02
 0.26823352574539E+02
 0.26823352572452E+02
 0.26823352555159E+02
 0.26823352554979E+02
 0.26823352561440E+02
 0.26823352533552E+02
 0.26823352546933E+02
 0.26823352540507E+02
 0.26823352513157E+02
 0.26823352528787E+02
 0.26823352581245E+02
 0.26823352577846E+02
 0.26823352546562E+02
 0.26823352576251E+02
 0.26823352547169E+02
 0.26823352568683E+02
 0.26823352537022E+02
 0.26823352555605E+02
 0.26823352543344E+02
 0.26823352570547E+02
 0.26823352548637E+02
 0.26823352528185E+02
 0.26823352555031E+02
 0.26823352540532E+02
 0.26823352532433E+02
 0.26823352533659E+02
 0.26823352532307E+02
 0.26823352519928E+02
 0.26823352544127E+02
 0.26823352551897E+02
 0.26823352560764E+02
 0.26823352542558E+02
 0.26823352549011E+02
 0.26823352530776E+02
 0.26823352529438E+02
 0.26823324169261E+02
 0.26823324199859E+02
 0.26823324178941E+02
 0.26823324202616E+02
 0.26823324174971E+02
 0.26823324208053E+02
 0.26823324151319E+02
 0.26823324151540E+02
 0.26823324113041E+02
 0.26823324124304E+02
 0.26823324087584E+02
 0.26823324147893E+02
 0.26823324134749E+02
 0.26823324082770E+02
 0.26823324161146E+02
 0.26823324088145E+02
 0.26823324132229E+02
 0.26823324110182E+02
 0.26823324105187E+02
 0.26823324122674E+02
 0.26823324086026E+02
 0.26823324090388E+02
 0.26823324109581E+02
 0.26823324074244E+02
 0.26823324082930E+02
 0.26823324109215E+02
 0.26823324089166E+02
 0.26823324138361E+02
 0.26823324116773E+02
 0.26823324127404E+02
 0.26823324140377E+02
 0.26823324140037E+02
 0.26823324087322E+02
 0.26823324119772E+02
 0.26823324119166E+02
 0.26823324121489E+02
 0.26823324106328E+02
 0.26823324108577E+02
 0.26823324143329E+02
 0.26823324143754E+02
 0.26823354863575E+02
 0.26823312041080E+02
 0.26823312023312E+02
 0.26823312057200E+02
 0.26823312047070E+02
 0.26823312061499E+02
 0.26823339236792E+02
 0.26823339264194E+02
 0.26823339263675E+02
 0.26823339306844E+02
 0.26823339288772E+02
 0.26823339272721E+02
 0.26823339270640E+02
 0.26823339261747E+02
 0.26823339256842E+02
 0.26823339282175E+02
 0.26823339298162E+02
 0.26823339239554E+02
 0.26823339237305E+02
 0.26823361641162E+02
 0.26823361643805E+02
 0.26823361617029E+02
 0.26823361640742E+02
 0.26823279981012E+02
 0.26823354809062E+02
 0.26823326641679E+02
 0.26823326656304E+02
 0.26823326605819E+02
 0.26823341803863E+02
 0.26823324952932E+02
 0.26823317201350E+02
 0.26823317229416E+02
 0.26823317209124E+02
 0.26823317268578E+02
 0.26823317249379E+02
 0.26823317172143E+02
 0.26823317218920E+02
 0.26823317270986E+02
 0.26823317234791E+02
 0.26823317230184E+02
 0.26823317272057E+02
 0.26823317219845E+02
 0.26823317213352E+02
 0.26823317201733E+02
 0.26823317187219E+02
 0.26823317249090E+02
 0.26823317204009E+02
 0.26823317234183E+02
 0.26823317229774E+02
 0.26823317197276E+02
 0.26823317232195E+02
 0.26823317224825E+02
 0.26823317204567E+02
 0.26823317204502E+02
 0.26823317206051E+02
 0.26823317211927E+02
 0.26823317219230E+02
 0.26823317259780E+02
 0.26823317224993E+02
 0.26823317232920E+02
 0.26823317308858E+02
 0.26823317254661E+02
 0.26823317204253E+02
 0.26823317215192E+02
 0.26823317255079E+02
 0.26823317229932E+02
 0.26823317243952E+02
 0.26823317207499E+02
 0.26823317199104E+02
 0.26823317261988E+02
 0.26823317227980E+02
 0.26823317223227E+02
 0.26823317203200E+02
 0.26823317244409E+02
 0.26823317244712E+02
 0.26823317255211E+02
 0.26823317192058E+02
 0.26823317234156E+02
 0.26823317269350E+02
 0.26823317257189E+02
 0.26823317198090E+02
 0.26823317206103E+02
 0.26823317237330E+02
 0.26823317251413E+02
 0.26823317231807E+02
 0.26823317211391E+02
 0.26823317229977E+02
 0.26823317236535E+02
 0.26823317174783E+02
 0.26823317219441E+02
 0.26823317226466E+02
 0.26823317229021E+02
 0.26823317224583E+02
 0.26823317225898E+02
 0.26823317242813E+02
 0.26823317281130E+02
 0.26823317279319E+02
 0.26823317242302E+02
 0.26823317282706E+02
 0.26823317257456E+02
 0.26823317227091E+02
 0.26823317252854E+02
 0.26823317278879E+02
 0.26823317232253E+02
 0.26823317253654E+02
 0.26823317162795E+02
 0.26823317254585E+02
 0.26823317191152E+02
 0.26823317222441E+02
 0.26823317260242E+02
 0.26823317203501E+02
 0.26823317245033E+02
 0.26823317178430E+02
 0.26823317210253E+02
 0.26823317187465E+02
 0.26823317223930E+02
 0.26823317268003E+02
 0.26823317207512E+02
 0.26823317224837E+02
 0.26823317194396E+02
 0.26823317192216E+02
 0.26823317242440E+02
 0.26823317267188E+02
 0.26823317240560E+02
 0.26823317268071E+02
 0.26823317248631E+02
 0.26823317252307E+02
 0.26823317256030E+02
 0.26823317244054E+02
 0.26823317214166E+02
 0.26823317243624E+02
 0.26823317285664E+02
 0.26823317253360E+02
 0.26823317228660E+02
 0.26823317273727E+02
 0.26823317240927E+02
 0.26823317220712E+02
 0.26823317194421E+02
 0.26823317266336E+02
 0.26823317268112E+02
 0.26823317298675E+02
 0.26823317297310E+02
 0.26823317290472E+02
 0.26823317308198E+02
 0.26823317277193E+02
 0.26823317251252E+02
 0.26823317293933E+02
 0.26823317282693E+02
 0.26823317223953E+02
 0.26823317284924E+02
 0.26823317277611E+02
 0.26823317319877E+02
 0.26823317328178E+02
 0.26823317205468E+02
 0.26823317277183E+02
 0.26823317245889E+02
 0.26823317263423E+02
 0.26823351878298E+02
 0.26823351883554E+02
 0.26823352004589E+02
 0.26823351881898E+02
 0.26823351887614E+02
 0.26823351852084E+02
 0.26823351743728E+02
 0.26823351755034E+02
 0.26823343438879E+02
 0.26823343538237E+02
 0.26823343481224E+02
 0.26823343501337E+02
 0.26823343472794E+02
 0.26823343573752E+02
 0.26823343578959E+02
 0.26823343574915E+02
 0.26823343454810E+02
 0.26823343435049E+02
 0.26823343545206E+02
 0.26823343399663E+02
 0.26823343403636E+02
 0.26823343554627E+02
 0.26823343407504E+02
 0.26823343556068E+02
 0.26823343445423E+02
 0.26823343535264E+02
 0.26823343455291E+02
 0.26823343435431E+02
 0.26823343497999E+02
 0.26823343441554E+02
 0.26823343516717E+02
 0.26823343493621E+02
 0.26823343629351E+02
 0.26823343479652E+02
 0.26823341384253E+02
 0.26823341341722E+02
 0.26823341341681E+02
 0.26823341450211E+02
 0.26823341428644E+02
 0.26823341447826E+02
 0.26823357359074E+02
 0.26823357393269E+02
 0.26823357453581E+02
 0.26823357426707E+02
 0.26823357614616E+02
 0.26823357608042E+02
 0.26823357565610E+02
 0.26823357443395E+02
 0.26823357389998E+02
 0.26823357425197E+02
 0.26823357495575E+02
 0.26823340946520E+02
 0.26823340835242E+02
 0.26823340870916E+02
 0.26823340841209E+02
 0.26823340875769E+02
 0.26823340848320E+02
 0.26823340788534E+02
 0.26823340850064E+02
 0.26823335390429E+02
 0.26823335393701E+02
 0.26823335415338E+02
 0.26823335365380E+02
 0.26823335296687E+02
 0.26823335328640E+02
 0.26823335271464E+02
 0.26823335343432E+02
 0.26823335400307E+02
 0.26823335241527E+02
 0.26823335263444E+02
 0.26823335276622E+02
 0.26823335327127E+02
 0.26823335370600E+02
 0.26823335375020E+02
 0.26823335330789E+02
 0.26823335354434E+02
 0.26823335358476E+02
 0.26823335311840E+02
 0.26823335221825E+02
 0.26823343487380E+02
 0.26823343571954E+02
 0.26823343513769E+02
 0.26823214505085E+02
 0.26823209434389E+02
 0.26823208947910E+02
 0.26823222900306E+02
 0.26823209199131E+02
 0.26823220075122E+02
 0.26823217888258E+02
 0.26823229169885E+02
 0.26823232217541E+02
 0.26823217317436E+02
 0.26823209849949E+02
 0.26823212445332E+02
 0.26823224499718E+02
 0.26823209445722E+02
 0.26823218472439E+02
 0.26823206348325E+02
 0.26823213392977E+02
 0.26823227193910E+02
 0.26823209995118E+02
 0.26823217226822E+02
 0.26823211341444E+02
 0.26823217381113E+02
 0.26823212604168E+02
 0.26823209851175E+02
 0.26823219217466E+02
 0.26823212684174E+02
 0.26823213120559E+02
 0.26823211225471E+02
 0.26823211237772E+02
 0.26823218656959E+02
 0.26823211174234E+02
 0.26823204985969E+02
 0.26823211167860E+02
 0.26823212228737E+02
 0.26823210311653E+02
 0.26823210062459E+02
 0.26823211514913E+02
 0.26823212242529E+02
 0.26823214691945E+02
 0.26823212432979E+02
 0.26823213743467E+02
 0.26823213310723E+02
 0.26823209700499E+02
 0.26823213593434E+02
 0.26823212712454E+02
 0.26823213470122E+02
 0.26823213514759E+02
 0.26823210978014E+02
 0.26823214713642E+02
 0.26823211859646E+02
 0.26823212035216E+02
 0.26823211670875E+02
 0.26823212405690E+02
 0.26823213379963E+02
 0.26823213388068E+02
 0.26823211800028E+02
 0.26823212546507E+02
 0.26823211787978E+02
 0.26823231493669E+02
 0.26823256808595E+02
 0.26823327624558E+02
 0.26823327890902E+02
 0.26823327879542E+02
 0.26823327877868E+02
 0.26823327875868E+02
 0.26823327874848E+02
 0.26823327875092E+02
 0.26823327875941E+02
 0.26823327878425E+02
 0.26823327880627E+02
 0.26823327882657E+02
 0.26823327886399E+02
 0.26823327887989E+02
 0.26823343672115E+02
 0.26823343671760E+02
 0.26823343669399E+02
 0.26823343666374E+02
 0.26823343659864E+02
 0.26823343653436E+02
 0.26823343648102E+02
 0.26823343629471E+02
 0.26823343618050E+02
 0.26823343590996E+02
 0.26823343556524E+02
 0.26823328414272E+02
 0.26823284778187E+02
 0.26823284752781E+02
 0.26823284674406E+02
 0.26823284641923E+02
 0.26823337134538E+02
 0.26823337109597E+02
 0.26823337092631E+02
 0.26823337105445E+02
 0.26823337085986E+02
 0.26823337059190E+02
 0.26823337058724E+02
 0.26823337047508E+02
 0.26823337047632E+02
 0.26823337043555E+02
 0.26823316440404E+02
 0.26823316444182E+02
 0.26823316447918E+02
 0.26823316430715E+02
 0.26823316431481E+02
 0.26823300800009E+02
 0.26823300788441E+02
 0.26823327621398E+02
 0.26823327598723E+02
 0.26823327597519E+02
 0.26823327587068E+02
 0.26823327596022E+02
 0.26823327595831E+02
 0.26823316532890E+02
 0.26823316537077E+02
 0.26823316541827E+02
 0.26823316552072E+02
 0.26823285337466E+02
 0.26823285325963E+02
 0.26823282353866E+02
 0.26823282345375E+02
 0.26823282363752E+02
 0.26823282353571E+02
 0.26823282371442E+02
 0.26823282376116E+02
 0.26823282350955E+02
 0.26823282351104E+02
 0.26823250221360E+02
 0.26823250216983E+02
 0.26823250228428E+02
 0.26823250243966E+02
 0.26823250213971E+02
 0.26823268255746E+02
 0.26823268224613E+02
 0.26823268234987E+02
 0.26823268247266E+02
 0.26823268223949E+02
 0.26823268248182E+02
 0.26823268205100E+02
 0.26823268192437E+02
 0.26823268228548E+02
 0.26823268226650E+02
 0.26823268218103E+02
 0.26823268177326E+02
 0.26823268191343E+02
 0.26823268154556E+02
 0.26823213420575E+02
 0.26823213442639E+02
 0.26823213429348E+02
 0.26823213379039E+02
 0.26823213396276E+02
 0.26823213376790E+02
