 0.23108610228591E+03
 0.23108702189614E+03
 0.23108702024069E+03
 0.23108702024069E+03
 0.23108702024069E+03
 0.23108702024069E+03
 0.23108702024069E+03
 0.23108702113783E+03
 0.23108722669762E+03
 0.23108671184376E+03
 0.23108671154392E+03
 0.23108671177235E+03
 0.23108671177235E+03
 0.23108671177235E+03
 0.23108671177235E+03
 0.23108671177235E+03
 0.23108671177235E+03
 0.23108671177235E+03
 0.23108671177235E+03
 0.23108671177235E+03
 0.23108671177235E+03
 0.23108671177235E+03
 0.23108671177235E+03
 0.23108671177235E+03
 0.23108671177235E+03
 0.23108671177235E+03
 0.23108671177235E+03
 0.23108671177235E+03
 0.23108671177235E+03
 0.23108671177235E+03
 0.23108671177235E+03
 0.23108671177235E+03
 0.23108671177235E+03
 0.23108671177235E+03
 0.23108671177235E+03
 0.23108671177235E+03
 0.23108671177235E+03
 0.23108671177235E+03
 0.23108671177235E+03
 0.23108671177235E+03
 0.23108671177235E+03
 0.23108671175992E+03
 0.23108671169929E+03
 0.23108671171113E+03
 0.23108671170907E+03
 0.23108671173011E+03
 0.23108671180830E+03
 0.23108671182298E+03
 0.23108671190914E+03
 0.23108671191986E+03
 0.23108671192582E+03
 0.23108671196402E+03
 0.23108671196260E+03
 0.23108671195658E+03
 0.23108671192715E+03
 0.23108671190992E+03
 0.23108671189933E+03
 0.23108671187866E+03
 0.23108671187267E+03
 0.23108671179146E+03
 0.23108671175782E+03
 0.23108671173492E+03
 0.23108671173814E+03
 0.23108671172075E+03
 0.23108671164763E+03
 0.23108671161483E+03
 0.23108671158327E+03
 0.23108671159116E+03
 0.23108671158151E+03
 0.23108671157281E+03
 0.23108671157158E+03
 0.23108671150751E+03
 0.23108671150038E+03
 0.23108671148941E+03
 0.23108671148469E+03
 0.23108671148463E+03
 0.23108671148815E+03
 0.23108671149361E+03
 0.23108671149561E+03
 0.23108671146982E+03
 0.23108671146539E+03
 0.23108671146044E+03
 0.23108671146427E+03
 0.23108671147091E+03
 0.23108671147988E+03
 0.23108671149078E+03
 0.23108671149940E+03
 0.23108671149784E+03
 0.23108671150230E+03
 0.23108671149184E+03
 0.23108671149612E+03
 0.23108671150628E+03
 0.23108671150836E+03
 0.23108671151013E+03
 0.23108671151500E+03
 0.23108671152305E+03
 0.23108671153233E+03
 0.23108671154262E+03
 0.23108671155366E+03
 0.23108671156451E+03
 0.23108671156617E+03
 0.23108671158371E+03
 0.23108671158516E+03
 0.23108671157249E+03
 0.23108671157685E+03
 0.23108671158272E+03
 0.23108671159346E+03
 0.23108671159698E+03
 0.23108671160825E+03
 0.23108671161680E+03
 0.23108671162484E+03
 0.23108671163240E+03
 0.23108671163925E+03
 0.23108671164310E+03
 0.23108671165021E+03
 0.23108671165058E+03
 0.23108671164769E+03
 0.23108671165176E+03
 0.23108671165493E+03
 0.23108671165933E+03
 0.23108671166388E+03
 0.23108671166841E+03
 0.23108671167639E+03
 0.23108671168145E+03
 0.23108671168626E+03
 0.23108671169084E+03
 0.23108671169518E+03
 0.23108671169930E+03
 0.23108671170320E+03
 0.23108671170686E+03
 0.23108671170726E+03
 0.23108671171073E+03
 0.23108671171429E+03
 0.23108671172225E+03
 0.23108671172625E+03
 0.23108671173003E+03
 0.23108671173356E+03
 0.23108671173685E+03
 0.23108671173987E+03
 0.23108671174268E+03
 0.23108671174528E+03
 0.23108671174586E+03
 0.23108671174780E+03
 0.23108671174972E+03
 0.23108671175164E+03
 0.23108671175512E+03
 0.23108671175538E+03
 0.23108671175721E+03
 0.23108671175900E+03
 0.23108671176319E+03
 0.23108671176477E+03
 0.23108671176620E+03
 0.23108671176749E+03
 0.23108671180185E+03
 0.23108671180917E+03
 0.23108671181504E+03
 0.23108671181837E+03
 0.23108671182043E+03
 0.23108671182227E+03
 0.23108671182388E+03
 0.23108671182529E+03
 0.23108671182646E+03
 0.23108671182763E+03
 0.23108671182866E+03
 0.23108671182957E+03
 0.23108671183039E+03
 0.23108671183116E+03
 0.23108671183185E+03
 0.23108671183251E+03
 0.23108671183311E+03
 0.23108671183368E+03
 0.23108671183424E+03
 0.23108671183480E+03
 0.23108671183534E+03
 0.23108671183586E+03
 0.23108671183632E+03
 0.23108671183703E+03
 0.23108671183748E+03
 0.23108671187783E+03
 0.23108671188492E+03
 0.23108671189066E+03
 0.23108671189531E+03
 0.23108671189903E+03
 0.23108671190200E+03
 0.23108671190432E+03
 0.23108671190613E+03
 0.23108671190749E+03
 0.23108671190852E+03
 0.23108671190925E+03
 0.23108671190977E+03
 0.23108671191008E+03
 0.23108671191024E+03
 0.23108671191036E+03
 0.23108671191046E+03
 0.23108671191055E+03
 0.23108671191060E+03
 0.23108671191064E+03
 0.23108671191066E+03
 0.23108671191067E+03
 0.23108671191072E+03
 0.23108671191075E+03
 0.23108671191078E+03
 0.23108671191076E+03
 0.23108671191073E+03
 0.23108671191094E+03
 0.23108671191092E+03
 0.23108671191088E+03
 0.23108671191082E+03
 0.23108671193615E+03
 0.23108671193984E+03
 0.23108671194280E+03
 0.23108671194516E+03
 0.23108671194697E+03
 0.23108671194837E+03
 0.23108671194939E+03
 0.23108671195009E+03
 0.23108671195052E+03
 0.23108671195074E+03
 0.23108671195078E+03
 0.23108671195067E+03
 0.23108671195046E+03
 0.23108671195013E+03
 0.23108671194972E+03
 0.23108671194924E+03
 0.23108671194870E+03
 0.23108671194812E+03
 0.23108671194751E+03
 0.23108671194616E+03
 0.23108671194540E+03
 0.23108671194462E+03
 0.23108671194390E+03
 0.23108671194320E+03
 0.23108671194255E+03
 0.23108671194193E+03
 0.23108671194139E+03
 0.23108671194238E+03
 0.23108671194221E+03
 0.23108671194080E+03
 0.23108671194143E+03
 0.23108671194058E+03
 0.23108671194479E+03
 0.23108671194451E+03
 0.23108671194401E+03
 0.23108671194390E+03
 0.23108671194421E+03
 0.23108671194432E+03
 0.23108671194428E+03
 0.23108671194410E+03
 0.23108671194381E+03
 0.23108671194339E+03
 0.23108671194289E+03
 0.23108671193722E+03
 0.23108671193719E+03
 0.23108671193711E+03
 0.23108671193692E+03
 0.23108671193661E+03
 0.23108671193601E+03
 0.23108671193250E+03
 0.23108671193440E+03
 0.23108671193456E+03
 0.23108671193408E+03
 0.23108671193347E+03
 0.23108671193270E+03
 0.23108671193189E+03
 0.23108671192826E+03
 0.23108671192782E+03
 0.23108671192745E+03
 0.23108671193027E+03
 0.23108671192066E+03
 0.23108671191534E+03
 0.23108671192051E+03
 0.23108671192563E+03
 0.23108671191014E+03
 0.23108671190800E+03
 0.23108671190593E+03
 0.23108671190392E+03
 0.23108671190202E+03
 0.23108671190020E+03
 0.23108671189844E+03
 0.23108671189668E+03
 0.23108671189490E+03
 0.23108671189309E+03
 0.23108671189126E+03
 0.23108671188941E+03
 0.23108671188753E+03
 0.23108671188558E+03
 0.23108671188354E+03
 0.23108671188127E+03
 0.23108671187854E+03
 0.23108671187476E+03
 0.23108671186831E+03
 0.23108671185861E+03
 0.23108671186385E+03
 0.23108671186196E+03
 0.23108671185904E+03
 0.23108671185762E+03
 0.23108671185673E+03
 0.23108671185211E+03
 0.23108671184960E+03
 0.23108671184722E+03
 0.23108671184483E+03
 0.23108671184246E+03
 0.23108671184024E+03
 0.23108671183818E+03
 0.23108671183634E+03
 0.23108671183475E+03
 0.23108671182995E+03
 0.23108671179718E+03
 0.23108671179157E+03
 0.23108671178817E+03
 0.23108671178501E+03
 0.23108671178202E+03
 0.23108671177924E+03
 0.23108671177659E+03
 0.23108671177407E+03
 0.23108671177165E+03
 0.23108671176932E+03
 0.23108671176706E+03
 0.23108671176488E+03
 0.23108671176272E+03
 0.23108671176061E+03
 0.23108671175851E+03
 0.23108671175645E+03
 0.23108671175437E+03
 0.23108671175228E+03
 0.23108671175019E+03
 0.23108671174806E+03
 0.23108671174589E+03
 0.23108671174765E+03
 0.23108671174583E+03
 0.23108671174396E+03
 0.23108671174204E+03
 0.23108671174015E+03
 0.23108671173820E+03
 0.23108671173616E+03
 0.23108671173400E+03
 0.23108671173162E+03
 0.23108671172271E+03
 0.23108671171799E+03
 0.23108671172021E+03
 0.23108671171722E+03
 0.23108671171595E+03
 0.23108671166892E+03
 0.23108671165720E+03
 0.23108671165055E+03
 0.23108671164428E+03
 0.23108671163834E+03
 0.23108671163269E+03
 0.23108671162728E+03
 0.23108671162191E+03
 0.23108671161602E+03
 0.23108671161211E+03
 0.23108671160819E+03
 0.23108671160401E+03
 0.23108671159993E+03
 0.23108671159599E+03
 0.23108671159364E+03
 0.23108671159148E+03
 0.23108671158924E+03
 0.23108671158292E+03
 0.23108671158590E+03
 0.23108671158410E+03
 0.23108671157933E+03
 0.23108671157814E+03
 0.23108671157695E+03
 0.23108671157588E+03
 0.23108671157487E+03
 0.23108671157382E+03
 0.23108671155346E+03
 0.23108671156550E+03
 0.23108671156521E+03
 0.23108671156113E+03
 0.23108671155178E+03
 0.23108671155549E+03
 0.23108671156090E+03
 0.23108671156075E+03
 0.23108671155722E+03
 0.23108671146794E+03
 0.23108671145656E+03
 0.23108671144577E+03
 0.23108671143537E+03
 0.23108671142513E+03
 0.23108671141515E+03
 0.23108671140890E+03
 0.23108671140338E+03
 0.23108671139867E+03
 0.23108671139483E+03
 0.23108671139166E+03
 0.23108671138734E+03
 0.23108671138339E+03
 0.23108671137965E+03
 0.23108671137617E+03
 0.23108671137315E+03
 0.23108671137049E+03
 0.23108671136790E+03
 0.23108671136473E+03
 0.23108671136231E+03
 0.23108671136098E+03
 0.23108671135894E+03
 0.23108671135706E+03
 0.23108671135410E+03
 0.23108671135230E+03
 0.23108671135060E+03
 0.23108671134896E+03
 0.23108671134749E+03
 0.23108671134596E+03
 0.23108671134449E+03
 0.23108671134308E+03
 0.23108671134185E+03
 0.23108671103879E+03
 0.23108671101065E+03
 0.23108671098450E+03
 0.23108671096018E+03
 0.23108671093779E+03
 0.23108671091701E+03
 0.23108671089770E+03
 0.23108671088001E+03
 0.23108671086489E+03
 0.23108671085097E+03
 0.23108671083813E+03
 0.23108671082631E+03
 0.23108671081546E+03
 0.23108671080608E+03
 0.23108671079685E+03
 0.23108671078835E+03
 0.23108671078056E+03
 0.23108671077340E+03
 0.23108671076680E+03
 0.23108671076075E+03
 0.23108671075518E+03
 0.23108671075008E+03
 0.23108671074541E+03
 0.23108671074113E+03
 0.23108671073719E+03
 0.23108671073357E+03
 0.23108671073026E+03
 0.23108671072720E+03
 0.23108671072440E+03
 0.23108671072183E+03
 0.23108671071946E+03
 0.23108671063778E+03
 0.23108671055670E+03
 0.23108671048073E+03
 0.23108671040956E+03
 0.23108671034293E+03
 0.23108671028055E+03
 0.23108671022218E+03
 0.23108671016763E+03
 0.23108671011696E+03
 0.23108671006959E+03
 0.23108671002531E+03
 0.23108670998455E+03
 0.23108670994739E+03
 0.23108670991280E+03
 0.23108670988059E+03
 0.23108670985061E+03
 0.23108670982275E+03
 0.23108670979683E+03
 0.23108670977275E+03
 0.23108670975041E+03
 0.23108670972965E+03
 0.23108670971039E+03
 0.23108670969255E+03
 0.23108670967600E+03
 0.23108670966066E+03
 0.23108670964646E+03
 0.23108670963332E+03
 0.23108670962118E+03
 0.23108670960993E+03
 0.23108670959954E+03
 0.23108670958995E+03
 0.23108670958110E+03
 0.23108670957295E+03
 0.23108670956542E+03
 0.23108670956056E+03
 0.23108670955685E+03
 0.23108670955331E+03
 0.23108670954991E+03
 0.23108670954666E+03
 0.23108670954356E+03
 0.23108670954058E+03
 0.23108670953677E+03
 0.23108670953367E+03
 0.23108670953075E+03
 0.23108670952800E+03
 0.23108670952540E+03
 0.23108670952297E+03
 0.23108670952070E+03
 0.23108670951862E+03
 0.23108670951716E+03
 0.23108670951657E+03
 0.23108670951610E+03
 0.23108670951581E+03
 0.23108670951570E+03
 0.23108670951586E+03
 0.23108670951096E+03
 0.23108670951139E+03
 0.23108670951164E+03
 0.23108670951202E+03
 0.23108670951245E+03
 0.23108670951257E+03
 0.23108670950802E+03
 0.23108670950903E+03
 0.23108670950988E+03
 0.23108670951054E+03
 0.23108670951142E+03
 0.23108670951245E+03
 0.23108670951294E+03
 0.23108670950890E+03
 0.23108670951002E+03
 0.23108670951058E+03
 0.23108670950969E+03
 0.23108670950717E+03
 0.23108670950233E+03
 0.23108670951368E+03
 0.23108670951396E+03
 0.23108670951632E+03
 0.23108670951458E+03
 0.23108670951819E+03
 0.23108670951892E+03
 0.23108670951557E+03
 0.23108670951645E+03
 0.23108670951636E+03
 0.23108670951649E+03
 0.23108670951683E+03
 0.23108670951733E+03
 0.23108670929376E+03
 0.23108670927675E+03
 0.23108670925990E+03
 0.23108670924642E+03
 0.23108670923397E+03
 0.23108670922249E+03
 0.23108670921198E+03
 0.23108670920226E+03
 0.23108670919329E+03
 0.23108670918505E+03
 0.23108670917749E+03
 0.23108670917059E+03
 0.23108670916425E+03
 0.23108670915851E+03
 0.23108670915328E+03
 0.23108670914853E+03
 0.23108670914424E+03
 0.23108670914037E+03
 0.23108670913688E+03
 0.23108670913379E+03
 0.23108670913103E+03
 0.23108670912860E+03
 0.23108670912647E+03
 0.23108670912464E+03
 0.23108670912308E+03
 0.23108670912175E+03
 0.23108670912068E+03
 0.23108670911983E+03
 0.23108670911922E+03
 0.23108670911882E+03
 0.23108670911673E+03
 0.23108670911658E+03
 0.23108670911697E+03
 0.23108670911744E+03
 0.23108670911800E+03
 0.23108670911864E+03
 0.23108670911938E+03
 0.23108670912026E+03
 0.23108670912124E+03
 0.23108670912245E+03
 0.23108670912404E+03
 0.23108670913161E+03
 0.23108670913214E+03
 0.23108670913305E+03
 0.23108670913416E+03
 0.23108670913578E+03
 0.23108670913753E+03
 0.23108670914701E+03
 0.23108670914744E+03
 0.23108670914816E+03
 0.23108670916967E+03
 0.23108670916732E+03
 0.23108670916681E+03
 0.23108670917400E+03
 0.23108670917844E+03
 0.23108670916948E+03
 0.23108670915917E+03
 0.23108670916155E+03
 0.23108670916306E+03
 0.23108670909104E+03
 0.23108670908954E+03
 0.23108670909065E+03
 0.23108670909051E+03
 0.23108670908427E+03
 0.23108670907726E+03
 0.23108670906901E+03
 0.23108670905858E+03
 0.23108670905553E+03
 0.23108670905482E+03
 0.23108670905316E+03
 0.23108670905195E+03
 0.23108670905088E+03
 0.23108670905018E+03
 0.23108670905007E+03
 0.23108670905005E+03
 0.23108670905019E+03
 0.23108670905046E+03
 0.23108670905090E+03
 0.23108670905301E+03
 0.23108670905374E+03
 0.23108670905498E+03
 0.23108670905593E+03
 0.23108670905802E+03
 0.23108670906024E+03
 0.23108670906256E+03
 0.23108670906496E+03
 0.23108670906773E+03
 0.23108670907053E+03
 0.23108670907334E+03
 0.23108670907627E+03
 0.23108670907914E+03
 0.23108670908191E+03
 0.23108670908450E+03
 0.23108670908695E+03
 0.23108670909538E+03
 0.23108670909839E+03
 0.23108670910184E+03
 0.23108670910526E+03
 0.23108670910850E+03
 0.23108670911157E+03
 0.23108670911442E+03
 0.23108670911690E+03
 0.23108670911940E+03
 0.23108670911422E+03
 0.23108670911843E+03
 0.23108670912227E+03
 0.23108670912590E+03
 0.23108670912938E+03
 0.23108670913265E+03
 0.23108670913271E+03
 0.23108670913688E+03
 0.23108670908632E+03
 0.23108670908548E+03
 0.23108670908487E+03
 0.23108670908455E+03
 0.23108670908442E+03
 0.23108670908451E+03
 0.23108670908480E+03
 0.23108670908529E+03
 0.23108670908163E+03
 0.23108670908305E+03
 0.23108670908463E+03
 0.23108670908631E+03
 0.23108670908731E+03
 0.23108670908614E+03
 0.23108670908812E+03
 0.23108670909021E+03
 0.23108670909253E+03
 0.23108670909477E+03
 0.23108670909702E+03
 0.23108670909992E+03
 0.23108670910508E+03
 0.23108670911821E+03
 0.23108670917204E+03
 0.23108670915445E+03
 0.23108670916458E+03
 0.23108670916363E+03
 0.23108670916456E+03
 0.23108670916918E+03
 0.23108670917464E+03
 0.23108670918007E+03
 0.23108670918539E+03
 0.23108670920625E+03
 0.23108670921476E+03
 0.23108670922054E+03
 0.23108670922618E+03
 0.23108670923167E+03
 0.23108670923695E+03
 0.23108670924258E+03
 0.23108670924842E+03
 0.23108670925381E+03
 0.23108670925866E+03
 0.23108670926281E+03
 0.23108670927650E+03
 0.23108670928424E+03
 0.23108670929286E+03
 0.23108670930096E+03
 0.23108670930916E+03
 0.23108670931717E+03
 0.23108670932268E+03
 0.23108670923838E+03
 0.23108670923872E+03
 0.23108670923966E+03
 0.23108670924032E+03
 0.23108670924119E+03
 0.23108670924277E+03
 0.23108670924507E+03
 0.23108670924780E+03
 0.23108670925099E+03
 0.23108670925480E+03
 0.23108670925928E+03
 0.23108670926451E+03
 0.23108670927065E+03
 0.23108670927783E+03
 0.23108670930560E+03
 0.23108670931529E+03
 0.23108670932483E+03
 0.23108670933435E+03
 0.23108670934376E+03
 0.23108670935301E+03
 0.23108670936208E+03
 0.23108670937144E+03
 0.23108670938068E+03
 0.23108670938989E+03
 0.23108670937160E+03
 0.23108670938633E+03
 0.23108670939763E+03
 0.23108670940438E+03
 0.23108670938625E+03
 0.23108670939565E+03
 0.23108670940123E+03
 0.23108670939276E+03
 0.23108670936720E+03
 0.23108670933354E+03
 0.23108670934540E+03
 0.23108670936551E+03
 0.23108670938094E+03
 0.23108670938616E+03
 0.23108670939565E+03
 0.23108670939187E+03
 0.23108670940114E+03
 0.23108670941143E+03
 0.23108670942194E+03
 0.23108670943270E+03
 0.23108670944372E+03
 0.23108670945508E+03
 0.23108670946682E+03
 0.23108670947875E+03
 0.23108670942707E+03
 0.23108670943464E+03
 0.23108670944268E+03
 0.23108670945120E+03
 0.23108670946027E+03
 0.23108670946980E+03
 0.23108670947970E+03
 0.23108670949013E+03
 0.23108670950093E+03
 0.23108670951236E+03
 0.23108670952420E+03
 0.23108670953645E+03
 0.23108670954895E+03
 0.23108670958568E+03
 0.23108670960175E+03
 0.23108670961836E+03
 0.23108670963556E+03
 0.23108670965324E+03
 0.23108670967142E+03
 0.23108670969027E+03
 0.23108670970959E+03
 0.23108670972939E+03
 0.23108670974949E+03
 0.23108670977024E+03
 0.23108670979226E+03
 0.23108670981434E+03
 0.23108670983635E+03
 0.23108670985829E+03
 0.23108670982035E+03
 0.23108670984712E+03
 0.23108670987552E+03
 0.23108670990409E+03
 0.23108670993214E+03
 0.23108670995929E+03
 0.23108670998569E+03
 0.23108670997820E+03
 0.23108671000839E+03
 0.23108671003006E+03
 0.23108671004975E+03
 0.23108671008030E+03
 0.23108671013715E+03
 0.23108671036565E+03
 0.23108670997102E+03
 0.23108670999995E+03
 0.23108670995547E+03
 0.23108670997416E+03
 0.23108670999376E+03
 0.23108720903122E+03
 0.23108720897083E+03
 0.23108720899212E+03
 0.23108720898061E+03
 0.23108720948631E+03
 0.23108721011546E+03
 0.23108720918367E+03
 0.23108720930532E+03
 0.23108720926697E+03
 0.23108720920562E+03
 0.23108720920588E+03
 0.23108720925046E+03
 0.23108720929171E+03
 0.23108720933349E+03
 0.23108720937532E+03
 0.23108720941680E+03
 0.23108721022733E+03
 0.23108721015694E+03
 0.23108721016934E+03
 0.23108721018428E+03
 0.23108721020188E+03
 0.23108721022242E+03
 0.23108721024608E+03
 0.23108721027320E+03
 0.23108721030424E+03
 0.23108721033959E+03
 0.23108721037982E+03
 0.23108721042580E+03
 0.23108721046578E+03
 0.23108721036379E+03
 0.23108721027668E+03
 0.23108721018224E+03
 0.23108721008629E+03
 0.23108721000257E+03
 0.23108720993409E+03
 0.23108720987436E+03
 0.23108720982007E+03
 0.23108720977300E+03
 0.23108721001741E+03
 0.23108720992010E+03
 0.23108720983898E+03
 0.23108720977186E+03
 0.23108720971681E+03
 0.23108720967199E+03
 0.23108720963601E+03
 0.23108720960779E+03
 0.23108720958649E+03
 0.23108720956901E+03
 0.23108720955278E+03
 0.23108720958383E+03
 0.23108720939540E+03
 0.23108720937614E+03
 0.23108720935939E+03
 0.23108720934499E+03
 0.23108720933232E+03
 0.23108720932127E+03
 0.23108720931159E+03
 0.23108720930341E+03
 0.23108720930164E+03
 0.23108720930158E+03
 0.23108720929353E+03
 0.23108720928932E+03
 0.23108720928773E+03
 0.23108720930987E+03
 0.23108721819424E+03
 0.23108721820835E+03
 0.23108721824836E+03
 0.23108721832465E+03
 0.23108721846975E+03
 0.23108721845062E+03
 0.23108721960975E+03
 0.23108721871645E+03
 0.23108721870442E+03
 0.23108721874245E+03
 0.23108721955917E+03
 0.23108721943403E+03
 0.23108721905184E+03
 0.23108721894984E+03
 0.23108721886232E+03
 0.23108721858572E+03
 0.23108721854334E+03
 0.23108721849898E+03
 0.23108721845980E+03
 0.23108721842540E+03
 0.23108721839495E+03
 0.23108721836834E+03
 0.23108721834502E+03
 0.23108721832462E+03
 0.23108721830702E+03
 0.23108721829199E+03
 0.23108721827910E+03
 0.23108721826843E+03
 0.23108721825970E+03
 0.23108721825290E+03
 0.23108721824858E+03
 0.23108721824688E+03
 0.23108712147826E+03
 0.23108712147091E+03
 0.23108712146497E+03
 0.23108712146028E+03
 0.23108712145708E+03
 0.23108712145476E+03
 0.23108712145336E+03
 0.23108712145269E+03
 0.23108712145290E+03
 0.23108712145365E+03
 0.23108712145507E+03
 0.23108712145693E+03
 0.23108712145904E+03
 0.23108712146170E+03
 0.23108712146431E+03
 0.23108712146707E+03
 0.23108712146975E+03
 0.23108712147500E+03
 0.23108712148810E+03
 0.23108712150252E+03
 0.23108712151790E+03
 0.23108712153411E+03
 0.23108712153985E+03
 0.23108712153654E+03
 0.23108712152417E+03
 0.23108712151734E+03
 0.23108712151866E+03
 0.23108712149406E+03
 0.23108712150024E+03
 0.23108712150380E+03
 0.23108712150573E+03
 0.23108712150392E+03
 0.23108712151672E+03
 0.23108712178266E+03
 0.23108712164184E+03
 0.23108712165426E+03
 0.23108712163375E+03
 0.23108712160857E+03
 0.23108712158753E+03
 0.23108712156982E+03
 0.23108712152654E+03
 0.23108712151947E+03
 0.23108712151436E+03
 0.23108712151126E+03
 0.23108712145427E+03
 0.23108712144752E+03
 0.23108712144334E+03
 0.23108712144101E+03
 0.23108712145187E+03
 0.23108712145909E+03
 0.23108712147177E+03
 0.23108712148695E+03
 0.23108712150439E+03
 0.23108712152429E+03
 0.23108712154662E+03
 0.23108712157139E+03
 0.23108712160377E+03
 0.23108712163989E+03
 0.23108712167943E+03
 0.23108712172202E+03
 0.23108712176807E+03
 0.23108712181749E+03
 0.23108712187009E+03
 0.23108712192616E+03
 0.23108712198561E+03
 0.23108712204891E+03
 0.23108712275844E+03
 0.23108712261502E+03
 0.23108712249323E+03
 0.23108712239064E+03
 0.23108712230118E+03
 0.23108712222248E+03
 0.23108712215340E+03
 0.23108712209221E+03
 0.23108712203832E+03
 0.23108712199068E+03
 0.23108712194866E+03
 0.23108712191145E+03
 0.23108712188113E+03
 0.23108712186105E+03
 0.23108712184509E+03
 0.23108712183468E+03
 0.23108712183093E+03
 0.23108712183001E+03
 0.23108712183135E+03
 0.23108712183385E+03
 0.23108712186738E+03
 0.23108712200483E+03
 0.23108712154223E+03
 0.23108712152782E+03
 0.23108712151459E+03
 0.23108712150320E+03
 0.23108712149349E+03
 0.23108712148450E+03
 0.23108712147698E+03
 0.23108712146958E+03
 0.23108712146329E+03
 0.23108712146585E+03
 0.23108712161437E+03
 0.23108712160550E+03
 0.23108805016096E+03
 0.23108805016360E+03
 0.23108805016696E+03
 0.23108805017117E+03
 0.23108805017751E+03
 0.23108805018466E+03
 0.23108805019259E+03
 0.23108805015265E+03
 0.23108805015404E+03
 0.23108805015597E+03
 0.23108805015604E+03
 0.23108805015713E+03
 0.23108805015891E+03
 0.23108805016191E+03
 0.23108805016661E+03
 0.23108805017132E+03
 0.23108805017558E+03
 0.23108805017861E+03
 0.23108805017862E+03
 0.23108805018073E+03
 0.23108805018556E+03
 0.23108805018898E+03
 0.23108805019538E+03
 0.23108805020524E+03
 0.23108805022225E+03
 0.23108805024020E+03
 0.23108805023970E+03
 0.23108805023891E+03
 0.23108805028310E+03
 0.23108805027502E+03
 0.23108805026813E+03
 0.23108805026305E+03
 0.23108805023741E+03
 0.23108805023785E+03
 0.23108805023913E+03
 0.23108805024163E+03
 0.23108805024500E+03
 0.23108805024945E+03
 0.23108805025707E+03
 0.23108805026607E+03
 0.23108805027821E+03
 0.23108805029484E+03
 0.23108805031448E+03
 0.23108805033536E+03
 0.23108805035942E+03
 0.23108805038454E+03
 0.23108805041323E+03
 0.23108805052253E+03
 0.23108805057017E+03
 0.23108805062075E+03
 0.23108805067589E+03
 0.23108805073451E+03
 0.23108805079814E+03
 0.23108805086609E+03
 0.23108805093921E+03
 0.23108805151850E+03
 0.23108805137399E+03
 0.23108743597580E+03
 0.23108743586961E+03
 0.23108743578066E+03
 0.23108743570378E+03
 0.23108743563828E+03
 0.23108743558174E+03
 0.23108743553258E+03
 0.23108743549229E+03
 0.23108743545793E+03
 0.23108743542692E+03
 0.23108743540244E+03
 0.23108743538091E+03
 0.23108743536235E+03
 0.23108743534701E+03
 0.23108743533356E+03
 0.23108695114817E+03
 0.23108695113907E+03
 0.23108695122852E+03
 0.23108695121106E+03
 0.23108695119431E+03
 0.23108695117929E+03
 0.23108695116673E+03
 0.23108779578937E+03
 0.23108779578470E+03
 0.23108779578178E+03
 0.23108779578113E+03
 0.23108779578100E+03
 0.23108779578279E+03
 0.23108779578671E+03
 0.23108779579072E+03
 0.23108779579625E+03
 0.23108779580239E+03
 0.23108779580998E+03
 0.23108779581883E+03
 0.23108779582890E+03
 0.23108779583833E+03
 0.23108779585018E+03
 0.23108779586393E+03
 0.23108779587944E+03
 0.23108779589565E+03
 0.23108779591338E+03
 0.23108779593228E+03
 0.23108779595127E+03
 0.23108779596224E+03
 0.23108779597093E+03
 0.23108779597717E+03
 0.23108779597923E+03
 0.23108779598158E+03
 0.23108779597935E+03
 0.23108779597432E+03
 0.23108779596605E+03
 0.23108779595489E+03
 0.23108779594739E+03
 0.23108779593843E+03
 0.23108779592965E+03
 0.23108779592460E+03
 0.23108779592611E+03
 0.23108779593124E+03
 0.23108779593522E+03
 0.23108779593873E+03
 0.23108779594402E+03
 0.23108779594832E+03
 0.23108779595376E+03
 0.23108779595835E+03
 0.23108705769785E+03
 0.23108705769589E+03
 0.23108705769472E+03
 0.23108705769669E+03
 0.23108705769945E+03
 0.23108705770423E+03
 0.23108705770852E+03
 0.23108705771318E+03
 0.23108705771852E+03
 0.23108705772736E+03
 0.23108705773744E+03
 0.23108705775398E+03
 0.23108705777188E+03
 0.23108705779213E+03
 0.23108705781408E+03
 0.23108705783851E+03
 0.23108705786420E+03
 0.23108705789692E+03
 0.23108705793243E+03
 0.23108705797151E+03
 0.23108705801272E+03
 0.23108705805705E+03
 0.23108705810281E+03
 0.23108705815118E+03
 0.23108705820196E+03
 0.23108705825534E+03
 0.23108705830950E+03
 0.23108705836446E+03
 0.23108705938428E+03
 0.23108705902025E+03
 0.23108705892233E+03
 0.23108705883745E+03
 0.23108705876344E+03
 0.23108705869973E+03
 0.23108705864419E+03
 0.23108705859577E+03
 0.23108705855296E+03
 0.23108705854320E+03
 0.23108705858426E+03
 0.23108705865105E+03
 0.23108705874054E+03
 0.23108820634474E+03
 0.23108820632661E+03
 0.23108820631034E+03
 0.23108820629626E+03
 0.23108820628460E+03
 0.23108820628892E+03
 0.23108820630519E+03
 0.23108820632559E+03
 0.23108820634464E+03
 0.23108820659519E+03
 0.23108820661069E+03
 0.23108820662778E+03
 0.23108820664506E+03
 0.23108820666114E+03
 0.23108820667777E+03
 0.23108820669710E+03
 0.23108820671613E+03
 0.23108820673507E+03
 0.23108820675219E+03
 0.23108820676906E+03
 0.23108820678784E+03
 0.23108820680417E+03
 0.23108820681965E+03
 0.23108820683646E+03
 0.23108820685312E+03
 0.23108820686720E+03
 0.23108820688239E+03
 0.23108820689753E+03
 0.23108818148178E+03
 0.23108818150096E+03
 0.23108818152103E+03
 0.23108818154779E+03
 0.23108818155880E+03
 0.23108818157484E+03
 0.23108818159442E+03
 0.23108818159586E+03
 0.23108818159854E+03
 0.23108818160469E+03
 0.23108818161194E+03
 0.23108818162127E+03
 0.23108818163479E+03
 0.23108818181782E+03
 0.23108818180772E+03
 0.23108818178465E+03
 0.23108818176774E+03
 0.23108818175390E+03
 0.23108818170447E+03
 0.23108818169453E+03
 0.23108818168528E+03
 0.23108818167750E+03
 0.23108818167217E+03
 0.23108818166673E+03
 0.23108818166574E+03
 0.23108818166679E+03
 0.23108818166979E+03
 0.23108818167213E+03
 0.23108818167556E+03
 0.23108818168131E+03
 0.23108818168848E+03
 0.23108818169811E+03
 0.23108818170957E+03
 0.23108818172479E+03
 0.23108818174197E+03
 0.23108818176321E+03
 0.23108818178246E+03
 0.23108818180732E+03
 0.23108818183263E+03
 0.23108818186530E+03
 0.23108818190056E+03
 0.23108818194067E+03
 0.23108818198356E+03
 0.23108818202525E+03
 0.23108818206909E+03
 0.23108818211395E+03
 0.23108818216155E+03
 0.23108818221225E+03
 0.23108818226098E+03
 0.23108818231218E+03
 0.23108818236515E+03
 0.23108818334922E+03
 0.23108818298692E+03
 0.23108818289357E+03
 0.23108818287095E+03
 0.23108818285189E+03
 0.23108818282883E+03
 0.23108818282400E+03
 0.23108818284055E+03
 0.23108818288512E+03
 0.23108818297048E+03
 0.23108818337002E+03
 0.23108818234732E+03
 0.23108818255355E+03
 0.23108818255004E+03
 0.23108818255224E+03
 0.23108818254962E+03
 0.23108818254756E+03
 0.23108818255005E+03
 0.23108818255368E+03
 0.23108818256076E+03
 0.23108818257242E+03
 0.23108818258532E+03
 0.23108818260410E+03
 0.23108818262901E+03
 0.23108818266145E+03
 0.23108818270303E+03
 0.23108818276154E+03
 0.23108818279943E+03
 0.23108818282540E+03
 0.23108818286940E+03
 0.23108818290163E+03
 0.23108818290381E+03
 0.23108818292438E+03
 0.23108818374441E+03
 0.23108818303557E+03
 0.23108818304268E+03
 0.23108818315638E+03
 0.23108818318574E+03
 0.23108818376403E+03
 0.23108818365791E+03
 0.23108818321601E+03
 0.23108818311745E+03
 0.23108818303022E+03
 0.23108818295728E+03
 0.23108818289757E+03
 0.23108818284352E+03
 0.23108818279703E+03
 0.23108818275870E+03
 0.23108818272295E+03
 0.23108818272163E+03
 0.23108818269460E+03
 0.23108818266900E+03
 0.23108818264892E+03
 0.23108818263310E+03
 0.23108818262114E+03
 0.23108818261237E+03
 0.23108818260444E+03
 0.23108818260017E+03
 0.23108818259703E+03
 0.23108818259767E+03
 0.23108818259912E+03
 0.23108818260284E+03
 0.23108818260758E+03
 0.23108818261333E+03
 0.23108818262113E+03
 0.23108818262891E+03
 0.23108818264177E+03
 0.23108818265559E+03
 0.23108818267053E+03
 0.23108818268501E+03
 0.23108818270069E+03
 0.23108818271649E+03
 0.23108818273318E+03
 0.23108818274895E+03
 0.23108818274810E+03
 0.23108818274386E+03
 0.23108818273244E+03
 0.23108818271753E+03
 0.23108818269899E+03
 0.23108818269274E+03
 0.23108818268533E+03
 0.23108818268200E+03
 0.23108818268606E+03
 0.23108818333512E+03
 0.23108818335241E+03
 0.23108818335858E+03
 0.23108818336032E+03
 0.23108818335486E+03
 0.23108818337073E+03
 0.23108818338182E+03
 0.23108818338503E+03
 0.23108818338137E+03
 0.23108818337046E+03
 0.23108818335253E+03
 0.23108818332701E+03
 0.23108818330069E+03
 0.23108818328819E+03
 0.23108818329836E+03
 0.23108818330013E+03
 0.23108818329812E+03
 0.23108818329234E+03
 0.23108818323692E+03
 0.23108818324228E+03
 0.23108818325206E+03
 0.23108818326478E+03
 0.23108818327954E+03
 0.23108818329339E+03
 0.23108818334524E+03
 0.23108818337222E+03
 0.23108818339983E+03
 0.23108818340517E+03
 0.23108818349400E+03
 0.23108818354057E+03
 0.23108818359415E+03
 0.23108818365178E+03
 0.23108818371287E+03
 0.23108818369734E+03
 0.23108818376319E+03
 0.23108818380411E+03
 0.23108818387586E+03
 0.23108818395298E+03
 0.23108818464237E+03
 0.23108818447540E+03
 0.23108818429340E+03
 0.23108818414214E+03
 0.23108818401615E+03
 0.23108818391177E+03
 0.23108818382210E+03
 0.23108818375124E+03
 0.23108818368977E+03
 0.23108818363674E+03
 0.23108818359162E+03
 0.23108818355208E+03
 0.23108818351999E+03
 0.23108818349112E+03
 0.23108818346788E+03
 0.23108818344716E+03
 0.23108794779274E+03
 0.23108794777842E+03
 0.23108794777666E+03
 0.23108794777632E+03
 0.23108794778118E+03
 0.23108794779149E+03
 0.23108794781946E+03
 0.23108794787104E+03
 0.23108794793038E+03
 0.23108794799696E+03
 0.23108794800600E+03
 0.23108794802024E+03
 0.23108794803822E+03
 0.23108794805233E+03
 0.23108794806506E+03
 0.23108794807763E+03
 0.23108794808708E+03
 0.23108793955639E+03
 0.23108793956302E+03
 0.23108793956710E+03
 0.23108793957093E+03
 0.23108793976248E+03
 0.23108793975226E+03
 0.23108793972964E+03
 0.23108793987574E+03
 0.23108793984800E+03
 0.23108792027175E+03
 0.23108792072789E+03
 0.23108792076084E+03
 0.23108792082664E+03
 0.23108792044557E+03
 0.23108792046553E+03
 0.23108792049811E+03
 0.23108792048767E+03
 0.23108792005343E+03
 0.23108792001780E+03
 0.23108792000372E+03
 0.23108792000225E+03
 0.23108791999487E+03
 0.23108792001630E+03
 0.23108792004262E+03
 0.23108791998759E+03
 0.23108792025478E+03
 0.23108792001790E+03
 0.23108792048712E+03
 0.23108792157495E+03
 0.23108792099660E+03
 0.23108792030440E+03
 0.23108792043340E+03
 0.23108792059432E+03
 0.23108792105490E+03
 0.23108792076933E+03
 0.23108792056083E+03
 0.23108792040363E+03
 0.23108792028271E+03
 0.23108792019292E+03
 0.23108792012257E+03
 0.23108792009292E+03
 0.23108792008328E+03
 0.23108792007132E+03
 0.23108792006304E+03
 0.23108792005440E+03
 0.23108792004907E+03
 0.23108792004847E+03
 0.23108792004720E+03
 0.23108792004778E+03
 0.23108792004702E+03
 0.23108792004448E+03
 0.23108792004266E+03
 0.23108792001199E+03
 0.23108792002813E+03
 0.23108792002163E+03
 0.23108792002126E+03
 0.23108792001713E+03
 0.23108792001301E+03
 0.23108792000694E+03
 0.23108792000240E+03
 0.23108792026241E+03
 0.23108792034494E+03
 0.23108792036430E+03
 0.23108792038056E+03
 0.23108792039477E+03
 0.23108792041044E+03
 0.23108792041952E+03
 0.23108792042740E+03
 0.23108792043228E+03
 0.23108792043772E+03
 0.23108792044498E+03
 0.23108792035793E+03
 0.23108792036517E+03
 0.23108792036695E+03
 0.23108792036857E+03
 0.23108792036765E+03
 0.23108792036483E+03
 0.23108792036098E+03
 0.23108792035828E+03
 0.23108792035173E+03
 0.23108792034658E+03
 0.23108792033703E+03
 0.23108774638200E+03
 0.23108674702043E+03
 0.23108674709104E+03
 0.23108768121783E+03
 0.23108768125861E+03
 0.23108768131467E+03
 0.23108768214612E+03
 0.23108768229482E+03
 0.23108768136957E+03
 0.23108768147193E+03
 0.23108768154059E+03
 0.23108768151377E+03
 0.23108768148666E+03
 0.23108768145813E+03
 0.23108768143273E+03
 0.23108768140990E+03
 0.23108768138885E+03
 0.23108688668794E+03
 0.23108688667942E+03
 0.23108688667305E+03
 0.23108688666365E+03
 0.23108688665866E+03
 0.23108688665192E+03
 0.23108688660116E+03
 0.23108688659655E+03
 0.23108688658912E+03
 0.23108688658346E+03
 0.23108688657521E+03
 0.23108688656849E+03
 0.23108688656255E+03
 0.23108688655815E+03
 0.23108688655490E+03
 0.23108688662743E+03
 0.23108688662859E+03
 0.23108688674552E+03
 0.23108688674620E+03
 0.23108688674758E+03
 0.23108688675246E+03
 0.23108688675514E+03
 0.23108688675765E+03
 0.23108688676151E+03
 0.23108721639806E+03
 0.23108721639726E+03
 0.23108721640117E+03
 0.23108721640440E+03
 0.23108721640452E+03
 0.23108721643614E+03
 0.23108721644227E+03
 0.23108721644025E+03
 0.23108704912786E+03
 0.23108704920891E+03
 0.23108704920757E+03
 0.23108704920814E+03
 0.23108704920784E+03
 0.23108704921327E+03
 0.23108704921414E+03
 0.23108704920473E+03
 0.23108704926016E+03
 0.23108704927255E+03
 0.23108704931719E+03
 0.23108704940651E+03
 0.23108704959589E+03
 0.23108712877200E+03
 0.23108712835793E+03
 0.23108712874311E+03
 0.23108712876122E+03
 0.23108712874225E+03
 0.23108712874654E+03
 0.23108712874704E+03
 0.23108712875124E+03
 0.23108712870069E+03
 0.23108712871264E+03
 0.23108712871967E+03
 0.23108712871072E+03
 0.23108712892750E+03
 0.23108712893368E+03
 0.23108712894057E+03
 0.23108712895142E+03
 0.23108712896055E+03
 0.23108712896817E+03
 0.23108712897628E+03
 0.23108712898327E+03
 0.23108712898780E+03
 0.23108712899640E+03
 0.23108712900197E+03
 0.23108712900794E+03
 0.23108712901838E+03
 0.23108712998441E+03
 0.23108712967018E+03
 0.23108712960499E+03
 0.23108712954165E+03
 0.23108712948754E+03
 0.23108712943218E+03
 0.23108712937994E+03
 0.23108712942679E+03
 0.23108712938059E+03
 0.23108712933230E+03
 0.23108712928422E+03
 0.23108712923802E+03
 0.23108712919111E+03
 0.23108712914877E+03
 0.23108712910087E+03
 0.23108712905815E+03
 0.23108712901614E+03
 0.23108712898064E+03
 0.23108712894790E+03
 0.23108712891538E+03
 0.23108712888206E+03
 0.23108712884945E+03
 0.23108712881013E+03
 0.23108712877804E+03
 0.23108712874879E+03
 0.23108712871482E+03
 0.23108712868780E+03
 0.23108712866038E+03
 0.23108712863982E+03
 0.23108712861333E+03
 0.23108712860312E+03
 0.23108712859294E+03
 0.23108712858456E+03
 0.23108712805612E+03
 0.23108712798669E+03
 0.23108712789514E+03
 0.23108712778547E+03
 0.23108712768586E+03
 0.23108712769148E+03
 0.23108712769178E+03
 0.23108835478748E+03
 0.23108835478170E+03
 0.23108835478727E+03
 0.23108835479074E+03
 0.23108835479807E+03
 0.23108781605658E+03
 0.23108781618420E+03
 0.23108781617500E+03
 0.23108781616247E+03
 0.23108781615484E+03
 0.23108781610007E+03
 0.23108781613585E+03
 0.23108781614615E+03
 0.23108781615669E+03
 0.23108781616926E+03
 0.23108781617483E+03
 0.23108781618157E+03
 0.23108781618882E+03
 0.23108781619364E+03
 0.23108781620096E+03
 0.23108781620552E+03
 0.23108781620985E+03
 0.23108781621178E+03
 0.23108781621533E+03
 0.23108781621763E+03
 0.23108781622177E+03
 0.23108781622636E+03
 0.23108781622808E+03
 0.23108757832109E+03
 0.23108757832252E+03
 0.23108757832727E+03
 0.23108757832798E+03
 0.23108757833240E+03
 0.23108757833151E+03
 0.23108757833152E+03
 0.23108757833523E+03
 0.23108757853451E+03
 0.23108757854942E+03
 0.23108757878179E+03
 0.23108757880301E+03
 0.23108757883228E+03
 0.23108757885333E+03
 0.23108757887155E+03
 0.23108757889381E+03
 0.23108757891234E+03
 0.23108757893883E+03
 0.23108774629649E+03
 0.23108774630653E+03
 0.23108774631538E+03
 0.23108774632974E+03
 0.23108774634138E+03
 0.23108774634327E+03
 0.23108774731051E+03
 0.23108774726989E+03
 0.23108774729323E+03
 0.23108774628590E+03
 0.23108774625152E+03
 0.23108774619273E+03
 0.23108774562873E+03
 0.23108774563563E+03
 0.23108774563719E+03
 0.23108774563650E+03
 0.23108774563553E+03
 0.23108774563512E+03
 0.23108774561909E+03
 0.23108774559972E+03
 0.23108774557378E+03
 0.23108774533788E+03
 0.23108774531945E+03
 0.23108774529606E+03
 0.23108774527316E+03
 0.23108774561276E+03
 0.23108774559666E+03
 0.23108774557858E+03
 0.23108774530912E+03
 0.23108774527715E+03
 0.23108774524902E+03
 0.23108774517889E+03
 0.23108774516069E+03
 0.23108774513381E+03
 0.23108774519281E+03
 0.23108774519755E+03
 0.23108774519830E+03
 0.23108774520112E+03
 0.23108774520263E+03
 0.23108774520759E+03
 0.23108774521317E+03
 0.23108774522237E+03
 0.23108774522525E+03
 0.23108774541794E+03
 0.23108774543972E+03
 0.23108774545441E+03
 0.23108774545981E+03
 0.23108774546551E+03
 0.23108774547640E+03
 0.23108774549477E+03
 0.23108774549997E+03
 0.23108774550758E+03
 0.23108774551704E+03
 0.23108774551806E+03
 0.23108774553553E+03
 0.23108774555113E+03
 0.23108774554955E+03
 0.23108774555429E+03
 0.23108774556021E+03
 0.23108774556319E+03
 0.23108774556034E+03
 0.23108774555744E+03
 0.23108774556731E+03
 0.23108774555452E+03
 0.23108774556092E+03
 0.23108774577047E+03
 0.23108774576008E+03
 0.23108774576230E+03
 0.23108774575385E+03
 0.23108774573488E+03
 0.23108774572710E+03
 0.23108774570457E+03
 0.23108774567183E+03
 0.23108774568047E+03
 0.23108774539549E+03
 0.23108774541003E+03
 0.23108774540887E+03
 0.23108774540813E+03
 0.23108774540937E+03
 0.23108774540426E+03
 0.23108774540360E+03
 0.23108774538732E+03
 0.23108774537931E+03
 0.23108774536728E+03
 0.23108774534150E+03
 0.23108774530952E+03
 0.23108774527269E+03
 0.23108774522536E+03
 0.23108774516459E+03
 0.23108774539039E+03
 0.23108774537554E+03
 0.23108774535254E+03
 0.23108774531638E+03
 0.23108774528081E+03
 0.23108774524526E+03
 0.23108697116703E+03
 0.23108697099729E+03
 0.23108697096143E+03
 0.23108697093936E+03
 0.23108697091572E+03
 0.23108697090030E+03
 0.23108697099901E+03
 0.23108697099280E+03
 0.23108697111084E+03
 0.23108697109849E+03
 0.23108697108620E+03
 0.23108697108985E+03
 0.23108697108444E+03
 0.23108697106563E+03
 0.23108697107821E+03
 0.23108697125441E+03
 0.23108697128360E+03
 0.23108697128545E+03
 0.23108697128627E+03
 0.23108697129703E+03
 0.23108697131168E+03
 0.23108697131583E+03
 0.23108697132868E+03
 0.23108697132541E+03
 0.23108697133506E+03
 0.23108697134510E+03
 0.23108697135150E+03
 0.23108697136441E+03
 0.23108697136076E+03
 0.23108697137127E+03
 0.23108697137160E+03
 0.23108697137138E+03
 0.23108697136595E+03
 0.23108697137826E+03
 0.23108697138238E+03
 0.23108697139102E+03
 0.23108697137268E+03
 0.23108697136239E+03
 0.23108697159923E+03
 0.23108697162247E+03
 0.23108779750923E+03
 0.23108668909497E+03
 0.23108668911435E+03
 0.23108668912345E+03
 0.23108668914042E+03
 0.23108668915457E+03
 0.23108727514462E+03
 0.23108727513637E+03
 0.23108727514428E+03
 0.23108727514828E+03
 0.23108727492163E+03
 0.23108727491757E+03
 0.23108727490607E+03
 0.23108727489851E+03
 0.23108727489352E+03
 0.23108727486638E+03
 0.23108727484498E+03
 0.23108727482079E+03
 0.23108727477562E+03
 0.23108793169933E+03
 0.23108793164274E+03
 0.23108793161262E+03
 0.23108793157373E+03
 0.23108606086497E+03
 0.23108760148658E+03
 0.23108711660598E+03
 0.23108711657445E+03
 0.23108711651298E+03
 0.23108731744130E+03
 0.23108709638440E+03
 0.23108676933730E+03
 0.23108676932685E+03
 0.23108676929004E+03
 0.23108676927792E+03
 0.23108676925474E+03
 0.23108676911256E+03
 0.23108676874619E+03
 0.23108676875271E+03
 0.23108676875435E+03
 0.23108676875157E+03
 0.23108676875230E+03
 0.23108676876628E+03
 0.23108676877540E+03
 0.23108676877177E+03
 0.23108676885498E+03
 0.23108676886317E+03
 0.23108676886524E+03
 0.23108676888614E+03
 0.23108676890478E+03
 0.23108676890734E+03
 0.23108676891284E+03
 0.23108676893666E+03
 0.23108676895310E+03
 0.23108676895677E+03
 0.23108676896026E+03
 0.23108676897936E+03
 0.23108676898560E+03
 0.23108676898660E+03
 0.23108676900816E+03
 0.23108676900543E+03
 0.23108676901579E+03
 0.23108676902127E+03
 0.23108676904066E+03
 0.23108676903877E+03
 0.23108676903326E+03
 0.23108676926010E+03
 0.23108676927724E+03
 0.23108676928390E+03
 0.23108676930401E+03
 0.23108676929114E+03
 0.23108676929099E+03
 0.23108676930196E+03
 0.23108676930471E+03
 0.23108676931926E+03
 0.23108676929627E+03
 0.23108676927891E+03
 0.23108676927673E+03
 0.23108676925404E+03
 0.23108676901434E+03
 0.23108676901190E+03
 0.23108676899805E+03
 0.23108676895358E+03
 0.23108676940700E+03
 0.23108676938755E+03
 0.23108676936756E+03
 0.23108676934417E+03
 0.23108676947508E+03
 0.23108676945685E+03
 0.23108676942412E+03
 0.23108676981755E+03
 0.23108676981538E+03
 0.23108676980665E+03
 0.23108676978632E+03
 0.23108676978527E+03
 0.23108676980233E+03
 0.23108676979930E+03
 0.23108676983079E+03
 0.23108676988699E+03
 0.23108676989550E+03
 0.23108676993421E+03
 0.23108676997893E+03
 0.23108677004737E+03
 0.23108677010428E+03
 0.23108677021369E+03
 0.23108676932216E+03
 0.23108676931133E+03
 0.23108676888641E+03
 0.23108676870182E+03
 0.23108676869378E+03
 0.23108676870420E+03
 0.23108676870963E+03
 0.23108676871732E+03
 0.23108676872877E+03
 0.23108676874787E+03
 0.23108676875056E+03
 0.23108676874200E+03
 0.23108676874325E+03
 0.23108676874951E+03
 0.23108676875456E+03
 0.23108676876408E+03
 0.23108676883381E+03
 0.23108676883058E+03
 0.23108676886018E+03
 0.23108676908985E+03
 0.23108676909518E+03
 0.23108676913025E+03
 0.23108676914541E+03
 0.23108676915967E+03
 0.23108676917684E+03
 0.23108676923999E+03
 0.23108676910154E+03
 0.23108676912018E+03
 0.23108676912336E+03
 0.23108676913180E+03
 0.23108676912520E+03
 0.23108676915408E+03
 0.23108676914966E+03
 0.23108676914148E+03
 0.23108676931021E+03
 0.23108676930376E+03
 0.23108677029060E+03
 0.23108677028419E+03
 0.23108676930893E+03
 0.23108676930927E+03
 0.23108676930540E+03
 0.23108676926626E+03
 0.23108676923708E+03
 0.23108676947132E+03
 0.23108676943126E+03
 0.23108676939211E+03
 0.23108676940997E+03
 0.23108676936378E+03
 0.23108676936271E+03
 0.23108676937919E+03
 0.23108676937749E+03
 0.23108676939485E+03
 0.23108676941632E+03
 0.23108727876748E+03
 0.23108727877560E+03
 0.23108727874136E+03
 0.23108727877935E+03
 0.23108727880499E+03
 0.23108727884270E+03
 0.23108727970058E+03
 0.23108727975237E+03
 0.23108726727797E+03
 0.23108726727288E+03
 0.23108726727376E+03
 0.23108726728957E+03
 0.23108726730663E+03
 0.23108726745170E+03
 0.23108726747809E+03
 0.23108726728861E+03
 0.23108726734650E+03
 0.23108726733160E+03
 0.23108726731121E+03
 0.23108726735936E+03
 0.23108726734735E+03
 0.23108726727270E+03
 0.23108726729054E+03
 0.23108726727933E+03
 0.23108726732280E+03
 0.23108726728527E+03
 0.23108726729153E+03
 0.23108726727163E+03
 0.23108726729267E+03
 0.23108726728881E+03
 0.23108726725875E+03
 0.23108726726099E+03
 0.23108726721919E+03
 0.23108726729881E+03
 0.23108728661876E+03
 0.23108728664843E+03
 0.23108728666884E+03
 0.23108728667419E+03
 0.23108728669255E+03
 0.23108728669111E+03
 0.23108747921079E+03
 0.23108747924700E+03
 0.23108747916795E+03
 0.23108747910179E+03
 0.23108747784737E+03
 0.23108747796569E+03
 0.23108747869393E+03
 0.23108747917017E+03
 0.23108747914706E+03
 0.23108747906186E+03
 0.23108747900160E+03
 0.23108711945537E+03
 0.23108711915939E+03
 0.23108711909414E+03
 0.23108711905073E+03
 0.23108711903316E+03
 0.23108711902349E+03
 0.23108711905414E+03
 0.23108711909003E+03
 0.23108713734972E+03
 0.23108713734735E+03
 0.23108713732459E+03
 0.23108713733358E+03
 0.23108713735907E+03
 0.23108713737267E+03
 0.23108713736801E+03
 0.23108713729844E+03
 0.23108713731178E+03
 0.23108713736605E+03
 0.23108713740280E+03
 0.23108713741947E+03
 0.23108713735282E+03
 0.23108713737286E+03
 0.23108713732451E+03
 0.23108713732930E+03
 0.23108713731101E+03
 0.23108713735804E+03
 0.23108713733006E+03
 0.23108713737141E+03
 0.23108716748929E+03
 0.23108716748340E+03
 0.23108716745532E+03
 0.23108705589649E+03
 0.23108694184725E+03
 0.23108693326030E+03
 0.23108723773524E+03
 0.23108693738507E+03
 0.23108717487283E+03
 0.23108712415792E+03
 0.23108737558077E+03
 0.23108743983384E+03
 0.23108711637166E+03
 0.23108695321560E+03
 0.23108701031011E+03
 0.23108727259919E+03
 0.23108694426215E+03
 0.23108713976552E+03
 0.23108687744398E+03
 0.23108702910207E+03
 0.23108733174685E+03
 0.23108695882210E+03
 0.23108710939531E+03
 0.23108698142379E+03
 0.23108711752065E+03
 0.23108701066537E+03
 0.23108694980037E+03
 0.23108715589166E+03
 0.23108701510863E+03
 0.23108702176045E+03
 0.23108697662931E+03
 0.23108697840646E+03
 0.23108713914647E+03
 0.23108697762759E+03
 0.23108684505604E+03
 0.23108697625050E+03
 0.23108699921987E+03
 0.23108695625521E+03
 0.23108694691924E+03
 0.23108697697918E+03
 0.23108699225415E+03
 0.23108704413587E+03
 0.23108699430214E+03
 0.23108702536912E+03
 0.23108701336308E+03
 0.23108693718841E+03
 0.23108701960562E+03
 0.23108699983339E+03
 0.23108701674795E+03
 0.23108701500726E+03
 0.23108696301807E+03
 0.23108703916847E+03
 0.23108697907684E+03
 0.23108698267369E+03
 0.23108696959748E+03
 0.23108698396132E+03
 0.23108700609059E+03
 0.23108700795335E+03
 0.23108696428125E+03
 0.23108698365276E+03
 0.23108696748686E+03
 0.23108723795659E+03
 0.23108727217849E+03
 0.23108670933238E+03
 0.23108670840017E+03
 0.23108670814008E+03
 0.23108670815707E+03
 0.23108670790152E+03
 0.23108670784167E+03
 0.23108670778986E+03
 0.23108670783152E+03
 0.23108670786579E+03
 0.23108670788159E+03
 0.23108670791165E+03
 0.23108670786685E+03
 0.23108670783086E+03
 0.23108719805835E+03
 0.23108719805508E+03
 0.23108719804904E+03
 0.23108719804708E+03
 0.23108719804241E+03
 0.23108719792552E+03
 0.23108719790124E+03
 0.23108719787876E+03
 0.23108719779913E+03
 0.23108719774434E+03
 0.23108719770663E+03
 0.23108699654080E+03
 0.23108614094424E+03
 0.23108614090745E+03
 0.23108614084189E+03
 0.23108614080880E+03
 0.23108750227102E+03
 0.23108750221499E+03
 0.23108750217539E+03
 0.23108750216928E+03
 0.23108750214725E+03
 0.23108750205275E+03
 0.23108750201763E+03
 0.23108750198672E+03
 0.23108750197756E+03
 0.23108750196744E+03
 0.23108731178371E+03
 0.23108731176643E+03
 0.23108731175905E+03
 0.23108731175649E+03
 0.23108731177136E+03
 0.23108710472293E+03
 0.23108710481333E+03
 0.23108799992018E+03
 0.23108800007260E+03
 0.23108800015454E+03
 0.23108800019109E+03
 0.23108800024830E+03
 0.23108800028196E+03
 0.23108786543254E+03
 0.23108786546282E+03
 0.23108786548478E+03
 0.23108786552899E+03
 0.23108745050449E+03
 0.23108745067237E+03
 0.23108754781350E+03
 0.23108754787612E+03
 0.23108754801975E+03
 0.23108754803242E+03
 0.23108754814065E+03
 0.23108754818200E+03
 0.23108754867898E+03
 0.23108754893490E+03
 0.23108698703524E+03
 0.23108698713304E+03
 0.23108698725916E+03
 0.23108698762496E+03
 0.23108698746523E+03
 0.23108757432840E+03
 0.23108757376758E+03
 0.23108757414666E+03
 0.23108757459110E+03
 0.23108757439908E+03
 0.23108757476786E+03
 0.23108757451111E+03
 0.23108757495085E+03
 0.23108757522460E+03
 0.23108757602413E+03
 0.23108757530768E+03
 0.23108757506209E+03
 0.23108757550147E+03
 0.23108757525474E+03
 0.23108648514529E+03
 0.23108648630432E+03
 0.23108648620569E+03
 0.23108648526005E+03
 0.23108648529804E+03
 0.23108648576714E+03
