 0.11129378423523E+04
 0.11129429907442E+04
 0.11129429759910E+04
 0.11129429759910E+04
 0.11129429759910E+04
 0.11129429759910E+04
 0.11129429759910E+04
 0.11129429783132E+04
 0.11129438320002E+04
 0.11129414065302E+04
 0.11129414069174E+04
 0.11129414076374E+04
 0.11129414076374E+04
 0.11129414076374E+04
 0.11129414076374E+04
 0.11129414076374E+04
 0.11129414076374E+04
 0.11129414076374E+04
 0.11129414076374E+04
 0.11129414076374E+04
 0.11129414076374E+04
 0.11129414076374E+04
 0.11129414076374E+04
 0.11129414076374E+04
 0.11129414076374E+04
 0.11129414076374E+04
 0.11129414076374E+04
 0.11129414076374E+04
 0.11129414076374E+04
 0.11129414076374E+04
 0.11129414076374E+04
 0.11129414076374E+04
 0.11129414076374E+04
 0.11129414076374E+04
 0.11129414076374E+04
 0.11129414076374E+04
 0.11129414076374E+04
 0.11129414076374E+04
 0.11129414076374E+04
 0.11129414076374E+04
 0.11129414076374E+04
 0.11129414076610E+04
 0.11129414077709E+04
 0.11129414077509E+04
 0.11129414078680E+04
 0.11129414078554E+04
 0.11129414078240E+04
 0.11129414077942E+04
 0.11129414076701E+04
 0.11129414076393E+04
 0.11129414076019E+04
 0.11129414074083E+04
 0.11129414073696E+04
 0.11129414073530E+04
 0.11129414071522E+04
 0.11129414070744E+04
 0.11129414070551E+04
 0.11129414070510E+04
 0.11129414070588E+04
 0.11129414068159E+04
 0.11129414067903E+04
 0.11129414068046E+04
 0.11129414068023E+04
 0.11129414068205E+04
 0.11129414066739E+04
 0.11129414066219E+04
 0.11129414066549E+04
 0.11129414066369E+04
 0.11129414066532E+04
 0.11129414066843E+04
 0.11129414067034E+04
 0.11129414066349E+04
 0.11129414065638E+04
 0.11129414065735E+04
 0.11129414066057E+04
 0.11129414066475E+04
 0.11129414066940E+04
 0.11129414067125E+04
 0.11129414067081E+04
 0.11129414066319E+04
 0.11129414066325E+04
 0.11129414066312E+04
 0.11129414066623E+04
 0.11129414066956E+04
 0.11129414067333E+04
 0.11129414067742E+04
 0.11129414068006E+04
 0.11129414067875E+04
 0.11129414068031E+04
 0.11129414067849E+04
 0.11129414068095E+04
 0.11129414068455E+04
 0.11129414068470E+04
 0.11129414068541E+04
 0.11129414068709E+04
 0.11129414068954E+04
 0.11129414069225E+04
 0.11129414069517E+04
 0.11129414069823E+04
 0.11129414070121E+04
 0.11129414070170E+04
 0.11129414071835E+04
 0.11129414072318E+04
 0.11129414072283E+04
 0.11129414072603E+04
 0.11129414072891E+04
 0.11129414073258E+04
 0.11129414073404E+04
 0.11129414073733E+04
 0.11129414073981E+04
 0.11129414074210E+04
 0.11129414074424E+04
 0.11129414074619E+04
 0.11129414074732E+04
 0.11129414074939E+04
 0.11129414074955E+04
 0.11129414079886E+04
 0.11129414081089E+04
 0.11129414081958E+04
 0.11129414082636E+04
 0.11129414083155E+04
 0.11129414083556E+04
 0.11129414083970E+04
 0.11129414084247E+04
 0.11129414084479E+04
 0.11129414084677E+04
 0.11129414084852E+04
 0.11129414085009E+04
 0.11129414085153E+04
 0.11129414085286E+04
 0.11129414085305E+04
 0.11129414085429E+04
 0.11129414085557E+04
 0.11129414097535E+04
 0.11129414100018E+04
 0.11129414101936E+04
 0.11129414103412E+04
 0.11129414104544E+04
 0.11129414105411E+04
 0.11129414106073E+04
 0.11129414106578E+04
 0.11129414106904E+04
 0.11129414107188E+04
 0.11129414107409E+04
 0.11129414107584E+04
 0.11129414107783E+04
 0.11129414107840E+04
 0.11129414107937E+04
 0.11129414108020E+04
 0.11129414108173E+04
 0.11129414108224E+04
 0.11129414108267E+04
 0.11129414108301E+04
 0.11129414131506E+04
 0.11129414135866E+04
 0.11129414139343E+04
 0.11129414142067E+04
 0.11129414144209E+04
 0.11129414145903E+04
 0.11129414147237E+04
 0.11129414148280E+04
 0.11129414149092E+04
 0.11129414149719E+04
 0.11129414150199E+04
 0.11129414150561E+04
 0.11129414150832E+04
 0.11129414151029E+04
 0.11129414151169E+04
 0.11129414151263E+04
 0.11129414151319E+04
 0.11129414151347E+04
 0.11129414151352E+04
 0.11129414151334E+04
 0.11129414151300E+04
 0.11129414151258E+04
 0.11129414151210E+04
 0.11129414151118E+04
 0.11129414151041E+04
 0.11129414176767E+04
 0.11129414181154E+04
 0.11129414184739E+04
 0.11129414187652E+04
 0.11129414190002E+04
 0.11129414191882E+04
 0.11129414193368E+04
 0.11129414194528E+04
 0.11129414195415E+04
 0.11129414196076E+04
 0.11129414196549E+04
 0.11129414196866E+04
 0.11129414197081E+04
 0.11129414197361E+04
 0.11129414197562E+04
 0.11129414197697E+04
 0.11129414197779E+04
 0.11129414197815E+04
 0.11129414197816E+04
 0.11129414197780E+04
 0.11129414197716E+04
 0.11129414197604E+04
 0.11129414197465E+04
 0.11129414197303E+04
 0.11129414197117E+04
 0.11129414196903E+04
 0.11129414196901E+04
 0.11129414196700E+04
 0.11129414196480E+04
 0.11129414196243E+04
 0.11129414211908E+04
 0.11129414214178E+04
 0.11129414216025E+04
 0.11129414217509E+04
 0.11129414218682E+04
 0.11129414219590E+04
 0.11129414220272E+04
 0.11129414220759E+04
 0.11129414221082E+04
 0.11129414221262E+04
 0.11129414221322E+04
 0.11129414221278E+04
 0.11129414221146E+04
 0.11129414220939E+04
 0.11129414220668E+04
 0.11129414220342E+04
 0.11129414219969E+04
 0.11129414219556E+04
 0.11129414219112E+04
 0.11129414218099E+04
 0.11129414217521E+04
 0.11129414216915E+04
 0.11129414216290E+04
 0.11129414215673E+04
 0.11129414215073E+04
 0.11129414214503E+04
 0.11129414213994E+04
 0.11129414214612E+04
 0.11129414214355E+04
 0.11129414213186E+04
 0.11129414213513E+04
 0.11129414212756E+04
 0.11129414216743E+04
 0.11129414216729E+04
 0.11129414216563E+04
 0.11129414216685E+04
 0.11129414217088E+04
 0.11129414217358E+04
 0.11129414217514E+04
 0.11129414217565E+04
 0.11129414217524E+04
 0.11129414217396E+04
 0.11129414217189E+04
 0.11129414213382E+04
 0.11129414213463E+04
 0.11129414213482E+04
 0.11129414213427E+04
 0.11129414213271E+04
 0.11129414212903E+04
 0.11129414210509E+04
 0.11129414211829E+04
 0.11129414211944E+04
 0.11129414211606E+04
 0.11129414211161E+04
 0.11129414210582E+04
 0.11129414209925E+04
 0.11129414207300E+04
 0.11129414206883E+04
 0.11129414206521E+04
 0.11129414208499E+04
 0.11129414201614E+04
 0.11129414197869E+04
 0.11129414201438E+04
 0.11129414204820E+04
 0.11129414200346E+04
 0.11129414199896E+04
 0.11129414199394E+04
 0.11129414198866E+04
 0.11129414198329E+04
 0.11129414197782E+04
 0.11129414197196E+04
 0.11129414196552E+04
 0.11129414195841E+04
 0.11129414195067E+04
 0.11129414194228E+04
 0.11129414193330E+04
 0.11129414192361E+04
 0.11129414191313E+04
 0.11129414190154E+04
 0.11129414188816E+04
 0.11129414187139E+04
 0.11129414184738E+04
 0.11129414180516E+04
 0.11129414174168E+04
 0.11129414177815E+04
 0.11129414176602E+04
 0.11129414174692E+04
 0.11129414173779E+04
 0.11129414173184E+04
 0.11129414170044E+04
 0.11129414168314E+04
 0.11129414166670E+04
 0.11129414165018E+04
 0.11129414163378E+04
 0.11129414161832E+04
 0.11129414160400E+04
 0.11129414159104E+04
 0.11129414157979E+04
 0.11129414154741E+04
 0.11129414148380E+04
 0.11129414146486E+04
 0.11129414145869E+04
 0.11129414145241E+04
 0.11129414144603E+04
 0.11129414143949E+04
 0.11129414143272E+04
 0.11129414142568E+04
 0.11129414141843E+04
 0.11129414141085E+04
 0.11129414140293E+04
 0.11129414139468E+04
 0.11129414138608E+04
 0.11129414137711E+04
 0.11129414136777E+04
 0.11129414135799E+04
 0.11129414134779E+04
 0.11129414133718E+04
 0.11129414132609E+04
 0.11129414131450E+04
 0.11129414130240E+04
 0.11129414131460E+04
 0.11129414130409E+04
 0.11129414129310E+04
 0.11129414128161E+04
 0.11129414126957E+04
 0.11129414125692E+04
 0.11129414124367E+04
 0.11129414122970E+04
 0.11129414121433E+04
 0.11129414115893E+04
 0.11129414112935E+04
 0.11129414114216E+04
 0.11129414112296E+04
 0.11129414111429E+04
 0.11129414106775E+04
 0.11129414102378E+04
 0.11129414100754E+04
 0.11129414099139E+04
 0.11129414097519E+04
 0.11129414095886E+04
 0.11129414094217E+04
 0.11129414092425E+04
 0.11129414090189E+04
 0.11129414088986E+04
 0.11129414087658E+04
 0.11129414086075E+04
 0.11129414084467E+04
 0.11129414082844E+04
 0.11129414082140E+04
 0.11129414081483E+04
 0.11129414080693E+04
 0.11129414077358E+04
 0.11129414079636E+04
 0.11129414078950E+04
 0.11129414076405E+04
 0.11129414075994E+04
 0.11129414075548E+04
 0.11129414075130E+04
 0.11129414074714E+04
 0.11129414074241E+04
 0.11129414062344E+04
 0.11129414069490E+04
 0.11129414069327E+04
 0.11129414066931E+04
 0.11129414061475E+04
 0.11129414063459E+04
 0.11129414066653E+04
 0.11129414066518E+04
 0.11129414064358E+04
 0.11129414055497E+04
 0.11129414053595E+04
 0.11129414051627E+04
 0.11129414049526E+04
 0.11129414047169E+04
 0.11129414044676E+04
 0.11129414044066E+04
 0.11129414043627E+04
 0.11129414043406E+04
 0.11129414043471E+04
 0.11129414043600E+04
 0.11129414042962E+04
 0.11129414042360E+04
 0.11129414041727E+04
 0.11129414041096E+04
 0.11129414040589E+04
 0.11129414040157E+04
 0.11129414039668E+04
 0.11129414038732E+04
 0.11129414038141E+04
 0.11129414038076E+04
 0.11129414037536E+04
 0.11129414037007E+04
 0.11129414035756E+04
 0.11129414035136E+04
 0.11129414034506E+04
 0.11129414033869E+04
 0.11129414033282E+04
 0.11129414032603E+04
 0.11129414031920E+04
 0.11129414031235E+04
 0.11129414030571E+04
 0.11129414012543E+04
 0.11129414010273E+04
 0.11129414008101E+04
 0.11129414006030E+04
 0.11129414004086E+04
 0.11129414002228E+04
 0.11129414000448E+04
 0.11129413998886E+04
 0.11129413998220E+04
 0.11129413997605E+04
 0.11129413997044E+04
 0.11129413996517E+04
 0.11129413996036E+04
 0.11129413995879E+04
 0.11129413995421E+04
 0.11129413994995E+04
 0.11129413994592E+04
 0.11129413994205E+04
 0.11129413993829E+04
 0.11129413993461E+04
 0.11129413993114E+04
 0.11129413992771E+04
 0.11129413992433E+04
 0.11129413992097E+04
 0.11129413991763E+04
 0.11129413991424E+04
 0.11129413991083E+04
 0.11129413990742E+04
 0.11129413990396E+04
 0.11129413990052E+04
 0.11129413989703E+04
 0.11129413987253E+04
 0.11129413984822E+04
 0.11129413982528E+04
 0.11129413980341E+04
 0.11129413978273E+04
 0.11129413976299E+04
 0.11129413974421E+04
 0.11129413972644E+04
 0.11129413970956E+04
 0.11129413969337E+04
 0.11129413967785E+04
 0.11129413966694E+04
 0.11129413966206E+04
 0.11129413965777E+04
 0.11129413965383E+04
 0.11129413965030E+04
 0.11129413964720E+04
 0.11129413964419E+04
 0.11129413964156E+04
 0.11129413963928E+04
 0.11129413963713E+04
 0.11129413963515E+04
 0.11129413963329E+04
 0.11129413963165E+04
 0.11129413963000E+04
 0.11129413962857E+04
 0.11129413962714E+04
 0.11129413962566E+04
 0.11129413962423E+04
 0.11129413962291E+04
 0.11129413962150E+04
 0.11129413962007E+04
 0.11129413961876E+04
 0.11129413961723E+04
 0.11129413961636E+04
 0.11129413961545E+04
 0.11129413961459E+04
 0.11129413961362E+04
 0.11129413961248E+04
 0.11129413961139E+04
 0.11129413961013E+04
 0.11129413960349E+04
 0.11129413960031E+04
 0.11129413959709E+04
 0.11129413959400E+04
 0.11129413959081E+04
 0.11129413958768E+04
 0.11129413958464E+04
 0.11129413958168E+04
 0.11129413958170E+04
 0.11129413958627E+04
 0.11129413959045E+04
 0.11129413959451E+04
 0.11129413959833E+04
 0.11129413960173E+04
 0.11129413958714E+04
 0.11129413959351E+04
 0.11129413959906E+04
 0.11129413960458E+04
 0.11129413960983E+04
 0.11129413961379E+04
 0.11129413960207E+04
 0.11129413960876E+04
 0.11129413961446E+04
 0.11129413961929E+04
 0.11129413962446E+04
 0.11129413962970E+04
 0.11129413964347E+04
 0.11129413962238E+04
 0.11129413962755E+04
 0.11129413963077E+04
 0.11129413962911E+04
 0.11129413962101E+04
 0.11129413959923E+04
 0.11129413964558E+04
 0.11129413964513E+04
 0.11129413965027E+04
 0.11129413964374E+04
 0.11129413965227E+04
 0.11129413965248E+04
 0.11129413964011E+04
 0.11129413964026E+04
 0.11129413963698E+04
 0.11129413963412E+04
 0.11129413963176E+04
 0.11129413962985E+04
 0.11129413960661E+04
 0.11129413960181E+04
 0.11129413960303E+04
 0.11129413960649E+04
 0.11129413960987E+04
 0.11129413961322E+04
 0.11129413961569E+04
 0.11129413961878E+04
 0.11129413962212E+04
 0.11129413962502E+04
 0.11129413962779E+04
 0.11129413963055E+04
 0.11129413963300E+04
 0.11129413963541E+04
 0.11129413963762E+04
 0.11129413963955E+04
 0.11129413964150E+04
 0.11129413964331E+04
 0.11129413964486E+04
 0.11129413964642E+04
 0.11129413964777E+04
 0.11129413964902E+04
 0.11129413965020E+04
 0.11129413965138E+04
 0.11129413965249E+04
 0.11129413965339E+04
 0.11129413965439E+04
 0.11129413965529E+04
 0.11129413965629E+04
 0.11129413965727E+04
 0.11129413965156E+04
 0.11129413965093E+04
 0.11129413965044E+04
 0.11129413964993E+04
 0.11129413964958E+04
 0.11129413964917E+04
 0.11129413964904E+04
 0.11129413964925E+04
 0.11129413964959E+04
 0.11129413965075E+04
 0.11129413965312E+04
 0.11129413967462E+04
 0.11129413967291E+04
 0.11129413967211E+04
 0.11129413967157E+04
 0.11129413967235E+04
 0.11129413967327E+04
 0.11129413969415E+04
 0.11129413969163E+04
 0.11129413968951E+04
 0.11129413973236E+04
 0.11129413972480E+04
 0.11129413972043E+04
 0.11129413973152E+04
 0.11129413974357E+04
 0.11129413974252E+04
 0.11129413973128E+04
 0.11129413973471E+04
 0.11129413973575E+04
 0.11129413968591E+04
 0.11129413968898E+04
 0.11129413969703E+04
 0.11129413970435E+04
 0.11129413970413E+04
 0.11129413970477E+04
 0.11129413970690E+04
 0.11129413970987E+04
 0.11129413971032E+04
 0.11129413970967E+04
 0.11129413970988E+04
 0.11129413970994E+04
 0.11129413971044E+04
 0.11129413971077E+04
 0.11129413971017E+04
 0.11129413970987E+04
 0.11129413970954E+04
 0.11129413970903E+04
 0.11129413970860E+04
 0.11129413970241E+04
 0.11129413970119E+04
 0.11129413969876E+04
 0.11129413969738E+04
 0.11129413970271E+04
 0.11129413970802E+04
 0.11129413971351E+04
 0.11129413971870E+04
 0.11129413972454E+04
 0.11129413973002E+04
 0.11129413973538E+04
 0.11129413974022E+04
 0.11129413974445E+04
 0.11129413974857E+04
 0.11129413975216E+04
 0.11129413975523E+04
 0.11129413976937E+04
 0.11129413977297E+04
 0.11129413977725E+04
 0.11129413978139E+04
 0.11129413978490E+04
 0.11129413978819E+04
 0.11129413979112E+04
 0.11129413979341E+04
 0.11129413979564E+04
 0.11129413978546E+04
 0.11129413979074E+04
 0.11129413979514E+04
 0.11129413979895E+04
 0.11129413980235E+04
 0.11129413980537E+04
 0.11129413980189E+04
 0.11129413980669E+04
 0.11129413979318E+04
 0.11129413979455E+04
 0.11129413979546E+04
 0.11129413979677E+04
 0.11129413979762E+04
 0.11129413979857E+04
 0.11129413979941E+04
 0.11129413980044E+04
 0.11129413979903E+04
 0.11129413980056E+04
 0.11129413980203E+04
 0.11129413980318E+04
 0.11129413980441E+04
 0.11129413980490E+04
 0.11129413980640E+04
 0.11129413980811E+04
 0.11129413980945E+04
 0.11129413981118E+04
 0.11129413981294E+04
 0.11129413981538E+04
 0.11129413981905E+04
 0.11129413982630E+04
 0.11129413985127E+04
 0.11129413983139E+04
 0.11129413984268E+04
 0.11129413984103E+04
 0.11129413984143E+04
 0.11129413984593E+04
 0.11129413985129E+04
 0.11129413985625E+04
 0.11129413986075E+04
 0.11129413987968E+04
 0.11129413988625E+04
 0.11129413989050E+04
 0.11129413989435E+04
 0.11129413989802E+04
 0.11129413990128E+04
 0.11129413990496E+04
 0.11129413990852E+04
 0.11129413991178E+04
 0.11129413991479E+04
 0.11129413991701E+04
 0.11129413992428E+04
 0.11129413992859E+04
 0.11129413993319E+04
 0.11129413993743E+04
 0.11129413994157E+04
 0.11129413994584E+04
 0.11129413994825E+04
 0.11129413991271E+04
 0.11129413991277E+04
 0.11129413991317E+04
 0.11129413991351E+04
 0.11129413991324E+04
 0.11129413991326E+04
 0.11129413991343E+04
 0.11129413991387E+04
 0.11129413991487E+04
 0.11129413991590E+04
 0.11129413991711E+04
 0.11129413991828E+04
 0.11129413992055E+04
 0.11129413992345E+04
 0.11129413994916E+04
 0.11129413995217E+04
 0.11129413995473E+04
 0.11129413995762E+04
 0.11129413996015E+04
 0.11129413996268E+04
 0.11129413996499E+04
 0.11129413996757E+04
 0.11129413996996E+04
 0.11129413997269E+04
 0.11129413997026E+04
 0.11129413997370E+04
 0.11129413997668E+04
 0.11129413997893E+04
 0.11129413997658E+04
 0.11129413997941E+04
 0.11129413998154E+04
 0.11129413998100E+04
 0.11129413997626E+04
 0.11129413996035E+04
 0.11129413996098E+04
 0.11129413996331E+04
 0.11129413996790E+04
 0.11129413997259E+04
 0.11129413997719E+04
 0.11129413998298E+04
 0.11129413998783E+04
 0.11129413999218E+04
 0.11129413999629E+04
 0.11129414000058E+04
 0.11129414000448E+04
 0.11129414000879E+04
 0.11129414001287E+04
 0.11129414001732E+04
 0.11129413999229E+04
 0.11129413999494E+04
 0.11129413999701E+04
 0.11129413999885E+04
 0.11129414000169E+04
 0.11129414000453E+04
 0.11129414000681E+04
 0.11129414001003E+04
 0.11129414001278E+04
 0.11129414001582E+04
 0.11129414001905E+04
 0.11129414002308E+04
 0.11129414002627E+04
 0.11129414003441E+04
 0.11129414003863E+04
 0.11129414004278E+04
 0.11129414004764E+04
 0.11129414005249E+04
 0.11129414005763E+04
 0.11129414006281E+04
 0.11129414006843E+04
 0.11129414007450E+04
 0.11129414007988E+04
 0.11129414008616E+04
 0.11129414009266E+04
 0.11129414009900E+04
 0.11129414010595E+04
 0.11129414011244E+04
 0.11129414010577E+04
 0.11129414011353E+04
 0.11129414012184E+04
 0.11129414013044E+04
 0.11129414013933E+04
 0.11129414014793E+04
 0.11129414015601E+04
 0.11129414015491E+04
 0.11129414016426E+04
 0.11129414017099E+04
 0.11129414017554E+04
 0.11129414018433E+04
 0.11129414019798E+04
 0.11129414025704E+04
 0.11129414013845E+04
 0.11129414014848E+04
 0.11129414012885E+04
 0.11129414013508E+04
 0.11129414014182E+04
 0.11129437552860E+04
 0.11129437550600E+04
 0.11129437551294E+04
 0.11129437541554E+04
 0.11129437563489E+04
 0.11129437581232E+04
 0.11129437554988E+04
 0.11129437558260E+04
 0.11129437557066E+04
 0.11129437555158E+04
 0.11129437555046E+04
 0.11129437556258E+04
 0.11129437557275E+04
 0.11129437558342E+04
 0.11129437559382E+04
 0.11129437560446E+04
 0.11129437571509E+04
 0.11129437568636E+04
 0.11129437568287E+04
 0.11129437568042E+04
 0.11129437567869E+04
 0.11129437567817E+04
 0.11129437567822E+04
 0.11129437567922E+04
 0.11129437568180E+04
 0.11129437568521E+04
 0.11129437568924E+04
 0.11129437569542E+04
 0.11129437570049E+04
 0.11129437567434E+04
 0.11129437565158E+04
 0.11129437562711E+04
 0.11129437560205E+04
 0.11129437558028E+04
 0.11129437556234E+04
 0.11129437554710E+04
 0.11129437553338E+04
 0.11129437552173E+04
 0.11129437559810E+04
 0.11129437557096E+04
 0.11129437554888E+04
 0.11129437553037E+04
 0.11129437551544E+04
 0.11129437550363E+04
 0.11129437549439E+04
 0.11129437548741E+04
 0.11129437548246E+04
 0.11129437547793E+04
 0.11129437547438E+04
 0.11129437548507E+04
 0.11129437540553E+04
 0.11129437540507E+04
 0.11129437540439E+04
 0.11129437540487E+04
 0.11129437540499E+04
 0.11129437540570E+04
 0.11129437540578E+04
 0.11129437540726E+04
 0.11129437540408E+04
 0.11129437540189E+04
 0.11129437540452E+04
 0.11129437540594E+04
 0.11129437540552E+04
 0.11129437539411E+04
 0.11129435248428E+04
 0.11129435248289E+04
 0.11129435248394E+04
 0.11129435250400E+04
 0.11129435254437E+04
 0.11129435264278E+04
 0.11129435295595E+04
 0.11129435271600E+04
 0.11129435271366E+04
 0.11129435272419E+04
 0.11129435294247E+04
 0.11129435290721E+04
 0.11129435271193E+04
 0.11129435268225E+04
 0.11129435265606E+04
 0.11129435257697E+04
 0.11129435256445E+04
 0.11129435255279E+04
 0.11129435254177E+04
 0.11129435253311E+04
 0.11129435252380E+04
 0.11129435251700E+04
 0.11129435251084E+04
 0.11129435250478E+04
 0.11129435249995E+04
 0.11129435249700E+04
 0.11129435249291E+04
 0.11129435249052E+04
 0.11129435248819E+04
 0.11129435248668E+04
 0.11129435248879E+04
 0.11129435249081E+04
 0.11129424639050E+04
 0.11129424639246E+04
 0.11129424639474E+04
 0.11129424639664E+04
 0.11129424640049E+04
 0.11129424640327E+04
 0.11129424640617E+04
 0.11129424640826E+04
 0.11129424641207E+04
 0.11129424641503E+04
 0.11129424641879E+04
 0.11129424642243E+04
 0.11129424642430E+04
 0.11129424642962E+04
 0.11129424643186E+04
 0.11129424643445E+04
 0.11129424643625E+04
 0.11129424644246E+04
 0.11129424644906E+04
 0.11129424645733E+04
 0.11129424646477E+04
 0.11129424647188E+04
 0.11129424647581E+04
 0.11129424647214E+04
 0.11129424646612E+04
 0.11129424646089E+04
 0.11129424646162E+04
 0.11129424643922E+04
 0.11129424644588E+04
 0.11129424644506E+04
 0.11129424643899E+04
 0.11129424642326E+04
 0.11129424639288E+04
 0.11129424643872E+04
 0.11129424640005E+04
 0.11129424640318E+04
 0.11129424639704E+04
 0.11129424639005E+04
 0.11129424638488E+04
 0.11129424637841E+04
 0.11129424639066E+04
 0.11129424639550E+04
 0.11129424639914E+04
 0.11129424640510E+04
 0.11129424635336E+04
 0.11129424635407E+04
 0.11129424635937E+04
 0.11129424636338E+04
 0.11129424638822E+04
 0.11129424639772E+04
 0.11129424640364E+04
 0.11129424641196E+04
 0.11129424641929E+04
 0.11129424642769E+04
 0.11129424643611E+04
 0.11129424644477E+04
 0.11129424645289E+04
 0.11129424646074E+04
 0.11129424647053E+04
 0.11129424647964E+04
 0.11129424649178E+04
 0.11129424650620E+04
 0.11129424651934E+04
 0.11129424653414E+04
 0.11129424654822E+04
 0.11129424656519E+04
 0.11129424666545E+04
 0.11129424662124E+04
 0.11129424658360E+04
 0.11129424655180E+04
 0.11129424652579E+04
 0.11129424650122E+04
 0.11129424648197E+04
 0.11129424646221E+04
 0.11129424644658E+04
 0.11129424643302E+04
 0.11129424642159E+04
 0.11129424640986E+04
 0.11129424640076E+04
 0.11129424639530E+04
 0.11129424639040E+04
 0.11129424638808E+04
 0.11129424638668E+04
 0.11129424638631E+04
 0.11129424638698E+04
 0.11129424638754E+04
 0.11129424639752E+04
 0.11129424643464E+04
 0.11129424626944E+04
 0.11129424626206E+04
 0.11129424625304E+04
 0.11129424624982E+04
 0.11129424625076E+04
 0.11129424624873E+04
 0.11129424625291E+04
 0.11129424624962E+04
 0.11129424625137E+04
 0.11129424624793E+04
 0.11129424627101E+04
 0.11129424626628E+04
 0.11129470715536E+04
 0.11129470715950E+04
 0.11129470716365E+04
 0.11129470716823E+04
 0.11129470717252E+04
 0.11129470717505E+04
 0.11129470717931E+04
 0.11129470712086E+04
 0.11129470711787E+04
 0.11129470711603E+04
 0.11129470711720E+04
 0.11129470711927E+04
 0.11129470711932E+04
 0.11129470711868E+04
 0.11129470711262E+04
 0.11129470711159E+04
 0.11129470710732E+04
 0.11129470710951E+04
 0.11129470711321E+04
 0.11129470711469E+04
 0.11129470711731E+04
 0.11129470711744E+04
 0.11129470711627E+04
 0.11129470711626E+04
 0.11129470711128E+04
 0.11129470710829E+04
 0.11129470710848E+04
 0.11129470711333E+04
 0.11129470709154E+04
 0.11129470709728E+04
 0.11129470709918E+04
 0.11129470710058E+04
 0.11129470712190E+04
 0.11129470712402E+04
 0.11129470712462E+04
 0.11129470713265E+04
 0.11129470713950E+04
 0.11129470714831E+04
 0.11129470715770E+04
 0.11129470716675E+04
 0.11129470717614E+04
 0.11129470718109E+04
 0.11129470719748E+04
 0.11129470720304E+04
 0.11129470721975E+04
 0.11129470722461E+04
 0.11129470723838E+04
 0.11129470726375E+04
 0.11129470728087E+04
 0.11129470729207E+04
 0.11129470731077E+04
 0.11129470732374E+04
 0.11129470734495E+04
 0.11129470736227E+04
 0.11129470738184E+04
 0.11129470744590E+04
 0.11129470740158E+04
 0.11129435933674E+04
 0.11129435930959E+04
 0.11129435929687E+04
 0.11129435927659E+04
 0.11129435926674E+04
 0.11129435925531E+04
 0.11129435923906E+04
 0.11129435924584E+04
 0.11129435924135E+04
 0.11129435921948E+04
 0.11129435922564E+04
 0.11129435922716E+04
 0.11129435922409E+04
 0.11129435922535E+04
 0.11129435921821E+04
 0.11129407650378E+04
 0.11129407650428E+04
 0.11129407653134E+04
 0.11129407653010E+04
 0.11129407653423E+04
 0.11129407652856E+04
 0.11129407652447E+04
 0.11129449782519E+04
 0.11129449783184E+04
 0.11129449784160E+04
 0.11129449785459E+04
 0.11129449785723E+04
 0.11129449786484E+04
 0.11129449788198E+04
 0.11129449788828E+04
 0.11129449789655E+04
 0.11129449790154E+04
 0.11129449790788E+04
 0.11129449792302E+04
 0.11129449793770E+04
 0.11129449793810E+04
 0.11129449795227E+04
 0.11129449796540E+04
 0.11129449797265E+04
 0.11129449797634E+04
 0.11129449798824E+04
 0.11129449800486E+04
 0.11129449801028E+04
 0.11129449802065E+04
 0.11129449802831E+04
 0.11129449802793E+04
 0.11129449801289E+04
 0.11129449802547E+04
 0.11129449802146E+04
 0.11129449802013E+04
 0.11129449802096E+04
 0.11129449801585E+04
 0.11129449800159E+04
 0.11129449799945E+04
 0.11129449799282E+04
 0.11129449797708E+04
 0.11129449797093E+04
 0.11129449797726E+04
 0.11129449797838E+04
 0.11129449796990E+04
 0.11129449798050E+04
 0.11129449798172E+04
 0.11129449799341E+04
 0.11129449799103E+04
 0.11129413401302E+04
 0.11129413402696E+04
 0.11129413402792E+04
 0.11129413404380E+04
 0.11129413404987E+04
 0.11129413406006E+04
 0.11129413404991E+04
 0.11129413406440E+04
 0.11129413406526E+04
 0.11129413408550E+04
 0.11129413409139E+04
 0.11129413410855E+04
 0.11129413411721E+04
 0.11129413413087E+04
 0.11129413413970E+04
 0.11129413415435E+04
 0.11129413415878E+04
 0.11129413417794E+04
 0.11129413418076E+04
 0.11129413419529E+04
 0.11129413420572E+04
 0.11129413422279E+04
 0.11129413423265E+04
 0.11129413424652E+04
 0.11129413426127E+04
 0.11129413428278E+04
 0.11129413429055E+04
 0.11129413430975E+04
 0.11129413458160E+04
 0.11129413439488E+04
 0.11129413436911E+04
 0.11129413434353E+04
 0.11129413431775E+04
 0.11129413430168E+04
 0.11129413428926E+04
 0.11129413427503E+04
 0.11129413426018E+04
 0.11129413426237E+04
 0.11129413427590E+04
 0.11129413430482E+04
 0.11129413433377E+04
 0.11129470725391E+04
 0.11129470725039E+04
 0.11129470724475E+04
 0.11129470723979E+04
 0.11129470724159E+04
 0.11129470724511E+04
 0.11129470725377E+04
 0.11129470725773E+04
 0.11129470726548E+04
 0.11129470749237E+04
 0.11129470751532E+04
 0.11129470754024E+04
 0.11129470756746E+04
 0.11129470758130E+04
 0.11129470758686E+04
 0.11129470761091E+04
 0.11129470762813E+04
 0.11129470765516E+04
 0.11129470766387E+04
 0.11129470766651E+04
 0.11129470769458E+04
 0.11129470769961E+04
 0.11129470770596E+04
 0.11129470772134E+04
 0.11129470773696E+04
 0.11129470773445E+04
 0.11129470774428E+04
 0.11129470775804E+04
 0.11129466921613E+04
 0.11129466923680E+04
 0.11129466923290E+04
 0.11129466924701E+04
 0.11129466923361E+04
 0.11129466924357E+04
 0.11129466925253E+04
 0.11129466925224E+04
 0.11129466924551E+04
 0.11129466926302E+04
 0.11129466926955E+04
 0.11129466927252E+04
 0.11129466927024E+04
 0.11129466929886E+04
 0.11129466931254E+04
 0.11129466929321E+04
 0.11129466929493E+04
 0.11129466929450E+04
 0.11129466929067E+04
 0.11129466928140E+04
 0.11129466929327E+04
 0.11129466930398E+04
 0.11129466931887E+04
 0.11129466930780E+04
 0.11129466932623E+04
 0.11129466934108E+04
 0.11129466933849E+04
 0.11129466934798E+04
 0.11129466934883E+04
 0.11129466936413E+04
 0.11129466937293E+04
 0.11129466938788E+04
 0.11129466940525E+04
 0.11129466941133E+04
 0.11129466941297E+04
 0.11129466944790E+04
 0.11129466943787E+04
 0.11129466946346E+04
 0.11129466945991E+04
 0.11129466949267E+04
 0.11129466948326E+04
 0.11129466950218E+04
 0.11129466952619E+04
 0.11129466953276E+04
 0.11129466954329E+04
 0.11129466955105E+04
 0.11129466956637E+04
 0.11129466960523E+04
 0.11129466960221E+04
 0.11129466961538E+04
 0.11129466963872E+04
 0.11129466990451E+04
 0.11129466971388E+04
 0.11129466968587E+04
 0.11129466968273E+04
 0.11129466967685E+04
 0.11129466966615E+04
 0.11129466966757E+04
 0.11129466967199E+04
 0.11129466968391E+04
 0.11129466971914E+04
 0.11129466991842E+04
 0.11129466964355E+04
 0.11129466976261E+04
 0.11129466975187E+04
 0.11129466977298E+04
 0.11129466978003E+04
 0.11129466976887E+04
 0.11129466979172E+04
 0.11129466978222E+04
 0.11129466979592E+04
 0.11129466981700E+04
 0.11129466981037E+04
 0.11129466982351E+04
 0.11129466985036E+04
 0.11129466985470E+04
 0.11129466986476E+04
 0.11129466988092E+04
 0.11129466989571E+04
 0.11129466990803E+04
 0.11129466992618E+04
 0.11129466994853E+04
 0.11129466994811E+04
 0.11129466994890E+04
 0.11129467021138E+04
 0.11129467013476E+04
 0.11129467012990E+04
 0.11129467004560E+04
 0.11129467004840E+04
 0.11129467024101E+04
 0.11129467020452E+04
 0.11129467008465E+04
 0.11129467004870E+04
 0.11129467001713E+04
 0.11129466999354E+04
 0.11129466999983E+04
 0.11129466998609E+04
 0.11129466997100E+04
 0.11129466997501E+04
 0.11129466995081E+04
 0.11129466995905E+04
 0.11129466996612E+04
 0.11129466994067E+04
 0.11129466993674E+04
 0.11129466994199E+04
 0.11129466994841E+04
 0.11129466996780E+04
 0.11129466996318E+04
 0.11129466997200E+04
 0.11129466997122E+04
 0.11129466999474E+04
 0.11129466999987E+04
 0.11129467001649E+04
 0.11129467002240E+04
 0.11129467002739E+04
 0.11129467004054E+04
 0.11129467003704E+04
 0.11129467005645E+04
 0.11129467006524E+04
 0.11129467007883E+04
 0.11129467008115E+04
 0.11129467008908E+04
 0.11129467009738E+04
 0.11129467011723E+04
 0.11129467012417E+04
 0.11129467010918E+04
 0.11129467011862E+04
 0.11129467010399E+04
 0.11129467010515E+04
 0.11129467010671E+04
 0.11129467009501E+04
 0.11129467010555E+04
 0.11129467008931E+04
 0.11129467008405E+04
 0.11129467041150E+04
 0.11129467044993E+04
 0.11129467043377E+04
 0.11129467045965E+04
 0.11129467045411E+04
 0.11129467046405E+04
 0.11129467048091E+04
 0.11129467048616E+04
 0.11129467049040E+04
 0.11129467049062E+04
 0.11129467048804E+04
 0.11129467047709E+04
 0.11129467052496E+04
 0.11129467050980E+04
 0.11129467051972E+04
 0.11129467051704E+04
 0.11129467053137E+04
 0.11129467050256E+04
 0.11129467049370E+04
 0.11129467048501E+04
 0.11129467049128E+04
 0.11129467051270E+04
 0.11129467053708E+04
 0.11129467053238E+04
 0.11129467055427E+04
 0.11129467056642E+04
 0.11129467059528E+04
 0.11129467059110E+04
 0.11129467065145E+04
 0.11129467064035E+04
 0.11129467066164E+04
 0.11129467068210E+04
 0.11129467069355E+04
 0.11129467068250E+04
 0.11129467070567E+04
 0.11129467074346E+04
 0.11129467076426E+04
 0.11129467078271E+04
 0.11129467089812E+04
 0.11129467082982E+04
 0.11129467078656E+04
 0.11129467073497E+04
 0.11129467070303E+04
 0.11129467067465E+04
 0.11129467062972E+04
 0.11129467063179E+04
 0.11129467061337E+04
 0.11129467060188E+04
 0.11129467058647E+04
 0.11129467055886E+04
 0.11129467056995E+04
 0.11129467054967E+04
 0.11129467054398E+04
 0.11129467053287E+04
 0.11129457284473E+04
 0.11129457283634E+04
 0.11129457284890E+04
 0.11129457285008E+04
 0.11129457286434E+04
 0.11129457285682E+04
 0.11129457286330E+04
 0.11129457290356E+04
 0.11129457290794E+04
 0.11129457293298E+04
 0.11129457310856E+04
 0.11129457311808E+04
 0.11129457313791E+04
 0.11129457314531E+04
 0.11129457314585E+04
 0.11129457317602E+04
 0.11129457315716E+04
 0.11129454333469E+04
 0.11129454335593E+04
 0.11129454335137E+04
 0.11129454334976E+04
 0.11129454346501E+04
 0.11129454346270E+04
 0.11129454343374E+04
 0.11129454350434E+04
 0.11129454350715E+04
 0.11129456605855E+04
 0.11129456607080E+04
 0.11129456607648E+04
 0.11129456610104E+04
 0.11129456598132E+04
 0.11129456600284E+04
 0.11129456601889E+04
 0.11129456613249E+04
 0.11129456602841E+04
 0.11129456598213E+04
 0.11129456599832E+04
 0.11129456600147E+04
 0.11129456602196E+04
 0.11129456599919E+04
 0.11129456604182E+04
 0.11129456599345E+04
 0.11129456610362E+04
 0.11129456602291E+04
 0.11129456615245E+04
 0.11129456645771E+04
 0.11129456618768E+04
 0.11129456612564E+04
 0.11129456612778E+04
 0.11129456620383E+04
 0.11129456623427E+04
 0.11129456614627E+04
 0.11129456608360E+04
 0.11129456604773E+04
 0.11129456600272E+04
 0.11129456598671E+04
 0.11129456597841E+04
 0.11129456594023E+04
 0.11129456596087E+04
 0.11129456593724E+04
 0.11129456596794E+04
 0.11129456599061E+04
 0.11129456596273E+04
 0.11129456596278E+04
 0.11129456596792E+04
 0.11129456598108E+04
 0.11129456598850E+04
 0.11129456597417E+04
 0.11129456599343E+04
 0.11129456602146E+04
 0.11129456599702E+04
 0.11129456598909E+04
 0.11129456597964E+04
 0.11129456603837E+04
 0.11129456602766E+04
 0.11129456599664E+04
 0.11129456598220E+04
 0.11129456623834E+04
 0.11129456627466E+04
 0.11129456631806E+04
 0.11129456635196E+04
 0.11129456633735E+04
 0.11129456632042E+04
 0.11129456637251E+04
 0.11129456639848E+04
 0.11129456637520E+04
 0.11129456636890E+04
 0.11129456639085E+04
 0.11129456632357E+04
 0.11129456637077E+04
 0.11129456634851E+04
 0.11129456635335E+04
 0.11129456634631E+04
 0.11129456635875E+04
 0.11129456631480E+04
 0.11129456635463E+04
 0.11129456634492E+04
 0.11129456636838E+04
 0.11129456635550E+04
 0.11129447521728E+04
 0.11129397968074E+04
 0.11129397969067E+04
 0.11129443824335E+04
 0.11129443825171E+04
 0.11129443828294E+04
 0.11129443853027E+04
 0.11129443857561E+04
 0.11129443834562E+04
 0.11129443831700E+04
 0.11129443833894E+04
 0.11129443835230E+04
 0.11129443838231E+04
 0.11129443831590E+04
 0.11129443833264E+04
 0.11129443831609E+04
 0.11129443833811E+04
 0.11129405678627E+04
 0.11129405678848E+04
 0.11129405678087E+04
 0.11129405676455E+04
 0.11129405676082E+04
 0.11129405676650E+04
 0.11129405672846E+04
 0.11129405677528E+04
 0.11129405677143E+04
 0.11129405676312E+04
 0.11129405677158E+04
 0.11129405674253E+04
 0.11129405676141E+04
 0.11129405676168E+04
 0.11129405671857E+04
 0.11129405676362E+04
 0.11129405679045E+04
 0.11129405696578E+04
 0.11129405695785E+04
 0.11129405695826E+04
 0.11129405696861E+04
 0.11129405696431E+04
 0.11129405696905E+04
 0.11129405699162E+04
 0.11129420691411E+04
 0.11129420693570E+04
 0.11129420688271E+04
 0.11129420693633E+04
 0.11129420693919E+04
 0.11129420688868E+04
 0.11129420700019E+04
 0.11129420693257E+04
 0.11129414355297E+04
 0.11129414355208E+04
 0.11129414354592E+04
 0.11129414353981E+04
 0.11129414352033E+04
 0.11129414354244E+04
 0.11129414348190E+04
 0.11129414350581E+04
 0.11129414349580E+04
 0.11129414353715E+04
 0.11129414350088E+04
 0.11129414349655E+04
 0.11129414351724E+04
 0.11129421220465E+04
 0.11129421202245E+04
 0.11129421239403E+04
 0.11129421234161E+04
 0.11129421236763E+04
 0.11129421236320E+04
 0.11129421230859E+04
 0.11129421235462E+04
 0.11129421232104E+04
 0.11129421233071E+04
 0.11129421232117E+04
 0.11129421232935E+04
 0.11129421238454E+04
 0.11129421234169E+04
 0.11129421235162E+04
 0.11129421233928E+04
 0.11129421235004E+04
 0.11129421234197E+04
 0.11129421235531E+04
 0.11129421239231E+04
 0.11129421234007E+04
 0.11129421232070E+04
 0.11129421233442E+04
 0.11129421232497E+04
 0.11129421234079E+04
 0.11129421256707E+04
 0.11129421241055E+04
 0.11129421238342E+04
 0.11129421232162E+04
 0.11129421234361E+04
 0.11129421232088E+04
 0.11129421226704E+04
 0.11129421241697E+04
 0.11129421236221E+04
 0.11129421238936E+04
 0.11129421235138E+04
 0.11129421231282E+04
 0.11129421229071E+04
 0.11129421232009E+04
 0.11129421230296E+04
 0.11129421226851E+04
 0.11129421223441E+04
 0.11129421218813E+04
 0.11129421223668E+04
 0.11129421221093E+04
 0.11129421222686E+04
 0.11129421216401E+04
 0.11129421209913E+04
 0.11129421214890E+04
 0.11129421216067E+04
 0.11129421206203E+04
 0.11129421210168E+04
 0.11129421205648E+04
 0.11129421204568E+04
 0.11129421200376E+04
 0.11129421200818E+04
 0.11129421198524E+04
 0.11129421198678E+04
 0.11129421195785E+04
 0.11129421191667E+04
 0.11129421193454E+04
 0.11129421181777E+04
 0.11129421175262E+04
 0.11129421173506E+04
 0.11129421170811E+04
 0.11129486960771E+04
 0.11129486956771E+04
 0.11129486959148E+04
 0.11129486964118E+04
 0.11129486967714E+04
 0.11129462709199E+04
 0.11129462735751E+04
 0.11129462729528E+04
 0.11129462731342E+04
 0.11129462725668E+04
 0.11129462724466E+04
 0.11129462726640E+04
 0.11129462721741E+04
 0.11129462727320E+04
 0.11129462731249E+04
 0.11129462730187E+04
 0.11129462727522E+04
 0.11129462732578E+04
 0.11129462727938E+04
 0.11129462735477E+04
 0.11129462732395E+04
 0.11129462735172E+04
 0.11129462733383E+04
 0.11129462731664E+04
 0.11129462733432E+04
 0.11129462737614E+04
 0.11129462741833E+04
 0.11129462739005E+04
 0.11129447555509E+04
 0.11129447547608E+04
 0.11129447549221E+04
 0.11129447545734E+04
 0.11129447546548E+04
 0.11129447546894E+04
 0.11129447549672E+04
 0.11129447547002E+04
 0.11129447567502E+04
 0.11129447569998E+04
 0.11129447573706E+04
 0.11129447574462E+04
 0.11129447580058E+04
 0.11129447574045E+04
 0.11129447582318E+04
 0.11129447573298E+04
 0.11129447571651E+04
 0.11129447579396E+04
 0.11129459019335E+04
 0.11129459016928E+04
 0.11129459017415E+04
 0.11129459022605E+04
 0.11129459022477E+04
 0.11129459018839E+04
 0.11129459047222E+04
 0.11129459042522E+04
 0.11129459053641E+04
 0.11129459023897E+04
 0.11129459016814E+04
 0.11129459015362E+04
 0.11129458995554E+04
 0.11129458992559E+04
 0.11129458993305E+04
 0.11129458999882E+04
 0.11129458996976E+04
 0.11129459001720E+04
 0.11129458998669E+04
 0.11129458988509E+04
 0.11129458986762E+04
 0.11129458963231E+04
 0.11129458968733E+04
 0.11129458953397E+04
 0.11129458960965E+04
 0.11129458999522E+04
 0.11129458990972E+04
 0.11129458988135E+04
 0.11129458961075E+04
 0.11129458966825E+04
 0.11129458957043E+04
 0.11129458956835E+04
 0.11129458947767E+04
 0.11129458955065E+04
 0.11129458953447E+04
 0.11129458962559E+04
 0.11129458963628E+04
 0.11129458961085E+04
 0.11129458957901E+04
 0.11129458960350E+04
 0.11129458958061E+04
 0.11129458954040E+04
 0.11129458962559E+04
 0.11129458995763E+04
 0.11129458997292E+04
 0.11129458994098E+04
 0.11129458999728E+04
 0.11129458996433E+04
 0.11129459000456E+04
 0.11129459001877E+04
 0.11129458985218E+04
 0.11129458992571E+04
 0.11129458997103E+04
 0.11129458995942E+04
 0.11129458997125E+04
 0.11129459003104E+04
 0.11129459001846E+04
 0.11129458995140E+04
 0.11129458998450E+04
 0.11129459002808E+04
 0.11129459013669E+04
 0.11129459011970E+04
 0.11129459004506E+04
 0.11129459002483E+04
 0.11129459004670E+04
 0.11129459000687E+04
 0.11129459004488E+04
 0.11129459000602E+04
 0.11129458987752E+04
 0.11129458992046E+04
 0.11129459012027E+04
 0.11129459008095E+04
 0.11129458992193E+04
 0.11129459004031E+04
 0.11129458986905E+04
 0.11129458997047E+04
 0.11129458983985E+04
 0.11129458991518E+04
 0.11129458987121E+04
 0.11129458998283E+04
 0.11129458989982E+04
 0.11129458981134E+04
 0.11129458992802E+04
 0.11129458987155E+04
 0.11129458983299E+04
 0.11129458982080E+04
 0.11129458978146E+04
 0.11129458968538E+04
 0.11129458971151E+04
 0.11129458989342E+04
 0.11129458993159E+04
 0.11129458985055E+04
 0.11129458986865E+04
 0.11129458977104E+04
 0.11129458973603E+04
 0.11129421057534E+04
 0.11129421025612E+04
 0.11129421013388E+04
 0.11129421021119E+04
 0.11129421005922E+04
 0.11129421016918E+04
 0.11129421028196E+04
 0.11129421029280E+04
 0.11129421028480E+04
 0.11129421033293E+04
 0.11129421018313E+04
 0.11129421043776E+04
 0.11129421038399E+04
 0.11129421016484E+04
 0.11129421051242E+04
 0.11129421045709E+04
 0.11129421066350E+04
 0.11129421057600E+04
 0.11129421055971E+04
 0.11129421065090E+04
 0.11129421050323E+04
 0.11129421052539E+04
 0.11129421061381E+04
 0.11129421046003E+04
 0.11129421050882E+04
 0.11129421062111E+04
 0.11129421054070E+04
 0.11129421074430E+04
 0.11129421063942E+04
 0.11129421068821E+04
 0.11129421073671E+04
 0.11129421072230E+04
 0.11129421049394E+04
 0.11129421062049E+04
 0.11129421061816E+04
 0.11129421061825E+04
 0.11129421053440E+04
 0.11129421052410E+04
 0.11129421076172E+04
 0.11129421076079E+04
 0.11129461818267E+04
 0.11129406719811E+04
 0.11129406712481E+04
 0.11129406725569E+04
 0.11129406720370E+04
 0.11129406726227E+04
 0.11129437404573E+04
 0.11129437414601E+04
 0.11129437415677E+04
 0.11129437433532E+04
 0.11129437417227E+04
 0.11129437410815E+04
 0.11129437409401E+04
 0.11129437406805E+04
 0.11129437405354E+04
 0.11129437415198E+04
 0.11129437421471E+04
 0.11129437396791E+04
 0.11129437393688E+04
 0.11129469076267E+04
 0.11129469073748E+04
 0.11129469059947E+04
 0.11129469066073E+04
 0.11129371523644E+04
 0.11129454839375E+04
 0.11129426818709E+04
 0.11129426826297E+04
 0.11129426804444E+04
 0.11129440150723E+04
 0.11129425504976E+04
 0.11129411857988E+04
 0.11129411871169E+04
 0.11129411860740E+04
 0.11129411886307E+04
 0.11129411876103E+04
 0.11129411835924E+04
 0.11129411807536E+04
 0.11129411831064E+04
 0.11129411817807E+04
 0.11129411817149E+04
 0.11129411835772E+04
 0.11129411816124E+04
 0.11129411814857E+04
 0.11129411809792E+04
 0.11129411817172E+04
 0.11129411843878E+04
 0.11129411826272E+04
 0.11129411840637E+04
 0.11129411840734E+04
 0.11129411827568E+04
 0.11129411842055E+04
 0.11129411840747E+04
 0.11129411833088E+04
 0.11129411832802E+04
 0.11129411833442E+04
 0.11129411837234E+04
 0.11129411839903E+04
 0.11129411856039E+04
 0.11129411841826E+04
 0.11129411844356E+04
 0.11129411875519E+04
 0.11129411852286E+04
 0.11129411832397E+04
 0.11129411835731E+04
 0.11129411851301E+04
 0.11129411849476E+04
 0.11129411855705E+04
 0.11129411839871E+04
 0.11129411837580E+04
 0.11129411861371E+04
 0.11129411846810E+04
 0.11129411845208E+04
 0.11129411837737E+04
 0.11129411855395E+04
 0.11129411854954E+04
 0.11129411857916E+04
 0.11129411833126E+04
 0.11129411851017E+04
 0.11129411856623E+04
 0.11129411851966E+04
 0.11129411828768E+04
 0.11129411831141E+04
 0.11129411847496E+04
 0.11129411853109E+04
 0.11129411845130E+04
 0.11129411837496E+04
 0.11129411864920E+04
 0.11129411870207E+04
 0.11129411844043E+04
 0.11129411842529E+04
 0.11129411848200E+04
 0.11129411845404E+04
 0.11129411843606E+04
 0.11129411844251E+04
 0.11129411852385E+04
 0.11129411869216E+04
 0.11129411870695E+04
 0.11129411858863E+04
 0.11129411875224E+04
 0.11129411867519E+04
 0.11129411857833E+04
 0.11129411872031E+04
 0.11129411885618E+04
 0.11129411866771E+04
 0.11129411872450E+04
 0.11129411835935E+04
 0.11129411855000E+04
 0.11129411811990E+04
 0.11129411825239E+04
 0.11129411842845E+04
 0.11129411818586E+04
 0.11129411837384E+04
 0.11129411810283E+04
 0.11129411826146E+04
 0.11129411816369E+04
 0.11129411830663E+04
 0.11129411850170E+04
 0.11129411823337E+04
 0.11129411832604E+04
 0.11129411819511E+04
 0.11129411816761E+04
 0.11129411837242E+04
 0.11129411847908E+04
 0.11129411844149E+04
 0.11129411855304E+04
 0.11129411847364E+04
 0.11129411847607E+04
 0.11129411847038E+04
 0.11129411841817E+04
 0.11129411831677E+04
 0.11129411844985E+04
 0.11129411861956E+04
 0.11129411848541E+04
 0.11129411837695E+04
 0.11129411855662E+04
 0.11129411842938E+04
 0.11129411835230E+04
 0.11129411823343E+04
 0.11129411846336E+04
 0.11129411846632E+04
 0.11129411866883E+04
 0.11129411865086E+04
 0.11129411857422E+04
 0.11129411864357E+04
 0.11129411852924E+04
 0.11129411841449E+04
 0.11129411860444E+04
 0.11129411847004E+04
 0.11129411819482E+04
 0.11129411841996E+04
 0.11129411841535E+04
 0.11129411856942E+04
 0.11129411861343E+04
 0.11129411808592E+04
 0.11129411841858E+04
 0.11129411829405E+04
 0.11129411839456E+04
 0.11129443303065E+04
 0.11129443306176E+04
 0.11129443355910E+04
 0.11129443305046E+04
 0.11129443306612E+04
 0.11129443290279E+04
 0.11129443350343E+04
 0.11129443359912E+04
 0.11129439091498E+04
 0.11129439136053E+04
 0.11129439108897E+04
 0.11129439120295E+04
 0.11129439109335E+04
 0.11129439111921E+04
 0.11129439117238E+04
 0.11129439176824E+04
 0.11129439130871E+04
 0.11129439121124E+04
 0.11129439167570E+04
 0.11129439108259E+04
 0.11129439110243E+04
 0.11129439154299E+04
 0.11129439094114E+04
 0.11129439157256E+04
 0.11129439113166E+04
 0.11129439147790E+04
 0.11129439113277E+04
 0.11129439104694E+04
 0.11129439129885E+04
 0.11129439103273E+04
 0.11129439129160E+04
 0.11129439114520E+04
 0.11129439166760E+04
 0.11129439103886E+04
 0.11129438972501E+04
 0.11129438954449E+04
 0.11129438953472E+04
 0.11129438998643E+04
 0.11129438989464E+04
 0.11129438994879E+04
 0.11129452259521E+04
 0.11129452248903E+04
 0.11129452268668E+04
 0.11129452252524E+04
 0.11129452211721E+04
 0.11129452216778E+04
 0.11129452210526E+04
 0.11129452262858E+04
 0.11129452237458E+04
 0.11129452246512E+04
 0.11129452271866E+04
 0.11129433149308E+04
 0.11129433108560E+04
 0.11129433124888E+04
 0.11129433113419E+04
 0.11129433130736E+04
 0.11129433118151E+04
 0.11129433094036E+04
 0.11129433120238E+04
 0.11129431453337E+04
 0.11129431459845E+04
 0.11129431471800E+04
 0.11129431455186E+04
 0.11129431428857E+04
 0.11129431445268E+04
 0.11129431424055E+04
 0.11129431448044E+04
 0.11129431473529E+04
 0.11129431407982E+04
 0.11129431423414E+04
 0.11129431431736E+04
 0.11129431443019E+04
 0.11129431467656E+04
 0.11129431467059E+04
 0.11129431450888E+04
 0.11129431460751E+04
 0.11129431466845E+04
 0.11129431444372E+04
 0.11129431408500E+04
 0.11129436094437E+04
 0.11129436133896E+04
 0.11129436107222E+04
 0.11129377394522E+04
 0.11129371421327E+04
 0.11129370959650E+04
 0.11129386894584E+04
 0.11129371195461E+04
 0.11129383569995E+04
 0.11129380902510E+04
 0.11129393984489E+04
 0.11129397398116E+04
 0.11129380540520E+04
 0.11129372003120E+04
 0.11129374943508E+04
 0.11129388647289E+04
 0.11129371538447E+04
 0.11129381709323E+04
 0.11129368025320E+04
 0.11129375907523E+04
 0.11129391757346E+04
 0.11129372233945E+04
 0.11129380111307E+04
 0.11129373463389E+04
 0.11129380472470E+04
 0.11129375001996E+04
 0.11129371817178E+04
 0.11129382509002E+04
 0.11129375184956E+04
 0.11129375547315E+04
 0.11129373256677E+04
 0.11129373335036E+04
 0.11129381664623E+04
 0.11129373266422E+04
 0.11129366424807E+04
 0.11129373297945E+04
 0.11129374395727E+04
 0.11129372223468E+04
 0.11129371781930E+04
 0.11129373369540E+04
 0.11129374141913E+04
 0.11129376862935E+04
 0.11129374277287E+04
 0.11129375792257E+04
 0.11129375272409E+04
 0.11129371328611E+04
 0.11129375586359E+04
 0.11129374587988E+04
 0.11129375459559E+04
 0.11129375328330E+04
 0.11129372684524E+04
 0.11129376594763E+04
 0.11129373518585E+04
 0.11129373700570E+04
 0.11129373087115E+04
 0.11129373823783E+04
 0.11129374947822E+04
 0.11129375013882E+04
 0.11129372812308E+04
 0.11129373771191E+04
 0.11129372910352E+04
 0.11129390122072E+04
 0.11129401798384E+04
 0.11129413777340E+04
 0.11129413877071E+04
 0.11129413860491E+04
 0.11129413856713E+04
 0.11129413851098E+04
 0.11129413849320E+04
 0.11129413850767E+04
 0.11129413852349E+04
 0.11129413852488E+04
 0.11129413851716E+04
 0.11129413851888E+04
 0.11129413849830E+04
 0.11129413847954E+04
 0.11129437008780E+04
 0.11129437007814E+04
 0.11129437005681E+04
 0.11129437003875E+04
 0.11129437000401E+04
 0.11129436990846E+04
 0.11129436987054E+04
 0.11129436977579E+04
 0.11129436967633E+04
 0.11129436952840E+04
 0.11129436936366E+04
 0.11129423617783E+04
 0.11129376124290E+04
 0.11129376111609E+04
 0.11129376076413E+04
 0.11129376061475E+04
 0.11129443933696E+04
 0.11129443920222E+04
 0.11129443910913E+04
 0.11129443915327E+04
 0.11129443906437E+04
 0.11129443889890E+04
 0.11129443887371E+04
 0.11129443880836E+04
 0.11129443879998E+04
 0.11129443877503E+04
 0.11129428784311E+04
 0.11129428784636E+04
 0.11129428785247E+04
 0.11129428780260E+04
 0.11129428783509E+04
 0.11129415252846E+04
 0.11129415258963E+04
 0.11129456668816E+04
 0.11129456675564E+04
 0.11129456682914E+04
 0.11129456683082E+04
 0.11129456690619E+04
 0.11129456693010E+04
 0.11129447459961E+04
 0.11129447462560E+04
 0.11129447465316E+04
 0.11129447469772E+04
 0.11129419413489E+04
 0.11129419423740E+04
 0.11129421556460E+04
 0.11129421559925E+04
 0.11129421571963E+04
 0.11129421569529E+04
 0.11129421578428E+04
 0.11129421581333E+04
 0.11129421610571E+04
 0.11129421625222E+04
 0.11129389297297E+04
 0.11129389299863E+04
 0.11129389307657E+04
 0.11129389317647E+04
 0.11129389306408E+04
 0.11129416229937E+04
 0.11129416224593E+04
 0.11129416241311E+04
 0.11129416255720E+04
 0.11129416247417E+04
 0.11129416261706E+04
 0.11129416245785E+04
 0.11129416278076E+04
 0.11129416303897E+04
 0.11129416317931E+04
 0.11129416310166E+04
 0.11129416296953E+04
 0.11129416306034E+04
 0.11129416318287E+04
 0.11129356434813E+04
 0.11129356460287E+04
 0.11129356458249E+04
 0.11129356434812E+04
 0.11129356443947E+04
 0.11129356467838E+04
