 0.10000000000000E+01
 0.20000000000000E+01
 0.30000000000000E+01
 0.40000000000000E+01
 0.50000000000000E+01
 0.60000000000000E+01
 0.70000000000000E+01
 0.80000000000000E+01
 0.90000000000000E+01
 0.10000000000000E+02
 0.11000000000000E+02
 0.12000000000000E+02
 0.13000000000000E+02
 0.14000000000000E+02
 0.15000000000000E+02
 0.16000000000000E+02
 0.17000000000000E+02
 0.18000000000000E+02
 0.19000000000000E+02
 0.20000000000000E+02
 0.21000000000000E+02
 0.22000000000000E+02
 0.23000000000000E+02
 0.24000000000000E+02
 0.25000000000000E+02
 0.26000000000000E+02
 0.27000000000000E+02
 0.28000000000000E+02
 0.29000000000000E+02
 0.30000000000000E+02
 0.31000000000000E+02
 0.32000000000000E+02
 0.33000000000000E+02
 0.34000000000000E+02
 0.35000000000000E+02
 0.36000000000000E+02
 0.37000000000000E+02
 0.38000000000000E+02
 0.39000000000000E+02
 0.40000000000000E+02
 0.41000000000000E+02
 0.42000000000000E+02
 0.43000000000000E+02
 0.44000000000000E+02
 0.45000000000000E+02
 0.46000000000000E+02
 0.47000000000000E+02
 0.48000000000000E+02
 0.49000000000000E+02
 0.50000000000000E+02
 0.51000000000000E+02
 0.52000000000000E+02
 0.53000000000000E+02
 0.54000000000000E+02
 0.55000000000000E+02
 0.56000000000000E+02
 0.57000000000000E+02
 0.58000000000000E+02
 0.59000000000000E+02
 0.60000000000000E+02
 0.61000000000000E+02
 0.62000000000000E+02
 0.63000000000000E+02
 0.64000000000000E+02
 0.65000000000000E+02
 0.66000000000000E+02
 0.67000000000000E+02
 0.68000000000000E+02
 0.69000000000000E+02
 0.70000000000000E+02
 0.71000000000000E+02
 0.72000000000000E+02
 0.73000000000000E+02
 0.74000000000000E+02
 0.75000000000000E+02
 0.76000000000000E+02
 0.77000000000000E+02
 0.78000000000000E+02
 0.79000000000000E+02
 0.80000000000000E+02
 0.81000000000000E+02
 0.82000000000000E+02
 0.83000000000000E+02
 0.84000000000000E+02
 0.85000000000000E+02
 0.86000000000000E+02
 0.87000000000000E+02
 0.88000000000000E+02
 0.89000000000000E+02
 0.90000000000000E+02
 0.91000000000000E+02
 0.92000000000000E+02
 0.93000000000000E+02
 0.94000000000000E+02
 0.95000000000000E+02
 0.96000000000000E+02
 0.97000000000000E+02
 0.98000000000000E+02
 0.99000000000000E+02
 0.10000000000000E+03
 0.10100000000000E+03
 0.10200000000000E+03
 0.10300000000000E+03
 0.10400000000000E+03
 0.10500000000000E+03
 0.10600000000000E+03
 0.10700000000000E+03
 0.10800000000000E+03
 0.10900000000000E+03
 0.11000000000000E+03
 0.11100000000000E+03
 0.11200000000000E+03
 0.11300000000000E+03
 0.11400000000000E+03
 0.11500000000000E+03
 0.11600000000000E+03
 0.11700000000000E+03
 0.11800000000000E+03
 0.11900000000000E+03
 0.12000000000000E+03
 0.12100000000000E+03
 0.12200000000000E+03
 0.12300000000000E+03
 0.12400000000000E+03
 0.12500000000000E+03
 0.12600000000000E+03
 0.12700000000000E+03
 0.12800000000000E+03
 0.12900000000000E+03
 0.13000000000000E+03
 0.13100000000000E+03
 0.13200000000000E+03
 0.13300000000000E+03
 0.13400000000000E+03
 0.13500000000000E+03
 0.13600000000000E+03
 0.13700000000000E+03
 0.13800000000000E+03
 0.13900000000000E+03
 0.14000000000000E+03
 0.14100000000000E+03
 0.14200000000000E+03
 0.14300000000000E+03
 0.14400000000000E+03
 0.14500000000000E+03
 0.14600000000000E+03
 0.14700000000000E+03
 0.14800000000000E+03
 0.14900000000000E+03
 0.15000000000000E+03
 0.15100000000000E+03
 0.15200000000000E+03
 0.15300000000000E+03
 0.15400000000000E+03
 0.15500000000000E+03
 0.15600000000000E+03
 0.15700000000000E+03
 0.15800000000000E+03
 0.15900000000000E+03
 0.16000000000000E+03
 0.16100000000000E+03
 0.16200000000000E+03
 0.16300000000000E+03
 0.16400000000000E+03
 0.16500000000000E+03
 0.16600000000000E+03
 0.16700000000000E+03
 0.16800000000000E+03
 0.16900000000000E+03
 0.17000000000000E+03
 0.17100000000000E+03
 0.17200000000000E+03
 0.17300000000000E+03
 0.17400000000000E+03
 0.17500000000000E+03
 0.17600000000000E+03
 0.17700000000000E+03
 0.17800000000000E+03
 0.17900000000000E+03
 0.18000000000000E+03
 0.18100000000000E+03
 0.18200000000000E+03
 0.18300000000000E+03
 0.18400000000000E+03
 0.18500000000000E+03
 0.18600000000000E+03
 0.18700000000000E+03
 0.18800000000000E+03
 0.18900000000000E+03
 0.19000000000000E+03
 0.19100000000000E+03
 0.19200000000000E+03
 0.19300000000000E+03
 0.19400000000000E+03
 0.19500000000000E+03
 0.19600000000000E+03
 0.19700000000000E+03
 0.19800000000000E+03
 0.19900000000000E+03
 0.20000000000000E+03
 0.20100000000000E+03
 0.20200000000000E+03
 0.20300000000000E+03
 0.20400000000000E+03
 0.20500000000000E+03
 0.20600000000000E+03
 0.20700000000000E+03
 0.20800000000000E+03
 0.20900000000000E+03
 0.21000000000000E+03
 0.21100000000000E+03
 0.21200000000000E+03
 0.21300000000000E+03
 0.21400000000000E+03
 0.21500000000000E+03
 0.21600000000000E+03
 0.21700000000000E+03
 0.21800000000000E+03
 0.21900000000000E+03
 0.22000000000000E+03
 0.22100000000000E+03
 0.22200000000000E+03
 0.22300000000000E+03
 0.22400000000000E+03
 0.22500000000000E+03
 0.22600000000000E+03
 0.22700000000000E+03
 0.22800000000000E+03
 0.22900000000000E+03
 0.23000000000000E+03
 0.23100000000000E+03
 0.23200000000000E+03
 0.23300000000000E+03
 0.23400000000000E+03
 0.23500000000000E+03
 0.23600000000000E+03
 0.23700000000000E+03
 0.23800000000000E+03
 0.23900000000000E+03
 0.24000000000000E+03
 0.24100000000000E+03
 0.24200000000000E+03
 0.24300000000000E+03
 0.24400000000000E+03
 0.24500000000000E+03
 0.24600000000000E+03
 0.24700000000000E+03
 0.24800000000000E+03
 0.24900000000000E+03
 0.25000000000000E+03
 0.25100000000000E+03
 0.25200000000000E+03
 0.25300000000000E+03
 0.25400000000000E+03
 0.25500000000000E+03
 0.25600000000000E+03
 0.25700000000000E+03
 0.25800000000000E+03
 0.25900000000000E+03
 0.26000000000000E+03
 0.26100000000000E+03
 0.26200000000000E+03
 0.26300000000000E+03
 0.26400000000000E+03
 0.26500000000000E+03
 0.26600000000000E+03
 0.26700000000000E+03
 0.26800000000000E+03
 0.26900000000000E+03
 0.27000000000000E+03
 0.27100000000000E+03
 0.27200000000000E+03
 0.27300000000000E+03
 0.27400000000000E+03
 0.27500000000000E+03
 0.27600000000000E+03
 0.27700000000000E+03
 0.27800000000000E+03
 0.27900000000000E+03
 0.28000000000000E+03
 0.28100000000000E+03
 0.28200000000000E+03
 0.28300000000000E+03
 0.28400000000000E+03
 0.28500000000000E+03
 0.28600000000000E+03
 0.28700000000000E+03
 0.28800000000000E+03
 0.28900000000000E+03
 0.29000000000000E+03
 0.29100000000000E+03
 0.29200000000000E+03
 0.29300000000000E+03
 0.29400000000000E+03
 0.29500000000000E+03
 0.29600000000000E+03
 0.29700000000000E+03
 0.29800000000000E+03
 0.29900000000000E+03
 0.30000000000000E+03
 0.30100000000000E+03
 0.30200000000000E+03
 0.30300000000000E+03
 0.30400000000000E+03
 0.30500000000000E+03
 0.30600000000000E+03
 0.30700000000000E+03
 0.30800000000000E+03
 0.30900000000000E+03
 0.31000000000000E+03
 0.31100000000000E+03
 0.31200000000000E+03
 0.31300000000000E+03
 0.31400000000000E+03
 0.31500000000000E+03
 0.31600000000000E+03
 0.31700000000000E+03
 0.31800000000000E+03
 0.31900000000000E+03
 0.32000000000000E+03
 0.32100000000000E+03
 0.32200000000000E+03
 0.32300000000000E+03
 0.32400000000000E+03
 0.32500000000000E+03
 0.32600000000000E+03
 0.32700000000000E+03
 0.32800000000000E+03
 0.32900000000000E+03
 0.33000000000000E+03
 0.33100000000000E+03
 0.33200000000000E+03
 0.33300000000000E+03
 0.33400000000000E+03
 0.33500000000000E+03
 0.33600000000000E+03
 0.33700000000000E+03
 0.33800000000000E+03
 0.33900000000000E+03
 0.34000000000000E+03
 0.34100000000000E+03
 0.34200000000000E+03
 0.34300000000000E+03
 0.34400000000000E+03
 0.34500000000000E+03
 0.34600000000000E+03
 0.34700000000000E+03
 0.34800000000000E+03
 0.34900000000000E+03
 0.35000000000000E+03
 0.35100000000000E+03
 0.35200000000000E+03
 0.35300000000000E+03
 0.35400000000000E+03
 0.35500000000000E+03
 0.35600000000000E+03
 0.35700000000000E+03
 0.35800000000000E+03
 0.35900000000000E+03
 0.36000000000000E+03
 0.36100000000000E+03
 0.36200000000000E+03
 0.36300000000000E+03
 0.36400000000000E+03
 0.36500000000000E+03
 0.36600000000000E+03
 0.36700000000000E+03
 0.36800000000000E+03
 0.36900000000000E+03
 0.37000000000000E+03
 0.37100000000000E+03
 0.37200000000000E+03
 0.37300000000000E+03
 0.37400000000000E+03
 0.37500000000000E+03
 0.37600000000000E+03
 0.37700000000000E+03
 0.37800000000000E+03
 0.37900000000000E+03
 0.38000000000000E+03
 0.38100000000000E+03
 0.38200000000000E+03
 0.38300000000000E+03
 0.38400000000000E+03
 0.38500000000000E+03
 0.38600000000000E+03
 0.38700000000000E+03
 0.38800000000000E+03
 0.38900000000000E+03
 0.39000000000000E+03
 0.39100000000000E+03
 0.39200000000000E+03
 0.39300000000000E+03
 0.39400000000000E+03
 0.39500000000000E+03
 0.39600000000000E+03
 0.39700000000000E+03
 0.39800000000000E+03
 0.39900000000000E+03
 0.40000000000000E+03
 0.40100000000000E+03
 0.40200000000000E+03
 0.40300000000000E+03
 0.40400000000000E+03
 0.40500000000000E+03
 0.40600000000000E+03
 0.40700000000000E+03
 0.40800000000000E+03
 0.40900000000000E+03
 0.41000000000000E+03
 0.41100000000000E+03
 0.41200000000000E+03
 0.41300000000000E+03
 0.41400000000000E+03
 0.41500000000000E+03
 0.41600000000000E+03
 0.41700000000000E+03
 0.41800000000000E+03
 0.41900000000000E+03
 0.42000000000000E+03
 0.42100000000000E+03
 0.42200000000000E+03
 0.42300000000000E+03
 0.42400000000000E+03
 0.42500000000000E+03
 0.42600000000000E+03
 0.42700000000000E+03
 0.42800000000000E+03
 0.42900000000000E+03
 0.43000000000000E+03
 0.43100000000000E+03
 0.43200000000000E+03
 0.43300000000000E+03
 0.43400000000000E+03
 0.43500000000000E+03
 0.43600000000000E+03
 0.43700000000000E+03
 0.43800000000000E+03
 0.43900000000000E+03
 0.44000000000000E+03
 0.44100000000000E+03
 0.44200000000000E+03
 0.44300000000000E+03
 0.44400000000000E+03
 0.44500000000000E+03
 0.44600000000000E+03
 0.44700000000000E+03
 0.44800000000000E+03
 0.44900000000000E+03
 0.45000000000000E+03
 0.45100000000000E+03
 0.45200000000000E+03
 0.45300000000000E+03
 0.45400000000000E+03
 0.45500000000000E+03
 0.45600000000000E+03
 0.45700000000000E+03
 0.45800000000000E+03
 0.45900000000000E+03
 0.46000000000000E+03
 0.46100000000000E+03
 0.46200000000000E+03
 0.46300000000000E+03
 0.46400000000000E+03
 0.46500000000000E+03
 0.46600000000000E+03
 0.46700000000000E+03
 0.46800000000000E+03
 0.46900000000000E+03
 0.47000000000000E+03
 0.47100000000000E+03
 0.47200000000000E+03
 0.47300000000000E+03
 0.47400000000000E+03
 0.47500000000000E+03
 0.47600000000000E+03
 0.47700000000000E+03
 0.47800000000000E+03
 0.47900000000000E+03
 0.48000000000000E+03
 0.48100000000000E+03
 0.48200000000000E+03
 0.48300000000000E+03
 0.48400000000000E+03
 0.48500000000000E+03
 0.48600000000000E+03
 0.48700000000000E+03
 0.48800000000000E+03
 0.48900000000000E+03
 0.49000000000000E+03
 0.49100000000000E+03
 0.49200000000000E+03
 0.49300000000000E+03
 0.49400000000000E+03
 0.49500000000000E+03
 0.49600000000000E+03
 0.49700000000000E+03
 0.49800000000000E+03
 0.49900000000000E+03
 0.50000000000000E+03
 0.50100000000000E+03
 0.50200000000000E+03
 0.50300000000000E+03
 0.50400000000000E+03
 0.50500000000000E+03
 0.50600000000000E+03
 0.50700000000000E+03
 0.50800000000000E+03
 0.50900000000000E+03
 0.51000000000000E+03
 0.51100000000000E+03
 0.51200000000000E+03
 0.51300000000000E+03
 0.51400000000000E+03
 0.51500000000000E+03
 0.51600000000000E+03
 0.51700000000000E+03
 0.51800000000000E+03
 0.51900000000000E+03
 0.52000000000000E+03
 0.52100000000000E+03
 0.52200000000000E+03
 0.52300000000000E+03
 0.52400000000000E+03
 0.52500000000000E+03
 0.52600000000000E+03
 0.52700000000000E+03
 0.52800000000000E+03
 0.52900000000000E+03
 0.53000000000000E+03
 0.53100000000000E+03
 0.53200000000000E+03
 0.53300000000000E+03
 0.53400000000000E+03
 0.53500000000000E+03
 0.53600000000000E+03
 0.53700000000000E+03
 0.53800000000000E+03
 0.53900000000000E+03
 0.54000000000000E+03
 0.54100000000000E+03
 0.54200000000000E+03
 0.54300000000000E+03
 0.54400000000000E+03
 0.54500000000000E+03
 0.54600000000000E+03
 0.54700000000000E+03
 0.54800000000000E+03
 0.54900000000000E+03
 0.55000000000000E+03
 0.55100000000000E+03
 0.55200000000000E+03
 0.55300000000000E+03
 0.55400000000000E+03
 0.55500000000000E+03
 0.55600000000000E+03
 0.55700000000000E+03
 0.55800000000000E+03
 0.55900000000000E+03
 0.56000000000000E+03
 0.56100000000000E+03
 0.56200000000000E+03
 0.56300000000000E+03
 0.56400000000000E+03
 0.56500000000000E+03
 0.56600000000000E+03
 0.56700000000000E+03
 0.56800000000000E+03
 0.56900000000000E+03
 0.57000000000000E+03
 0.57100000000000E+03
 0.57200000000000E+03
 0.57300000000000E+03
 0.57400000000000E+03
 0.57500000000000E+03
 0.57600000000000E+03
 0.57700000000000E+03
 0.57800000000000E+03
 0.57900000000000E+03
 0.58000000000000E+03
 0.58100000000000E+03
 0.58200000000000E+03
 0.58300000000000E+03
 0.58400000000000E+03
 0.58500000000000E+03
 0.58600000000000E+03
 0.58700000000000E+03
 0.58800000000000E+03
 0.58900000000000E+03
 0.59000000000000E+03
 0.59100000000000E+03
 0.59200000000000E+03
 0.59300000000000E+03
 0.59400000000000E+03
 0.59500000000000E+03
 0.59600000000000E+03
 0.59700000000000E+03
 0.59800000000000E+03
 0.59900000000000E+03
 0.60000000000000E+03
 0.60100000000000E+03
 0.60200000000000E+03
 0.60300000000000E+03
 0.60400000000000E+03
 0.60500000000000E+03
 0.60600000000000E+03
 0.60700000000000E+03
 0.60800000000000E+03
 0.60900000000000E+03
 0.61000000000000E+03
 0.61100000000000E+03
 0.61200000000000E+03
 0.61300000000000E+03
 0.61400000000000E+03
 0.61500000000000E+03
 0.61600000000000E+03
 0.61700000000000E+03
 0.61800000000000E+03
 0.61900000000000E+03
 0.62000000000000E+03
 0.62100000000000E+03
 0.62200000000000E+03
 0.62300000000000E+03
 0.62400000000000E+03
 0.62500000000000E+03
 0.62600000000000E+03
 0.62700000000000E+03
 0.62800000000000E+03
 0.62900000000000E+03
 0.63000000000000E+03
 0.63100000000000E+03
 0.63200000000000E+03
 0.63300000000000E+03
 0.63400000000000E+03
 0.63500000000000E+03
 0.63600000000000E+03
 0.63700000000000E+03
 0.63800000000000E+03
 0.63900000000000E+03
 0.64000000000000E+03
 0.64100000000000E+03
 0.64200000000000E+03
 0.64300000000000E+03
 0.64400000000000E+03
 0.64500000000000E+03
 0.64600000000000E+03
 0.64700000000000E+03
 0.64800000000000E+03
 0.64900000000000E+03
 0.65000000000000E+03
 0.65100000000000E+03
 0.65200000000000E+03
 0.65300000000000E+03
 0.65400000000000E+03
 0.65500000000000E+03
 0.65600000000000E+03
 0.65700000000000E+03
 0.65800000000000E+03
 0.65900000000000E+03
 0.66000000000000E+03
 0.66100000000000E+03
 0.66200000000000E+03
 0.66300000000000E+03
 0.66400000000000E+03
 0.66500000000000E+03
 0.66600000000000E+03
 0.66700000000000E+03
 0.66800000000000E+03
 0.66900000000000E+03
 0.67000000000000E+03
 0.67100000000000E+03
 0.67200000000000E+03
 0.67300000000000E+03
 0.67400000000000E+03
 0.67500000000000E+03
 0.67600000000000E+03
 0.67700000000000E+03
 0.67800000000000E+03
 0.67900000000000E+03
 0.68000000000000E+03
 0.68100000000000E+03
 0.68200000000000E+03
 0.68300000000000E+03
 0.68400000000000E+03
 0.68500000000000E+03
 0.68600000000000E+03
 0.68700000000000E+03
 0.68800000000000E+03
 0.68900000000000E+03
 0.69000000000000E+03
 0.69100000000000E+03
 0.69200000000000E+03
 0.69300000000000E+03
 0.69400000000000E+03
 0.69500000000000E+03
 0.69600000000000E+03
 0.69700000000000E+03
 0.69800000000000E+03
 0.69900000000000E+03
 0.70000000000000E+03
 0.70100000000000E+03
 0.70200000000000E+03
 0.70300000000000E+03
 0.70400000000000E+03
 0.70500000000000E+03
 0.70600000000000E+03
 0.70700000000000E+03
 0.70800000000000E+03
 0.70900000000000E+03
 0.71000000000000E+03
 0.71100000000000E+03
 0.71200000000000E+03
 0.71300000000000E+03
 0.71400000000000E+03
 0.71500000000000E+03
 0.71600000000000E+03
 0.71700000000000E+03
 0.71800000000000E+03
 0.71900000000000E+03
 0.72000000000000E+03
 0.72100000000000E+03
 0.72200000000000E+03
 0.72300000000000E+03
 0.72400000000000E+03
 0.72500000000000E+03
 0.72600000000000E+03
 0.72700000000000E+03
 0.72800000000000E+03
 0.72900000000000E+03
 0.73000000000000E+03
 0.73100000000000E+03
 0.73200000000000E+03
 0.73300000000000E+03
 0.73400000000000E+03
 0.73500000000000E+03
 0.73600000000000E+03
 0.73700000000000E+03
 0.73800000000000E+03
 0.73900000000000E+03
 0.74000000000000E+03
 0.74100000000000E+03
 0.74200000000000E+03
 0.74300000000000E+03
 0.74400000000000E+03
 0.74500000000000E+03
 0.74600000000000E+03
 0.74700000000000E+03
 0.74800000000000E+03
 0.74900000000000E+03
 0.75000000000000E+03
 0.75100000000000E+03
 0.75200000000000E+03
 0.75300000000000E+03
 0.75400000000000E+03
 0.75500000000000E+03
 0.75600000000000E+03
 0.75700000000000E+03
 0.75800000000000E+03
 0.75900000000000E+03
 0.76000000000000E+03
 0.76100000000000E+03
 0.76200000000000E+03
 0.76300000000000E+03
 0.76400000000000E+03
 0.76500000000000E+03
 0.76600000000000E+03
 0.76700000000000E+03
 0.76800000000000E+03
 0.76900000000000E+03
 0.77000000000000E+03
 0.77100000000000E+03
 0.77200000000000E+03
 0.77300000000000E+03
 0.77400000000000E+03
 0.77500000000000E+03
 0.77600000000000E+03
 0.77700000000000E+03
 0.77800000000000E+03
 0.77900000000000E+03
 0.78000000000000E+03
 0.78100000000000E+03
 0.78200000000000E+03
 0.78300000000000E+03
 0.78400000000000E+03
 0.78500000000000E+03
 0.78600000000000E+03
 0.78700000000000E+03
 0.78800000000000E+03
 0.78900000000000E+03
 0.79000000000000E+03
 0.79100000000000E+03
 0.79200000000000E+03
 0.79300000000000E+03
 0.79400000000000E+03
 0.79500000000000E+03
 0.79600000000000E+03
 0.79700000000000E+03
 0.79800000000000E+03
 0.79900000000000E+03
 0.80000000000000E+03
 0.80100000000000E+03
 0.80200000000000E+03
 0.80300000000000E+03
 0.80400000000000E+03
 0.80500000000000E+03
 0.80600000000000E+03
 0.80700000000000E+03
 0.80800000000000E+03
 0.80900000000000E+03
 0.81000000000000E+03
 0.81100000000000E+03
 0.81200000000000E+03
 0.81300000000000E+03
 0.81400000000000E+03
 0.81500000000000E+03
 0.81600000000000E+03
 0.81700000000000E+03
 0.81800000000000E+03
 0.81900000000000E+03
 0.82000000000000E+03
 0.82100000000000E+03
 0.82200000000000E+03
 0.82300000000000E+03
 0.82400000000000E+03
 0.82500000000000E+03
 0.82600000000000E+03
 0.82700000000000E+03
 0.82800000000000E+03
 0.82900000000000E+03
 0.83000000000000E+03
 0.83100000000000E+03
 0.83200000000000E+03
 0.83300000000000E+03
 0.83400000000000E+03
 0.83500000000000E+03
 0.83600000000000E+03
 0.83700000000000E+03
 0.83800000000000E+03
 0.83900000000000E+03
 0.84000000000000E+03
 0.84100000000000E+03
 0.84200000000000E+03
 0.84300000000000E+03
 0.84400000000000E+03
 0.84500000000000E+03
 0.84600000000000E+03
 0.84700000000000E+03
 0.84800000000000E+03
 0.84900000000000E+03
 0.85000000000000E+03
 0.85100000000000E+03
 0.85200000000000E+03
 0.85300000000000E+03
 0.85400000000000E+03
 0.85500000000000E+03
 0.85600000000000E+03
 0.85700000000000E+03
 0.85800000000000E+03
 0.85900000000000E+03
 0.86000000000000E+03
 0.86100000000000E+03
 0.86200000000000E+03
 0.86300000000000E+03
 0.86400000000000E+03
 0.86500000000000E+03
 0.86600000000000E+03
 0.86700000000000E+03
 0.86800000000000E+03
 0.86900000000000E+03
 0.87000000000000E+03
 0.87100000000000E+03
 0.87200000000000E+03
 0.87300000000000E+03
 0.87400000000000E+03
 0.87500000000000E+03
 0.87600000000000E+03
 0.87700000000000E+03
 0.87800000000000E+03
 0.87900000000000E+03
 0.88000000000000E+03
 0.88100000000000E+03
 0.88200000000000E+03
 0.88300000000000E+03
 0.88400000000000E+03
 0.88500000000000E+03
 0.88600000000000E+03
 0.88700000000000E+03
 0.88800000000000E+03
 0.88900000000000E+03
 0.89000000000000E+03
 0.89100000000000E+03
 0.89200000000000E+03
 0.89300000000000E+03
 0.89400000000000E+03
 0.89500000000000E+03
 0.89600000000000E+03
 0.89700000000000E+03
 0.89800000000000E+03
 0.89900000000000E+03
 0.90000000000000E+03
 0.90100000000000E+03
 0.90200000000000E+03
 0.90300000000000E+03
 0.90400000000000E+03
 0.90500000000000E+03
 0.90600000000000E+03
 0.90700000000000E+03
 0.90800000000000E+03
 0.90900000000000E+03
 0.91000000000000E+03
 0.91100000000000E+03
 0.91200000000000E+03
 0.91300000000000E+03
 0.91400000000000E+03
 0.91500000000000E+03
 0.91600000000000E+03
 0.91700000000000E+03
 0.91800000000000E+03
 0.91900000000000E+03
 0.92000000000000E+03
 0.92100000000000E+03
 0.92200000000000E+03
 0.92300000000000E+03
 0.92400000000000E+03
 0.92500000000000E+03
 0.92600000000000E+03
 0.92700000000000E+03
 0.92800000000000E+03
 0.92900000000000E+03
 0.93000000000000E+03
 0.93100000000000E+03
 0.93200000000000E+03
 0.93300000000000E+03
 0.93400000000000E+03
 0.93500000000000E+03
 0.93600000000000E+03
 0.93700000000000E+03
 0.93800000000000E+03
 0.93900000000000E+03
 0.94000000000000E+03
 0.94100000000000E+03
 0.94200000000000E+03
 0.94300000000000E+03
 0.94400000000000E+03
 0.94500000000000E+03
 0.94600000000000E+03
 0.94700000000000E+03
 0.94800000000000E+03
 0.94900000000000E+03
 0.95000000000000E+03
 0.95100000000000E+03
 0.95200000000000E+03
 0.95300000000000E+03
 0.95400000000000E+03
 0.95500000000000E+03
 0.95600000000000E+03
 0.95700000000000E+03
 0.95800000000000E+03
 0.95900000000000E+03
 0.96000000000000E+03
 0.96100000000000E+03
 0.96200000000000E+03
 0.96300000000000E+03
 0.96400000000000E+03
 0.96500000000000E+03
 0.96600000000000E+03
 0.96700000000000E+03
 0.96800000000000E+03
 0.96900000000000E+03
 0.97000000000000E+03
 0.97100000000000E+03
 0.97200000000000E+03
 0.97300000000000E+03
 0.97400000000000E+03
 0.97500000000000E+03
 0.97600000000000E+03
 0.97700000000000E+03
 0.97800000000000E+03
 0.97900000000000E+03
 0.98000000000000E+03
 0.98100000000000E+03
 0.98200000000000E+03
 0.98300000000000E+03
 0.98400000000000E+03
 0.98500000000000E+03
 0.98600000000000E+03
 0.98700000000000E+03
 0.98800000000000E+03
 0.98900000000000E+03
 0.99000000000000E+03
 0.99100000000000E+03
 0.99200000000000E+03
 0.99300000000000E+03
 0.99400000000000E+03
 0.99500000000000E+03
 0.99600000000000E+03
 0.99700000000000E+03
 0.99800000000000E+03
 0.99900000000000E+03
 0.10000000000000E+04
 0.10010000000000E+04
 0.10020000000000E+04
 0.10030000000000E+04
 0.10040000000000E+04
 0.10050000000000E+04
 0.10060000000000E+04
 0.10070000000000E+04
 0.10080000000000E+04
 0.10090000000000E+04
 0.10100000000000E+04
 0.10110000000000E+04
 0.10120000000000E+04
 0.10130000000000E+04
 0.10140000000000E+04
 0.10150000000000E+04
 0.10160000000000E+04
 0.10170000000000E+04
 0.10180000000000E+04
 0.10190000000000E+04
 0.10200000000000E+04
 0.10210000000000E+04
 0.10220000000000E+04
 0.10230000000000E+04
 0.10240000000000E+04
 0.10250000000000E+04
 0.10260000000000E+04
 0.10270000000000E+04
 0.10280000000000E+04
 0.10290000000000E+04
 0.10300000000000E+04
 0.10310000000000E+04
 0.10320000000000E+04
 0.10330000000000E+04
 0.10340000000000E+04
 0.10350000000000E+04
 0.10360000000000E+04
 0.10370000000000E+04
 0.10380000000000E+04
 0.10390000000000E+04
 0.10400000000000E+04
 0.10410000000000E+04
 0.10420000000000E+04
 0.10430000000000E+04
 0.10440000000000E+04
 0.10450000000000E+04
 0.10460000000000E+04
 0.10470000000000E+04
 0.10480000000000E+04
 0.10490000000000E+04
 0.10500000000000E+04
 0.10510000000000E+04
 0.10520000000000E+04
 0.10530000000000E+04
 0.10540000000000E+04
 0.10550000000000E+04
 0.10560000000000E+04
 0.10570000000000E+04
 0.10580000000000E+04
 0.10590000000000E+04
 0.10600000000000E+04
 0.10610000000000E+04
 0.10620000000000E+04
 0.10630000000000E+04
 0.10640000000000E+04
 0.10650000000000E+04
 0.10660000000000E+04
 0.10670000000000E+04
 0.10680000000000E+04
 0.10690000000000E+04
 0.10700000000000E+04
 0.10710000000000E+04
 0.10720000000000E+04
 0.10730000000000E+04
 0.10740000000000E+04
 0.10750000000000E+04
 0.10760000000000E+04
 0.10770000000000E+04
 0.10780000000000E+04
 0.10790000000000E+04
 0.10800000000000E+04
 0.10810000000000E+04
 0.10820000000000E+04
 0.10830000000000E+04
 0.10840000000000E+04
 0.10850000000000E+04
 0.10860000000000E+04
 0.10870000000000E+04
 0.10880000000000E+04
 0.10890000000000E+04
 0.10900000000000E+04
 0.10910000000000E+04
 0.10920000000000E+04
 0.10930000000000E+04
 0.10940000000000E+04
 0.10950000000000E+04
 0.10960000000000E+04
 0.10970000000000E+04
 0.10980000000000E+04
 0.10990000000000E+04
 0.11000000000000E+04
 0.11010000000000E+04
 0.11020000000000E+04
 0.11030000000000E+04
 0.11040000000000E+04
 0.11050000000000E+04
 0.11060000000000E+04
 0.11070000000000E+04
 0.11080000000000E+04
 0.11090000000000E+04
 0.11100000000000E+04
 0.11110000000000E+04
 0.11120000000000E+04
 0.11130000000000E+04
 0.11140000000000E+04
 0.11150000000000E+04
 0.11160000000000E+04
 0.11170000000000E+04
 0.11180000000000E+04
 0.11190000000000E+04
 0.11200000000000E+04
 0.11210000000000E+04
 0.11220000000000E+04
 0.11230000000000E+04
 0.11240000000000E+04
 0.11250000000000E+04
 0.11260000000000E+04
 0.11270000000000E+04
 0.11280000000000E+04
 0.11290000000000E+04
 0.11300000000000E+04
 0.11310000000000E+04
 0.11320000000000E+04
 0.11330000000000E+04
 0.11340000000000E+04
 0.11350000000000E+04
 0.11360000000000E+04
 0.11370000000000E+04
 0.11380000000000E+04
 0.11390000000000E+04
 0.11400000000000E+04
 0.11410000000000E+04
 0.11420000000000E+04
 0.11430000000000E+04
 0.11440000000000E+04
 0.11450000000000E+04
 0.11460000000000E+04
 0.11470000000000E+04
 0.11480000000000E+04
 0.11490000000000E+04
 0.11500000000000E+04
 0.11510000000000E+04
 0.11520000000000E+04
 0.11530000000000E+04
 0.11540000000000E+04
 0.11550000000000E+04
 0.11560000000000E+04
 0.11570000000000E+04
 0.11580000000000E+04
 0.11590000000000E+04
 0.11600000000000E+04
 0.11610000000000E+04
 0.11620000000000E+04
 0.11630000000000E+04
 0.11640000000000E+04
 0.11650000000000E+04
 0.11660000000000E+04
 0.11670000000000E+04
 0.11680000000000E+04
 0.11690000000000E+04
 0.11700000000000E+04
 0.11710000000000E+04
 0.11720000000000E+04
 0.11730000000000E+04
 0.11740000000000E+04
 0.11750000000000E+04
 0.11760000000000E+04
 0.11770000000000E+04
 0.11780000000000E+04
 0.11790000000000E+04
 0.11800000000000E+04
 0.11810000000000E+04
 0.11820000000000E+04
 0.11830000000000E+04
 0.11840000000000E+04
 0.11850000000000E+04
 0.11860000000000E+04
 0.11870000000000E+04
 0.11880000000000E+04
 0.11890000000000E+04
 0.11900000000000E+04
 0.11910000000000E+04
 0.11920000000000E+04
 0.11930000000000E+04
 0.11940000000000E+04
 0.11950000000000E+04
 0.11960000000000E+04
 0.11970000000000E+04
 0.11980000000000E+04
 0.11990000000000E+04
 0.12000000000000E+04
 0.12010000000000E+04
 0.12020000000000E+04
 0.12030000000000E+04
 0.12040000000000E+04
 0.12050000000000E+04
 0.12060000000000E+04
 0.12070000000000E+04
 0.12080000000000E+04
 0.12090000000000E+04
 0.12100000000000E+04
 0.12110000000000E+04
 0.12120000000000E+04
 0.12130000000000E+04
 0.12140000000000E+04
 0.12150000000000E+04
 0.12160000000000E+04
 0.12170000000000E+04
 0.12180000000000E+04
 0.12190000000000E+04
 0.12200000000000E+04
 0.12210000000000E+04
 0.12220000000000E+04
 0.12230000000000E+04
 0.12240000000000E+04
 0.12250000000000E+04
 0.12260000000000E+04
 0.12270000000000E+04
 0.12280000000000E+04
 0.12290000000000E+04
 0.12300000000000E+04
 0.12310000000000E+04
 0.12320000000000E+04
 0.12330000000000E+04
 0.12340000000000E+04
 0.12350000000000E+04
 0.12360000000000E+04
 0.12370000000000E+04
 0.12380000000000E+04
 0.12390000000000E+04
 0.12400000000000E+04
 0.12410000000000E+04
 0.12420000000000E+04
 0.12430000000000E+04
 0.12440000000000E+04
 0.12450000000000E+04
 0.12460000000000E+04
 0.12470000000000E+04
 0.12480000000000E+04
 0.12490000000000E+04
 0.12500000000000E+04
 0.12510000000000E+04
 0.12520000000000E+04
 0.12530000000000E+04
 0.12540000000000E+04
 0.12550000000000E+04
 0.12560000000000E+04
 0.12570000000000E+04
 0.12580000000000E+04
 0.12590000000000E+04
 0.12600000000000E+04
 0.12610000000000E+04
 0.12620000000000E+04
 0.12630000000000E+04
 0.12640000000000E+04
 0.12650000000000E+04
 0.12660000000000E+04
 0.12670000000000E+04
 0.12680000000000E+04
 0.12690000000000E+04
 0.12700000000000E+04
 0.12710000000000E+04
 0.12720000000000E+04
 0.12730000000000E+04
 0.12740000000000E+04
 0.12750000000000E+04
 0.12760000000000E+04
 0.12770000000000E+04
 0.12780000000000E+04
 0.12790000000000E+04
 0.12800000000000E+04
 0.12810000000000E+04
 0.12820000000000E+04
 0.12830000000000E+04
 0.12840000000000E+04
 0.12850000000000E+04
 0.12860000000000E+04
 0.12870000000000E+04
 0.12880000000000E+04
 0.12890000000000E+04
 0.12900000000000E+04
 0.12910000000000E+04
 0.12920000000000E+04
 0.12930000000000E+04
 0.12940000000000E+04
 0.12950000000000E+04
 0.12960000000000E+04
 0.12970000000000E+04
 0.12980000000000E+04
 0.12990000000000E+04
 0.13000000000000E+04
 0.13010000000000E+04
 0.13020000000000E+04
 0.13030000000000E+04
 0.13040000000000E+04
 0.13050000000000E+04
 0.13060000000000E+04
 0.13070000000000E+04
 0.13080000000000E+04
 0.13090000000000E+04
 0.13100000000000E+04
 0.13110000000000E+04
 0.13120000000000E+04
 0.13130000000000E+04
 0.13140000000000E+04
 0.13150000000000E+04
 0.13160000000000E+04
 0.13170000000000E+04
 0.13180000000000E+04
 0.13190000000000E+04
 0.13200000000000E+04
 0.13210000000000E+04
 0.13220000000000E+04
 0.13230000000000E+04
 0.13240000000000E+04
 0.13250000000000E+04
 0.13260000000000E+04
 0.13270000000000E+04
 0.13280000000000E+04
 0.13290000000000E+04
 0.13300000000000E+04
 0.13310000000000E+04
 0.13320000000000E+04
 0.13330000000000E+04
 0.13340000000000E+04
 0.13350000000000E+04
 0.13360000000000E+04
 0.13370000000000E+04
 0.13380000000000E+04
 0.13390000000000E+04
 0.13400000000000E+04
 0.13410000000000E+04
 0.13420000000000E+04
 0.13430000000000E+04
 0.13440000000000E+04
 0.13450000000000E+04
 0.13460000000000E+04
 0.13470000000000E+04
 0.13480000000000E+04
 0.13490000000000E+04
 0.13500000000000E+04
 0.13510000000000E+04
 0.13520000000000E+04
 0.13530000000000E+04
 0.13540000000000E+04
 0.13550000000000E+04
 0.13560000000000E+04
 0.13570000000000E+04
 0.13580000000000E+04
 0.13590000000000E+04
 0.13600000000000E+04
 0.13610000000000E+04
 0.13620000000000E+04
 0.13630000000000E+04
 0.13640000000000E+04
 0.13650000000000E+04
 0.13660000000000E+04
 0.13670000000000E+04
 0.13680000000000E+04
 0.13690000000000E+04
 0.13700000000000E+04
 0.13710000000000E+04
 0.13720000000000E+04
 0.13730000000000E+04
 0.13740000000000E+04
 0.13750000000000E+04
 0.13760000000000E+04
 0.13770000000000E+04
 0.13780000000000E+04
 0.13790000000000E+04
 0.13800000000000E+04
 0.13810000000000E+04
 0.13820000000000E+04
 0.13830000000000E+04
 0.13840000000000E+04
 0.13850000000000E+04
 0.13860000000000E+04
 0.13870000000000E+04
 0.13880000000000E+04
 0.13890000000000E+04
 0.13900000000000E+04
 0.13910000000000E+04
 0.13920000000000E+04
 0.13930000000000E+04
 0.13940000000000E+04
 0.13950000000000E+04
 0.13960000000000E+04
 0.13970000000000E+04
 0.13980000000000E+04
 0.13990000000000E+04
 0.14000000000000E+04
 0.14010000000000E+04
 0.14020000000000E+04
 0.14030000000000E+04
 0.14040000000000E+04
 0.14050000000000E+04
 0.14060000000000E+04
 0.14070000000000E+04
 0.14080000000000E+04
 0.14090000000000E+04
 0.14100000000000E+04
 0.14110000000000E+04
 0.14120000000000E+04
 0.14130000000000E+04
 0.14140000000000E+04
 0.14150000000000E+04
 0.14160000000000E+04
 0.14170000000000E+04
 0.14180000000000E+04
 0.14190000000000E+04
 0.14200000000000E+04
 0.14210000000000E+04
 0.14220000000000E+04
 0.14230000000000E+04
 0.14240000000000E+04
 0.14250000000000E+04
 0.14260000000000E+04
 0.14270000000000E+04
 0.14280000000000E+04
 0.14290000000000E+04
 0.14300000000000E+04
 0.14310000000000E+04
 0.14320000000000E+04
 0.14330000000000E+04
 0.14340000000000E+04
 0.14350000000000E+04
 0.14360000000000E+04
 0.14370000000000E+04
 0.14380000000000E+04
 0.14390000000000E+04
 0.14400000000000E+04
 0.14410000000000E+04
 0.14420000000000E+04
 0.14430000000000E+04
 0.14440000000000E+04
 0.14450000000000E+04
 0.14460000000000E+04
 0.14470000000000E+04
 0.14480000000000E+04
 0.14490000000000E+04
 0.14500000000000E+04
 0.14510000000000E+04
 0.14520000000000E+04
 0.14530000000000E+04
 0.14540000000000E+04
 0.14550000000000E+04
 0.14560000000000E+04
 0.14570000000000E+04
 0.14580000000000E+04
 0.14590000000000E+04
 0.14600000000000E+04
 0.14610000000000E+04
 0.14620000000000E+04
 0.14630000000000E+04
 0.14640000000000E+04
 0.14650000000000E+04
 0.14660000000000E+04
 0.14670000000000E+04
 0.14680000000000E+04
 0.14690000000000E+04
 0.14700000000000E+04
 0.14710000000000E+04
 0.14720000000000E+04
 0.14730000000000E+04
 0.14740000000000E+04
 0.14750000000000E+04
 0.14760000000000E+04
 0.14770000000000E+04
 0.14780000000000E+04
 0.14790000000000E+04
 0.14800000000000E+04
 0.14810000000000E+04
 0.14820000000000E+04
 0.14830000000000E+04
 0.14840000000000E+04
 0.14850000000000E+04
 0.14860000000000E+04
 0.14870000000000E+04
 0.14880000000000E+04
 0.14890000000000E+04
 0.14900000000000E+04
 0.14910000000000E+04
 0.14920000000000E+04
 0.14930000000000E+04
 0.14940000000000E+04
 0.14950000000000E+04
 0.14960000000000E+04
 0.14970000000000E+04
 0.14980000000000E+04
 0.14990000000000E+04
 0.15000000000000E+04
 0.15010000000000E+04
 0.15020000000000E+04
 0.15030000000000E+04
 0.15040000000000E+04
 0.15050000000000E+04
 0.15060000000000E+04
 0.15070000000000E+04
 0.15080000000000E+04
 0.15090000000000E+04
 0.15100000000000E+04
 0.15110000000000E+04
 0.15120000000000E+04
 0.15130000000000E+04
 0.15140000000000E+04
 0.15150000000000E+04
 0.15160000000000E+04
 0.15170000000000E+04
 0.15180000000000E+04
 0.15190000000000E+04
 0.15200000000000E+04
 0.15210000000000E+04
 0.15220000000000E+04
 0.15230000000000E+04
 0.15240000000000E+04
 0.15250000000000E+04
 0.15260000000000E+04
 0.15270000000000E+04
 0.15280000000000E+04
 0.15290000000000E+04
 0.15300000000000E+04
 0.15310000000000E+04
 0.15320000000000E+04
 0.15330000000000E+04
 0.15340000000000E+04
 0.15350000000000E+04
 0.15360000000000E+04
 0.15370000000000E+04
 0.15380000000000E+04
 0.15390000000000E+04
 0.15400000000000E+04
 0.15410000000000E+04
 0.15420000000000E+04
 0.15430000000000E+04
 0.15440000000000E+04
 0.15450000000000E+04
 0.15460000000000E+04
 0.15470000000000E+04
 0.15480000000000E+04
 0.15490000000000E+04
 0.15500000000000E+04
 0.15510000000000E+04
 0.15520000000000E+04
 0.15530000000000E+04
 0.15540000000000E+04
 0.15550000000000E+04
 0.15560000000000E+04
 0.15570000000000E+04
 0.15580000000000E+04
 0.15590000000000E+04
 0.15600000000000E+04
 0.15610000000000E+04
 0.15620000000000E+04
 0.15630000000000E+04
 0.15640000000000E+04
 0.15650000000000E+04
 0.15660000000000E+04
 0.15670000000000E+04
 0.15680000000000E+04
 0.15690000000000E+04
 0.15700000000000E+04
 0.15710000000000E+04
 0.15720000000000E+04
 0.15730000000000E+04
 0.15740000000000E+04
 0.15750000000000E+04
 0.15760000000000E+04
 0.15770000000000E+04
 0.15780000000000E+04
 0.15790000000000E+04
 0.15800000000000E+04
 0.15810000000000E+04
 0.15820000000000E+04
 0.15830000000000E+04
 0.15840000000000E+04
 0.15850000000000E+04
 0.15860000000000E+04
 0.15870000000000E+04
 0.15880000000000E+04
 0.15890000000000E+04
 0.15900000000000E+04
 0.15910000000000E+04
 0.15920000000000E+04
 0.15930000000000E+04
 0.15940000000000E+04
 0.15950000000000E+04
 0.15960000000000E+04
 0.15970000000000E+04
 0.15980000000000E+04
 0.15990000000000E+04
 0.16000000000000E+04
 0.16010000000000E+04
 0.16020000000000E+04
 0.16030000000000E+04
 0.16040000000000E+04
 0.16050000000000E+04
 0.16060000000000E+04
 0.16070000000000E+04
 0.16080000000000E+04
 0.16090000000000E+04
 0.16100000000000E+04
 0.16110000000000E+04
 0.16120000000000E+04
 0.16130000000000E+04
 0.16140000000000E+04
 0.16150000000000E+04
 0.16160000000000E+04
 0.16170000000000E+04
 0.16180000000000E+04
 0.16190000000000E+04
 0.16200000000000E+04
 0.16210000000000E+04
 0.16220000000000E+04
 0.16230000000000E+04
 0.16240000000000E+04
 0.16250000000000E+04
 0.16260000000000E+04
 0.16270000000000E+04
 0.16280000000000E+04
 0.16290000000000E+04
 0.16300000000000E+04
 0.16310000000000E+04
 0.16320000000000E+04
 0.16330000000000E+04
 0.16340000000000E+04
 0.16350000000000E+04
 0.16360000000000E+04
 0.16370000000000E+04
 0.16380000000000E+04
 0.16390000000000E+04
 0.16400000000000E+04
 0.16410000000000E+04
 0.16420000000000E+04
 0.16430000000000E+04
 0.16440000000000E+04
 0.16450000000000E+04
 0.16460000000000E+04
 0.16470000000000E+04
 0.16480000000000E+04
 0.16490000000000E+04
 0.16500000000000E+04
 0.16510000000000E+04
 0.16520000000000E+04
 0.16530000000000E+04
 0.16540000000000E+04
 0.16550000000000E+04
 0.16560000000000E+04
 0.16570000000000E+04
 0.16580000000000E+04
 0.16590000000000E+04
 0.16600000000000E+04
 0.16610000000000E+04
 0.16620000000000E+04
 0.16630000000000E+04
 0.16640000000000E+04
 0.16650000000000E+04
 0.16660000000000E+04
 0.16670000000000E+04
 0.16680000000000E+04
 0.16690000000000E+04
 0.16700000000000E+04
 0.16710000000000E+04
 0.16720000000000E+04
 0.16730000000000E+04
 0.16740000000000E+04
 0.16750000000000E+04
 0.16760000000000E+04
 0.16770000000000E+04
 0.16780000000000E+04
 0.16790000000000E+04
 0.16800000000000E+04
 0.16810000000000E+04
 0.16820000000000E+04
 0.16830000000000E+04
 0.16840000000000E+04
 0.16850000000000E+04
 0.16860000000000E+04
 0.16870000000000E+04
 0.16880000000000E+04
 0.16890000000000E+04
 0.16900000000000E+04
 0.16910000000000E+04
 0.16920000000000E+04
 0.16930000000000E+04
 0.16940000000000E+04
 0.16950000000000E+04
 0.16960000000000E+04
 0.16970000000000E+04
 0.16980000000000E+04
 0.16990000000000E+04
 0.17000000000000E+04
 0.17010000000000E+04
 0.17020000000000E+04
 0.17030000000000E+04
 0.17040000000000E+04
 0.17050000000000E+04
 0.17060000000000E+04
 0.17070000000000E+04
 0.17080000000000E+04
 0.17090000000000E+04
 0.17100000000000E+04
 0.17110000000000E+04
 0.17120000000000E+04
 0.17130000000000E+04
 0.17140000000000E+04
 0.17150000000000E+04
 0.17160000000000E+04
 0.17170000000000E+04
 0.17180000000000E+04
 0.17190000000000E+04
 0.17200000000000E+04
 0.17210000000000E+04
 0.17220000000000E+04
 0.17230000000000E+04
 0.17240000000000E+04
 0.17250000000000E+04
 0.17260000000000E+04
 0.17270000000000E+04
 0.17280000000000E+04
 0.17290000000000E+04
 0.17300000000000E+04
 0.17310000000000E+04
 0.17320000000000E+04
 0.17330000000000E+04
 0.17340000000000E+04
 0.17350000000000E+04
 0.17360000000000E+04
 0.17370000000000E+04
 0.17380000000000E+04
 0.17390000000000E+04
 0.17400000000000E+04
 0.17410000000000E+04
 0.17420000000000E+04
 0.17430000000000E+04
 0.17440000000000E+04
 0.17450000000000E+04
 0.17460000000000E+04
 0.17470000000000E+04
 0.17480000000000E+04
 0.17490000000000E+04
 0.17500000000000E+04
 0.17510000000000E+04
 0.17520000000000E+04
 0.17530000000000E+04
 0.17540000000000E+04
 0.17550000000000E+04
 0.17560000000000E+04
 0.17570000000000E+04
 0.17580000000000E+04
 0.17590000000000E+04
 0.17600000000000E+04
 0.17610000000000E+04
 0.17620000000000E+04
 0.17630000000000E+04
 0.17640000000000E+04
 0.17650000000000E+04
 0.17660000000000E+04
 0.17670000000000E+04
 0.17680000000000E+04
 0.17690000000000E+04
 0.17700000000000E+04
 0.17710000000000E+04
 0.17720000000000E+04
 0.17730000000000E+04
 0.17740000000000E+04
 0.17750000000000E+04
 0.17760000000000E+04
 0.17770000000000E+04
 0.17780000000000E+04
 0.17790000000000E+04
 0.17800000000000E+04
 0.17810000000000E+04
 0.17820000000000E+04
 0.17830000000000E+04
 0.17840000000000E+04
 0.17850000000000E+04
 0.17860000000000E+04
 0.17870000000000E+04
 0.17880000000000E+04
 0.17890000000000E+04
 0.17900000000000E+04
 0.17910000000000E+04
 0.17920000000000E+04
 0.17930000000000E+04
 0.17940000000000E+04
 0.17950000000000E+04
 0.17960000000000E+04
 0.17970000000000E+04
 0.17980000000000E+04
 0.17990000000000E+04
 0.18000000000000E+04
 0.18010000000000E+04
 0.18020000000000E+04
 0.18030000000000E+04
 0.18040000000000E+04
 0.18050000000000E+04
 0.18060000000000E+04
 0.18070000000000E+04
 0.18080000000000E+04
 0.18090000000000E+04
 0.18100000000000E+04
 0.18110000000000E+04
 0.18120000000000E+04
 0.18130000000000E+04
 0.18140000000000E+04
 0.18150000000000E+04
 0.18160000000000E+04
 0.18170000000000E+04
 0.18180000000000E+04
 0.18190000000000E+04
 0.18200000000000E+04
 0.18210000000000E+04
 0.18220000000000E+04
 0.18230000000000E+04
 0.18240000000000E+04
 0.18250000000000E+04
 0.18260000000000E+04
 0.18270000000000E+04
 0.18280000000000E+04
 0.18290000000000E+04
 0.18300000000000E+04
 0.18310000000000E+04
 0.18320000000000E+04
 0.18330000000000E+04
 0.18340000000000E+04
 0.18350000000000E+04
 0.18360000000000E+04
 0.18370000000000E+04
 0.18380000000000E+04
 0.18390000000000E+04
 0.18400000000000E+04
 0.18410000000000E+04
 0.18420000000000E+04
 0.18430000000000E+04
 0.18440000000000E+04
 0.18450000000000E+04
 0.18460000000000E+04
 0.18470000000000E+04
 0.18480000000000E+04
 0.18490000000000E+04
 0.18500000000000E+04
 0.18510000000000E+04
 0.18520000000000E+04
 0.18530000000000E+04
 0.18540000000000E+04
 0.18550000000000E+04
 0.18560000000000E+04
 0.18570000000000E+04
 0.18580000000000E+04
 0.18590000000000E+04
 0.18600000000000E+04
 0.18610000000000E+04
 0.18620000000000E+04
 0.18630000000000E+04
 0.18640000000000E+04
 0.18650000000000E+04
 0.18660000000000E+04
 0.18670000000000E+04
 0.18680000000000E+04
 0.18690000000000E+04
 0.18700000000000E+04
 0.18710000000000E+04
 0.18720000000000E+04
 0.18730000000000E+04
 0.18740000000000E+04
 0.18750000000000E+04
 0.18760000000000E+04
 0.18770000000000E+04
 0.18780000000000E+04
 0.18790000000000E+04
 0.18800000000000E+04
 0.18810000000000E+04
 0.18820000000000E+04
 0.18830000000000E+04
 0.18840000000000E+04
 0.18850000000000E+04
 0.18860000000000E+04
 0.18870000000000E+04
 0.18880000000000E+04
 0.18890000000000E+04
 0.18900000000000E+04
 0.18910000000000E+04
 0.18920000000000E+04
 0.18930000000000E+04
 0.18940000000000E+04
 0.18950000000000E+04
 0.18960000000000E+04
 0.18970000000000E+04
 0.18980000000000E+04
 0.18990000000000E+04
 0.19000000000000E+04
 0.19010000000000E+04
 0.19020000000000E+04
 0.19030000000000E+04
 0.19040000000000E+04
 0.19050000000000E+04
 0.19060000000000E+04
 0.19070000000000E+04
 0.19080000000000E+04
 0.19090000000000E+04
 0.19100000000000E+04
 0.19110000000000E+04
 0.19120000000000E+04
 0.19130000000000E+04
 0.19140000000000E+04
 0.19150000000000E+04
 0.19160000000000E+04
 0.19170000000000E+04
 0.19180000000000E+04
 0.19190000000000E+04
 0.19200000000000E+04
 0.19210000000000E+04
 0.19220000000000E+04
 0.19230000000000E+04
 0.19240000000000E+04
 0.19250000000000E+04
 0.19260000000000E+04
 0.19270000000000E+04
 0.19280000000000E+04
 0.19290000000000E+04
 0.19300000000000E+04
 0.19310000000000E+04
 0.19320000000000E+04
 0.19330000000000E+04
 0.19340000000000E+04
 0.19350000000000E+04
 0.19360000000000E+04
 0.19370000000000E+04
 0.19380000000000E+04
 0.19390000000000E+04
 0.19400000000000E+04
 0.19410000000000E+04
 0.19420000000000E+04
 0.19430000000000E+04
 0.19440000000000E+04
 0.19450000000000E+04
 0.19460000000000E+04
 0.19470000000000E+04
 0.19480000000000E+04
 0.19490000000000E+04
 0.19500000000000E+04
 0.19510000000000E+04
 0.19520000000000E+04
 0.19530000000000E+04
 0.19540000000000E+04
 0.19550000000000E+04
 0.19560000000000E+04
 0.19570000000000E+04
 0.19580000000000E+04
 0.19590000000000E+04
 0.19600000000000E+04
 0.19610000000000E+04
 0.19620000000000E+04
 0.19630000000000E+04
 0.19640000000000E+04
 0.19650000000000E+04
 0.19660000000000E+04
 0.19670000000000E+04
 0.19680000000000E+04
 0.19690000000000E+04
 0.19700000000000E+04
 0.19710000000000E+04
 0.19720000000000E+04
 0.19730000000000E+04
 0.19740000000000E+04
 0.19750000000000E+04
 0.19760000000000E+04
 0.19770000000000E+04
 0.19780000000000E+04
 0.19790000000000E+04
 0.19800000000000E+04
 0.19810000000000E+04
 0.19820000000000E+04
 0.19830000000000E+04
 0.19840000000000E+04
 0.19850000000000E+04
 0.19860000000000E+04
 0.19870000000000E+04
 0.19880000000000E+04
 0.19890000000000E+04
 0.19900000000000E+04
 0.19910000000000E+04
 0.19920000000000E+04
 0.19930000000000E+04
 0.19940000000000E+04
 0.19950000000000E+04
 0.19960000000000E+04
 0.19970000000000E+04
 0.19980000000000E+04
 0.19990000000000E+04
 0.20000000000000E+04
 0.20010000000000E+04
 0.10000000000000E+01
 0.11000000000000E+02
 0.21000000000000E+02
 0.31000000000000E+02
 0.41000000000000E+02
 0.51000000000000E+02
 0.61000000000000E+02
 0.71000000000000E+02
 0.81000000000000E+02
 0.91000000000000E+02
 0.10100000000000E+03
 0.11100000000000E+03
 0.12100000000000E+03
 0.13100000000000E+03
 0.14100000000000E+03
 0.15100000000000E+03
 0.16100000000000E+03
 0.17100000000000E+03
 0.18100000000000E+03
 0.19100000000000E+03
 0.20100000000000E+03
 0.21100000000000E+03
 0.22100000000000E+03
 0.23100000000000E+03
 0.24100000000000E+03
 0.25100000000000E+03
 0.26100000000000E+03
 0.27100000000000E+03
 0.28100000000000E+03
 0.29100000000000E+03
 0.30100000000000E+03
 0.31100000000000E+03
 0.32100000000000E+03
 0.33100000000000E+03
 0.34100000000000E+03
 0.35100000000000E+03
 0.36100000000000E+03
 0.37100000000000E+03
 0.38100000000000E+03
 0.39100000000000E+03
 0.40100000000000E+03
 0.41100000000000E+03
 0.42100000000000E+03
 0.43100000000000E+03
 0.44100000000000E+03
 0.45100000000000E+03
 0.46100000000000E+03
 0.47100000000000E+03
 0.48100000000000E+03
 0.49100000000000E+03
 0.50100000000000E+03
 0.51100000000000E+03
 0.52100000000000E+03
 0.53100000000000E+03
 0.54100000000000E+03
 0.55100000000000E+03
 0.56100000000000E+03
 0.57100000000000E+03
 0.58100000000000E+03
 0.59100000000000E+03
 0.60100000000000E+03
 0.61100000000000E+03
 0.62100000000000E+03
 0.63100000000000E+03
 0.64100000000000E+03
 0.65100000000000E+03
 0.66100000000000E+03
 0.67100000000000E+03
 0.68100000000000E+03
 0.69100000000000E+03
 0.70100000000000E+03
 0.71100000000000E+03
 0.72100000000000E+03
 0.73100000000000E+03
 0.74100000000000E+03
 0.75100000000000E+03
 0.76100000000000E+03
 0.77100000000000E+03
 0.78100000000000E+03
 0.79100000000000E+03
 0.80100000000000E+03
 0.81100000000000E+03
 0.82100000000000E+03
 0.83100000000000E+03
 0.84100000000000E+03
 0.85100000000000E+03
 0.86100000000000E+03
 0.87100000000000E+03
 0.88100000000000E+03
 0.89100000000000E+03
 0.90100000000000E+03
 0.91100000000000E+03
 0.92100000000000E+03
 0.93100000000000E+03
 0.94100000000000E+03
 0.95100000000000E+03
 0.96100000000000E+03
 0.97100000000000E+03
 0.98100000000000E+03
 0.99100000000000E+03
 0.10010000000000E+04
 0.10110000000000E+04
 0.10210000000000E+04
 0.10310000000000E+04
 0.10410000000000E+04
 0.10510000000000E+04
 0.10610000000000E+04
 0.10710000000000E+04
 0.10810000000000E+04
 0.10910000000000E+04
 0.11010000000000E+04
 0.11110000000000E+04
 0.11210000000000E+04
 0.11310000000000E+04
 0.11410000000000E+04
 0.11510000000000E+04
 0.11610000000000E+04
 0.11710000000000E+04
 0.11810000000000E+04
 0.11910000000000E+04
 0.12010000000000E+04
 0.12110000000000E+04
 0.12210000000000E+04
 0.12310000000000E+04
 0.12410000000000E+04
 0.12510000000000E+04
 0.12610000000000E+04
 0.12710000000000E+04
 0.12810000000000E+04
 0.12910000000000E+04
 0.13010000000000E+04
 0.13110000000000E+04
 0.13210000000000E+04
 0.13310000000000E+04
 0.13410000000000E+04
 0.13510000000000E+04
 0.13610000000000E+04
 0.13710000000000E+04
 0.13810000000000E+04
 0.13910000000000E+04
 0.14010000000000E+04
 0.14110000000000E+04
 0.14210000000000E+04
 0.14310000000000E+04
 0.14410000000000E+04
 0.14510000000000E+04
 0.14610000000000E+04
 0.14710000000000E+04
 0.14810000000000E+04
 0.14910000000000E+04
 0.15010000000000E+04
