-0.83024897206971E+09
-0.83024444057652E+09
-0.83023196398283E+09
-0.83022707865806E+09
-0.83022479381735E+09
-0.83022359142821E+09
-0.83022292002497E+09
-0.83022254326112E+09
-0.83022237646102E+09
-0.83022224864398E+09
-0.83022225607094E+09
-0.83022232720699E+09
-0.83022244880479E+09
-0.83022261215193E+09
-0.83022281133075E+09
-0.83022304220912E+09
-0.83022330183172E+09
-0.83022358804041E+09
-0.83022389923008E+09
-0.83022423418758E+09
-0.83022459198285E+09
-0.83022497189377E+09
-0.83022537335341E+09
-0.83022579591227E+09
-0.83022623921085E+09
-0.83022670295957E+09
-0.83022718692367E+09
-0.83022769091200E+09
-0.83022821476836E+09
-0.83022875836497E+09
-0.83022932159747E+09
-0.83022990438099E+09
-0.83023050664731E+09
-0.83023112834273E+09
-0.83023176942674E+09
-0.83023242987155E+09
-0.83023310966289E+09
-0.83023380880333E+09
-0.83023452732222E+09
-0.83023526529202E+09
-0.83023602263756E+09
-0.83023679917899E+09
-0.83023759483679E+09
-0.83023840964670E+09
-0.83023924351027E+09
-0.83024009646209E+09
-0.83024096849863E+09
-0.83024185959753E+09
-0.83024276973158E+09
-0.83024369898156E+09
-0.83024464725870E+09
-0.83024561453801E+09
-0.83024660088046E+09
-0.83024760628076E+09
-0.83024863070295E+09
-0.83024967421082E+09
-0.83025073675210E+09
-0.83025181825652E+09
-0.83025291880643E+09
-0.83025403849428E+09
-0.83025517711221E+09
-0.83025633481436E+09
-0.83025751156704E+09
-0.83025870736716E+09
-0.83025992219307E+09
-0.83026115608363E+09
-0.83026240903233E+09
-0.83026368104474E+09
-0.83026497212472E+09
-0.83026628226186E+09
-0.83026761148120E+09
-0.83026895976611E+09
-0.83027032715726E+09
-0.83027171361209E+09
-0.83027311913943E+09
-0.83027454376071E+09
-0.83027598747757E+09
-0.83027745028901E+09
-0.83027893219669E+09
-0.83028043324055E+09
-0.83028195338824E+09
-0.83028349263948E+09
-0.83028505104533E+09
-0.83028662856083E+09
-0.83028822521272E+09
-0.83028984099148E+09
-0.83029147590654E+09
-0.83029313000184E+09
-0.83029480315761E+09
-0.83029649559770E+09
-0.83029820712729E+09
-0.83029993783676E+09
-0.83030168769827E+09
-0.83030345677173E+09
-0.83030524501842E+09
-0.83030705245109E+09
-0.83030887907754E+09
-0.83031072491571E+09
-0.83031258994623E+09
-0.83031447420823E+09
-0.83031637772193E+09
-0.83031830038976E+09
-0.83032024227898E+09
-0.83032220348516E+09
-0.83032418389157E+09
-0.83032618351839E+09
-0.83032820472355E+09
-0.83033024056679E+09
-0.83033229798427E+09
-0.83033437468859E+09
-0.83033647064111E+09
-0.83033858586031E+09
-0.83034072035821E+09
-0.83034287410308E+09
-0.83034504727519E+09
-0.83034723972342E+09
-0.83034945145177E+09
-0.83035168251986E+09
-0.83035393283202E+09
-0.83035620248110E+09
-0.83035849145417E+09
-0.83036079976460E+09
-0.83036312746911E+09
-0.83036547449633E+09
-0.83036784089090E+09
-0.83037022660112E+09
-0.83037263167420E+09
-0.83037505613833E+09
-0.83037749998777E+09
-0.83037996317840E+09
-0.83038244570160E+09
-0.83038494782207E+09
-0.83038746911309E+09
-0.83039000995535E+09
-0.83039257016221E+09
-0.83039514976828E+09
-0.83039774880765E+09
-0.83040036725285E+09
-0.83040300513277E+09
-0.83040566247337E+09
-0.83040833925000E+09
-0.83041103560164E+09
-0.83041375123023E+09
-0.83041648633385E+09
-0.83041924088805E+09
-0.83042201502258E+09
-0.83042480848339E+09
-0.83042762146917E+09
-0.83043045394887E+09
-0.83043330572927E+09
-0.83043617715809E+09
-0.83043906807417E+09
-0.83044197855796E+09
-0.83044490893780E+09
-0.83044785840502E+09
-0.83045082740120E+09
-0.83045381593864E+09
-0.83045682403134E+09
-0.83045985161984E+09
-0.83046289881838E+09
-0.83046596549678E+09
-0.83046905195672E+09
-0.83047215776547E+09
-0.83047528312526E+09
-0.83047842808868E+09
-0.83048159270509E+09
-0.83048477677165E+09
-0.83048798042949E+09
-0.83049120367409E+09
-0.83049444629135E+09
-0.83049770867188E+09
-0.83050099075049E+09
-0.83050429238612E+09
-0.83050761365041E+09
-0.83051095454182E+09
-0.83051431505934E+09
-0.83051769476739E+09
-0.83052109448500E+09
-0.83052451444814E+09
-0.83052795345668E+09
-0.83053141211770E+09
-0.83053489049151E+09
-0.83053838846489E+09
-0.83054190610024E+09
-0.83054544339678E+09
-0.83054900037024E+09
-0.83055257714010E+09
-0.83055617354233E+09
-0.83055978960995E+09
-0.83056342529582E+09
-0.83056708071115E+09
-0.83057075577654E+09
-0.83057445053595E+09
-0.83057816500245E+09
-0.83058189917399E+09
-0.83058565302359E+09
-0.83058942645104E+09
-0.83059321974034E+09
-0.83059703297046E+09
-0.83060086579013E+09
-0.83060471829895E+09
-0.83060859065702E+09
-0.83061248273288E+09
-0.83061639460317E+09
-0.83062032489393E+09
-0.83062427607241E+09
-0.83062824700605E+09
-0.83063223769558E+09
-0.83063624957519E+09
-0.83064027999998E+09
-0.83064433000603E+09
-0.83064839980672E+09
-0.83065248939649E+09
-0.83065659877344E+09
-0.83066072793839E+09
-0.83066487689206E+09
-0.83066904563279E+09
-0.83067323414956E+09
-0.83067744246269E+09
-0.83068167097793E+09
-0.83068591889475E+09
-0.83069018666153E+09
-0.83069447426394E+09
-0.83069878169570E+09
-0.83070310895720E+09
-0.83070745605032E+09
-0.83071182297639E+09
-0.83071620777986E+09
-0.83072061431310E+09
-0.83072504075464E+09
-0.83072948688119E+09
-0.83073395286059E+09
-0.83073843869061E+09
-0.83074294437511E+09
-0.83074746992939E+09
-0.83075201479426E+09
-0.83075658210157E+09
-0.83076116518088E+09
-0.83076576999889E+09
-0.83077039468466E+09
-0.83077504049499E+09
-0.83077970507626E+09
-0.83078438961727E+09
-0.83078909390922E+09
-0.83079381808209E+09
-0.83079856212050E+09
-0.83080332623225E+09
-0.83080811006832E+09
-0.83081291377820E+09
-0.83081773738990E+09
-0.83082258089846E+09
-0.83082744327399E+09
-0.83083232667637E+09
-0.83083722999929E+09
-0.83084215346200E+09
-0.83084709680249E+09
-0.83085206036036E+09
-0.83085704628384E+09
-0.83086204673886E+09
-0.83086706801147E+09
-0.83087210990217E+09
-0.83087717195852E+09
-0.83088225394726E+09
-0.83088735649833E+09
-0.83089247783700E+09
-0.83089762196033E+09
-0.83090278356065E+09
-0.83090797030469E+09
-0.83091316690127E+09
-0.83091839118751E+09
-0.83092363443428E+09
-0.83092890509479E+09
-0.83093417390985E+09
-0.83093947541614E+09
-0.83094479689910E+09
-0.83095013836667E+09
-0.83095549947832E+09
-0.83096088048306E+09
-0.83096628136740E+09
-0.83097170202278E+09
-0.83097714292544E+09
-0.83098260393814E+09
-0.83098808542214E+09
-0.83099358666131E+09
-0.83099910795480E+09
-0.83100464931821E+09
-0.83101021060775E+09
-0.83101579183876E+09
-0.83102139300094E+09
-0.83102701407331E+09
-0.83103265494840E+09
-0.83103831509950E+09
-0.83104400399709E+09
-0.83104970175891E+09
-0.83105542879474E+09
-0.83106116949759E+09
-0.83106692749225E+09
-0.83107269817545E+09
-0.83107849671790E+09
-0.83108431546922E+09
-0.83109015310389E+09
-0.83109601291091E+09
-0.83110189277076E+09
-0.83110779270679E+09
-0.83111371275807E+09
-0.83111965298485E+09
-0.83112560589202E+09
-0.83113158997214E+09
-0.83113758926053E+09
-0.83114360847159E+09
-0.83114964761449E+09
-0.83115570668081E+09
-0.83116178564593E+09
-0.83116788455612E+09
-0.83117400402450E+09
-0.83118014277334E+09
-0.83118630152576E+09
-0.83119248024386E+09
-0.83119867891731E+09
-0.83120489753760E+09
-0.83121113607255E+09
-0.83121739451502E+09
-0.83122367350683E+09
-0.83122997187985E+09
-0.83123629026151E+09
-0.83124262864322E+09
-0.83124898701686E+09
-0.83125536538595E+09
-0.83126175320962E+09
-0.83126817067210E+09
-0.83127460798851E+09
-0.83128106598219E+09
-0.83128754307100E+09
-0.83129404013366E+09
-0.83130055715736E+09
-0.83130709415890E+09
-0.83131365123967E+09
-0.83132022644243E+09
-0.83132683296502E+09
-0.83133343911418E+09
-0.83134007163706E+09
-0.83134673155965E+09
-0.83135341056104E+09
-0.83136010265594E+09
-0.83136681916213E+09
-0.83137355564337E+09
-0.83138031211002E+09
-0.83138708945575E+09
-0.83139388676088E+09
-0.83140070556248E+09
-0.83140754721196E+09
-0.83141439841820E+09
-0.83142126751745E+09
-0.83142815995390E+09
-0.83143507320222E+09
-0.83144200666400E+09
-0.83144896002381E+09
-0.83145593294980E+09
-0.83146292474924E+09
-0.83146993878540E+09
-0.83147697553083E+09
-0.83148402908810E+09
-0.83149109331676E+09
-0.83149819717191E+09
-0.83150531359042E+09
-0.83151244754573E+09
-0.83151960015135E+09
-0.83152677030316E+09
-0.83153397202400E+09
-0.83154117361753E+09
-0.83154840406092E+09
-0.83155566396301E+09
-0.83156294244720E+09
-0.83157023466580E+09
-0.83157758426824E+09
-0.83158491064251E+09
-0.83159223234936E+09
-0.83159959084132E+09
-0.83160698290685E+09
-0.83161439378287E+09
-0.83162182454606E+09
-0.83162927511003E+09
-0.83163674539668E+09
-0.83164423525197E+09
-0.83165174459782E+09
-0.83165927311866E+09
-0.83166681973820E+09
-0.83167442041919E+09
-0.83168200253907E+09
-0.83168960442631E+09
-0.83169725480934E+09
-0.83170490269471E+09
-0.83171257110504E+09
-0.83172025061327E+09
-0.83172795416584E+09
-0.83173565384646E+09
-0.83174338925820E+09
-0.83175117819280E+09
-0.83175896183829E+09
-0.83176676498393E+09
-0.83177456393465E+09
-0.83178240550947E+09
-0.83179026657922E+09
-0.83179814711379E+09
-0.83180604159636E+09
-0.83181396359871E+09
-0.83182190493077E+09
-0.83182986599878E+09
-0.83183784690546E+09
-0.83184588933308E+09
-0.83185390976022E+09
-0.83186194976524E+09
-0.83187000933729E+09
-0.83187808795792E+09
-0.83188618607176E+09
-0.83189430366619E+09
-0.83190244110475E+09
-0.83191059810837E+09
-0.83191877426995E+09
-0.83192696999302E+09
-0.83193518523573E+09
-0.83194341998042E+09
-0.83195164226493E+09
-0.83195991532603E+09
-0.83196820780540E+09
-0.83197651968205E+09
-0.83198485091204E+09
-0.83199320172944E+09
-0.83200157209261E+09
-0.83200995211709E+09
-0.83201836217571E+09
-0.83202679171249E+09
-0.83203524070928E+09
-0.83204370915243E+09
-0.83205219702527E+09
-0.83206070429642E+09
-0.83206923088481E+09
-0.83207777688888E+09
-0.83208634446880E+09
-0.83209492923268E+09
-0.83210353301076E+09
-0.83211215622975E+09
-0.83212079885693E+09
-0.83212946086010E+09
-0.83213814221696E+09
-0.83214684289868E+09
-0.83215556297803E+09
-0.83216430265243E+09
-0.83217306147899E+09
-0.83218183964826E+09
-0.83219063713012E+09
-0.83219945390735E+09
-0.83220828996496E+09
-0.83221714528242E+09
-0.83222601991400E+09
-0.83223491397779E+09
-0.83224382706971E+09
-0.83225275943040E+09
-0.83226171103524E+09
-0.83227068186827E+09
-0.83227967191126E+09
-0.83228868121940E+09
-0.83229770980914E+09
-0.83230675746787E+09
-0.83231582433118E+09
-0.83232491037990E+09
-0.83233401559670E+09
-0.83234314004569E+09
-0.83235228363665E+09
-0.83236144633124E+09
-0.83237062816936E+09
-0.83237982912519E+09
-0.83238904922315E+09
-0.83239828826650E+09
-0.83240754696651E+09
-0.83241682742592E+09
-0.83242612482801E+09
-0.83243544173673E+09
-0.83244477806818E+09
-0.83245413374258E+09
-0.83246350951747E+09
-0.83247284695801E+09
-0.83248225643164E+09
-0.83249168491182E+09
-0.83250113235804E+09
-0.83251059875872E+09
-0.83252008411039E+09
-0.83252958841392E+09
-0.83253911167315E+09
-0.83254865389746E+09
-0.83255821510535E+09
-0.83256779533403E+09
-0.83257739465801E+09
-0.83258701324123E+09
-0.83259665149803E+09
-0.83260629501198E+09
-0.83261597966540E+09
-0.83262567454544E+09
-0.83263537996502E+09
-0.83264510129311E+09
-0.83265484155318E+09
-0.83266462608425E+09
-0.83267439687791E+09
-0.83268418937140E+09
-0.83269405334986E+09
-0.83270390697534E+09
-0.83271376463546E+09
-0.83272383229135E+09
-0.83273352852255E+09
-0.83274344570347E+09
-0.83275339829035E+09
-0.83276338270332E+09
-0.83277337871169E+09
-0.83278338544845E+09
-0.83279349522335E+09
-0.83280358117351E+09
-0.83281361436916E+09
-0.83282358481511E+09
-0.83283372272163E+09
-0.83284382283152E+09
-0.83285385931162E+09
-0.83286396751598E+09
-0.83287412915321E+09
-0.83288430968687E+09
-0.83289450924702E+09
-0.83290472797426E+09
-0.83291508121672E+09
-0.83292533347762E+09
-0.83293551722937E+09
-0.83294580424028E+09
-0.83295610945810E+09
-0.83296643285104E+09
-0.83297674835755E+09
-0.83298711163263E+09
-0.83299749379740E+09
-0.83300789436920E+09
-0.83301831334215E+09
-0.83302875071122E+09
-0.83303920647079E+09
-0.83304968061592E+09
-0.83306017313923E+09
-0.83307068402873E+09
-0.83308121325801E+09
-0.83309176075268E+09
-0.83310232630858E+09
-0.83311291351221E+09
-0.83312351644246E+09
-0.83313413748739E+09
-0.83314477720987E+09
-0.83315543549243E+09
-0.83316611231536E+09
-0.83317680769519E+09
-0.83318752166396E+09
-0.83319825426941E+09
-0.83320900557260E+09
-0.83321977565009E+09
-0.83323045510287E+09
-0.83324125498142E+09
-0.83325207271104E+09
-0.83326290834939E+09
-0.83327376195632E+09
-0.83328463358619E+09
-0.83329552330326E+09
-0.83330643120761E+09
-0.83331735749075E+09
-0.83332830259946E+09
-0.83333926787204E+09
-0.83335021893351E+09
-0.83336122290454E+09
-0.83337224192064E+09
-0.83338325983482E+09
-0.83339429825750E+09
-0.83340536534357E+09
-0.83341651962391E+09
-0.83342761421917E+09
-0.83343874485241E+09
-0.83344996236017E+09
-0.83346104779647E+09
-0.83347218027241E+09
-0.83348343128496E+09
-0.83349469138631E+09
-0.83350594854549E+09
-0.83351733747870E+09
-0.83352873029828E+09
-0.83353995493319E+09
-0.83355095473924E+09
-0.83356229284297E+09
-0.83357364716978E+09
-0.83358501723587E+09
-0.83359640238370E+09
-0.83360780149526E+09
-0.83361920955675E+09
-0.83363059846944E+09
-0.83364223338256E+09
-0.83365381912290E+09
-0.83366529256363E+09
-0.83367679937388E+09
-0.83368825599196E+09
-0.83369976819430E+09
-0.83371125591929E+09
-0.83372281317542E+09
-0.83373438768108E+09
-0.83374597945869E+09
-0.83375758854508E+09
-0.83376906106966E+09
-0.83378069815371E+09
-0.83379231008635E+09
-0.83380399155448E+09
-0.83381569054872E+09
-0.83382740688338E+09
-0.83383914161049E+09
-0.83385089705547E+09
-0.83386266737807E+09
-0.83387445573106E+09
-0.83388626192836E+09
-0.83389808764066E+09
-0.83390993245585E+09
-0.83392179625341E+09
-0.83393367944761E+09
-0.83394558259523E+09
-0.83395732692436E+09
-0.83396924505142E+09
-0.83398118171901E+09
-0.83399313559768E+09
-0.83400510646322E+09
-0.83401709452204E+09
-0.83402910012367E+09
-0.83404112408119E+09
-0.83405316278758E+09
-0.83406516005636E+09
-0.83407724613616E+09
-0.83408934082200E+09
-0.83410144348830E+09
-0.83411356481411E+09
-0.83412570440474E+09
-0.83413796035397E+09
-0.83415009959068E+09
-0.83416222581650E+09
-0.83417442929009E+09
-0.83418665011285E+09
-0.83419888776688E+09
-0.83421114672549E+09
-0.83422341907208E+09
-0.83423570754634E+09
-0.83424801299335E+09
-0.83426046199498E+09
-0.83427277333318E+09
-0.83428511014538E+09
-0.83429745013772E+09
-0.83430981211129E+09
-0.83432205156331E+09
-0.83433458841177E+09
-0.83434707723362E+09
-0.83435952077216E+09
-0.83437204146504E+09
-0.83438458169417E+09
-0.83439713224267E+09
-0.83440969180267E+09
-0.83442225602969E+09
-0.83443479070429E+09
-0.83444762639732E+09
-0.83446042137668E+09
-0.83447303679059E+09
-0.83448556124444E+09
-0.83449808998873E+09
-0.83451072745298E+09
-0.83452338084947E+09
-0.83453604602355E+09
-0.83454848800693E+09
-0.83456111530509E+09
-0.83457384485721E+09
-0.83458659068105E+09
-0.83459935307212E+09
-0.83461213416156E+09
-0.83462493489934E+09
-0.83463775538659E+09
-0.83465059521084E+09
-0.83466345524750E+09
-0.83467633670893E+09
-0.83468896380712E+09
-0.83470184408594E+09
-0.83471474043005E+09
-0.83472765361288E+09
-0.83474058636693E+09
-0.83475353481189E+09
-0.83476649499428E+09
-0.83477947773082E+09
-0.83479246975729E+09
-0.83480547745423E+09
-0.83481850132278E+09
-0.83483154100392E+09
-0.83484459627983E+09
-0.83485766719983E+09
-0.83487075311706E+09
-0.83488385389852E+09
-0.83489696973969E+09
-0.83491010038390E+09
-0.83492324559944E+09
-0.83493641084654E+09
-0.83494958518594E+09
-0.83496268969051E+09
-0.83497590996465E+09
-0.83498914414306E+09
-0.83500239224475E+09
-0.83501565435884E+09
-0.83502893058568E+09
-0.83504222101136E+09
-0.83505552165569E+09
-0.83506883819393E+09
-0.83508217027929E+09
-0.83509570940396E+09
-0.83510896561813E+09
-0.83512228224249E+09
-0.83513563597331E+09
-0.83514884676673E+09
-0.83516244845006E+09
-0.83517598675357E+09
-0.83518956138931E+09
-0.83520311910816E+09
-0.83521658909455E+09
-0.83523079663143E+09
-0.83524422949063E+09
-0.83525767002192E+09
-0.83527106950095E+09
-0.83528460170579E+09
-0.83529781269623E+09
-0.83531125975544E+09
-0.83532485351437E+09
-0.83533846553302E+09
-0.83535209596659E+09
-0.83536574516903E+09
-0.83537941370809E+09
-0.83539310241909E+09
-0.83540681397584E+09
-0.83542042894380E+09
-0.83543414278941E+09
-0.83544787190648E+09
-0.83546161635619E+09
-0.83547537621325E+09
-0.83548915157134E+09
-0.83550294254439E+09
-0.83551674927040E+09
-0.83553057196966E+09
-0.83554441149431E+09
-0.83555826730094E+09
-0.83557213967800E+09
-0.83558602892142E+09
-0.83559954918570E+09
-0.83561344146515E+09
-0.83562734311424E+09
-0.83564125905972E+09
-0.83565518927533E+09
-0.83566913372179E+09
-0.83568309246977E+09
-0.83569706498949E+09
-0.83571105119726E+09
-0.83572505099155E+09
-0.83573906443342E+09
-0.83575309170694E+09
-0.83576713192142E+09
-0.83578118469928E+09
-0.83579525020317E+09
-0.83580919280659E+09
-0.83582331327762E+09
-0.83583744911341E+09
-0.83585159462294E+09
-0.83586574980597E+09
-0.83587991560196E+09
-0.83589409224615E+09
-0.83590849040621E+09
-0.83592248829103E+09
-0.83593663097309E+09
-0.83595079493528E+09
-0.83596525920006E+09
-0.83597968836554E+09
-0.83599407345374E+09
-0.83600893424106E+09
-0.83602355799293E+09
-0.83603768273119E+09
-0.83605177423790E+09
-0.83606605927252E+09
-0.83608089886463E+09
-0.83609506765495E+09
-0.83610921341308E+09
-0.83612300144011E+09
-0.83613743081804E+09
-0.83615177368026E+09
-0.83616679622477E+09
-0.83618165621168E+09
-0.83619609367486E+09
-0.83621041031109E+09
-0.83622480582416E+09
-0.83623907929094E+09
-0.83625354742953E+09
-0.83626802815106E+09
-0.83628252148431E+09
-0.83629702763454E+09
-0.83631106353930E+09
-0.83632541519597E+09
-0.83633997283455E+09
-0.83635454449158E+09
-0.83636913018726E+09
-0.83638372997084E+09
-0.83639834391744E+09
-0.83641297213568E+09
-0.83642761476908E+09
-0.83644227199539E+09
-0.83645694402540E+09
-0.83647163107180E+09
-0.83648633337146E+09
-0.83650105324377E+09
-0.83651578684520E+09
-0.83653050835450E+09
-0.83654522106782E+09
-0.83655994576685E+09
-0.83657467989417E+09
-0.83658942590342E+09
-0.83660418402993E+09
-0.83661895375328E+09
-0.83663355679909E+09
-0.83664837808251E+09
-0.83666320763924E+09
-0.83667804512405E+09
-0.83669289200256E+09
-0.83670774834419E+09
-0.83672261424439E+09
-0.83673749020195E+09
-0.83675237865275E+09
-0.83676727687108E+09
-0.83678218841544E+09
-0.83679703228099E+09
-0.83681201476887E+09
-0.83682695679850E+09
-0.83684190988950E+09
-0.83685687408534E+09
-0.83687184960119E+09
-0.83688683650383E+09
-0.83690183484678E+09
-0.83691684456153E+09
-0.83693185361278E+09
-0.83694684580206E+09
-0.83696174504446E+09
-0.83697670911777E+09
-0.83699173128020E+09
-0.83700648479903E+09
-0.83702215333266E+09
-0.83703741329136E+09
-0.83705266769594E+09
-0.83706790475444E+09
-0.83708309726952E+09
-0.83709928273444E+09
-0.83711464332479E+09
-0.83712972762825E+09
-0.83714449736612E+09
-0.83715945457435E+09
-0.83717438699272E+09
-0.83718953742183E+09
-0.83720469278331E+09
-0.83721985295659E+09
-0.83723501743561E+09
-0.83724979530523E+09
-0.83726503515951E+09
-0.83728026905211E+09
-0.83729551408923E+09
-0.83731077001214E+09
-0.83732603695789E+09
-0.83734131462065E+09
-0.83735660238268E+09
-0.83737190056767E+09
-0.83738720904093E+09
-0.83740252769058E+09
-0.83741785641032E+09
-0.83743319507347E+09
-0.83744854351873E+09
-0.83746390181226E+09
-0.83747926826683E+09
-0.83749463694226E+09
-0.83751009357079E+09
-0.83752549609689E+09
-0.83754090727849E+09
-0.83755632656837E+09
-0.83757176300823E+09
-0.83758719634240E+09
-0.83760263992104E+09
-0.83761809324107E+09
-0.83763355597261E+09
-0.83764902803436E+09
-0.83766450930222E+09
-0.83767999980491E+09
-0.83769549954053E+09
-0.83771100852577E+09
-0.83772652680014E+09
-0.83774205442373E+09
-0.83775759149051E+09
-0.83777315107896E+09
-0.83778873869345E+09
-0.83780433285014E+09
-0.83781993385127E+09
-0.83783554265472E+09
-0.83785117301740E+09
-0.83786680401473E+09
-0.83788243678636E+09
-0.83789801055372E+09
-0.83791356297971E+09
-0.83792884514059E+09
-0.83794484756756E+09
-0.83796080921343E+09
-0.83797676032741E+09
-0.83799268434107E+09
-0.83800856625041E+09
-0.83802540651602E+09
-0.83804144175949E+09
-0.83805653578079E+09
-0.83807165048872E+09
-0.83808728781623E+09
-0.83810292094113E+09
-0.83811854923964E+09
-0.83813365524093E+09
-0.83814937373103E+09
-0.83816510230868E+09
-0.83818084056238E+09
-0.83819750347803E+09
-0.83821323478800E+09
-0.83822896969446E+09
-0.83824470797166E+09
-0.83825989223028E+09
-0.83827568612536E+09
-0.83829148798563E+09
-0.83830729771216E+09
-0.83832311521915E+09
-0.83833894042722E+09
-0.83835477326153E+09
-0.83837061365214E+09
-0.83838646154127E+09
-0.83840231686259E+09
-0.83841817955813E+09
-0.83843404957276E+09
-0.83844992685462E+09
-0.83846581135434E+09
-0.83848170302310E+09
-0.83849760181341E+09
-0.83851350767813E+09
-0.83852942057076E+09
-0.83854534080489E+09
-0.83856126752197E+09
-0.83857719893117E+09
-0.83859313251804E+09
-0.83860907284293E+09
-0.83862501988923E+09
-0.83864097364916E+09
-0.83865693411659E+09
-0.83867290128958E+09
-0.83868887517485E+09
-0.83870485578280E+09
-0.83872084313144E+09
-0.83873683627917E+09
-0.83875283415189E+09
-0.83876883944377E+09
-0.83878485209227E+09
-0.83880087294721E+09
-0.83881690343598E+09
-0.83883294379008E+09
-0.83884899427280E+09
-0.83886504634880E+09
-0.83888109423792E+09
-0.83889719472777E+09
-0.83891326275739E+09
-0.83892933743523E+09
-0.83894541876762E+09
-0.83896150676336E+09
-0.83897760142590E+09
-0.83899370275732E+09
-0.83900981074306E+09
-0.83902592532907E+09
-0.83904203396069E+09
-0.83905716530820E+09
-0.83907339788532E+09
-0.83909056655282E+09
-0.83910669868196E+09
-0.83912283874938E+09
-0.83913898588859E+09
-0.83915513969417E+09
-0.83917130004275E+09
-0.83918746689744E+09
-0.83920252586454E+09
-0.83921877568569E+09
-0.83923504015537E+09
-0.83925134146515E+09
-0.83926764930666E+09
-0.83928396387556E+09
-0.83930028526920E+09
-0.83931661337257E+09
-0.83933292133916E+09
-0.83934922892094E+09
-0.83936567323943E+09
-0.83938222195854E+09
-0.83939873502610E+09
-0.83941522475168E+09
-0.83943173273511E+09
-0.83944824681590E+09
-0.83946473993460E+09
-0.83948124712001E+09
-0.83949773533472E+09
-0.83951406444685E+09
-0.83953034586846E+09
-0.83954789235258E+09
-0.83956389589638E+09
-0.83957991472988E+09
-0.83959594597111E+09
-0.83961337544174E+09
-0.83962948121491E+09
-0.83964562809067E+09
-0.83966125206089E+09
-0.83967731279708E+09
-0.83969335774234E+09
-0.83970922612162E+09
-0.83972548824383E+09
-0.83974175056989E+09
-0.83975801295486E+09
-0.83977427524091E+09
-0.83979053725922E+09
-0.83980679882871E+09
-0.83982305975751E+09
-0.83983931984486E+09
-0.83985470673442E+09
-0.83987102636869E+09
-0.83988734995581E+09
-0.83990367741688E+09
-0.83992000867445E+09
-0.83993634365714E+09
-0.83995268229649E+09
-0.83996902452863E+09
-0.83998537038934E+09
-0.84000171795145E+09
-0.84001779226573E+09
-0.84003415741549E+09
-0.84005052541118E+09
-0.84006689621346E+09
-0.84008326978346E+09
-0.84009964608587E+09
-0.84011602508427E+09
-0.84013240572101E+09
-0.84014878566337E+09
-0.84016516828581E+09
-0.84018155355449E+09
-0.84019794143878E+09
-0.84021433190886E+09
-0.84023072492937E+09
-0.84024712047761E+09
-0.84026345843290E+09
-0.84027985917093E+09
-0.84029474527463E+09
-0.84031117929963E+09
-0.84032762091935E+09
-0.84034406607126E+09
-0.84036051430526E+09
-0.84037698118107E+09
-0.84039343055298E+09
-0.84040988285996E+09
-0.84042633808080E+09
-0.84044279619746E+09
-0.84045925718615E+09
-0.84047572103126E+09
-0.84049218771308E+09
-0.84050865994029E+09
-0.84052513749608E+09
-0.84054161799374E+09
-0.84055810127160E+09
-0.84057458694761E+09
-0.84059107390529E+09
-0.84060757193879E+09
-0.84062407916178E+09
-0.84064057465387E+09
-0.84065707491277E+09
-0.84067357864410E+09
-0.84069008533717E+09
-0.84070659471574E+09
-0.84072313307663E+09
-0.84073967881297E+09
-0.84075623047036E+09
-0.84077278835728E+09
-0.84078935283151E+09
-0.84080592430311E+09
-0.84082250323810E+09
-0.84083909014802E+09
-0.84085568797933E+09
-0.84087232379889E+09
-0.84088897520520E+09
-0.84090564484286E+09
-0.84092233619315E+09
-0.84093913701271E+09
-0.84095603428283E+09
-0.84097292021934E+09
-0.84098980312765E+09
-0.84100655723264E+09
-0.84102320269283E+09
-0.84103981304637E+09
-0.84105638148165E+09
-0.84107226945098E+09
-0.84108863667134E+09
-0.84110499430026E+09
-0.84112134196880E+09
-0.84113767924164E+09
-0.84115400561008E+09
-0.84116732092864E+09
-0.84118378843280E+09
-0.84120025994493E+09
-0.84121673518060E+09
-0.84123321389609E+09
-0.84124969588052E+09
-0.84126618095467E+09
-0.84128266896143E+09
-0.84129915976773E+09
-0.84131565325698E+09
-0.84133214933265E+09
-0.84134864791281E+09
-0.84136514892818E+09
-0.84138165232251E+09
-0.84139815805017E+09
-0.84141466608021E+09
-0.84143117638702E+09
-0.84144768895990E+09
-0.84146420379702E+09
-0.84148072090838E+09
-0.84149724031468E+09
-0.84151376532118E+09
-0.84153029748527E+09
-0.84154683295151E+09
-0.84156337182540E+09
-0.84157991410982E+09
-0.84159645980801E+09
-0.84161300890656E+09
-0.84162956136358E+09
-0.84164611709321E+09
-0.84166267596105E+09
-0.84167925454720E+09
-0.84169586299937E+09
-0.84171248185225E+09
-0.84172911711934E+09
-0.84174501034006E+09
-0.84176155613098E+09
-0.84177810519414E+09
-0.84179465744207E+09
-0.84181121273150E+09
-0.84182779889128E+09
-0.84184440548446E+09
-0.84186102809459E+09
-0.84187767814098E+09
-0.84189345298016E+09
-0.84190996615675E+09
-0.84192647966255E+09
-0.84194299347650E+09
-0.84195950756547E+09
-0.84197602188876E+09
-0.84199255454452E+09
-0.84200909165187E+09
-0.84202563511136E+09
-0.84204218709336E+09
-0.84205874211162E+09
-0.84207530006243E+09
-0.84209186018387E+09
-0.84210842536510E+09
-0.84212502141390E+09
-0.84214159409738E+09
-0.84215817543633E+09
-0.84217476443062E+09
-0.84219136120373E+09
-0.84220813409004E+09
-0.84222476139066E+09
-0.84224140138426E+09
-0.84225805607071E+09
-0.84227472129414E+09
-0.84229140721572E+09
-0.84230809287198E+09
-0.84232478697329E+09
-0.84234146242255E+09
-0.84235812126926E+09
-0.84237476524884E+09
-0.84239139464267E+09
-0.84240800691316E+09
-0.84242719713296E+09
-0.84244308005825E+09
-0.84245916790601E+09
-0.84247534771941E+09
-0.84249161040364E+09
-0.84250828684624E+09
-0.84252415090513E+09
-0.84253934696183E+09
-0.84255564019173E+09
-0.84257192836455E+09
-0.84258820873503E+09
-0.84260448106895E+09
-0.84262074519749E+09
-0.84263349594596E+09
-0.84264986697900E+09
-0.84266624154107E+09
-0.84268261914621E+09
-0.84269899939098E+09
-0.84271538193902E+09
-0.84273176650825E+09
-0.84274815286578E+09
-0.84276454081405E+09
-0.84278093019205E+09
-0.84279732087036E+09
-0.84281371530132E+09
-0.84283011394157E+09
-0.84284651389947E+09
-0.84286291515330E+09
-0.84287931769544E+09
-0.84289572441467E+09
-0.84291213648662E+09
-0.84292855093216E+09
-0.84294496844496E+09
-0.84296138908811E+09
-0.84297781292724E+09
-0.84299424003169E+09
-0.84301067046470E+09
-0.84302710428126E+09
-0.84304354154705E+09
-0.84305998219890E+09
-0.84307642725636E+09
-0.84309291508007E+09
-0.84310941860519E+09
-0.84312594158099E+09
-0.84314248028507E+09
-0.84315903688964E+09
-0.84317561418156E+09
-0.84319221577162E+09
-0.84320884652426E+09
-0.84322551300680E+09
-0.84324032975452E+09
-0.84325675930360E+09
-0.84327319227297E+09
-0.84328963433640E+09
-0.84330608231743E+09
-0.84332253579917E+09
-0.84333899545642E+09
-0.84335546210109E+09
-0.84337193672552E+09
-0.84338842042479E+09
-0.84340491461437E+09
-0.84342142090911E+09
-0.84343794144982E+09
-0.84345447879320E+09
-0.84347103627820E+09
-0.84348747821588E+09
-0.84350385280940E+09
-0.84352025018562E+09
-0.84353674208496E+09
-0.84355330976231E+09
-0.84356988629297E+09
-0.84358959250035E+09
-0.84360562241645E+09
-0.84362207683339E+09
-0.84363486156775E+09
-0.84365105758136E+09
-0.84367096928858E+09
-0.84368703793567E+09
-0.84370327634076E+09
-0.84371907395810E+09
-0.84373402300898E+09
-0.84375015221905E+09
-0.84376625291564E+09
-0.84378234213361E+09
-0.84379842199809E+09
-0.84381449237380E+09
-0.84383054205747E+09
-0.84384205980285E+09
-0.84385822752674E+09
-0.84387440018122E+09
-0.84389057710792E+09
-0.84390675778320E+09
-0.84392294178188E+09
-0.84393912876396E+09
-0.84395531845645E+09
-0.84397151065505E+09
-0.84398770520460E+09
-0.84400390199387E+09
-0.84402010095030E+09
-0.84403630477391E+09
-0.84405251454689E+09
-0.84406872880437E+09
-0.84408494761511E+09
-0.84410117106407E+09
-0.84411739922327E+09
-0.84413363219050E+09
-0.84414987004738E+09
-0.84416611288674E+09
-0.84418236077300E+09
-0.84419861376781E+09
-0.84421487189940E+09
-0.84423113515528E+09
-0.84424744850380E+09
-0.84426377622699E+09
-0.84428011801125E+09
-0.84429647434759E+09
-0.84431284473442E+09
-0.84432922442268E+09
-0.84434562869464E+09
-0.84436206207465E+09
-0.84437853066374E+09
-0.84439322698438E+09
-0.84440948145364E+09
-0.84442573985398E+09
-0.84444200221439E+09
-0.84445826765188E+09
-0.84447453512023E+09
-0.84449081019696E+09
-0.84450709392568E+09
-0.84452338757001E+09
-0.84453969260304E+09
-0.84455601080210E+09
-0.84457234442378E+09
-0.84458869620673E+09
-0.84460498056960E+09
-0.84462112421661E+09
-0.84463729102957E+09
-0.84465348170772E+09
-0.84466969087829E+09
-0.84468984119435E+09
-0.84470580255740E+09
-0.84472176462923E+09
-0.84473768804312E+09
-0.84475433115308E+09
-0.84477095901182E+09
-0.84478267910086E+09
-0.84479908567600E+09
-0.84481572290238E+09
-0.84483546337328E+09
-0.84484663166101E+09
-0.84486105173887E+09
-0.84487693570800E+09
-0.84489283076017E+09
-0.84490873431420E+09
-0.84492915342544E+09
-0.84494499516676E+09
-0.84495518134392E+09
-0.84497110649667E+09
-0.84498703921562E+09
-0.84500298963161E+09
-0.84501894771282E+09
-0.84503490793284E+09
-0.84505087336621E+09
-0.84506684368948E+09
-0.84508281851486E+09
-0.84509879760323E+09
-0.84511478246256E+09
-0.84513077406595E+09
-0.84514677244679E+09
-0.84516277765738E+09
-0.84517878978047E+09
-0.84519480889693E+09
-0.84521083512031E+09
-0.84522686855154E+09
-0.84524290932155E+09
-0.84525918179998E+09
-0.84527526700320E+09
-0.84529140994455E+09
-0.84530757075413E+09
-0.84532375065231E+09
-0.84533995047678E+09
-0.84535617017451E+09
-0.84537241463070E+09
-0.84538867796948E+09
-0.84540495859381E+09
-0.84541942657015E+09
-0.84543550853782E+09
-0.84545159688223E+09
-0.84546769094344E+09
-0.84548379182234E+09
-0.84549990082356E+09
-0.84551601866985E+09
-0.84553191242596E+09
-0.84554803490694E+09
-0.84556416777613E+09
-0.84558031191992E+09
-0.84559570481855E+09
-0.84561180676879E+09
-0.84562791747527E+09
-0.84564688145486E+09
-0.84566293086032E+09
-0.84567878860445E+09
-0.84569410464583E+09
-0.84571008741007E+09
-0.84572606967170E+09
-0.84574199446676E+09
-0.84575797633485E+09
-0.84577395046854E+09
-0.84579072889766E+09
-0.84581043581612E+09
-0.84582607954601E+09
-0.84584175975327E+09
-0.84585741922739E+09
-0.84586893398466E+09
-0.84588518713402E+09
-0.84590153809956E+09
-0.84592149510854E+09
-0.84593211878544E+09
-0.84594679281215E+09
-0.84596159650280E+09
-0.84597725795171E+09
-0.84599292640284E+09
-0.84600771542545E+09
-0.84602341994579E+09
-0.84603913702951E+09
-0.84605486819376E+09
-0.84607061727569E+09
-0.84608636908259E+09
-0.84610213080290E+09
-0.84611790109683E+09
-0.84613368258092E+09
-0.84614947709349E+09
-0.84616528073984E+09
-0.84618109375638E+09
-0.84619691655633E+09
-0.84621274881698E+09
-0.84622858974109E+09
-0.84624443611365E+09
-0.84626032859563E+09
-0.84627620739147E+09
-0.84629208659965E+09
-0.84630798001061E+09
-0.84632388578830E+09
-0.84633980341253E+09
-0.84635535853829E+09
-0.84637127099038E+09
-0.84638722897851E+09
-0.84640820629775E+09
-0.84642377314097E+09
-0.84643963917202E+09
-0.84645547852358E+09
-0.84647135112975E+09
-0.84648728026620E+09
-0.84650288695068E+09
-0.84651872403220E+09
-0.84653456129712E+09
-0.84655039860032E+09
-0.84656623575929E+09
-0.84658207104044E+09
-0.84659790576763E+09
-0.84661373985621E+09
-0.84662957307995E+09
-0.84664540527429E+09
-0.84666119799749E+09
-0.84667703994095E+09
-0.84669288082930E+09
-0.84670872056211E+09
-0.84672455896025E+09
-0.84674039596668E+09
-0.84675623148621E+09
-0.84677206550727E+09
-0.84678789812378E+09
-0.84680372953248E+09
-0.84681956015102E+09
-0.84683994549561E+09
-0.84685399720973E+09
-0.84686942338788E+09
-0.84688608038312E+09
-0.84690149725202E+09
-0.84691698614562E+09
-0.84693355057193E+09
-0.84695013181698E+09
-0.84696633437954E+09
-0.84697603071773E+09
-0.84698385101922E+09
-0.84699935382102E+09
-0.84701488691956E+09
-0.84703046488386E+09
-0.84704608181542E+09
-0.84706173295214E+09
-0.84707741422663E+09
-0.84709341532369E+09
-0.84710926401413E+09
-0.84712515357531E+09
-0.84714106468250E+09
-0.84715698855352E+09
-0.84717292453590E+09
-0.84719385590160E+09
-0.84720982417114E+09
-0.84722579847503E+09
-0.84724177817047E+09
-0.84725776274265E+09
-0.84727375172188E+09
-0.84728975303095E+09
-0.84730585314985E+09
-0.84732194589060E+09
-0.84734024913796E+09
-0.84735601716810E+09
-0.84736828768317E+09
-0.84738419405426E+09
-0.84740010238420E+09
-0.84741606744522E+09
-0.84743204268179E+09
-0.84744801556101E+09
-0.84746398581597E+09
-0.84747951650922E+09
-0.84749548329690E+09
-0.84751147635641E+09
-0.84752746192682E+09
-0.84754342392834E+09
-0.84756129411441E+09
-0.84757706623018E+09
-0.84759284039425E+09
-0.84760856740905E+09
-0.84762418472063E+09
-0.84763995559964E+09
-0.84765572511901E+09
-0.84767149282629E+09
-0.84768725804715E+09
-0.84770302025250E+09
-0.84771881263632E+09
-0.84773959322321E+09
-0.84775527852063E+09
-0.84777098114155E+09
-0.84778666773821E+09
-0.84780233606845E+09
-0.84781797688483E+09
-0.84783359673131E+09
-0.84784943155871E+09
-0.84786469373073E+09
-0.84787990181266E+09
-0.84789575667365E+09
-0.84791221813821E+09
-0.84792893399538E+09
-0.84794077500908E+09
-0.84795159429068E+09
-0.84796035289802E+09
-0.84797601115849E+09
-0.84799158144058E+09
-0.84800720702550E+09
-0.84802287840110E+09
-0.84804509314776E+09
-0.84806082525846E+09
-0.84807658268510E+09
-0.84809236472367E+09
-0.84810816855469E+09
-0.84812399178347E+09
-0.84813984086173E+09
-0.84815572410944E+09
-0.84817167591381E+09
-0.84818766270063E+09
-0.84820367649349E+09
-0.84821970277909E+09
-0.84823573939208E+09
-0.84825178537032E+09
-0.84826783984332E+09
-0.84828390215533E+09
-0.84829997165654E+09
-0.84831456086607E+09
-0.84833052102157E+09
-0.84834648666245E+09
-0.84836245767537E+09
-0.84837843385394E+09
-0.84839441516367E+09
-0.84841040156267E+09
-0.84842639279115E+09
-0.84844238870980E+09
-0.84845844626562E+09
-0.84847452742019E+09
-0.84849060756137E+09
-0.84850668694746E+09
-0.84852276554950E+09
-0.84853884362570E+09
-0.84855492186205E+09
-0.84857099945927E+09
-0.84858707648380E+09
-0.84860315290544E+09
-0.84861922860938E+09
-0.84863530353163E+09
-0.84865137740797E+09
-0.84866744951310E+09
-0.84868351831404E+09
-0.84869958138671E+09
-0.84871569807740E+09
-0.84873709339517E+09
-0.84875296838233E+09
-0.84876883356149E+09
-0.84878467379379E+09
-0.84880048240595E+09
-0.84881626389727E+09
-0.84883202718535E+09
-0.84884212139547E+09
-0.84885823201454E+09
-0.84887434251461E+09
-0.84889045266981E+09
-0.84890656227251E+09
-0.84892534171813E+09
-0.84894049734560E+09
-0.84895580682624E+09
-0.84897107734801E+09
-0.84898629381039E+09
-0.84900313857705E+09
-0.84901266282526E+09
-0.84902878777997E+09
-0.84904461462753E+09
-0.84906034818155E+09
-0.84907613159364E+09
-0.84909195852853E+09
-0.84910782379409E+09
-0.84912372287819E+09
-0.84913965202685E+09
-0.84915561790656E+09
-0.84917162511800E+09
-0.84918765951475E+09
-0.84920371943387E+09
-0.84921980333622E+09
-0.84923591004878E+09
-0.84925206695723E+09
-0.84926830106854E+09
-0.84928334302643E+09
-0.84929935145969E+09
-0.84931539455737E+09
-0.84933146546288E+09
-0.84934756243289E+09
-0.84936368401231E+09
-0.84937982892779E+09
-0.84939601119486E+09
-0.84941141384018E+09
-0.84942747243291E+09
-0.84944354359273E+09
-0.84945962837952E+09
-0.84947572581365E+09
-0.84949183568331E+09
-0.84950795777456E+09
-0.84952409183746E+09
-0.84954023766740E+09
-0.84955640807001E+09
-0.84957425958535E+09
-0.84959060279997E+09
-0.84960694659170E+09
-0.84962329098099E+09
-0.84963963630898E+09
-0.84965598255284E+09
-0.84967232979165E+09
-0.84968867725470E+09
-0.84970502494383E+09
-0.84972137629810E+09
-0.84973773178076E+09
-0.84975409173076E+09
-0.84977691205105E+09
-0.84979316981609E+09
-0.84980942307617E+09
-0.84982567038465E+09
-0.84984190896534E+09
-0.84985813717146E+09
-0.84987441713571E+09
-0.84989062904621E+09
-0.84990682141974E+09
-0.84992253886700E+09
-0.84993808102338E+09
-0.84995358129823E+09
-0.84996899714151E+09
-0.84998362118574E+09
-0.84999964925612E+09
-0.85001576067705E+09
-0.85003044239899E+09
-0.85004589895700E+09
-0.85006129535899E+09
-0.85007757463365E+09
-0.85009448704456E+09
-0.85011145204770E+09
-0.85012098703113E+09
-0.85013710544340E+09
-0.85015314793589E+09
-0.85016924291402E+09
-0.85018538401643E+09
-0.85020157138867E+09
-0.85021781349575E+09
-0.85023409370782E+09
-0.85025040957496E+09
-0.85026679904554E+09
-0.85028299593224E+09
-0.85029921366541E+09
-0.85031545108338E+09
-0.85033172022355E+09
-0.85034800916528E+09
-0.85036431716385E+09
-0.85038064391013E+09
-0.85039698844025E+09
-0.85041335045700E+09
-0.85042972957944E+09
-0.85044612551469E+09
-0.85046253856407E+09
-0.85047896759703E+09
-0.85049540775359E+09
-0.85051186191281E+09
-0.85052833110353E+09
-0.85054481515992E+09
-0.85056131414433E+09
-0.85057783078740E+09
-0.85059441932585E+09
-0.85061102679856E+09
-0.85062774847118E+09
-0.85064449125512E+09
-0.85066123700419E+09
-0.85067798583070E+09
-0.85069473821278E+09
-0.85071149438165E+09
-0.85072825534199E+09
-0.85074501566643E+09
-0.85076177491159E+09
-0.85078539669376E+09
-0.85080208127896E+09
-0.85081876583225E+09
-0.85083544968021E+09
-0.85085215594923E+09
-0.85086886764364E+09
-0.85088557347247E+09
-0.85090227146220E+09
-0.85091895979777E+09
-0.85093563566770E+09
-0.85095229404173E+09
-0.85096893138044E+09
-0.85098559313378E+09
-0.85100226372190E+09
-0.85101900399328E+09
-0.85103046259743E+09
-0.85104688903710E+09
-0.85106330549088E+09
-0.85107970850998E+09
-0.85109611491477E+09
-0.85111264890321E+09
-0.85113037194253E+09
-0.85114160129414E+09
-0.85115904526417E+09
-0.85117654258538E+09
-0.85119405859410E+09
-0.85121159907729E+09
-0.85122055059264E+09
-0.85123703820128E+09
-0.85125813613198E+09
-0.85127534718286E+09
-0.85129257080227E+09
-0.85130980281755E+09
-0.85132705118208E+09
-0.85134431377516E+09
-0.85136159322833E+09
-0.85137058841686E+09
-0.85138717400921E+09
-0.85140379383426E+09
-0.85142044836631E+09
-0.85143712992813E+09
-0.85145382964479E+09
-0.85147055500707E+09
-0.85148730446879E+09
-0.85150407793486E+09
-0.85152087405023E+09
-0.85153769240236E+09
-0.85155453244409E+09
-0.85157139320372E+09
-0.85158827490174E+09
-0.85160517651425E+09
-0.85162209812662E+09
-0.85163903898351E+09
-0.85165599887414E+09
-0.85167297746359E+09
-0.85168997460116E+09
-0.85170698988448E+09
-0.85172404322943E+09
-0.85174124010489E+09
-0.85175851772537E+09
-0.85177580068978E+09
-0.85179372910294E+09
-0.85180887026206E+09
-0.85182618401097E+09
-0.85184350156063E+09
-0.85186082355861E+09
-0.85187814995498E+09
-0.85190359137659E+09
-0.85192086951617E+09
-0.85193814540039E+09
-0.85195541840987E+09
-0.85197268838622E+09
-0.85198995382890E+09
-0.85200721348557E+09
-0.85202446435267E+09
-0.85204170791934E+09
-0.85205898394156E+09
-0.85207620099063E+09
-0.85209340537156E+09
-0.85211058794348E+09
-0.85212150266171E+09
-0.85213838487073E+09
-0.85215529234431E+09
-0.85217235133153E+09
-0.85218920787553E+09
-0.85220720574723E+09
-0.85222422530599E+09
-0.85224122553904E+09
-0.85225821812538E+09
-0.85227542877695E+09
-0.85229196384145E+09
-0.85230934706751E+09
-0.85232639407864E+09
-0.85234344509164E+09
-0.85236057811513E+09
-0.85237774266093E+09
-0.85239623991024E+09
-0.85240602340361E+09
-0.85242388887536E+09
-0.85244176778001E+09
-0.85245965894955E+09
-0.85247756671148E+09
-0.85249549583654E+09
-0.85251344778076E+09
-0.85253141793826E+09
-0.85254967999734E+09
-0.85256701706237E+09
-0.85258440167606E+09
-0.85259212851349E+09
-0.85260939521196E+09
-0.85262669970434E+09
-0.85264404193964E+09
-0.85266142296810E+09
-0.85267884303350E+09
-0.85269630361604E+09
-0.85271374265226E+09
-0.85273120361678E+09
-0.85274868836470E+09
-0.85276619669348E+09
-0.85278372792490E+09
-0.85280128189722E+09
-0.85281885757916E+09
-0.85283645781581E+09
-0.85285416329227E+09
-0.85287197251078E+09
-0.85288983824654E+09
-0.85291615407034E+09
-0.85293407336757E+09
-0.85295199149416E+09
-0.85296990896027E+09
-0.85298781764439E+09
-0.85300571944707E+09
-0.85302361921563E+09
-0.85304151580075E+09
-0.85305940691379E+09
-0.85307731405495E+09
-0.85309522176613E+09
-0.85311310284956E+09
-0.85313098184492E+09
-0.85314885490185E+09
-0.85316671932540E+09
-0.85318457170213E+09
-0.85320240767040E+09
-0.85321345522543E+09
-0.85323103595378E+09
-0.85324861594285E+09
-0.85326619337402E+09
-0.85329028813466E+09
-0.85330811872336E+09
-0.85332594947447E+09
-0.85333702083351E+09
-0.85335469114218E+09
-0.85337236779668E+09
-0.85339004972450E+09
-0.85340773658363E+09
-0.85342542889790E+09
-0.85344312508648E+09
-0.85346082570045E+09
-0.85347852977537E+09
-0.85349624163625E+09
-0.85351397251453E+09
-0.85353170460823E+09
-0.85354943642146E+09
-0.85356716705054E+09
-0.85358489362837E+09
-0.85360433153689E+09
-0.85362224959725E+09
-0.85363745100357E+09
-0.85364923659611E+09
-0.85366789053481E+09
-0.85368655605724E+09
-0.85370523352178E+09
-0.85372392729017E+09
-0.85374264054169E+09
-0.85376137259142E+09
-0.85378010531898E+09
-0.85379831238671E+09
-0.85381637236346E+09
-0.85383448726997E+09
-0.85385265337809E+09
-0.85387086990126E+09
-0.85387954619412E+09
-0.85389756880106E+09
-0.85391563683628E+09
-0.85393376833841E+09
-0.85395195968332E+09
-0.85397021426681E+09
-0.85398853342826E+09
-0.85400683088540E+09
-0.85402510788603E+09
-0.85404341344823E+09
-0.85406897047690E+09
-0.85408759586875E+09
-0.85410623292088E+09
-0.85412488064299E+09
-0.85414354351615E+09
-0.85416221328234E+09
-0.85418088886322E+09
-0.85419957324090E+09
-0.85421892026755E+09
-0.85423758242830E+09
-0.85425623303411E+09
-0.85427487298372E+09
-0.85429351013133E+09
-0.85431214445980E+09
-0.85433077528873E+09
-0.85434940071624E+09
-0.85436801840311E+09
-0.85438410919133E+09
-0.85440267201603E+09
-0.85442124006385E+09
-0.85443981439324E+09
-0.85445839340331E+09
-0.85447697838918E+09
-0.85449556931620E+09
-0.85451416366474E+09
-0.85453276264534E+09
-0.85455136515055E+09
-0.85456874728472E+09
-0.85458739585299E+09
-0.85460604875297E+09
-0.85462470761091E+09
-0.85464336882613E+09
-0.85466203692142E+09
-0.85468127912922E+09
-0.85470006486937E+09
-0.85471619037818E+09
-0.85473492910366E+09
-0.85475367424625E+09
-0.85477242246878E+09
-0.85479117561796E+09
-0.85481038476609E+09
-0.85482925931027E+09
-0.85483951235968E+09
-0.85485806673779E+09
-0.85487662792781E+09
-0.85489519504973E+09
-0.85491376932306E+09
-0.85493234806638E+09
-0.85495122631447E+09
-0.85496990514019E+09
-0.85498859140097E+09
-0.85500731144903E+09
-0.85502600882529E+09
-0.85504471366466E+09
-0.85506342538470E+09
-0.85508214016826E+09
-0.85510085789726E+09
-0.85511957566918E+09
-0.85513829177782E+09
-0.85515714231021E+09
-0.85517600587552E+09
-0.85519192280711E+09
-0.85521119357302E+09
-0.85523014862633E+09
-0.85524917729485E+09
-0.85526827622351E+09
-0.85528747078360E+09
-0.85530651318207E+09
-0.85531517887374E+09
-0.85533410299532E+09
-0.85535309616285E+09
-0.85537216074680E+09
-0.85539129869411E+09
-0.85541051537135E+09
-0.85543661650514E+09
-0.85545604471505E+09
-0.85547554205556E+09
-0.85549504736602E+09
-0.85551341563901E+09
-0.85553294392533E+09
-0.85555248017737E+09
-0.85557202459143E+09
-0.85559157656025E+09
-0.85561113511660E+09
-0.85563069347674E+09
-0.85565025914812E+09
-0.85566717539161E+09
-0.85568658254663E+09
-0.85570599568964E+09
-0.85572541704581E+09
-0.85574484663454E+09
-0.85576428633154E+09
-0.85578373623969E+09
-0.85580319691485E+09
-0.85582266940299E+09
-0.85584215692125E+09
-0.85586168052311E+09
-0.85588125729968E+09
-0.85590083427670E+09
-0.85592042532096E+09
-0.85594002550636E+09
-0.85595963321316E+09
-0.85597924889677E+09
-0.85599887091000E+09
-0.85601850131236E+09
-0.85603813469586E+09
-0.85605447826605E+09
-0.85607416871670E+09
-0.85609386622943E+09
-0.83407486249635E+09
-0.83407703714791E+09
-0.83408264376776E+09
-0.83409155752992E+09
-0.83410348807487E+09
-0.83411880709972E+09
-0.83413690402750E+09
-0.83415773764838E+09
-0.83418187275247E+09
-0.83420915867960E+09
-0.83423895516041E+09
-0.83427202621949E+09
-0.83430755056230E+09
-0.83434660960484E+09
-0.83438804782389E+09
-0.83443237796181E+09
-0.83447992572100E+09
-0.83452974403487E+09
-0.83458322988187E+09
-0.83463829049765E+09
-0.83469715411723E+09
-0.83475838079776E+09
-0.83482280575978E+09
-0.83488979675007E+09
-0.83496023574452E+09
-0.83503231046669E+09
-0.83510842543181E+09
-0.83518649323444E+09
-0.83526806029602E+09
-0.83535199485029E+09
-0.83543883018559E+09
-0.83552910355553E+09
-0.83562128015538E+09
-0.83571825764530E+09
-0.83581490950782E+09
-0.83591760266184E+09
-0.83602200871490E+09
-0.83613047766964E+09
-0.83624101565697E+09
-0.83635523097997E+09
-0.83647285213806E+09
-0.83659335660769E+09
-0.83671671221346E+09
-0.83684411455106E+09
-0.83697563246937E+09
-0.83711037075775E+09
-0.83724906344477E+09
-0.83739186974555E+09
-0.83753965131818E+09
-0.83769226036070E+09
-0.83784950922014E+09
-0.83801287198164E+09
-0.83818308851370E+09
-0.83836071245358E+09
-0.83854824555391E+09
-0.83874765266001E+09
-0.83896343086182E+09
-0.83920320566748E+09
-0.83948755250562E+09
-0.83987067994724E+09
-0.84072406395231E+09
-0.84012828030175E+09
-0.84003376973985E+09
-0.84015162685392E+09
-0.84003629713180E+09
-0.84040251500060E+09
-0.84040589501072E+09
-0.84032903042240E+09
-0.84078134336101E+09
-0.84081664998905E+09
-0.84063075041540E+09
-0.84093686777972E+09
-0.84126842886938E+09
-0.84140471690948E+09
-0.84093441701425E+09
-0.84154771760656E+09
-0.84176520162741E+09
-0.84147927451980E+09
-0.84191643050015E+09
-0.84182713793364E+09
-0.84250603606007E+09
-0.84221099366571E+09
-0.84257279009315E+09
-0.84245238631457E+09
-0.84296150591931E+09
-0.84303277142525E+09
-0.84274777162302E+09
-0.84263920946582E+09
-0.84371057593783E+09
-0.84349067878521E+09
-0.84385011461025E+09
-0.84337625389513E+09
-0.84418671366715E+09
-0.84448695917768E+09
-0.84437424717696E+09
-0.84432855783077E+09
-0.84480546976652E+09
-0.84460370687447E+09
-0.84439980028999E+09
-0.84502955487918E+09
-0.84535140588332E+09
-0.84492329284765E+09
-0.84553968299737E+09
-0.84611764809169E+09
-0.84558890326639E+09
-0.84609716077652E+09
-0.84645636642422E+09
-0.84589500346109E+09
-0.84663291767090E+09
-0.84667720058983E+09
-0.84670358662448E+09
-0.84682780223881E+09
-0.84633568362146E+09
-0.84777025836372E+09
-0.84677362875526E+09
-0.84749599933286E+09
-0.84817713472633E+09
-0.84727967819704E+09
-0.84765839955781E+09
-0.84743850770687E+09
-0.84784407538653E+09
-0.84844473912100E+09
-0.84823501044874E+09
-0.84812320368467E+09
-0.84877503928979E+09
-0.84950070342602E+09
-0.84956791588579E+09
-0.84992997520793E+09
-0.84877253201720E+09
-0.84965677523525E+09
-0.84947325923016E+09
-0.84980269989923E+09
-0.84971891505864E+09
-0.85002699594898E+09
-0.85061123969551E+09
-0.85075851416410E+09
-0.85095093725344E+09
-0.85100704487422E+09
-0.85100416408190E+09
-0.85165745688624E+09
-0.85135480393136E+09
-0.85187652407740E+09
-0.85137510066626E+09
-0.85180026175658E+09
-0.85152358046520E+09
-0.85175034811394E+09
-0.85175275633792E+09
-0.85226882362156E+09
-0.85180007152201E+09
-0.85225119096854E+09
-0.85208674724410E+09
