-0.81315903977267E+01
-0.89453854693064E+02
-0.17080794347551E+03
-0.25222289235250E+03
-0.33372793319296E+03
-0.41535258945784E+03
-0.49712677371910E+03
-0.57908088811734E+03
-0.66124592854742E+03
-0.74365359340990E+03
-0.82633639782763E+03
-0.90932779430019E+03
-0.99266230085792E+03
-0.10763756378815E+04
-0.11605048748771E+04
-0.12450885886408E+04
-0.13301670344173E+04
-0.14157823318527E+04
-0.15019786677742E+04
-0.15888025180983E+04
-0.16763028914824E+04
-0.17645315977041E+04
-0.18535435441816E+04
-0.19433970645558E+04
-0.20341542838444E+04
-0.21258815253833E+04
-0.22186497655901E+04
-0.23125351435670E+04
-0.24076195337174E+04
-0.25039911909334E+04
-0.26017454795588E+04
-0.27009856993103E+04
-0.28018240237107E+04
-0.29043825694531E+04
-0.30087946185796E+04
-0.31152060195667E+04
-0.32237767985459E+04
-0.33346830181728E+04
-0.34481189293928E+04
-0.35642994708996E+04
-0.36834631829405E+04
-0.38058756168973E+04
-0.39318333406051E+04
-0.40616686627067E+04
-0.41957552289210E+04
-0.43345146807926E+04
-0.44784246158243E+04
-0.46280281502682E+04
-0.47839454669070E+04
-0.49468878362453E+04
-0.51176747394538E+04
-0.52972549074660E+04
-0.54867323402024E+04
-0.56873987078028E+04
-0.59007739978936E+04
-0.61286579119279E+04
-0.63731954078340E+04
-0.66369610541715E+04
-0.69230686858237E+04
-0.72353155223544E+04
-0.75783738981150E+04
-0.79580498509787E+04
-0.83816374239535E+04
-0.88584132817661E+04
-0.94003435296529E+04
-0.10023125979287E+05
-0.10747801305936E+05
-0.11603459960730E+05
-0.12632700957244E+05
-0.13910622297708E+05
-0.16808007582866E+05
-0.23851847197360E+05
-0.34465029062257E+05
-0.49674434202604E+05
-0.71323370991758E+05
-0.10233306412987E+06
-0.14742674333213E+06
-0.21457270775578E+06
-0.31801848196655E+06
-0.48556433972676E+06
-0.77730107764251E+06
-0.13477443867756E+07
-0.27199562673442E+07
-0.81234940268210E+07
-0.46723985490921E+09
 0.23210516881315E+10
 0.13450421851536E+08
 0.39982841049727E+07
 0.10776558415170E+07
-0.28692217181771E+06
-0.10541521793047E+07
-0.15401801634628E+07
-0.18767546887177E+07
-0.21247189574375E+07
-0.23211122202381E+07
-0.24831196840374E+07
-0.26231210907781E+07
-0.27483327193993E+07
-0.28605965154001E+07
-0.29674176416261E+07
-0.30686385540673E+07
-0.31661801141274E+07
-0.32612295148201E+07
-0.33546271595138E+07
-0.34460418760705E+07
-0.35366015288940E+07
-0.36272251740643E+07
-0.37171996693314E+07
-0.38078715050665E+07
-0.38993473069160E+07
-0.39875499932046E+07
-0.40787584456518E+07
-0.41697437849827E+07
-0.42613174319473E+07
-0.43535684634926E+07
-0.44440739034897E+07
-0.45375248805100E+07
-0.46307849202207E+07
-0.47241480164054E+07
-0.48190210574852E+07
-0.49122212260992E+07
-0.50077144496478E+07
-0.51034080641246E+07
-0.51996448558883E+07
-0.52964798436778E+07
-0.53955660393547E+07
-0.54896045507817E+07
-0.55875330234142E+07
-0.56863272398710E+07
-0.57851106347758E+07
-0.58852707856921E+07
-0.59820123163582E+07
-0.60820145674044E+07
-0.61829934004744E+07
-0.62836964183239E+07
-0.63854073629545E+07
-0.64874732540477E+07
-0.65908939861401E+07
-0.66881641634347E+07
-0.67910919270036E+07
-0.68939272063214E+07
-0.69968681272442E+07
-0.71029239177164E+07
-0.72002732165701E+07
-0.73049007828426E+07
-0.74084774981863E+07
-0.75129873591623E+07
-0.76178445670581E+07
-0.77189072452652E+07
-0.78238347438802E+07
-0.79297268400757E+07
-0.80344461555149E+07
-0.81398474948223E+07
-0.82459286765780E+07
-0.83548938088956E+07
-0.84539208612960E+07
-0.85598478393965E+07
-0.86657239317704E+07
-0.87721604524664E+07
-0.88798439452343E+07
-0.89805046594268E+07
-0.90873696415225E+07
-0.91947224716143E+07
-0.93013690502844E+07
-0.94084725860071E+07
-0.95177526595594E+07
-0.96179723936615E+07
-0.97247351604186E+07
-0.98328825553490E+07
-0.99403502556046E+07
-0.10047939763713E+08
-0.10158202640053E+08
-0.10257179514520E+08
-0.10364595992753E+08
-0.10473551303274E+08
-0.10581930718223E+08
-0.10689739295218E+08
-0.10797674708355E+08
-0.10907813324987E+08
-0.11019645895478E+08
-0.11116192043719E+08
-0.11225709331423E+08
-0.11333567799154E+08
-0.11441717204773E+08
-0.11551042673626E+08
-0.11652064459846E+08
-0.11760763036120E+08
-0.11871466599909E+08
-0.11980221343388E+08
-0.12088110088987E+08
-0.12198013374605E+08
-0.12308143957655E+08
-0.12410010027299E+08
-0.12519266296120E+08
-0.12628832845058E+08
-0.12739026728644E+08
-0.12847190197238E+08
-0.12958251468152E+08
-0.13070609247950E+08
-0.13186791743358E+08
-0.13279444599264E+08
