 0.24363418142162E+04
 0.24363418142162E+04
 0.24363418142162E+04
 0.24363418142162E+04
 0.24363418142162E+04
 0.24363418142162E+04
 0.24363418142162E+04
 0.24363418142162E+04
 0.24363418142162E+04
 0.24363418142162E+04
 0.24363418142162E+04
 0.24363418142162E+04
 0.24363418142162E+04
 0.24363418142162E+04
 0.24363418142162E+04
 0.24363418142162E+04
 0.24363418142162E+04
 0.24363418142162E+04
 0.24363418142162E+04
 0.24363418142162E+04
 0.24363418142162E+04
 0.24363418142162E+04
 0.24363418142162E+04
 0.24363418142162E+04
 0.24363418142162E+04
 0.24363418142162E+04
 0.24363418142162E+04
 0.24363418142162E+04
 0.24363418142162E+04
 0.24363418142162E+04
 0.24363418142162E+04
 0.24363418142162E+04
 0.24363418142162E+04
 0.24363418142162E+04
 0.24363418142162E+04
 0.24363418142162E+04
 0.24363418142162E+04
 0.24363418142162E+04
 0.24363418142162E+04
 0.24363418142162E+04
 0.24363418142162E+04
 0.24363418142162E+04
 0.24363418142162E+04
 0.24363418142162E+04
 0.24363418142162E+04
 0.24363418142162E+04
 0.24363418142162E+04
 0.24363418142162E+04
 0.24363418142162E+04
 0.24363418142162E+04
 0.24363418142162E+04
 0.24363418142162E+04
 0.24363418142162E+04
 0.24363418142162E+04
 0.24363418142162E+04
 0.24363418142162E+04
 0.24363418142162E+04
 0.24363418142162E+04
 0.24363418142162E+04
 0.24363418142162E+04
 0.24363418142162E+04
 0.24363418142162E+04
 0.24363418142162E+04
 0.24363418142162E+04
 0.24363418142162E+04
 0.24363418142162E+04
 0.24363418142162E+04
 0.24363418142162E+04
 0.24363418142162E+04
 0.24363418142162E+04
 0.24363418139737E+04
 0.24363418161922E+04
 0.24363418240403E+04
 0.24363418330828E+04
 0.24363418479985E+04
 0.24363418471329E+04
 0.24363418603712E+04
 0.24363418574217E+04
 0.24363418591787E+04
 0.24363418601275E+04
 0.24363418652214E+04
 0.24363418825308E+04
 0.24363418570700E+04
 0.24363418257651E+04
 0.24363418165379E+04
 0.24363418230152E+04
 0.24363418128965E+04
 0.24363418466728E+04
 0.24363418269073E+04
 0.24363418011285E+04
 0.24363418055549E+04
 0.24363418253477E+04
 0.24363418104222E+04
 0.24363417960009E+04
 0.24363418202209E+04
 0.24363418023640E+04
 0.24363418258274E+04
 0.24363417987309E+04
 0.24363418240118E+04
 0.24363417765386E+04
 0.24363418018667E+04
 0.24363417754742E+04
 0.24363417223082E+04
 0.24363417860774E+04
 0.24363417867865E+04
 0.24363417218098E+04
 0.24363417838345E+04
 0.24363417804580E+04
 0.24363417775295E+04
 0.24363417724187E+04
 0.24363417036780E+04
 0.24363417658904E+04
 0.24363417648149E+04
 0.24363417631346E+04
 0.24363417595038E+04
 0.24363417399644E+04
 0.24363417081808E+04
 0.24363417496887E+04
 0.24363417488420E+04
 0.24363417258024E+04
 0.24363417437953E+04
 0.24363417463633E+04
 0.24363417192354E+04
 0.24363416692874E+04
 0.24363416715711E+04
 0.24363417249877E+04
 0.24363416931056E+04
 0.24363417292289E+04
 0.24363417291268E+04
 0.24363417217854E+04
 0.24363417034600E+04
 0.24363417230918E+04
 0.24363417224158E+04
 0.24363417120117E+04
 0.24363417138655E+04
 0.24363417259403E+04
 0.24363417213836E+04
 0.24363417197081E+04
 0.24363417202372E+04
 0.24363416643864E+04
 0.24363417192308E+04
 0.24363417135562E+04
 0.24363417216572E+04
 0.24363417073971E+04
 0.24363416717307E+04
 0.24363417132754E+04
 0.24363416622148E+04
 0.24363417179498E+04
 0.24363416728437E+04
 0.24363416948593E+04
 0.24363417014140E+04
 0.24363417244166E+04
 0.24363416775504E+04
 0.24363416642887E+04
 0.24363416993800E+04
 0.24363417308761E+04
 0.24363417431848E+04
 0.24363417415402E+04
 0.24363417400423E+04
 0.24363417230736E+04
 0.24363417461151E+04
 0.24363417393845E+04
 0.24363417319851E+04
 0.24363417335438E+04
 0.24363417429434E+04
 0.24363417457533E+04
 0.24363417415849E+04
 0.24363417259087E+04
 0.24363417133465E+04
 0.24363416690528E+04
 0.24363417364316E+04
 0.24363417407629E+04
 0.24363417271061E+04
 0.24363417125418E+04
 0.24363417027573E+04
 0.24363417235271E+04
 0.24363417174066E+04
 0.24363416803299E+04
 0.24363416801565E+04
 0.24363417003370E+04
 0.24363417492703E+04
 0.24363417477664E+04
 0.24363417066630E+04
 0.24363417467731E+04
 0.24363417461775E+04
 0.24363417488306E+04
 0.24363417457251E+04
 0.24363417392108E+04
 0.24363417441134E+04
 0.24363417271626E+04
 0.24363417438523E+04
 0.24363417443622E+04
 0.24363417407758E+04
 0.24363416768093E+04
 0.24363416788463E+04
 0.24363416963910E+04
 0.24363416966622E+04
 0.24363417211274E+04
 0.24363416746605E+04
 0.24363417228813E+04
 0.24363417011107E+04
