 0.14782594088164E+04
 0.14782594088164E+04
 0.14782594088164E+04
 0.14782594088164E+04
 0.14782594088164E+04
 0.14782594088164E+04
 0.14782594088164E+04
 0.14782594088164E+04
 0.14782594088164E+04
 0.14782594088164E+04
 0.14782594088164E+04
 0.14782594088164E+04
 0.14782594088164E+04
 0.14782594088164E+04
 0.14782594088164E+04
 0.14782594088164E+04
 0.14782594088164E+04
 0.14782594088164E+04
 0.14782594088164E+04
 0.14782594088164E+04
 0.14782594088164E+04
 0.14782594088164E+04
 0.14782594088164E+04
 0.14782594088164E+04
 0.14782594088164E+04
 0.14782594088164E+04
 0.14782594088164E+04
 0.14782594088164E+04
 0.14782594088164E+04
 0.14782594088164E+04
 0.14782594088164E+04
 0.14782594088164E+04
 0.14782594088164E+04
 0.14782594088164E+04
 0.14782594088164E+04
 0.14782594088164E+04
 0.14782594088164E+04
 0.14782594088164E+04
 0.14782594088164E+04
 0.14782594088164E+04
 0.14782594088164E+04
 0.14782594088164E+04
 0.14782594088164E+04
 0.14782594088164E+04
 0.14782594088164E+04
 0.14782594088164E+04
 0.14782594088164E+04
 0.14782594088164E+04
 0.14782594088164E+04
 0.14782594088164E+04
 0.14782594088164E+04
 0.14782594088164E+04
 0.14782594088164E+04
 0.14782594088164E+04
 0.14782594088164E+04
 0.14782594088164E+04
 0.14782594088164E+04
 0.14782594088164E+04
 0.14782594088164E+04
 0.14782594088164E+04
 0.14782594088164E+04
 0.14782594088164E+04
 0.14782594088164E+04
 0.14782594088164E+04
 0.14782594088164E+04
 0.14782594088164E+04
 0.14782594088164E+04
 0.14782594088164E+04
 0.14782594088164E+04
 0.14782594088164E+04
 0.14782594089807E+04
 0.14782594090668E+04
 0.14782594080555E+04
 0.14782594061036E+04
 0.14782594019617E+04
 0.14782594017612E+04
 0.14782593973215E+04
 0.14782593976701E+04
 0.14782593967491E+04
 0.14782593961262E+04
 0.14782593947325E+04
 0.14782593885025E+04
 0.14782593788670E+04
 0.14782593707778E+04
 0.14782593679777E+04
 0.14782593538114E+04
 0.14782593729063E+04
 0.14782594074230E+04
 0.14782594196345E+04
 0.14782594222493E+04
 0.14782594189426E+04
 0.14782594135488E+04
 0.14782594170228E+04
 0.14782594206412E+04
 0.14782594141046E+04
 0.14782594182943E+04
 0.14782594123083E+04
 0.14782594167579E+04
 0.14782594106717E+04
 0.14782594210382E+04
 0.14782593988897E+04
 0.14782594002252E+04
 0.14782594108180E+04
 0.14782593940940E+04
 0.14782593926523E+04
 0.14782594076574E+04
 0.14782593861932E+04
 0.14782593833320E+04
 0.14782593816758E+04
 0.14782593812244E+04
 0.14782593969287E+04
 0.14782593815548E+04
 0.14782593746375E+04
 0.14782593735289E+04
 0.14782593725749E+04
 0.14782593763191E+04
 0.14782593837619E+04
 0.14782593678443E+04
 0.14782593665553E+04
 0.14782593704396E+04
 0.14782593661669E+04
 0.14782593652122E+04
 0.14782593651899E+04
 0.14782593763341E+04
 0.14782593753746E+04
 0.14782593615727E+04
 0.14782593695925E+04
 0.14782593559570E+04
 0.14782593549676E+04
 0.14782593561597E+04
 0.14782593612283E+04
 0.14782593529005E+04
 0.14782593517738E+04
 0.14782593531542E+04
 0.14782593539669E+04
 0.14782593538349E+04
 0.14782593512402E+04
 0.14782593518265E+04
 0.14782593589512E+04
 0.14782593769906E+04
 0.14782593534899E+04
 0.14782593539262E+04
 0.14782593552006E+04
 0.14782593608925E+04
 0.14782593781962E+04
 0.14782593658507E+04
 0.14782593748799E+04
 0.14782593613486E+04
 0.14782593764129E+04
 0.14782593957683E+04
 0.14782593895899E+04
 0.14782593726959E+04
 0.14782593800540E+04
 0.14782593804372E+04
 0.14782593955517E+04
 0.14782593756720E+04
 0.14782593651283E+04
 0.14782593640813E+04
 0.14782593697274E+04
 0.14782593772920E+04
 0.14782593683741E+04
 0.14782593629584E+04
 0.14782593628057E+04
 0.14782593636274E+04
 0.14782593647702E+04
 0.14782593666472E+04
 0.14782593647854E+04
 0.14782593639298E+04
 0.14782593683829E+04
 0.14782593831278E+04
 0.14782593649833E+04
 0.14782593656744E+04
 0.14782593649026E+04
 0.14782593707138E+04
 0.14782593889302E+04
 0.14782593808323E+04
 0.14782593705761E+04
 0.14782593838952E+04
 0.14782593828081E+04
 0.14782593901697E+04
 0.14782593704688E+04
 0.14782593679050E+04
 0.14782593931775E+04
 0.14782593728797E+04
 0.14782593704574E+04
 0.14782593697928E+04
 0.14782593665432E+04
 0.14782593665953E+04
 0.14782593674764E+04
 0.14782593657209E+04
 0.14782593661079E+04
 0.14782593660813E+04
 0.14782593669460E+04
 0.14782593833452E+04
 0.14782593845585E+04
 0.14782593943226E+04
 0.14782593949942E+04
 0.14782593699344E+04
 0.14782593835426E+04
 0.14782593727028E+04
 0.14782593938918E+04
