 0.13708345617146E+03
 0.13708345617146E+03
 0.13708345617146E+03
 0.13708345617146E+03
 0.13708345617146E+03
 0.13708345617146E+03
 0.13708345617146E+03
 0.13708345617146E+03
 0.13708345617146E+03
 0.13708345617146E+03
 0.13708345617146E+03
 0.13708345617146E+03
 0.13708345617146E+03
 0.13708345617146E+03
 0.13708345617146E+03
 0.13708345617146E+03
 0.13708345617146E+03
 0.13708345617146E+03
 0.13708345617146E+03
 0.13708345617146E+03
 0.13708345617146E+03
 0.13708345617146E+03
 0.13708345617146E+03
 0.13708345617146E+03
 0.13708345617146E+03
 0.13708345617146E+03
 0.13708345617146E+03
 0.13708345617146E+03
 0.13708345617146E+03
 0.13708345617146E+03
 0.13708345617146E+03
 0.13708345617146E+03
 0.13708345617146E+03
 0.13708345617146E+03
 0.13708345617146E+03
 0.13708345617146E+03
 0.13708345617146E+03
 0.13708345617146E+03
 0.13708345617146E+03
 0.13708345617146E+03
 0.13708345617146E+03
 0.13708345617146E+03
 0.13708345617146E+03
 0.13708345617146E+03
 0.13708345617146E+03
 0.13708345617146E+03
 0.13708345617146E+03
 0.13708345617146E+03
 0.13708345617146E+03
 0.13708345617146E+03
 0.13708345617146E+03
 0.13708345617146E+03
 0.13708345617146E+03
 0.13708345617146E+03
 0.13708345617146E+03
 0.13708345617146E+03
 0.13708345617146E+03
 0.13708345617146E+03
 0.13708345617146E+03
 0.13708345617146E+03
 0.13708345617146E+03
 0.13708345617146E+03
 0.13708345617146E+03
 0.13708345617146E+03
 0.13708345617146E+03
 0.13708345617146E+03
 0.13708345617146E+03
 0.13708345617146E+03
 0.13708345617146E+03
 0.13708345617146E+03
 0.13708345616205E+03
 0.13708345634889E+03
 0.13708345694961E+03
 0.13708345766937E+03
 0.13708345895937E+03
 0.13708345889988E+03
 0.13708346020820E+03
 0.13708345998136E+03
 0.13708346022955E+03
 0.13708346044405E+03
 0.13708346103519E+03
 0.13708346242707E+03
 0.13708346004959E+03
 0.13708345751776E+03
 0.13708345670875E+03
 0.13708345690675E+03
 0.13708345512321E+03
 0.13708345669544E+03
 0.13708345486336E+03
 0.13708345308278E+03
 0.13708345412563E+03
 0.13708345609928E+03
 0.13708345476179E+03
 0.13708345338145E+03
 0.13708345567224E+03
 0.13708345412268E+03
 0.13708345635865E+03
 0.13708345391647E+03
 0.13708345644577E+03
 0.13708345198369E+03
 0.13708345616289E+03
 0.13708345419249E+03
 0.13708344931107E+03
 0.13708345573962E+03
 0.13708345583040E+03
 0.13708344966996E+03
 0.13708345648119E+03
 0.13708345651678E+03
 0.13708345651916E+03
 0.13708345615301E+03
 0.13708344962539E+03
 0.13708345577516E+03
 0.13708345640260E+03
 0.13708345643221E+03
 0.13708345624142E+03
 0.13708345442167E+03
 0.13708345146079E+03
 0.13708345616308E+03
 0.13708345625072E+03
 0.13708345425673E+03
 0.13708345593946E+03
 0.13708345615371E+03
 0.13708345421368E+03
 0.13708344952458E+03
 0.13708344977901E+03
 0.13708345501929E+03
 0.13708345199789E+03
 0.13708345605870E+03
 0.13708345612987E+03
 0.13708345552559E+03
 0.13708345373365E+03
 0.13708345598426E+03
 0.13708345598790E+03
 0.13708345505818E+03
 0.13708345509352E+03
 0.13708345606493E+03
 0.13708345601052E+03
 0.13708345578892E+03
 0.13708345499618E+03
 0.13708344910401E+03
 0.13708345555647E+03
 0.13708345508674E+03
 0.13708345553641E+03
 0.13708345390883E+03
 0.13708344951956E+03
 0.13708345376989E+03
 0.13708344918874E+03
 0.13708345458144E+03
 0.13708344978276E+03
 0.13708344916741E+03
 0.13708345034986E+03
 0.13708345394684E+03
 0.13708344973550E+03
 0.13708344874119E+03
 0.13708344951458E+03
 0.13708345405707E+03
 0.13708345602589E+03
 0.13708345601367E+03
 0.13708345531990E+03
 0.13708345334221E+03
 0.13708345589792E+03
 0.13708345596417E+03
 0.13708345542142E+03
 0.13708345542947E+03
 0.13708345603607E+03
 0.13708345604146E+03
 0.13708345591246E+03
 0.13708345484739E+03
 0.13708345350361E+03
 0.13708344876823E+03
 0.13708345547694E+03
 0.13708345571079E+03
 0.13708345482003E+03
 0.13708345320333E+03
 0.13708345053375E+03
 0.13708345298357E+03
 0.13708345354767E+03
 0.13708344948350E+03
 0.13708344961255E+03
 0.13708345022897E+03
 0.13708345587201E+03
 0.13708345603844E+03
 0.13708345033062E+03
 0.13708345542552E+03
 0.13708345566030E+03
 0.13708345590205E+03
 0.13708345600626E+03
 0.13708345548677E+03
 0.13708345574805E+03
 0.13708345471970E+03
 0.13708345588388E+03
 0.13708345594188E+03
 0.13708345554371E+03
 0.13708344927170E+03
 0.13708344926279E+03
 0.13708344941062E+03
 0.13708344937511E+03
 0.13708345383383E+03
 0.13708344908105E+03
 0.13708345366189E+03
 0.13708344984744E+03
