 0.83175894160695E+02
 0.83175894160695E+02
 0.83175894160695E+02
 0.83175894160695E+02
 0.83175894160695E+02
 0.83175894160695E+02
 0.83175894160695E+02
 0.83175894160695E+02
 0.83175894160695E+02
 0.83175894160695E+02
 0.83175894160695E+02
 0.83175894160695E+02
 0.83175894160695E+02
 0.83175894160695E+02
 0.83175894160695E+02
 0.83175894160695E+02
 0.83175894160695E+02
 0.83175894160695E+02
 0.83175894160695E+02
 0.83175894160695E+02
 0.83175894160695E+02
 0.83175894160695E+02
 0.83175894160695E+02
 0.83175894160695E+02
 0.83175894160695E+02
 0.83175894160695E+02
 0.83175894160695E+02
 0.83175894160695E+02
 0.83175894160695E+02
 0.83175894160695E+02
 0.83175894160695E+02
 0.83175894160695E+02
 0.83175894160695E+02
 0.83175894160695E+02
 0.83175894160695E+02
 0.83175894160695E+02
 0.83175894160695E+02
 0.83175894160695E+02
 0.83175894160695E+02
 0.83175894160695E+02
 0.83175894160695E+02
 0.83175894160695E+02
 0.83175894160695E+02
 0.83175894160695E+02
 0.83175894160695E+02
 0.83175894160695E+02
 0.83175894160695E+02
 0.83175894160695E+02
 0.83175894160695E+02
 0.83175894160695E+02
 0.83175894160695E+02
 0.83175894160695E+02
 0.83175894160695E+02
 0.83175894160695E+02
 0.83175894160695E+02
 0.83175894160695E+02
 0.83175894160695E+02
 0.83175894160695E+02
 0.83175894160695E+02
 0.83175894160695E+02
 0.83175894160695E+02
 0.83175894160695E+02
 0.83175894160695E+02
 0.83175894160695E+02
 0.83175894160695E+02
 0.83175894160695E+02
 0.83175894160695E+02
 0.83175894160695E+02
 0.83175894160695E+02
 0.83175894160695E+02
 0.83175894172512E+02
 0.83175894214986E+02
 0.83175894254641E+02
 0.83175894272827E+02
 0.83175894313264E+02
 0.83175894295443E+02
 0.83175894387512E+02
 0.83175894370189E+02
 0.83175894408971E+02
 0.83175894471681E+02
 0.83175894578039E+02
 0.83175894481090E+02
 0.83175893365614E+02
 0.83175892443014E+02
 0.83175892109607E+02
 0.83175891211522E+02
 0.83175891549203E+02
 0.83175893292170E+02
 0.83175893542421E+02
 0.83175893489257E+02
 0.83175893784837E+02
 0.83175894003151E+02
 0.83175893896642E+02
 0.83175893755054E+02
 0.83175893950344E+02
 0.83175893855513E+02
 0.83175894074350E+02
 0.83175893767975E+02
 0.83175894097107E+02
 0.83175893593729E+02
 0.83175894018572E+02
 0.83175893799198E+02
 0.83175893248461E+02
 0.83175894030958E+02
 0.83175893980711E+02
 0.83175893305398E+02
 0.83175894112932E+02
 0.83175894088811E+02
 0.83175894097039E+02
 0.83175894023962E+02
 0.83175893293708E+02
 0.83175894036166E+02
 0.83175894064375E+02
 0.83175894077329E+02
 0.83175894031844E+02
 0.83175893805439E+02
 0.83175893512780E+02
 0.83175894053218E+02
 0.83175894062774E+02
 0.83175893858032E+02
 0.83175894024352E+02
 0.83175894012961E+02
 0.83175893760727E+02
 0.83175893247847E+02
 0.83175893270270E+02
 0.83175893849628E+02
 0.83175893556067E+02
 0.83175894019526E+02
 0.83175894010524E+02
 0.83175893961584E+02
 0.83175893785131E+02
 0.83175894011896E+02
 0.83175893973793E+02
 0.83175893842546E+02
 0.83175893846426E+02
 0.83175894016177E+02
 0.83175893992735E+02
 0.83175893948470E+02
 0.83175893850286E+02
 0.83175893196920E+02
 0.83175893917313E+02
 0.83175893850583E+02
 0.83175893918556E+02
 0.83175893738121E+02
 0.83175893266160E+02
 0.83175893732117E+02
 0.83175893203715E+02
 0.83175893811624E+02
 0.83175893287522E+02
 0.83175893251606E+02
 0.83175893397650E+02
 0.83175893844268E+02
 0.83175893303032E+02
 0.83175893174043E+02
 0.83175893295727E+02
 0.83175893858082E+02
 0.83175894039201E+02
 0.83175894029025E+02
 0.83175893976900E+02
 0.83175893781867E+02
 0.83175894044148E+02
 0.83175894009406E+02
 0.83175893924114E+02
 0.83175893922017E+02
 0.83175894033470E+02
 0.83175894046426E+02
 0.83175894005703E+02
 0.83175893846505E+02
 0.83175893710592E+02
 0.83175893179195E+02
 0.83175893928522E+02
 0.83175893961422E+02
 0.83175893843761E+02
 0.83175893687023E+02
 0.83175893426251E+02
 0.83175893747974E+02
 0.83175893722115E+02
 0.83175893271368E+02
 0.83175893294423E+02
 0.83175893393692E+02
 0.83175894038571E+02
 0.83175894046635E+02
 0.83175893408640E+02
 0.83175893988564E+02
 0.83175894015055E+02
 0.83175894033766E+02
 0.83175894020180E+02
 0.83175893930308E+02
 0.83175893971034E+02
 0.83175893827008E+02
 0.83175893985367E+02
 0.83175894001656E+02
 0.83175893931155E+02
 0.83175893232104E+02
 0.83175893225425E+02
 0.83175893265534E+02
 0.83175893272524E+02
 0.83175893732610E+02
 0.83175893200893E+02
 0.83175893724180E+02
 0.83175893345211E+02
