 0.46195332481009E+14
 0.46195332481009E+14
 0.46195332481009E+14
 0.46195332481009E+14
 0.46195332481009E+14
 0.46195332481009E+14
 0.46195332481009E+14
 0.46195332481009E+14
 0.46195332481009E+14
 0.46195332481009E+14
 0.46195332481009E+14
 0.46195332481009E+14
 0.46195332481009E+14
 0.46195332481009E+14
 0.46195332481009E+14
 0.46195332481009E+14
 0.46195332481009E+14
 0.46195332481009E+14
 0.46195332481009E+14
 0.46195332481009E+14
 0.46195332481009E+14
 0.46195332481009E+14
 0.46195332481009E+14
 0.46195332481009E+14
 0.46195332481009E+14
 0.46195332481009E+14
 0.46195332481009E+14
 0.46195332481009E+14
 0.46195332481009E+14
 0.46195332481009E+14
 0.46195332481009E+14
 0.46195332481009E+14
 0.46195332481009E+14
 0.46195332481009E+14
 0.46195332481009E+14
 0.46195332481009E+14
 0.46195332481009E+14
 0.46195332481009E+14
 0.46195332481009E+14
 0.46195332481009E+14
 0.46195332481009E+14
 0.46195332481009E+14
 0.46195332481009E+14
 0.46195332481009E+14
 0.46195332481009E+14
 0.46195332481009E+14
 0.46195332481009E+14
 0.46195332481009E+14
 0.46195332481009E+14
 0.46195332481009E+14
 0.46195332481009E+14
 0.46195332481009E+14
 0.46195332481009E+14
 0.46195332481009E+14
 0.46195332481009E+14
 0.46195332481009E+14
 0.46195332481009E+14
 0.46195332481009E+14
 0.46195332481009E+14
 0.46195332481009E+14
 0.46195332481009E+14
 0.46195332481009E+14
 0.46195332481009E+14
 0.46195332481009E+14
 0.46195332481009E+14
 0.46195332481009E+14
 0.46195332481009E+14
 0.46195332481009E+14
 0.46195332481009E+14
 0.46195332481009E+14
 0.46195332481211E+14
 0.46195332480559E+14
 0.46195332480099E+14
 0.46195332480325E+14
 0.46195332481550E+14
 0.46195332481765E+14
 0.46195332483301E+14
 0.46195332483426E+14
 0.46195332483800E+14
 0.46195332484098E+14
 0.46195332484336E+14
 0.46195332480843E+14
 0.46195332457547E+14
 0.46195332433055E+14
 0.46195332424113E+14
 0.46195332416848E+14
 0.46195332434873E+14
 0.46195332485592E+14
 0.46195332497598E+14
 0.46195332493961E+14
 0.46195332491010E+14
 0.46195332491574E+14
 0.46195332490171E+14
 0.46195332489554E+14
 0.46195332490369E+14
 0.46195332488454E+14
 0.46195332489062E+14
 0.46195332484861E+14
 0.46195332485009E+14
 0.46195332481484E+14
 0.46195332451343E+14
 0.46195332441219E+14
 0.46195332434709E+14
 0.46195332433705E+14
 0.46195332432193E+14
 0.46195332428800E+14
 0.46195332417212E+14
 0.46195332409636E+14
 0.46195332405332E+14
 0.46195332402283E+14
 0.46195332398285E+14
 0.46195332399464E+14
 0.46195332384834E+14
 0.46195332380857E+14
 0.46195332378110E+14
 0.46195332375729E+14
 0.46195332373379E+14
 0.46195332362250E+14
 0.46195332359223E+14
 0.46195332354789E+14
 0.46195332355688E+14
 0.46195332355572E+14
 0.46195332341074E+14
 0.46195332337188E+14
 0.46195332336163E+14
 0.46195332337121E+14
 0.46195332335543E+14
 0.46195332325930E+14
 0.46195332324518E+14
 0.46195332322915E+14
 0.46195332323075E+14
 0.46195332316954E+14
 0.46195332314181E+14
 0.46195332312176E+14
 0.46195332314159E+14
 0.46195332319317E+14
 0.46195332312167E+14
 0.46195332312578E+14
 0.46195332326839E+14
 0.46195332333300E+14
 0.46195332315968E+14
 0.46195332312225E+14
 0.46195332319369E+14
 0.46195332323093E+14
 0.46195332338856E+14
 0.46195332335892E+14
 0.46195332326195E+14
 0.46195332329492E+14
 0.46195332334588E+14
 0.46195332386011E+14
 0.46195332375649E+14
 0.46195332353863E+14
 0.46195332344559E+14
 0.46195332339253E+14
 0.46195332386959E+14
 0.46195332362837E+14
 0.46195332347204E+14
 0.46195332344200E+14
 0.46195332354932E+14
 0.46195332360570E+14
 0.46195332356201E+14
 0.46195332341434E+14
 0.46195332337662E+14
 0.46195332339695E+14
 0.46195332345591E+14
 0.46195332351098E+14
 0.46195332347390E+14
 0.46195332334779E+14
 0.46195332337294E+14
 0.46195332343484E+14
 0.46195332341974E+14
 0.46195332345190E+14
 0.46195332336266E+14
 0.46195332341667E+14
 0.46195332371892E+14
 0.46195332366794E+14
 0.46195332344477E+14
 0.46195332348484E+14
 0.46195332347957E+14
 0.46195332373761E+14
 0.46195332356785E+14
 0.46195332352742E+14
 0.46195332382994E+14
 0.46195332360094E+14
 0.46195332357004E+14
 0.46195332354235E+14
 0.46195332347743E+14
 0.46195332343967E+14
 0.46195332347649E+14
 0.46195332334475E+14
 0.46195332343636E+14
 0.46195332346087E+14
 0.46195332344590E+14
 0.46195332345382E+14
 0.46195332343291E+14
 0.46195332371927E+14
 0.46195332374752E+14
 0.46195332337454E+14
 0.46195332341830E+14
 0.46195332345882E+14
 0.46195332380794E+14
