 0.51034792325990E+03
 0.51034792325990E+03
 0.51034792325990E+03
 0.51034792325990E+03
 0.51034792325990E+03
 0.51034792325990E+03
 0.51034792325990E+03
 0.51034792325990E+03
 0.51034792325990E+03
 0.51034792325990E+03
 0.51034792325990E+03
 0.51034792325990E+03
 0.51034792325990E+03
 0.51034792325990E+03
 0.51034792325990E+03
 0.51034792325990E+03
 0.51034792325990E+03
 0.51034792325990E+03
 0.51034792325990E+03
 0.51034792325990E+03
 0.51034792325990E+03
 0.51034792325990E+03
 0.51034792325990E+03
 0.51034792325990E+03
 0.51034792325990E+03
 0.51034792325990E+03
 0.51034792325990E+03
 0.51034792325990E+03
 0.51034792325990E+03
 0.51034792325990E+03
 0.51034792325990E+03
 0.51034792325990E+03
 0.51034792325990E+03
 0.51034792325990E+03
 0.51034792325990E+03
 0.51034792325990E+03
 0.51034792325990E+03
 0.51034792325990E+03
 0.51034792325990E+03
 0.51034792325990E+03
 0.51034792325990E+03
 0.51034792325990E+03
 0.51034792325990E+03
 0.51034792325990E+03
 0.51034792325990E+03
 0.51034792325990E+03
 0.51034792325990E+03
 0.51034792325990E+03
 0.51034792325990E+03
 0.51034792325990E+03
 0.51034792325990E+03
 0.51034792325990E+03
 0.51034792325990E+03
 0.51034792325990E+03
 0.51034792325990E+03
 0.51034792325990E+03
 0.51034792325990E+03
 0.51034792325990E+03
 0.51034792325990E+03
 0.51034792325990E+03
 0.51034792325990E+03
 0.51034792325990E+03
 0.51034792325990E+03
 0.51034792325990E+03
 0.51034792325990E+03
 0.51034792325990E+03
 0.51034792325990E+03
 0.51034792325990E+03
 0.51034792325990E+03
 0.51034792325990E+03
 0.51034792314566E+03
 0.51034792303471E+03
 0.51034792406768E+03
 0.51034792544654E+03
 0.51034792746618E+03
 0.51034792744830E+03
 0.51034792785252E+03
 0.51034792748864E+03
 0.51034792660149E+03
 0.51034792437805E+03
 0.51034792024209E+03
 0.51034789992620E+03
 0.51034787291685E+03
 0.51034784960461E+03
 0.51034784289842E+03
 0.51034781714334E+03
 0.51034784233234E+03
 0.51034788387920E+03
 0.51034790667708E+03
 0.51034792275151E+03
 0.51034792253561E+03
 0.51034791658461E+03
 0.51034792264254E+03
 0.51034792809694E+03
 0.51034791911192E+03
 0.51034792613679E+03
 0.51034791791579E+03
 0.51034792758916E+03
 0.51034791842057E+03
 0.51034793711547E+03
 0.51034791667718E+03
 0.51034792513386E+03
 0.51034794787840E+03
 0.51034791967929E+03
 0.51034791804850E+03
 0.51034794675702E+03
 0.51034791650398E+03
 0.51034791538134E+03
 0.51034791540585E+03
 0.51034791600506E+03
 0.51034794584040E+03
 0.51034791872546E+03
 0.51034791457045E+03
 0.51034791477016E+03
 0.51034791455524E+03
 0.51034792170715E+03
 0.51034793587381E+03
 0.51034791534506E+03
 0.51034791482648E+03
 0.51034792203709E+03
 0.51034791587111E+03
 0.51034791392598E+03
 0.51034792072082E+03
 0.51034794279966E+03
 0.51034794087099E+03
 0.51034791691174E+03
 0.51034793083888E+03
 0.51034791378130E+03
 0.51034791264331E+03
 0.51034791542334E+03
 0.51034792214102E+03
 0.51034791340414E+03
 0.51034791221016E+03
 0.51034791535962E+03
 0.51034791550427E+03
 0.51034791317952E+03
 0.51034791237180E+03
 0.51034791290176E+03
 0.51034791690975E+03
 0.51034794427268E+03
 0.51034791387569E+03
 0.51034791577054E+03
 0.51034791447502E+03
 0.51034792221268E+03
 0.51034794369723E+03
 0.51034792377189E+03
 0.51034794389276E+03
 0.51034791917170E+03
 0.51034794169312E+03
 0.51034794786095E+03
 0.51034794264157E+03
 0.51034792454642E+03
 0.51034794331786E+03
 0.51034794742850E+03
 0.51034794655066E+03
 0.51034792485564E+03
 0.51034791633686E+03
 0.51034791601414E+03
 0.51034791976638E+03
 0.51034792764139E+03
 0.51034791754332E+03
 0.51034791541976E+03
 0.51034791685928E+03
 0.51034791702762E+03
 0.51034791616201E+03
 0.51034791657094E+03
 0.51034791566520E+03
 0.51034791942983E+03
 0.51034792600060E+03
 0.51034794852794E+03
 0.51034791753667E+03
 0.51034791699486E+03
 0.51034791993815E+03
 0.51034792756391E+03
 0.51034794241102E+03
 0.51034793026782E+03
 0.51034792614426E+03
 0.51034794605909E+03
 0.51034794506541E+03
 0.51034794371827E+03
 0.51034791889063E+03
 0.51034791706241E+03
 0.51034794390063E+03
 0.51034792072937E+03
 0.51034791917615E+03
 0.51034791876478E+03
 0.51034791660478E+03
 0.51034791817761E+03
 0.51034791768453E+03
 0.51034792103445E+03
 0.51034791719742E+03
 0.51034791662590E+03
 0.51034791803495E+03
 0.51034794604569E+03
 0.51034794797339E+03
 0.51034794920137E+03
 0.51034794929722E+03
 0.51034792607855E+03
 0.51034794735789E+03
 0.51034792689350E+03
 0.51034794593930E+03
