 0.30965549042697E+03
 0.30965549042697E+03
 0.30965549042697E+03
 0.30965549042697E+03
 0.30965549042697E+03
 0.30965549042697E+03
 0.30965549042697E+03
 0.30965549042697E+03
 0.30965549042697E+03
 0.30965549042697E+03
 0.30965549042697E+03
 0.30965549042697E+03
 0.30965549042697E+03
 0.30965549042697E+03
 0.30965549042697E+03
 0.30965549042697E+03
 0.30965549042697E+03
 0.30965549042697E+03
 0.30965549042697E+03
 0.30965549042697E+03
 0.30965549042697E+03
 0.30965549042697E+03
 0.30965549042697E+03
 0.30965549042697E+03
 0.30965549042697E+03
 0.30965549042697E+03
 0.30965549042697E+03
 0.30965549042697E+03
 0.30965549042697E+03
 0.30965549042697E+03
 0.30965549042697E+03
 0.30965549042697E+03
 0.30965549042697E+03
 0.30965549042697E+03
 0.30965549042697E+03
 0.30965549042697E+03
 0.30965549042697E+03
 0.30965549042697E+03
 0.30965549042697E+03
 0.30965549042697E+03
 0.30965549042697E+03
 0.30965549042697E+03
 0.30965549042697E+03
 0.30965549042697E+03
 0.30965549042697E+03
 0.30965549042697E+03
 0.30965549042697E+03
 0.30965549042697E+03
 0.30965549042697E+03
 0.30965549042697E+03
 0.30965549042697E+03
 0.30965549042697E+03
 0.30965549042697E+03
 0.30965549042697E+03
 0.30965549042697E+03
 0.30965549042697E+03
 0.30965549042697E+03
 0.30965549042697E+03
 0.30965549042697E+03
 0.30965549042697E+03
 0.30965549042697E+03
 0.30965549042697E+03
 0.30965549042697E+03
 0.30965549042697E+03
 0.30965549042697E+03
 0.30965549042697E+03
 0.30965549042697E+03
 0.30965549042697E+03
 0.30965549042697E+03
 0.30965549042697E+03
 0.30965549042290E+03
 0.30965549009164E+03
 0.30965548950908E+03
 0.30965548878756E+03
 0.30965548724958E+03
 0.30965548730675E+03
 0.30965548493945E+03
 0.30965548516658E+03
 0.30965548421205E+03
 0.30965548261189E+03
 0.30965547916303E+03
 0.30965546333127E+03
 0.30965544816089E+03
 0.30965543630044E+03
 0.30965543281766E+03
 0.30965541339994E+03
 0.30965543396942E+03
 0.30965546211552E+03
 0.30965548101835E+03
 0.30965549459577E+03
 0.30965549320951E+03
 0.30965548595323E+03
 0.30965549225360E+03
 0.30965549815399E+03
 0.30965548825472E+03
 0.30965549566430E+03
 0.30965548644012E+03
 0.30965549668545E+03
 0.30965548663432E+03
 0.30965550618279E+03
 0.30965548592311E+03
 0.30965549468844E+03
 0.30965551746500E+03
 0.30965548874689E+03
 0.30965548736527E+03
 0.30965551618588E+03
 0.30965548545032E+03
 0.30965548459895E+03
 0.30965548463910E+03
 0.30965548555768E+03
 0.30965551568686E+03
 0.30965548810726E+03
 0.30965548427389E+03
 0.30965548437642E+03
 0.30965548450764E+03
 0.30965549211481E+03
 0.30965550630922E+03
 0.30965548524341E+03
 0.30965548476636E+03
 0.30965549288339E+03
 0.30965548596026E+03
 0.30965548425367E+03
 0.30965549181973E+03
 0.30965551389886E+03
 0.30965551223739E+03
 0.30965548801973E+03
 0.30965550220217E+03
 0.30965548440494E+03
 0.30965548352019E+03
 0.30965548638977E+03
 0.30965549385662E+03
 0.30965548431585E+03
 0.30965548344131E+03
 0.30965548696377E+03
 0.30965548698615E+03
 0.30965548401327E+03
 0.30965548355880E+03
 0.30965548421613E+03
 0.30965548807318E+03
 0.30965551555305E+03
 0.30965548521615E+03
 0.30965548717850E+03
 0.30965548562975E+03
 0.30965549332936E+03
 0.30965551452299E+03
 0.30965549456691E+03
 0.30965551515642E+03
 0.30965549023853E+03
 0.30965551279197E+03
 0.30965551779061E+03
 0.30965551249644E+03
 0.30965549505469E+03
 0.30965551394230E+03
 0.30965551820225E+03
 0.30965551637564E+03
 0.30965549504475E+03
 0.30965548610289E+03
 0.30965548589681E+03
 0.30965548954658E+03
 0.30965549806605E+03
 0.30965548714240E+03
 0.30965548557492E+03
 0.30965548735683E+03
 0.30965548743298E+03
 0.30965548595247E+03
 0.30965548623665E+03
 0.30965548582687E+03
 0.30965548992427E+03
 0.30965549644057E+03
 0.30965551882744E+03
 0.30965548765884E+03
 0.30965548692435E+03
 0.30965549028429E+03
 0.30965549797965E+03
 0.30965551204763E+03
 0.30965550034360E+03
 0.30965549647111E+03
 0.30965551605689E+03
 0.30965551524830E+03
 0.30965551340806E+03
 0.30965548799765E+03
 0.30965548654245E+03
 0.30965551334475E+03
 0.30965548993571E+03
 0.30965548856157E+03
 0.30965548783555E+03
 0.30965548623898E+03
 0.30965548803219E+03
 0.30965548729443E+03
 0.30965549111372E+03
 0.30965548674541E+03
 0.30965548632826E+03
 0.30965548782015E+03
 0.30965551638103E+03
 0.30965551754592E+03
 0.30965551810640E+03
 0.30965551827078E+03
 0.30965549582391E+03
 0.30965551749166E+03
 0.30965549667538E+03
 0.30965551543701E+03
