-0.19358939563911E+02
-0.11151841885233E+04
-0.40377242066819E+04
-0.87879055887405E+04
-0.15367237445248E+05
-0.23777816277928E+05
-0.34022332782533E+05
-0.46104080629842E+05
-0.60026967292004E+05
-0.75795526996884E+05
-0.93414935910056E+05
-0.11289102966443E+06
-0.13423032337535E+06
-0.15744003430421E+06
-0.18252810735498E+06
-0.20950324361792E+06
-0.23837493220390E+06
-0.26915348564604E+06
-0.30185007918546E+06
-0.33647679429994E+06
-0.37304666688287E+06
-0.41157374053763E+06
-0.45207312551473E+06
-0.49456106389310E+06
-0.53905500168980E+06
-0.58557366868228E+06
-0.63413716683632E+06
-0.68476706836460E+06
-0.73748652459301E+06
-0.79232038698771E+06
-0.84929534190287E+06
-0.90844006085335E+06
-0.96978536840285E+06
-0.10333644300959E+07
-0.10992129632649E+07
-0.11673694740229E+07
-0.12378755243211E+07
-0.13107760336378E+07
-0.13861196206917E+07
-0.14639589915638E+07
-0.15443513818304E+07
-0.16273590617770E+07
-0.17130499155762E+07
-0.18014981075310E+07
-0.18927848512390E+07
-0.19869993009482E+07
-0.20842395886529E+07
-0.21846140358491E+07
-0.22882425756724E+07
-0.23952584297973E+07
-0.25058100955801E+07
-0.26200637132643E+07
-0.27382059017258E+07
-0.28604471757181E+07
-0.29870260899930E+07
-0.31182142989837E+07
-0.32543227792308E+07
-0.33957095415958E+07
-0.35427892707170E+07
-0.36960454839318E+07
-0.38560460222294E+07
-0.40234630052885E+07
-0.41990988560626E+07
-0.43839207213070E+07
-0.45791067527261E+07
-0.47861096061997E+07
-0.50067459288187E+07
-0.52433276695824E+07
-0.54988700164645E+07
-0.57774991328944E+07
-0.60855445626194E+07
-0.64271616964133E+07
-0.68103965758719E+07
-0.72474861887137E+07
-0.77558202852749E+07
-0.83612711403485E+07
-0.91040703039443E+07
-0.10050149831754E+08
-0.11314855043992E+08
-0.13117959892298E+08
-0.15928404935632E+08
-0.20927631676903E+08
-0.31985554476954E+08
-0.70235011813495E+08
-0.98458042536193E+09
 0.25181235968870E+10
-0.49659309922063E+08
-0.21176080201054E+08
-0.14344160272671E+08
-0.11673311688432E+08
-0.10387192089993E+08
-0.97013428365495E+07
-0.93190958507972E+07
-0.91079939525877E+07
-0.90023759166937E+07
-0.89644584024460E+07
-0.89732367131820E+07
-0.90132178095773E+07
-0.90759528231809E+07
-0.91567471597118E+07
-0.92506509930345E+07
-0.93547088153982E+07
-0.94676283803874E+07
-0.95867138960916E+07
-0.97093025297614E+07
-0.98371668687080E+07
-0.99687723134829E+07
-0.10103350772670E+08
-0.10241791827758E+08
-0.10381046111383E+08
-0.10521126904224E+08
-0.10664078166699E+08
-0.10808447582291E+08
-0.10955328137229E+08
-0.11103004415382E+08
-0.11248911703674E+08
-0.11397860680291E+08
-0.11547626890295E+08
-0.11698175815712E+08
-0.11851432911930E+08
-0.12002652358929E+08
-0.12154229199228E+08
-0.12307581589010E+08
-0.12461409478995E+08
-0.12617734121794E+08
-0.12772906428524E+08
-0.12926401789988E+08
-0.13082423815144E+08
-0.13238939577259E+08
-0.13397447229188E+08
-0.13556546800030E+08
-0.13712610547923E+08
-0.13869510970583E+08
-0.14028337928789E+08
-0.14187426458884E+08
-0.14350162024166E+08
-0.14511000028981E+08
-0.14668951327880E+08
-0.14828595850348E+08
-0.14989937717934E+08
-0.15154355365940E+08
-0.15317340211867E+08
-0.15479651455170E+08
-0.15639597288491E+08
-0.15803188628164E+08
-0.15966987775899E+08
-0.16134166236024E+08
-0.16300798423580E+08
-0.16463915595591E+08
-0.16627490133888E+08
-0.16793762485856E+08
-0.16960398448460E+08
-0.17131116826011E+08
-0.17301140449560E+08
-0.17465514405977E+08
-0.17632426426481E+08
-0.17801715075094E+08
-0.17971281445734E+08
-0.18145796940446E+08
-0.18319096328666E+08
-0.18483925064723E+08
-0.18655915532868E+08
-0.18828483165477E+08
-0.19001342991793E+08
-0.19179771160052E+08
-0.19356918285808E+08
-0.19524252161967E+08
-0.19699728383398E+08
-0.19875856998023E+08
-0.20052353032345E+08
-0.20235039189832E+08
-0.20416244879284E+08
-0.20589815310382E+08
-0.20765656925787E+08
-0.20945641037531E+08
-0.21126131457137E+08
-0.21312874450630E+08
-0.21496324348203E+08
-0.21681676652745E+08
-0.21858575193079E+08
-0.22039644903222E+08
-0.22224418332688E+08
-0.22414674009300E+08
-0.22601979644101E+08
-0.22792091911504E+08
-0.22975173879978E+08
-0.23159406990927E+08
-0.23348724886516E+08
-0.23538340156108E+08
-0.23729096479009E+08
-0.23928353854069E+08
-0.24124720835513E+08
-0.24312085614939E+08
-0.24500439364213E+08
-0.24695134841806E+08
-0.24890610821050E+08
-0.25086548906130E+08
-0.25292581155563E+08
-0.25495195639834E+08
-0.25685425422869E+08
-0.25880411657162E+08
