 0.77825453366750E+07
 0.77825453366750E+07
 0.77825453366750E+07
 0.77825453366750E+07
 0.77825453366750E+07
 0.77825453366750E+07
 0.77825453366750E+07
 0.77825453366750E+07
 0.77825453366750E+07
 0.77825453366750E+07
 0.77825453366750E+07
 0.77825453366750E+07
 0.77825453366750E+07
 0.77825453366750E+07
 0.77825453366750E+07
 0.77825453366750E+07
 0.77825453366750E+07
 0.77825453366750E+07
 0.77825453366750E+07
 0.77825453366750E+07
 0.77825453366750E+07
 0.77825453366750E+07
 0.77825453366750E+07
 0.77825453366750E+07
 0.77825453366750E+07
 0.77825453366750E+07
 0.77825453366750E+07
 0.77825453366750E+07
 0.77825453366750E+07
 0.77825453366750E+07
 0.77825453366750E+07
 0.77825453366750E+07
 0.77825453366750E+07
 0.77825453366750E+07
 0.77825453366750E+07
 0.77825453366750E+07
 0.77825453366750E+07
 0.77825453366750E+07
 0.77825453366750E+07
 0.77825453366750E+07
 0.77825453366750E+07
 0.77825453366750E+07
 0.77825453366750E+07
 0.77825453366750E+07
 0.77825453366750E+07
 0.77825453366750E+07
 0.77825453366750E+07
 0.77825453366750E+07
 0.77825453366750E+07
 0.77825453366750E+07
 0.77825453366750E+07
 0.77825453366750E+07
 0.77825453366750E+07
 0.77825453366750E+07
 0.77825453366750E+07
 0.77825453366750E+07
 0.77825453366750E+07
 0.77825453366750E+07
 0.77825453366750E+07
 0.77825453366750E+07
 0.77825453366750E+07
 0.77825453366750E+07
 0.77825453366750E+07
 0.77825453366750E+07
 0.77825453366750E+07
 0.77825453366750E+07
 0.77825453366750E+07
 0.77825453366750E+07
 0.77825453366750E+07
 0.77825453366750E+07
 0.77825453382584E+07
 0.77825453239751E+07
 0.77825452737585E+07
 0.77825452160265E+07
 0.77825451209404E+07
 0.77825451265073E+07
 0.77825450421904E+07
 0.77825450610545E+07
 0.77825450498929E+07
 0.77825450438811E+07
 0.77825450113781E+07
 0.77825449002044E+07
 0.77825450589415E+07
 0.77825452548134E+07
 0.77825453122568E+07
 0.77825452696513E+07
 0.77825453373336E+07
 0.77825451300914E+07
 0.77825452583896E+07
 0.77825454224705E+07
 0.77825453936944E+07
 0.77825452673390E+07
 0.77825453624571E+07
 0.77825454544870E+07
 0.77825452998896E+07
 0.77825454136494E+07
 0.77825452638511E+07
 0.77825454362552E+07
 0.77825452747675E+07
 0.77825455774665E+07
 0.77825454105745E+07
 0.77825455774830E+07
 0.77825459160488E+07
 0.77825455084766E+07
 0.77825455036917E+07
 0.77825459182377E+07
 0.77825455200273E+07
 0.77825455403224E+07
 0.77825455583065E+07
 0.77825455904442E+07
 0.77825460289356E+07
 0.77825456316769E+07
 0.77825456360828E+07
 0.77825456461479E+07
 0.77825456688813E+07
 0.77825457933117E+07
 0.77825459959723E+07
 0.77825457289155E+07
 0.77825457338144E+07
 0.77825458802612E+07
 0.77825457654611E+07
 0.77825457490351E+07
 0.77825459199055E+07
 0.77825462383541E+07
 0.77825462235915E+07
 0.77825458824895E+07
 0.77825460859091E+07
 0.77825458535087E+07
 0.77825458539229E+07
 0.77825459005547E+07
 0.77825460176577E+07
 0.77825458912041E+07
 0.77825458950561E+07
 0.77825459611871E+07
 0.77825459496777E+07
 0.77825458734044E+07
 0.77825459013111E+07
 0.77825459120846E+07
 0.77825459111072E+07
 0.77825462690100E+07
 0.77825459157052E+07
 0.77825459513277E+07
 0.77825459007763E+07
 0.77825459925073E+07
 0.77825462230256E+07
 0.77825459571093E+07
 0.77825462816872E+07
 0.77825459261672E+07
 0.77825462151958E+07
 0.77825460832080E+07
 0.77825460395860E+07
 0.77825458889583E+07
 0.77825461868060E+07
 0.77825462706376E+07
 0.77825460544858E+07
 0.77825458492025E+07
 0.77825457679318E+07
 0.77825457779327E+07
 0.77825457893107E+07
 0.77825458986687E+07
 0.77825457507270E+07
 0.77825457912392E+07
 0.77825458378765E+07
 0.77825458282605E+07
 0.77825457692024E+07
 0.77825457521785E+07
 0.77825457781845E+07
 0.77825458762108E+07
 0.77825459568912E+07
 0.77825462409137E+07
 0.77825458101951E+07
 0.77825457830660E+07
 0.77825458688118E+07
 0.77825459627686E+07
 0.77825460303708E+07
 0.77825458968201E+07
 0.77825459321620E+07
 0.77825461697095E+07
 0.77825461707288E+07
 0.77825460461488E+07
 0.77825457306680E+07
 0.77825457395945E+07
 0.77825460072892E+07
 0.77825457471788E+07
 0.77825457504634E+07
 0.77825457330472E+07
 0.77825457517939E+07
 0.77825457927758E+07
 0.77825457620744E+07
 0.77825458681489E+07
 0.77825457630664E+07
 0.77825457602222E+07
 0.77825457828820E+07
 0.77825461916791E+07
 0.77825461783132E+07
 0.77825460710491E+07
 0.77825460697932E+07
 0.77825459072076E+07
 0.77825462048088E+07
 0.77825458974223E+07
 0.77825460423904E+07
