 0.21139601365225E+08
 0.21139601365225E+08
 0.21139601365225E+08
 0.21139601365225E+08
 0.21139601365225E+08
 0.21139601365225E+08
 0.21139601365225E+08
 0.21139601365225E+08
 0.21139601365225E+08
 0.21139601365225E+08
 0.21139601365225E+08
 0.21139601365225E+08
 0.21139601365225E+08
 0.21139601365225E+08
 0.21139601365225E+08
 0.21139601365225E+08
 0.21139601365225E+08
 0.21139601365225E+08
 0.21139601365225E+08
 0.21139601365225E+08
 0.21139601365225E+08
 0.21139601365225E+08
 0.21139601365225E+08
 0.21139601365225E+08
 0.21139601365225E+08
 0.21139601365225E+08
 0.21139601365225E+08
 0.21139601365225E+08
 0.21139601365225E+08
 0.21139601365225E+08
 0.21139601365225E+08
 0.21139601365225E+08
 0.21139601365225E+08
 0.21139601365225E+08
 0.21139601365225E+08
 0.21139601365225E+08
 0.21139601365225E+08
 0.21139601365225E+08
 0.21139601365225E+08
 0.21139601365225E+08
 0.21139601365225E+08
 0.21139601365225E+08
 0.21139601365225E+08
 0.21139601365225E+08
 0.21139601365225E+08
 0.21139601365225E+08
 0.21139601365225E+08
 0.21139601365225E+08
 0.21139601365225E+08
 0.21139601365225E+08
 0.21139601365225E+08
 0.21139601365225E+08
 0.21139601365225E+08
 0.21139601365225E+08
 0.21139601365225E+08
 0.21139601365225E+08
 0.21139601365225E+08
 0.21139601365225E+08
 0.21139601365225E+08
 0.21139601365225E+08
 0.21139601365225E+08
 0.21139601365225E+08
 0.21139601365225E+08
 0.21139601365225E+08
 0.21139601365225E+08
 0.21139601365225E+08
 0.21139601365225E+08
 0.21139601365225E+08
 0.21139601365225E+08
 0.21139601365225E+08
 0.21139601360617E+08
 0.21139601357857E+08
 0.21139601386571E+08
 0.21139601442498E+08
 0.21139601561522E+08
 0.21139601567355E+08
 0.21139601695036E+08
 0.21139601685120E+08
 0.21139601711635E+08
 0.21139601729586E+08
 0.21139601769555E+08
 0.21139601946139E+08
 0.21139602211061E+08
 0.21139602431209E+08
 0.21139602507201E+08
 0.21139602909044E+08
 0.21139602371164E+08
 0.21139601407174E+08
 0.21139601063412E+08
 0.21139600986960E+08
 0.21139601080185E+08
 0.21139601234709E+08
 0.21139601134709E+08
 0.21139601030936E+08
 0.21139601218261E+08
 0.21139601097556E+08
 0.21139601269037E+08
 0.21139601139856E+08
 0.21139601313991E+08
 0.21139601015891E+08
 0.21139601635558E+08
 0.21139601592728E+08
 0.21139601286789E+08
 0.21139601764647E+08
 0.21139601805189E+08
 0.21139601374481E+08
 0.21139601983067E+08
 0.21139602061434E+08
 0.21139602106833E+08
 0.21139602118349E+08
 0.21139601667365E+08
 0.21139602107608E+08
 0.21139602298751E+08
 0.21139602328638E+08
 0.21139602354667E+08
 0.21139602246491E+08
 0.21139602032545E+08
 0.21139602482708E+08
 0.21139602518190E+08
 0.21139602405066E+08
 0.21139602527681E+08
 0.21139602554933E+08
 0.21139602548935E+08
 0.21139602228427E+08
 0.21139602255399E+08
 0.21139602650580E+08
 0.21139602420487E+08
 0.21139602806073E+08
 0.21139602833723E+08
 0.21139602798894E+08
 0.21139602654003E+08
 0.21139602889383E+08
 0.21139602920338E+08
 0.21139602879939E+08
 0.21139602857604E+08
 0.21139602863739E+08
 0.21139602934677E+08
 0.21139602918096E+08
 0.21139602720851E+08
 0.21139602207870E+08
 0.21139602872075E+08
 0.21139602857882E+08
 0.21139602824704E+08
 0.21139602663614E+08
 0.21139602175931E+08
 0.21139602527663E+08
 0.21139602264985E+08
 0.21139602653499E+08
 0.21139602224982E+08
 0.21139601694936E+08
 0.21139601866900E+08
 0.21139602340111E+08
 0.21139602125406E+08
 0.21139602112020E+08
 0.21139601701565E+08
 0.21139602259098E+08
 0.21139602553503E+08
 0.21139602582070E+08
 0.21139602425500E+08
 0.21139602211727E+08
 0.21139602464786E+08
 0.21139602612922E+08
 0.21139602615562E+08
 0.21139602592991E+08
 0.21139602563006E+08
 0.21139602511841E+08
 0.21139602563395E+08
 0.21139602582095E+08
 0.21139602455883E+08
 0.21139602037002E+08
 0.21139602555254E+08
 0.21139602536963E+08
 0.21139602554953E+08
 0.21139602391218E+08
 0.21139601884048E+08
 0.21139602113321E+08
 0.21139602396443E+08
 0.21139602017342E+08
 0.21139602048193E+08
 0.21139601849455E+08
 0.21139602405144E+08
 0.21139602476621E+08
 0.21139601767653E+08
 0.21139602337705E+08
 0.21139602405572E+08
 0.21139602423313E+08
 0.21139602513282E+08
 0.21139602510062E+08
 0.21139602486549E+08
 0.21139602530727E+08
 0.21139602523852E+08
 0.21139602525735E+08
 0.21139602500319E+08
 0.21139602031651E+08
 0.21139601995994E+08
 0.21139601729839E+08
 0.21139601711924E+08
 0.21139602411583E+08
 0.21139602024382E+08
 0.21139602336260E+08
 0.21139601746219E+08
