-0.81316050233505E+01
-0.16263238952788E+02
-0.24394930695297E+02
-0.32526709159761E+02
-0.40658603257806E+02
-0.48790641904815E+02
-0.56922854020774E+02
-0.65055268531282E+02
-0.73187914368400E+02
-0.81320820471663E+02
-0.89454015788930E+02
-0.97587529277396E+02
-0.10572138990444E+03
-0.11385562664866E+03
-0.12199026850067E+03
-0.13012534446420E+03
-0.13826088355688E+03
-0.14639691481127E+03
-0.15453346727576E+03
-0.16267057001553E+03
-0.17080825211347E+03
-0.17894654267114E+03
-0.18708547080969E+03
-0.19522506567082E+03
-0.20336535641774E+03
-0.21150637223609E+03
-0.21964814233488E+03
-0.22779069594751E+03
-0.23593406233263E+03
-0.24407827077518E+03
-0.25222335058725E+03
-0.26036933110916E+03
-0.26851624171029E+03
-0.27666411179018E+03
-0.28481297077935E+03
-0.29296284814041E+03
-0.30111377336890E+03
-0.30926577599437E+03
-0.31741888558127E+03
-0.32557313173002E+03
-0.33372854407788E+03
-0.34188515230003E+03
-0.35004298611047E+03
-0.35820207526313E+03
-0.36636244955270E+03
-0.37452413881579E+03
-0.38268717293178E+03
-0.39085158182394E+03
-0.39901739546037E+03
-0.40718464385503E+03
-0.41535335706873E+03
-0.42352356521017E+03
-0.43169529843696E+03
-0.43986858695662E+03
-0.44804346102760E+03
-0.45621995096039E+03
-0.46439808711840E+03
-0.47257789991919E+03
-0.48075941983534E+03
-0.48894267739561E+03
-0.49712770318591E+03
-0.50531452785044E+03
-0.51350318209268E+03
-0.52169369667650E+03
-0.52988610242717E+03
-0.53808043023251E+03
-0.54627671104391E+03
-0.55447497587745E+03
-0.56267525581494E+03
-0.57087758200508E+03
-0.57908198566450E+03
-0.58728849807892E+03
-0.59549715060417E+03
-0.60370797466742E+03
-0.61192100176819E+03
-0.62013626347958E+03
-0.62835379144931E+03
-0.63657361740090E+03
-0.64479577313482E+03
-0.65302029052963E+03
-0.66124720154311E+03
-0.66947653821348E+03
-0.67770833266051E+03
-0.68594261708673E+03
-0.69417942377857E+03
-0.70241878510763E+03
-0.71066073353176E+03
-0.71890530159637E+03
-0.72715252193554E+03
-0.73540242727334E+03
-0.74365505042495E+03
-0.75191042429797E+03
-0.76016858189358E+03
-0.76842955630788E+03
-0.77669338073303E+03
-0.78496008845863E+03
-0.79322971287287E+03
-0.80150228746389E+03
-0.80977784582103E+03
-0.81805642163613E+03
-0.82633804870480E+03
-0.83462276092779E+03
-0.84291059231223E+03
-0.85120157697304E+03
-0.85949574913417E+03
-0.86779314313003E+03
-0.87609379340678E+03
-0.88439773452375E+03
-0.89270500115472E+03
-0.90101562808940E+03
-0.90932965023476E+03
-0.91764710261644E+03
-0.92596802038017E+03
-0.93429243879317E+03
-0.94262039324559E+03
-0.95095191925197E+03
-0.95928705245262E+03
-0.96762582861519E+03
-0.97596828363601E+03
-0.98431445354170E+03
-0.99266437449055E+03
-0.10010180827741E+04
-0.10093756148186E+04
-0.10177370071867E+04
-0.10261022965785E+04
-0.10344715198340E+04
-0.10428447139335E+04
-0.10512219160002E+04
-0.10596031633012E+04
-0.10679884932494E+04
-0.10763779434048E+04
-0.10847715514763E+04
-0.10931693553235E+04
-0.11015713929581E+04
-0.11099777025455E+04
-0.11183883224068E+04
-0.11268032910202E+04
-0.11352226470228E+04
-0.11436464292124E+04
-0.11520746765490E+04
-0.11605074281569E+04
-0.11689447233259E+04
-0.11773866015139E+04
-0.11858331023477E+04
-0.11942842656257E+04
-0.12027401313190E+04
-0.12112007395739E+04
-0.12196661307131E+04
-0.12281363452381E+04
-0.12366114238306E+04
-0.12450914073548E+04
-0.12535763368592E+04
-0.12620662535783E+04
-0.12705611989350E+04
-0.12790612145419E+04
-0.12875663422041E+04
-0.12960766239204E+04
-0.13045921018859E+04
-0.13131128184937E+04
-0.13216388163372E+04
-0.13301701382118E+04
-0.13387068271174E+04
-0.13472489262604E+04
-0.13557964790554E+04
-0.13643495291281E+04
-0.13729081203168E+04
-0.13814722966750E+04
-0.13900421024732E+04
-0.13986175822016E+04
-0.14071987805721E+04
-0.14157857425205E+04
-0.14243785132088E+04
-0.14329771380278E+04
-0.14415816625989E+04
-0.14501921327771E+04
-0.14588085946527E+04
-0.14674310945542E+04
-0.14760596790506E+04
-0.14846943949537E+04
-0.14933352893206E+04
-0.15019824094563E+04
-0.15106358029162E+04
-0.15192955175086E+04
-0.15279616012970E+04
-0.15366341026034E+04
-0.15453130700101E+04
-0.15539985523627E+04
-0.15626905987730E+04
-0.15713892586212E+04
-0.15800945815591E+04
-0.15888066175123E+04
-0.15975254166835E+04
-0.16062510295552E+04
-0.16149835068920E+04
-0.16237228997443E+04
-0.16324692594504E+04
-0.16412226376399E+04
-0.16499830862366E+04
-0.16587506574613E+04
-0.16675254038347E+04
-0.16763073781808E+04
-0.16850966336298E+04
-0.16938932236211E+04
-0.17026972019064E+04
-0.17115086225531E+04
-0.17203275399474E+04
-0.17291540087973E+04
-0.17379880841362E+04
-0.17468298213258E+04
-0.17556792760600E+04
-0.17645365043676E+04
-0.17734015626163E+04
-0.17822745075156E+04
-0.17911553961208E+04
-0.18000442858359E+04
-0.18089412344178E+04
-0.18178462999794E+04
-0.18267595409935E+04
-0.18356810162962E+04
-0.18446107850909E+04
-0.18535489069518E+04
-0.18624954418277E+04
-0.18714504500462E+04
-0.18804139923168E+04
-0.18893861297357E+04
-0.18983669237891E+04
-0.19073564363573E+04
-0.19163547297191E+04
-0.19253618665554E+04
-0.19343779099536E+04
-0.19434029234117E+04
-0.19524369708427E+04
-0.19614801165785E+04
-0.19705324253744E+04
-0.19795939624136E+04
-0.19886647933113E+04
-0.19977449841196E+04
-0.20068346013314E+04
-0.20159337118856E+04
-0.20250423831712E+04
-0.20341606830323E+04
-0.20432886797727E+04
-0.20524264421606E+04
-0.20615740394335E+04
-0.20707315413030E+04
-0.20798990179599E+04
-0.20890765400792E+04
-0.20982641788248E+04
-0.21074620058549E+04
-0.21166700933274E+04
-0.21258885139045E+04
-0.21351173407586E+04
-0.21443566475773E+04
-0.21536065085688E+04
-0.21628669984677E+04
-0.21721381925402E+04
-0.21814201665898E+04
-0.21907129969632E+04
-0.22000167605557E+04
-0.22093315348171E+04
-0.22186573977578E+04
-0.22279944279546E+04
-0.22373427045565E+04
-0.22467023072912E+04
-0.22560733164710E+04
-0.22654558129992E+04
-0.22748498783760E+04
-0.22842555947057E+04
-0.22936730447023E+04
-0.23031023116965E+04
-0.23125434796425E+04
-0.23219966331241E+04
-0.23314618573621E+04
-0.23409392382209E+04
-0.23504288622154E+04
-0.23599308165183E+04
-0.23694451889668E+04
-0.23789720680702E+04
-0.23885115430173E+04
-0.23980637036832E+04
-0.24076286406375E+04
-0.24172064451515E+04
-0.24267972092058E+04
-0.24364010254984E+04
-0.24460179874522E+04
-0.24556481892235E+04
-0.24652917257094E+04
-0.24749486925565E+04
-0.24846191861690E+04
-0.24943033037170E+04
-0.25040011431453E+04
-0.25137128031816E+04
-0.25234383833453E+04
-0.25331779839567E+04
-0.25429317061456E+04
-0.25526996518601E+04
-0.25624819238765E+04
-0.25722786258080E+04
-0.25820898621142E+04
-0.25919157381108E+04
-0.26017563599791E+04
-0.26116118347760E+04
-0.26214822704436E+04
-0.26313677758194E+04
-0.26412684606465E+04
-0.26511844355840E+04
-0.26611158122171E+04
-0.26710627030681E+04
-0.26810252216068E+04
-0.26910034822615E+04
-0.27009976004300E+04
-0.27110076924907E+04
-0.27210338758142E+04
-0.27310762687741E+04
-0.27411349907594E+04
-0.27512101621857E+04
-0.27613019045072E+04
-0.27714103402294E+04
-0.27815355929202E+04
-0.27916777872235E+04
-0.28018370488709E+04
-0.28120135046953E+04
-0.28222072826428E+04
-0.28324185117867E+04
-0.28426473223406E+04
-0.28528938456715E+04
-0.28631582143138E+04
-0.28734405619831E+04
-0.28837410235901E+04
-0.28940597352553E+04
-0.29043968343226E+04
-0.29147524593749E+04
-0.29251267502483E+04
-0.29355198480473E+04
-0.29459318951601E+04
-0.29563630352744E+04
-0.29668134133923E+04
-0.29772831758472E+04
-0.29877724703193E+04
-0.29982814458521E+04
-0.30088102528692E+04
-0.30193590431909E+04
-0.30299279700516E+04
-0.30405171881169E+04
-0.30511268535012E+04
-0.30617571237857E+04
-0.30724081580364E+04
-0.30830801168225E+04
-0.30937731622349E+04
-0.31044874579055E+04
-0.31152231690257E+04
-0.31259804623666E+04
-0.31367595062983E+04
-0.31475604708102E+04
-0.31583835275308E+04
-0.31692288497492E+04
-0.31800966124353E+04
-0.31909869922615E+04
-0.32019001676237E+04
-0.32128363186642E+04
-0.32237956272927E+04
-0.32347782772098E+04
-0.32457844539295E+04
-0.32568143448025E+04
-0.32678681390396E+04
-0.32789460277360E+04
-0.32900482038953E+04
-0.33011748624543E+04
-0.33123262003082E+04
-0.33235024163357E+04
-0.33347037114250E+04
-0.33459302885003E+04
-0.33571823525477E+04
-0.33684601106432E+04
-0.33797637719793E+04
-0.33910935478933E+04
-0.34024496518956E+04
-0.34138322996985E+04
-0.34252417092449E+04
-0.34366781007389E+04
-0.34481416966749E+04
-0.34596327218691E+04
-0.34711514034899E+04
-0.34826979710898E+04
-0.34942726566375E+04
-0.35058756945504E+04
-0.35175073217276E+04
-0.35291677775838E+04
-0.35408573040831E+04
-0.35525761457742E+04
-0.35643245498252E+04
-0.35761027660597E+04
-0.35879110469932E+04
-0.35997496478702E+04
-0.36116188267014E+04
-0.36235188443027E+04
-0.36354499643331E+04
-0.36474124533351E+04
-0.36594065807741E+04
-0.36714326190797E+04
-0.36834908436870E+04
-0.36955815330786E+04
-0.37077049688277E+04
-0.37198614356416E+04
-0.37320512214058E+04
-0.37442746172293E+04
-0.37565319174902E+04
-0.37688234198825E+04
-0.37811494254630E+04
-0.37935102386999E+04
-0.38059061675215E+04
-0.38183375233659E+04
-0.38308046212319E+04
-0.38433077797304E+04
-0.38558473211365E+04
-0.38684235714431E+04
-0.38810368604151E+04
-0.38936875216441E+04
-0.39063758926050E+04
-0.39191023147126E+04
-0.39318671333799E+04
-0.39446706980771E+04
-0.39575133623915E+04
-0.39703954840888E+04
-0.39833174251753E+04
-0.39962795519611E+04
-0.40092822351243E+04
-0.40223258497770E+04
-0.40354107755318E+04
-0.40485373965694E+04
-0.40617061017082E+04
-0.40749172844743E+04
-0.40881713431731E+04
-0.41014686809623E+04
-0.41148097059262E+04
-0.41281948311509E+04
-0.41416244748015E+04
-0.41550990602003E+04
-0.41686190159064E+04
-0.41821847757973E+04
-0.41957967791510E+04
-0.42094554707304E+04
-0.42231613008695E+04
-0.42369147255601E+04
-0.42507162065408E+04
-0.42645662113880E+04
-0.42784652136080E+04
-0.42924136927307E+04
-0.43064121344059E+04
-0.43204610305002E+04
-0.43345608791972E+04
-0.43487121850980E+04
-0.43629154593250E+04
-0.43771712196265E+04
-0.43914799904845E+04
-0.44058423032233E+04
-0.44202586961212E+04
-0.44347297145237E+04
-0.44492559109591E+04
-0.44638378452568E+04
-0.44784760846667E+04
-0.44931712039824E+04
-0.45079237856655E+04
-0.45227344199731E+04
-0.45376037050878E+04
-0.45525322472497E+04
-0.45675206608917E+04
-0.45825695687766E+04
-0.45976796021381E+04
-0.46128514008236E+04
-0.46280856134400E+04
-0.46433828975032E+04
-0.46587439195893E+04
-0.46741693554902E+04
-0.46896598903714E+04
-0.47052162189331E+04
-0.47208390455753E+04
-0.47365290845654E+04
-0.47522870602093E+04
-0.47681137070268E+04
-0.47840097699299E+04
-0.47999760044047E+04
-0.48160131766975E+04
-0.48321220640046E+04
-0.48483034546661E+04
-0.48645581483634E+04
-0.48808869563211E+04
-0.48972907015137E+04
-0.49137702188753E+04
-0.49303263555152E+04
-0.49469599709370E+04
-0.49636719372629E+04
-0.49804631394626E+04
-0.49973344755874E+04
-0.50142868570085E+04
-0.50313212086617E+04
-0.50484384692963E+04
-0.50656395917297E+04
-0.50829255431079E+04
-0.51002973051714E+04
-0.51177558745267E+04
-0.51353022629242E+04
-0.51529374975420E+04
-0.51706626212757E+04
-0.51884786930355E+04
-0.52063867880488E+04
-0.52243879981702E+04
-0.52424834321985E+04
-0.52606742162006E+04
-0.52789614938425E+04
-0.52973464267284E+04
-0.53158301947468E+04
-0.53344139964251E+04
-0.53530990492919E+04
-0.53718865902477E+04
-0.53907778759439E+04
-0.54097741831715E+04
-0.54288768092573E+04
-0.54480870724706E+04
-0.54674063124388E+04
-0.54868358905728E+04
-0.55063771905024E+04
-0.55260316185217E+04
-0.55458006040461E+04
-0.55656856000782E+04
-0.55856880836871E+04
-0.56058095564971E+04
-0.56260515451896E+04
-0.56464156020161E+04
-0.56669033053245E+04
-0.56875162600968E+04
-0.57082560985017E+04
-0.57291244804591E+04
-0.57501230942193E+04
-0.57712536569561E+04
-0.57925179153746E+04
-0.58139176463345E+04
-0.58354546574878E+04
-0.58571307879340E+04
-0.58789479088899E+04
-0.59009079243779E+04
-0.59230127719309E+04
-0.59452644233145E+04
-0.59676648852691E+04
-0.59902162002693E+04
-0.60129204473037E+04
-0.60357797426750E+04
-0.60587962408197E+04
-0.60819721351499E+04
-0.61053096589170E+04
-0.61288110860975E+04
-0.61524787323027E+04
-0.61763149557112E+04
-0.62003221580277E+04
-0.62245027854658E+04
-0.62488593297577E+04
-0.62733943291911E+04
-0.62981103696731E+04
-0.63230100858239E+04
-0.63480961620993E+04
-0.63733713339441E+04
-0.63988383889770E+04
-0.64245001682080E+04
-0.64503595672891E+04
-0.64764195378000E+04
-0.65026830885692E+04
-0.65291532870320E+04
-0.65558332606270E+04
-0.65827261982309E+04
-0.66098353516350E+04
-0.66371640370630E+04
-0.66647156367321E+04
-0.66924936004586E+04
-0.67205014473107E+04
-0.67487427673076E+04
-0.67772212231693E+04
-0.68059405521164E+04
-0.68349045677231E+04
-0.68641171618248E+04
-0.68935823064819E+04
-0.69233040560021E+04
-0.69532865490229E+04
-0.69835340106570E+04
-0.70140507547015E+04
-0.70448411859149E+04
-0.70759098023631E+04
-0.71072611978367E+04
-0.71389000643437E+04
-0.71708311946778E+04
-0.72030594850674E+04
-0.72355899379075E+04
-0.72684276645760E+04
-0.73015778883405E+04
-0.73350459473561E+04
-0.73688372977587E+04
-0.74029575168588E+04
-0.74374123064360E+04
-0.74722074961428E+04
-0.75073490470169E+04
-0.75428430551104E+04
-0.75786957552374E+04
-0.76149135248470E+04
-0.76515028880239E+04
-0.76884705196250E+04
-0.77258232495538E+04
-0.77635680671816E+04
-0.78017121259183E+04
-0.78402627479415E+04
-0.78792274290885E+04
-0.79186138439192E+04
-0.79584298509561E+04
-0.79986834981095E+04
-0.80393830282956E+04
-0.80805368852554E+04
-0.81221537195838E+04
-0.81642423949772E+04
-0.82068119947097E+04
-0.82498718283484E+04
-0.82934314387178E+04
-0.83375006091246E+04
-0.83820893708563E+04
-0.84272080109638E+04
-0.84728670803437E+04
-0.85190774021329E+04
-0.85658500804317E+04
-0.86131965093701E+04
-0.86611283825351E+04
-0.87096577027772E+04
-0.87587967924140E+04
-0.88085583038531E+04
-0.88589552306544E+04
-0.89100009190557E+04
-0.89617090799877E+04
-0.90140938016023E+04
-0.90671695623459E+04
-0.91209512446059E+04
-0.91754541489652E+04
-0.92306940090990E+04
-0.92866870073536E+04
-0.93434497910478E+04
-0.94009994895426E+04
-0.94593537321280E+04
-0.95185306667801E+04
-0.95785489798476E+04
-0.96394279167297E+04
-0.97011873036169E+04
-0.97638475703707E+04
-0.98274297746270E+04
-0.98919556272164E+04
-0.99574475190064E+04
-0.10023928549280E+05
-0.10091422555782E+05
-0.10159954146571E+05
-0.10229548733851E+05
-0.10300232569962E+05
-0.10372032785725E+05
-0.10444977431408E+05
-0.10519095520556E+05
-0.10594417077014E+05
-0.10670973185504E+05
-0.10748796046167E+05
-0.10827919033573E+05
-0.10908376760759E+05
-0.10990205149001E+05
-0.11073441504097E+05
-0.11158124600159E+05
-0.11244294772062E+05
-0.11331994017986E+05
-0.11421266113761E+05
-0.11512156741180E+05
-0.11604713632918E+05
-0.11698986737411E+05
-0.11795028407913E+05
-0.11892893621168E+05
-0.11992640232687E+05
-0.12094329277851E+05
-0.12198025331020E+05
-0.12303796939095E+05
-0.12411717151975E+05
-0.12521864181132E+05
-0.12634322230512E+05
-0.12749182563664E+05
-0.12866544901651E+05
-0.12986519295331E+05
-0.13109228696607E+05
-0.13234812592292E+05
-0.13363432313189E+05
-0.13495279100320E+05
-0.13630586950581E+05
-0.13769654294534E+05
-0.13912883374619E+05
-0.14060859095836E+05
-0.14214529966888E+05
-0.14375718920043E+05
-0.14549191901807E+05
-0.14757155627128E+05
-0.15048825038355E+05
-0.15409475314282E+05
-0.15837713026265E+05
-0.16307763748603E+05
-0.16820837101848E+05
-0.17371860169847E+05
-0.17959237670014E+05
-0.18581627851497E+05
-0.19238357472650E+05
-0.19927092206462E+05
-0.20649911732558E+05
-0.21405640955127E+05
-0.22195040348800E+05
-0.23017578717083E+05
-0.23873530535505E+05
-0.24765316551203E+05
-0.25692221707026E+05
-0.26656095454085E+05
-0.27657016098988E+05
-0.28695506705181E+05
-0.29773171146119E+05
-0.30889912086750E+05
-0.32050451865871E+05
-0.33250595248315E+05
-0.34497671672780E+05
-0.35789445404036E+05
-0.37127859226517E+05
-0.38515044145073E+05
-0.39951743704162E+05
-0.41440141816625E+05
-0.42981881925935E+05
-0.44580002926012E+05
-0.46232316155879E+05
-0.47945347765354E+05
-0.49719664689577E+05
-0.51558912705967E+05
-0.53463802677140E+05
-0.55436915280666E+05
-0.57480998249835E+05
-0.59598602089638E+05
-0.61791532073289E+05
-0.64065566665428E+05
-0.66420564900660E+05
-0.68860983591931E+05
-0.71390104912277E+05
-0.74012013999606E+05
-0.76729891768962E+05
-0.79547448282470E+05
-0.82468910411936E+05
-0.85500265177690E+05
-0.88642214610057E+05
-0.91901556143748E+05
-0.95282143044048E+05
-0.98790809463071E+05
-0.10243137249991E+06
-0.10620888425638E+06
-0.11013425905811E+06
-0.11420786609654E+06
-0.11844057111127E+06
-0.12283893948688E+06
-0.12740802778048E+06
-0.13215616134523E+06
-0.13709481133472E+06
-0.14222655079488E+06
-0.14756519310806E+06
-0.15312233062267E+06
-0.15890183278942E+06
-0.16492027837932E+06
-0.17118816441402E+06
-0.17771612398994E+06
-0.18452158297276E+06
-0.19161399182666E+06
-0.19900493620065E+06
-0.20671844120578E+06
-0.21476793490947E+06
-0.22316776301120E+06
-0.23195345139342E+06
-0.24112134473635E+06
-0.25070268552625E+06
-0.26072737613824E+06
-0.27121089728692E+06
-0.28218606879450E+06
-0.29368276678052E+06
-0.30572781512986E+06
-0.31835255572262E+06
-0.33159636357237E+06
-0.34549544389408E+06
-0.36008978332283E+06
-0.37543084560044E+06
-0.39157429569352E+06
-0.40854930642384E+06
-0.42642326898525E+06
-0.44526260616047E+06
-0.46512232081164E+06
-0.48609164792536E+06
-0.50824601861598E+06
-0.53165729858319E+06
-0.55643166412547E+06
-0.58268530863123E+06
-0.61052113236731E+06
-0.64005050500399E+06
-0.67144348096157E+06
-0.70483404503262E+06
-0.74039734255166E+06
-0.77832598384670E+06
-0.81882840497788E+06
-0.86214427959490E+06
-0.90853369593162E+06
-0.95829336858350E+06
-0.10117556889407E+07
-0.10693061205251E+07
-0.11313648785331E+07
-0.11984210103577E+07
-0.12710275103545E+07
-0.13498831761678E+07
-0.14357259972066E+07
-0.15292455526067E+07
-0.16315258310254E+07
-0.17437908991862E+07
-0.18673669747412E+07
-0.20039510171249E+07
-0.21554441602316E+07
-0.23242395716297E+07
-0.25131156012426E+07
-0.27255675621111E+07
-0.29658505867537E+07
-0.32394228112145E+07
-0.35532204724297E+07
-0.39159463104878E+07
-0.43393634721404E+07
-0.48386828243506E+07
-0.54341784215644E+07
-0.61545524327244E+07
-0.70411948272904E+07
-0.81529552948371E+07
-0.95796319468390E+07
-0.11463085170581E+08
-0.14036998628355E+08
-0.17711155165402E+08
-0.23253450183909E+08
-0.32246001304435E+08
-0.48345269390885E+08
-0.81527722750154E+08
-0.16640404919344E+09
-0.48094023666281E+09
-0.27980558718415E+10
 0.67033977468873E+09
 0.11164783848004E+10
 0.52762213643346E+09
 0.27255351831374E+09
 0.12064747992160E+09
-0.13544206475493E+08
-0.20518044809194E+09
-0.61644473166873E+09
 0.25312628817077E+10
 0.71296182886317E+09
 0.18505588572153E+09
 0.85804988335889E+08
 0.52311886280310E+08
 0.36764484141586E+08
 0.28005530445287E+08
 0.22409003077957E+08
 0.18512096069061E+08
 0.15629566734723E+08
 0.13401793878446E+08
 0.11622823167797E+08
 0.10166230297003E+08
 0.89512266999659E+07
 0.79186895991180E+07
 0.70322575600589E+07
 0.62623685640286E+07
 0.55875976915652E+07
 0.49915815702153E+07
 0.44615080749019E+07
 0.39872691797884E+07
 0.35607471358765E+07
 0.31762505897826E+07
 0.28265359428179E+07
 0.25073616219405E+07
 0.22160710691256E+07
 0.19488920802782E+07
 0.17040484041616E+07
 0.14767297016529E+07
 0.12670584461288E+07
 0.10726722647870E+07
 0.89204593193505E+06
 0.72476037309286E+06
 0.56784300420573E+06
 0.42115142458575E+06
 0.28377084159649E+06
 0.15489191022143E+06
 0.33793500536403E+05
-0.80173131197401E+05
-0.18758087564393E+06
-0.28897296195467E+06
-0.38480497394077E+06
-0.47548962961317E+06
-0.56143030008059E+06
-0.64285877081726E+06
-0.72029741881759E+06
-0.79393764991280E+06
-0.86404515298800E+06
-0.93085905694996E+06
-0.99459781320853E+06
-0.10554629194539E+07
-0.11136388172129E+07
-0.11692941225401E+07
-0.12225811234850E+07
-0.12736361808728E+07
-0.13226061014354E+07
-0.13697470155871E+07
-0.14150286275655E+07
-0.14585759629313E+07
-0.15005122178204E+07
-0.15408927226477E+07
-0.15796852258400E+07
-0.16172454574304E+07
-0.16535226115071E+07
-0.16885817987783E+07
-0.17224740186690E+07
-0.17552659225551E+07
-0.17870227510284E+07
-0.18177987144089E+07
-0.18476431214359E+07
-0.18766034763811E+07
-0.19047138717645E+07
-0.19320506482598E+07
-0.19586976867200E+07
-0.19846256347884E+07
-0.20087658666338E+07
-0.20332712011343E+07
-0.20579200603989E+07
-0.20812083102910E+07
-0.21038974388995E+07
-0.21263280678347E+07
-0.21466038196663E+07
-0.21677258551294E+07
-0.21883740064991E+07
-0.22085714075705E+07
-0.22283328489115E+07
-0.22476716203115E+07
-0.22666142470991E+07
-0.22851776887924E+07
-0.23033909392731E+07
-0.23212580815270E+07
-0.23387892348018E+07
-0.23559848278848E+07
-0.23728774896922E+07
-0.23894775811156E+07
-0.24057946687974E+07
-0.24218346248153E+07
-0.24376071326037E+07
-0.24531289162704E+07
-0.24684102593663E+07
-0.24834590911610E+07
-0.24982818286993E+07
-0.25128848679615E+07
-0.25272815554387E+07
-0.25414764794040E+07
-0.25554755877323E+07
-0.25692658409746E+07
-0.25829870602142E+07
-0.25965105456718E+07
-0.26098665524794E+07
-0.26230537608761E+07
-0.26360983331069E+07
-0.26490022737688E+07
-0.26617686696020E+07
-0.26743994359375E+07
-0.26868890981908E+07
-0.26992595298227E+07
-0.27115124509758E+07
-0.27236520742246E+07
-0.27356829046002E+07
-0.27476040209929E+07
-0.27594355960153E+07
-0.27711674350614E+07
-0.27828291480884E+07
-0.27944147688160E+07
-0.28059384587097E+07
-0.28173427166683E+07
-0.28289923440306E+07
-0.28385786850928E+07
-0.28497244134900E+07
-0.28607922731579E+07
-0.28727453037759E+07
-0.28836706259900E+07
-0.28948655168197E+07
-0.29039914623317E+07
-0.29146935069733E+07
-0.29253337206895E+07
-0.29359142090135E+07
-0.29464370525724E+07
-0.29569070752348E+07
-0.29673268402209E+07
-0.29776946251961E+07
-0.29880052318833E+07
-0.29982659065648E+07
-0.30084779116459E+07
-0.30184364978572E+07
-0.30285371385447E+07
-0.30386094803420E+07
-0.30486509239186E+07
-0.30586471824575E+07
-0.30686041649934E+07
-0.30785232023806E+07
-0.30884053245168E+07
-0.30982465155236E+07
-0.31080515291601E+07
-0.31178268076897E+07
-0.31275701719303E+07
-0.31372825080536E+07
-0.31469645909163E+07
-0.31566171749941E+07
-0.31662408881288E+07
-0.31758362570479E+07
-0.31854036571974E+07
-0.31949433416225E+07
-0.32044552576962E+07
-0.32139391192311E+07
-0.32233815522297E+07
-0.32327993407133E+07
-0.32421924186190E+07
-0.32515514037270E+07
-0.32609040257112E+07
-0.32704389599867E+07
-0.32798148393676E+07
-0.32891773483137E+07
-0.32985271500779E+07
-0.33078651984293E+07
-0.33171923691261E+07
-0.33265043846213E+07
-0.33357842914471E+07
-0.33450543689557E+07
-0.33543193192470E+07
-0.33635765540822E+07
-0.33728249830593E+07
-0.33820616686021E+07
-0.33912948263321E+07
-0.34005211917156E+07
-0.34098352975463E+07
-0.34191179192292E+07
-0.34283855564578E+07
-0.34380770950578E+07
-0.34452569593736E+07
-0.34544618624433E+07
-0.34636596431589E+07
-0.34740728301642E+07
-0.34832601057298E+07
-0.34915196633616E+07
-0.34999324272922E+07
-0.35090689366978E+07
-0.35181990221343E+07
-0.35273229638786E+07
-0.35364411826573E+07
-0.35455539673814E+07
-0.35546616955481E+07
-0.35637621460187E+07
-0.35728518054925E+07
-0.35819357315132E+07
-0.35910135759682E+07
-0.36000893457265E+07
-0.36091603818796E+07
-0.36182221844408E+07
-0.36272730100991E+07
-0.36363102550130E+07
-0.36453296645513E+07
-0.36543242136502E+07
-0.36633358292856E+07
-0.36723701078292E+07
-0.36813999872276E+07
-0.36904249987107E+07
-0.36994444187546E+07
-0.37084568267384E+07
-0.37174565997235E+07
-0.37264442201101E+07
-0.37354444738577E+07
-0.37444171675246E+07
-0.37533680880997E+07
-0.37622899870248E+07
-0.37714937420728E+07
-0.37805305407016E+07
-0.37895721386060E+07
-0.37986190407209E+07
-0.38076718295492E+07
-0.38167310327357E+07
-0.38257829336694E+07
-0.38348206002842E+07
-0.38438635437481E+07
-0.38529113254970E+07
-0.38619644855505E+07
-0.38710227828694E+07
-0.38800806459980E+07
-0.38891459874370E+07
-0.38982161117661E+07
-0.39073445182424E+07
-0.39165083773158E+07
-0.39256917239749E+07
-0.39348714079905E+07
-0.39445307034531E+07
-0.39512386760669E+07
-0.39603810581223E+07
-0.39695266494648E+07
-0.39801640849421E+07
-0.39898036677002E+07
-0.39964518207481E+07
-0.40055728771516E+07
-0.40146957799337E+07
-0.40238206356004E+07
-0.40329476268604E+07
-0.40420768725855E+07
-0.40512085280166E+07
-0.40603422077903E+07
-0.40694681429792E+07
-0.40785948899146E+07
-0.40877216950150E+07
-0.40968539006715E+07
-0.41059864347192E+07
-0.41151138958526E+07
-0.41242336951187E+07
-0.41333417471075E+07
-0.41424315454607E+07
-0.41514603641363E+07
-0.41605947859374E+07
-0.41697299424215E+07
-0.41788652623877E+07
-0.41880000048340E+07
-0.41971332337696E+07
-0.42062636657628E+07
-0.42153895368533E+07
-0.42245084385586E+07
-0.42336169122772E+07
-0.42427098525546E+07
-0.42517795147272E+07
-0.42608134669609E+07
-0.42702279179188E+07
-0.42794219205566E+07
-0.42886261956388E+07
-0.42978412862648E+07
-0.43070679706276E+07
-0.43163058431182E+07
-0.43255155875376E+07
-0.43347330146483E+07
-0.43439593671453E+07
-0.43531951984302E+07
-0.43624411906222E+07
-0.43716893098922E+07
-0.43809470339014E+07
-0.43902149197153E+07
-0.43995553637489E+07
-0.44089735087734E+07
-0.44183853825291E+07
-0.44277939248450E+07
-0.44359217326616E+07
-0.44442314764449E+07
-0.44536021430214E+07
-0.44629783805828E+07
-0.44741336013668E+07
-0.44811394162508E+07
-0.44904864034202E+07
-0.44998366502113E+07
-0.45091902424190E+07
-0.45185472007610E+07
-0.45279074836933E+07
-0.45372702978701E+07
-0.45466276962791E+07
-0.45559882049718E+07
-0.45653624410772E+07
-0.45747264788126E+07
-0.45840948289545E+07
-0.45934655528102E+07
-0.46028304966152E+07
-0.46119171861882E+07
-0.46212820846825E+07
-0.46306504001467E+07
-0.46400219268587E+07
-0.46494033067406E+07
-0.46587866945850E+07
-0.46681714246210E+07
-0.46775568446765E+07
-0.46869420912823E+07
-0.46963260353720E+07
-0.47057072662035E+07
-0.47150837149039E+07
-0.47244527091831E+07
-0.47338103461066E+07
-0.47431509315120E+07
-0.47524657246412E+07
-0.47617408442151E+07
-0.47713854026266E+07
-0.47808354446204E+07
-0.47902980440627E+07
-0.47997738646773E+07
-0.48092638449838E+07
-0.48187678505404E+07
-0.48282384994461E+07
-0.48377166363935E+07
-0.48472055165139E+07
-0.48567058688783E+07
-0.48662175262606E+07
-0.48757411789617E+07
-0.48852805029622E+07
-0.48948960172486E+07
-0.49046108287697E+07
-0.49143135595056E+07
-0.49240110896178E+07
-0.49321932130275E+07
-0.49406037743578E+07
-0.49502540731266E+07
-0.49619941915602E+07
-0.49723907113568E+07
-0.49785170020351E+07
-0.49881348435703E+07
-0.49977556633343E+07
-0.50073796131454E+07
-0.50170068041552E+07
-0.50266374097292E+07
-0.50362715658081E+07
-0.50459078745272E+07
-0.50555329337114E+07
-0.50647237808532E+07
-0.50743408986237E+07
-0.50839625750888E+07
-0.50935888098509E+07
-0.51032196349288E+07
-0.51128527283131E+07
-0.51224826188501E+07
-0.51321160352998E+07
-0.51417525466947E+07
-0.51513918607308E+07
-0.51610355307401E+07
-0.51706879882318E+07
-0.51803410266256E+07
-0.51899938749831E+07
-0.51996455471821E+07
-0.52092947709317E+07
-0.52189398194665E+07
-0.52285783544381E+07
-0.52382071869118E+07
-0.52478217538181E+07
-0.52574153442553E+07
-0.52669776326454E+07
-0.52764919855132E+07
-0.52861127113732E+07
-0.52961115004354E+07
-0.53058385824216E+07
-0.53155808966832E+07
-0.53253395795678E+07
-0.53351142746212E+07
-0.53448488124493E+07
-0.53546000719179E+07
-0.53643665646015E+07
-0.53741477093908E+07
-0.53839270749464E+07
-0.53937024502040E+07
-0.54036421481239E+07
-0.54136508906679E+07
-0.54236414724503E+07
-0.54336246566864E+07
-0.54403924114203E+07
-0.54503118066780E+07
-0.54602363324208E+07
-0.54725903949487E+07
-0.54833056641918E+07
-0.54891803314347E+07
-0.54990593662849E+07
-0.55089405083778E+07
-0.55188239286917E+07
-0.55287098405278E+07
-0.55379685989821E+07
-0.55478231089584E+07
-0.55576813651938E+07
-0.55675433736700E+07
-0.55774091618404E+07
-0.55872787521181E+07
-0.55971522119844E+07
-0.56070295148807E+07
-0.56169106958737E+07
-0.56267958045926E+07
-0.56366849012787E+07
-0.56465745660882E+07
-0.56564590724107E+07
-0.56663461001985E+07
-0.56762351348041E+07
-0.56861258099160E+07
-0.56960227167515E+07
-0.57059252072519E+07
-0.57158262663980E+07
-0.57257248068876E+07
-0.57356193301155E+07
-0.57455079978163E+07
-0.57553881631576E+07
-0.57652562389773E+07
-0.57751070436945E+07
-0.57849330879544E+07
-0.57947226896676E+07
-0.58044571565023E+07
-0.58142377158107E+07
-0.58245437341941E+07
-0.58345271352602E+07
-0.58445333252747E+07
-0.58545635937586E+07
-0.58645433968133E+07
-0.58745262255199E+07
-0.58845259733940E+07
-0.58945443921912E+07
-0.59045634299629E+07
-0.59146014295125E+07
-0.59247598116976E+07
-0.59350355785375E+07
-0.59452915262256E+07
-0.59555378052404E+07
-0.59620655036566E+07
-0.59722344739583E+07
-0.59824080916530E+07
-0.59953817106478E+07
-0.60064224307147E+07
-0.60118142508405E+07
-0.60219196870020E+07
-0.60320295973053E+07
-0.60421441838584E+07
-0.60522636464636E+07
-0.60652348597184E+07
-0.60763627748291E+07
-0.60834017806972E+07
-0.60917728853706E+07
-0.61018645368880E+07
-0.61119590461907E+07
-0.61220564499949E+07
-0.61321567558005E+07
-0.61422600324834E+07
-0.61523662729953E+07
-0.61624755725071E+07
-0.61725879418379E+07
-0.61827034095505E+07
-0.61928190263169E+07
-0.62029256025866E+07
-0.62130332159763E+07
-0.62231396713104E+07
-0.62332313354719E+07
-0.62433509648212E+07
-0.62534851399191E+07
-0.62636035852201E+07
-0.62737152378086E+07
-0.62838193568157E+07
-0.62939134938161E+07
-0.63039937749722E+07
-0.63140464555868E+07
-0.63240574780919E+07
-0.63340049231421E+07
-0.63438495497145E+07
-0.63543144361509E+07
-0.63644923669630E+07
-0.63746948232497E+07
-0.63849244703336E+07
-0.63951493710228E+07
-0.64053242777731E+07
-0.64155189128445E+07
-0.64257335305641E+07
-0.64359571389154E+07
-0.64461946558412E+07
-0.64564534168928E+07
-0.64669972629679E+07
-0.64775001375438E+07
-0.64879859190114E+07
-0.64961203708643E+07
-0.65070591980013E+07
-0.65173642160274E+07
-0.65277705013851E+07
-0.65381616847309E+07
-0.65485463152387E+07
-0.65589274681757E+07
-0.65704854632707E+07
-0.65773000719270E+07
-0.65856921445001E+07
-0.65960176430809E+07
-0.66063472455938E+07
-0.66166811378022E+07
-0.66302976237925E+07
-0.66417799834556E+07
-0.66465870346685E+07
-0.66568780156869E+07
-0.66671708388909E+07
-0.66774655854745E+07
-0.66877622827394E+07
-0.66980609984470E+07
-0.67083617843474E+07
-0.67186646924411E+07
-0.67289697521225E+07
-0.67392771003428E+07
-0.67495867538570E+07
-0.67598847152068E+07
-0.67701799790916E+07
-0.67804749738361E+07
-0.67907689480263E+07
-0.68010769695152E+07
-0.68113931319913E+07
-0.68216994495504E+07
-0.68319928700047E+07
-0.68422690075168E+07
-0.68525215736290E+07
-0.68627410523113E+07
-0.68729125835637E+07
-0.68830113378886E+07
-0.68929932161538E+07
-0.69036301886839E+07
-0.69139811800740E+07
-0.69243598122513E+07
-0.69347687899324E+07
-0.69451680853857E+07
-0.69555164129410E+07
-0.69658847762672E+07
-0.69762743280213E+07
-0.69866713977093E+07
-0.69970864157228E+07
-0.70068332907613E+07
-0.70171683588644E+07
-0.70275132786602E+07
-0.70378685480789E+07
-0.70482349313217E+07
-0.70586032654134E+07
-0.70689692733324E+07
-0.70793272303714E+07
-0.70897578060668E+07
-0.71002914679457E+07
-0.71108993125760E+07
-0.71214933858538E+07
-0.71320783929701E+07
-0.71426583074884E+07
-0.71544797813055E+07
-0.71588355420931E+07
-0.71693426768432E+07
-0.71798531533391E+07
-0.71903673569746E+07
-0.72046330464573E+07
-0.72151562271956E+07
-0.72268389172031E+07
-0.72311287203218E+07
-0.72415887122752E+07
-0.72520496724961E+07
-0.72625116040958E+07
-0.72729745953735E+07
-0.72834387616905E+07
-0.72939040998935E+07
-0.73043796457470E+07
-0.73148688555038E+07
-0.73253520980250E+07
-0.73358180272716E+07
-0.73462810576849E+07
-0.73567397226446E+07
-0.73672020207675E+07
-0.73776667326045E+07
-0.73881181521368E+07
-0.73985524563299E+07
-0.74089639864358E+07
-0.74193445902327E+07
-0.74296817136452E+07
-0.74399552676999E+07
-0.74501311678451E+07
-0.74601461211153E+07
-0.74711238229387E+07
-0.74816293203025E+07
-0.74921675603191E+07
-0.75027417397587E+07
-0.75122018947850E+07
-0.75224445151200E+07
-0.75334299989762E+07
-0.75438977345198E+07
-0.75543795876532E+07
-0.75648764161478E+07
-0.75753894808054E+07
-0.75859185713866E+07
-0.75964081949203E+07
-0.76068759215704E+07
-0.76173545514094E+07
-0.76278444106031E+07
-0.76383465249890E+07
-0.76488613205813E+07
-0.76593701385258E+07
-0.76698924334954E+07
-0.76804315516254E+07
-0.76909883914813E+07
-0.77018233690816E+07
-0.77125982682188E+07
-0.77233593372406E+07
-0.77341118456396E+07
-0.77463347895694E+07
-0.77499458827996E+07
-0.77606072451417E+07
-0.77712715165219E+07
-0.77819390016774E+07
-0.77968699283052E+07
-0.78075455820118E+07
-0.78195228203273E+07
-0.78231251001813E+07
-0.78337494427486E+07
-0.78443726565396E+07
-0.78549949282724E+07
-0.78656161798758E+07
-0.78762360799907E+07
-0.78868504008743E+07
-0.78974350498262E+07
-0.79080740092116E+07
-0.79186709967303E+07
-0.79292581316913E+07
-0.79398377843726E+07
-0.79504287094318E+07
-0.79610093013759E+07
-0.79715714780894E+07
-0.79821098687858E+07
-0.79926165454888E+07
-0.80030795278019E+07
-0.80134800731466E+07
-0.80237869105073E+07
-0.80344604270289E+07
-0.80449751785058E+07
-0.80554772294146E+07
-0.80659634010787E+07
-0.80764293569945E+07
-0.80868693705691E+07
-0.80972753067030E+07
-0.81076356978863E+07
-0.81179334385038E+07
-0.81281421896393E+07
-0.81392179344125E+07
-0.81497937260345E+07
-0.81603852621991E+07
-0.81709935536311E+07
-0.81816200303773E+07
-0.81922662572747E+07
-0.82029060267240E+07
-0.82134770170441E+07
-0.82240638554198E+07
-0.82346630604906E+07
-0.82452759928731E+07
-0.82559039496964E+07
-0.82665267128214E+07
-0.82771619168795E+07
-0.82878187983444E+07
-0.82984933310697E+07
-0.83094830125416E+07
-0.83204132027341E+07
-0.83313257342561E+07
-0.83422271353646E+07
-0.83547382379918E+07
-0.83576190291782E+07
-0.83684573879536E+07
-0.83792982640208E+07
-0.83949522783219E+07
-0.84075530443839E+07
-0.84101709135196E+07
-0.84209108390447E+07
-0.84316486291736E+07
-0.84423843761226E+07
-0.84531184365117E+07
-0.84638510472188E+07
-0.84745823211725E+07
-0.84853126753332E+07
-0.84960337957406E+07
-0.85067298938325E+07
-0.85174202191214E+07
-0.85281027363189E+07
-0.85387872560718E+07
-0.85494735245135E+07
-0.85601396250607E+07
-0.85700724094076E+07
-0.85807153538547E+07
-0.85913561527616E+07
-0.86019943246825E+07
-0.86126410363102E+07
-0.86232888199260E+07
-0.86339298925627E+07
-0.86445627923420E+07
-0.86551859724749E+07
-0.86657970257337E+07
-0.86763919154888E+07
-0.86869551304105E+07
-0.86975073127761E+07
-0.87080573291130E+07
-0.87185524457300E+07
-0.87289959482313E+07
-0.87393717199308E+07
-0.87496521578093E+07
-0.87600705108325E+07
-0.87713915967492E+07
-0.87820722889002E+07
-0.87927722890663E+07
-0.88034931856355E+07
-0.88142369113300E+07
-0.88249892945676E+07
-0.88356448658690E+07
-0.88463195306461E+07
-0.88570084761204E+07
-0.88677132424830E+07
-0.88784353909998E+07
-0.88891493392130E+07
-0.88998912036446E+07
-0.89106766401011E+07
-0.89217091450072E+07
-0.89328658025061E+07
-0.89439887453408E+07
-0.89550906019146E+07
-0.89678366304557E+07
-0.89699649369222E+07
-0.89809188616982E+07
-0.89918753780083E+07
-0.90082402218032E+07
-0.90209878367385E+07
-0.90228230475749E+07
-0.90336586458761E+07
-0.90444912430568E+07
-0.90553211614434E+07
-0.90661484946007E+07
-0.90769736559996E+07
-0.90877969893460E+07
-0.90986186670683E+07
-0.91094052969838E+07
-0.91189793983674E+07
-0.91297307199201E+07
-0.91404820833077E+07
-0.91512337103430E+07
-0.91619854764569E+07
-0.91727377041430E+07
-0.91834893169840E+07
-0.91942197079055E+07
-0.92049479377809E+07
-0.92156741413217E+07
-0.92263975284294E+07
-0.92371173652793E+07
-0.92478332396294E+07
-0.92585649700947E+07
-0.92692890272486E+07
-0.92800038724044E+07
-0.92907075012692E+07
-0.93013976484373E+07
-0.93120717159556E+07
-0.93227256496513E+07
-0.93333547044196E+07
-0.93439517722846E+07
-0.93545075882603E+07
-0.93650085590394E+07
-0.93754350356906E+07
-0.93857559299148E+07
-0.93960831143827E+07
-0.94075877180241E+07
-0.94183419537544E+07
-0.94291180501295E+07
-0.94399162201457E+07
-0.94507260238802E+07
-0.94615826211253E+07
-0.94723470985063E+07
-0.94831228358626E+07
-0.94939199328923E+07
-0.95047425592311E+07
-0.95155575278619E+07
-0.95264131401092E+07
-0.95372802033241E+07
-0.95485405321633E+07
-0.95598211970541E+07
-0.95710664539827E+07
-0.95822910870840E+07
-0.95854114078408E+07
-0.95964687865853E+07
-0.96075279411061E+07
-0.96246363978489E+07
-0.96357042078497E+07
-0.96386236052627E+07
-0.96495468931936E+07
-0.96604659799031E+07
-0.96713813407170E+07
-0.96885672499522E+07
-0.96994962106386E+07
-0.97126371652782E+07
-0.97232429870723E+07
-0.97239461619937E+07
-0.97347778117903E+07
-0.97456086120743E+07
-0.97564388318452E+07
-0.97672684699255E+07
-0.97780975477935E+07
-0.97889263132298E+07
-0.97997546265672E+07
-0.98105827459066E+07
-0.98214106356443E+07
-0.98322385861463E+07
-0.98430572255247E+07
-0.98538580281905E+07
-0.98646557227841E+07
-0.98754503219420E+07
-0.98862407930128E+07
-0.98970265986399E+07
-0.99078161497384E+07
-0.99186128859529E+07
-0.99293990803617E+07
-0.99401725650337E+07
-0.99509311459771E+07
-0.99616715428384E+07
-0.99723895951967E+07
-0.99830798984129E+07
-0.99937349596848E+07
-0.10004344782792E+08
-0.10014894318517E+08
-0.10025320513313E+08
-0.10035579515382E+08
-0.10046857692773E+08
-0.10057684501901E+08
-0.10068544648149E+08
-0.10079441174551E+08
-0.10090378020026E+08
-0.10101296154199E+08
-0.10112109985848E+08
-0.10122949808176E+08
-0.10133816370818E+08
-0.10144710088501E+08
-0.10155594945110E+08
-0.10166528537279E+08
-0.10177462476493E+08
-0.10188929338439E+08
-0.10200348593004E+08
-0.10211718448732E+08
-0.10225430619084E+08
-0.10225312985285E+08
-0.10236471365433E+08
-0.10253117716430E+08
-0.10264281719321E+08
-0.10275429003733E+08
-0.10286564202534E+08
-0.10297691988023E+08
-0.10311070268061E+08
-0.10310740653420E+08
-0.10321741266803E+08
-0.10332743743787E+08
-0.10343748468536E+08
-0.10354755809880E+08
-0.10372633586099E+08
-0.10383650950696E+08
-0.10396891081249E+08
-0.10396352033215E+08
-0.10407258059274E+08
-0.10418162830218E+08
-0.10429066453972E+08
-0.10439968966679E+08
-0.10450870670295E+08
-0.10461771171271E+08
-0.10472671257729E+08
-0.10483570631537E+08
-0.10494469369176E+08
-0.10505367958316E+08
-0.10516247604148E+08
-0.10527113249338E+08
-0.10537975161901E+08
-0.10548832807730E+08
-0.10559685020297E+08
-0.10570530898707E+08
-0.10581389360763E+08
-0.10592245156279E+08
-0.10603101597768E+08
-0.10613940713967E+08
-0.10624751328578E+08
-0.10635526368291E+08
-0.10646255746155E+08
-0.10656924329114E+08
-0.10667510934997E+08
-0.10677981212330E+08
-0.10688279399712E+08
-0.10698553935446E+08
-0.10710377616843E+08
-0.10721296544009E+08
-0.10732256280817E+08
-0.10743261708759E+08
-0.10754284342127E+08
-0.10765151131514E+08
-0.10776050614811E+08
-0.10786980013896E+08
-0.10797943564624E+08
-0.10808895755587E+08
-0.10819908966031E+08
-0.10830937895473E+08
-0.10840368852008E+08
-0.10851218496435E+08
-0.10862060854592E+08
-0.10872957934378E+08
-0.10883855057505E+08
-0.10894739038888E+08
-0.10905638399028E+08
-0.10916577865847E+08
-0.10927510729666E+08
-0.10938716605431E+08
-0.10950022539394E+08
-0.10961303138897E+08
-0.10972564303275E+08
-0.10983812053235E+08
-0.10995051456623E+08
-0.11000559491304E+08
-0.11007162265404E+08
-0.11018256220067E+08
-0.11029351956393E+08
-0.11040450581925E+08
-0.11059223169158E+08
-0.11070336564538E+08
-0.11084115891061E+08
-0.11082160256786E+08
-0.11093142558263E+08
-0.11104122984311E+08
-0.11115101985104E+08
-0.11126079100741E+08
-0.11137055089937E+08
-0.11148029714542E+08
-0.11159003350525E+08
-0.11169975973733E+08
-0.11180947465664E+08
-0.11191935396984E+08
-0.11202909565033E+08
-0.11213869582193E+08
-0.11224822347391E+08
-0.11235766404939E+08
-0.11246700071572E+08
-0.11257648280322E+08
-0.11268588208892E+08
-0.11279504673021E+08
-0.11290392598958E+08
-0.11301245266637E+08
-0.11312052738190E+08
-0.11322801452562E+08
-0.11333471840081E+08
-0.11344033237165E+08
-0.11354436938160E+08
-0.11364601007422E+08
-0.11376302070642E+08
-0.11387268032829E+08
-0.11398278470480E+08
-0.11409338565699E+08
-0.11420448795378E+08
-0.11429347381374E+08
-0.11439706344541E+08
-0.11451676918304E+08
-0.11462574199725E+08
-0.11473490348169E+08
-0.11484426028481E+08
-0.11495379840932E+08
-0.11506332434572E+08
-0.11517364401873E+08
-0.11528335973722E+08
-0.11539220600488E+08
-0.11550120228810E+08
-0.11561034139101E+08
-0.11571964073719E+08
-0.11582911444423E+08
-0.11593872612917E+08
-0.11604821513928E+08
-0.11615788830164E+08
-0.11626808948858E+08
-0.11637815462657E+08
-0.11649093292635E+08
-0.11660538429955E+08
-0.11671951077779E+08
-0.11683340733049E+08
-0.11694714424078E+08
-0.11709247067296E+08
-0.11706011492122E+08
-0.11717205292377E+08
-0.11728400964560E+08
-0.11739598459954E+08
-0.11750799710984E+08
-0.11770553957541E+08
-0.11781769254725E+08
-0.11795814067301E+08
-0.11792550613610E+08
-0.11803659555204E+08
-0.11814765248360E+08
-0.11825867278454E+08
-0.11836966459352E+08
-0.11848062500198E+08
-0.11859156034255E+08
-0.11870246923160E+08
-0.11881336217246E+08
-0.11892392275174E+08
-0.11903428394366E+08
-0.11914456630627E+08
-0.11925474608623E+08
-0.11936481268013E+08
-0.11947500072227E+08
-0.11958514340970E+08
-0.11969501892584E+08
-0.11980456950301E+08
-0.11991372153592E+08
-0.12002235993869E+08
-0.12013033433564E+08
-0.12023740448106E+08
-0.12034322425848E+08
-0.12045255390074E+08
-0.12056155206643E+08
-0.12067037842467E+08
-0.12077900136742E+08
-0.12088737365171E+08
-0.12099531127403E+08
-0.12110313705309E+08
-0.12121055438359E+08
-0.12131734790772E+08
-0.12142342416401E+08
-0.12152860097624E+08
-0.12163255511972E+08
-0.12173583309750E+08
-0.12185750631200E+08
-0.12196722281837E+08
-0.12207717000512E+08
-0.12218736212786E+08
-0.12229781107222E+08
-0.12240854041508E+08
-0.12251951175444E+08
-0.12262969800659E+08
-0.12273930091323E+08
-0.12284908093791E+08
-0.12295903093645E+08
-0.12306918532009E+08
-0.12317953846129E+08
-0.12328990233926E+08
-0.12340029074558E+08
-0.12351114797574E+08
-0.12362214639753E+08
-0.12373348260169E+08
-0.12384983893553E+08
-0.12396562474985E+08
-0.12408108631300E+08
-0.12419631988033E+08
-0.12431167212338E+08
-0.12430073788399E+08
-0.12441458358056E+08
-0.12452844078490E+08
-0.12464232654307E+08
-0.12485104568094E+08
-0.12496512678828E+08
-0.12511056569971E+08
-0.12506356420761E+08
-0.12517562314993E+08
-0.12528764129117E+08
-0.12539962559488E+08
-0.12551157044665E+08
-0.12562348174459E+08
-0.12573536504825E+08
-0.12584721684831E+08
-0.12595900350650E+08
-0.12607030880222E+08
-0.12618151752703E+08
-0.12629263251441E+08
-0.12640360762032E+08
-0.12651429785834E+08
-0.12662555537142E+08
-0.12672028369586E+08
-0.12683069613708E+08
-0.12694106999274E+08
-0.12705141195510E+08
-0.12716172826201E+08
-0.12727200129895E+08
-0.12738222199449E+08
-0.12749238586399E+08
-0.12760277290066E+08
-0.12771309773719E+08
-0.12782331343946E+08
-0.12793339341568E+08
-0.12804331216478E+08
-0.12815296790285E+08
-0.12826256674863E+08
-0.12837194660734E+08
-0.12848097494252E+08
-0.12858964027397E+08
-0.12869786210227E+08
-0.12880553412916E+08
-0.12891250591477E+08
-0.12901857351984E+08
-0.12912344235974E+08
-0.12922666526361E+08
-0.12934687234127E+08
-0.12945735691128E+08
-0.12956810946697E+08
-0.12967913921268E+08
-0.12979046017621E+08
-0.12990210025011E+08
-0.13001405490689E+08
-0.13012584911170E+08
-0.13023624033696E+08
-0.13034686823505E+08
-0.13045769235959E+08
-0.13056873784077E+08
-0.13068012817374E+08
-0.13079184367202E+08
-0.13090361748285E+08
-0.13101626081446E+08
-0.13112873853289E+08
-0.13124631399947E+08
-0.13136517324616E+08
-0.13148349488324E+08
-0.13160140397046E+08
-0.13175668273917E+08
-0.13169518518130E+08
-0.13181043403412E+08
-0.13192569279525E+08
-0.13204098105219E+08
-0.13226126192826E+08
-0.13241528322095E+08
-0.13234964549377E+08
-0.13246289054772E+08
-0.13257608382179E+08
-0.13268922706234E+08
-0.13280233234131E+08
