 0.99360247926267E+07
 0.99359973977977E+07
 0.99359517396533E+07
 0.99358878180462E+07
 0.99358056327771E+07
 0.99357051835877E+07
 0.99355864701510E+07
 0.99354494920997E+07
 0.99352942490006E+07
 0.99351207403581E+07
 0.99349289656211E+07
 0.99347189241897E+07
 0.99344906153908E+07
 0.99342440385043E+07
 0.99339791927486E+07
 0.99336960772843E+07
 0.99333946912170E+07
 0.99330750335871E+07
 0.99327371033833E+07
 0.99323808995345E+07
 0.99320064209105E+07
 0.99316136663230E+07
 0.99312026345277E+07
 0.99307733242169E+07
 0.99303257340320E+07
 0.99298598625494E+07
 0.99293757082920E+07
 0.99288732697177E+07
 0.99283525452375E+07
 0.99278135331897E+07
 0.99272562318629E+07
 0.99266806394872E+07
 0.99260867542291E+07
 0.99254745742015E+07
 0.99248440974527E+07
 0.99241953219769E+07
 0.99235282457097E+07
 0.99228428665247E+07
 0.99221391822378E+07
 0.99214171906040E+07
 0.99206768893216E+07
 0.99199182760296E+07
 0.99191413483050E+07
 0.99183461036644E+07
 0.99175325395745E+07
 0.99167006534289E+07
 0.99158504425684E+07
 0.99149819042790E+07
 0.99140950357752E+07
 0.99131898342194E+07
 0.99122662967101E+07
 0.99113244202925E+07
 0.99103642019429E+07
 0.99093856385809E+07
 0.99083887270662E+07
 0.99073734641963E+07
 0.99063398467127E+07
 0.99052878712900E+07
 0.99042175345450E+07
 0.99031288330321E+07
 0.99020217632465E+07
 0.99008963216178E+07
 0.98997525045242E+07
 0.98985903082700E+07
 0.98974097291074E+07
 0.98962107632205E+07
 0.98949934067365E+07
 0.98937576557153E+07
 0.98925035061591E+07
 0.98912309540083E+07
 0.98899399951400E+07
 0.98886306253641E+07
 0.98873028404335E+07
 0.98859566360370E+07
 0.98845920078022E+07
 0.98832089512851E+07
 0.98818074619926E+07
 0.98803875353550E+07
 0.98789491667469E+07
 0.98774923514733E+07
 0.98760170847866E+07
 0.98745233618593E+07
 0.98730111778134E+07
 0.98714805276983E+07
 0.98699314065040E+07
 0.98683638091518E+07
 0.98667777305009E+07
 0.98651731653456E+07
 0.98635501084117E+07
 0.98619085543639E+07
 0.98602484977977E+07
 0.98585699332431E+07
 0.98568728551707E+07
 0.98551572579782E+07
 0.98534231359963E+07
 0.98516704834928E+07
 0.98498992946696E+07
 0.98481095636586E+07
 0.98463012845257E+07
 0.98444744512690E+07
 0.98426290578231E+07
 0.98407650980464E+07
 0.98388825657385E+07
 0.98369814546266E+07
 0.98350617583678E+07
 0.98331234705558E+07
 0.98311665847091E+07
 0.98291910942835E+07
 0.98271969926637E+07
 0.98251842731604E+07
 0.98231529290188E+07
 0.98211029534148E+07
 0.98190343394525E+07
 0.98169470801660E+07
 0.98148411685194E+07
 0.98127165974040E+07
 0.98105733596409E+07
 0.98084114479792E+07
 0.98062308551007E+07
 0.98040315736075E+07
 0.98018135960357E+07
 0.97995769148462E+07
 0.97973215224291E+07
 0.97950474110998E+07
 0.97927545731016E+07
 0.97904430006025E+07
 0.97881126856988E+07
 0.97857636204119E+07
 0.97833957966867E+07
 0.97810092063996E+07
 0.97786038413403E+07
 0.97761796932391E+07
 0.97737367537364E+07
 0.97712750144045E+07
 0.97687944667389E+07
 0.97662951021569E+07
 0.97637769120003E+07
 0.97612398875312E+07
 0.97586840199374E+07
 0.97561093003258E+07
 0.97535157197290E+07
 0.97509032690986E+07
 0.97482719393077E+07
 0.97456217211505E+07
 0.97429526053458E+07
 0.97402645825209E+07
 0.97375576432393E+07
 0.97348317779694E+07
 0.97320869771072E+07
 0.97293232309664E+07
 0.97265405297767E+07
 0.97237388636887E+07
 0.97209182227693E+07
 0.97180785969990E+07
 0.97152199762831E+07
 0.97123423504352E+07
 0.97094457091963E+07
 0.97065300422077E+07
 0.97035953390410E+07
 0.97006415891746E+07
 0.96976687820011E+07
 0.96946769068326E+07
 0.96916659528882E+07
 0.96886359093106E+07
 0.96855867651407E+07
 0.96825185093466E+07
 0.96794311307971E+07
 0.96763246182826E+07
 0.96731989604961E+07
 0.96700541460464E+07
 0.96668901634538E+07
 0.96637070011424E+07
 0.96605046474499E+07
 0.96572830906237E+07
 0.96540423188172E+07
 0.96507823200950E+07
 0.96475030824275E+07
 0.96442045936891E+07
 0.96408868416663E+07
 0.96375498140497E+07
 0.96341934984330E+07
 0.96308178823208E+07
 0.96274229531162E+07
 0.96240086981268E+07
 0.96205751045697E+07
 0.96171221595603E+07
 0.96136498501192E+07
 0.96101581631635E+07
 0.96066470855194E+07
 0.96031166039085E+07
 0.95995667049552E+07
 0.95959973751859E+07
 0.95924086010181E+07
 0.95888003687768E+07
 0.95851726646845E+07
 0.95815254748555E+07
 0.95778587853066E+07
 0.95741725819493E+07
 0.95704668505877E+07
 0.95667415769269E+07
 0.95629967465637E+07
 0.95592323449878E+07
 0.95554483575818E+07
 0.95516447696305E+07
 0.95478215662950E+07
 0.95439787326416E+07
 0.95401162536179E+07
 0.95362341140701E+07
 0.95323322987291E+07
 0.95284107922114E+07
 0.95244695790333E+07
 0.95205086435853E+07
 0.95165279701516E+07
 0.95125275429069E+07
 0.95085073459017E+07
 0.95044673630773E+07
 0.95004075782582E+07
 0.94963279751510E+07
 0.94922285373502E+07
 0.94881092483225E+07
 0.94839700914247E+07
 0.94798110498914E+07
 0.94756321068342E+07
 0.94714332452463E+07
 0.94672144479987E+07
 0.94629756978423E+07
 0.94587169773976E+07
 0.94544382691700E+07
 0.94501395555311E+07
 0.94458208187357E+07
 0.94414820409003E+07
 0.94371232040282E+07
 0.94327442899836E+07
 0.94283452805096E+07
 0.94239261572074E+07
 0.94194869015603E+07
 0.94150274949158E+07
 0.94105479184821E+07
 0.94060481533439E+07
 0.94015281804472E+07
 0.93969879806033E+07
 0.93924275344840E+07
 0.93878468226284E+07
 0.93832458254382E+07
 0.93786245231703E+07
 0.93739828959465E+07
 0.93693209237492E+07
 0.93646385864150E+07
 0.93599358636369E+07
 0.93552127349695E+07
 0.93504691798191E+07
 0.93457051774457E+07
 0.93409207069636E+07
 0.93361157473363E+07
 0.93312902773861E+07
 0.93264442757761E+07
 0.93215777210237E+07
 0.93166905914907E+07
 0.93117828653907E+07
 0.93068545207778E+07
 0.93019055355546E+07
 0.92969358874651E+07
 0.92919455540945E+07
 0.92869345128714E+07
 0.92819027410635E+07
 0.92768502157760E+07
 0.92717769139534E+07
 0.92666828123800E+07
 0.92615678876636E+07
 0.92564321162630E+07
 0.92512754744502E+07
 0.92460979383483E+07
 0.92408994838956E+07
 0.92356800868666E+07
 0.92304397228624E+07
 0.92251783673071E+07
 0.92198959954554E+07
 0.92145925823832E+07
 0.92092681029852E+07
 0.92039225319812E+07
 0.91985558439123E+07
 0.91931680131315E+07
 0.91877590138114E+07
 0.91823288199434E+07
 0.91768774053270E+07
 0.91714047435790E+07
 0.91659108081247E+07
 0.91603955721993E+07
 0.91548590088462E+07
 0.91493010909127E+07
 0.91437217910579E+07
 0.91381210817349E+07
 0.91324989352056E+07
 0.91268553235270E+07
 0.91211902185621E+07
 0.91155035919620E+07
 0.91097954151796E+07
 0.91040656594569E+07
 0.90983142958304E+07
 0.90925412951290E+07
 0.90867466279654E+07
 0.90809302647379E+07
 0.90750921756362E+07
 0.90692323306330E+07
 0.90633506994761E+07
 0.90574472516919E+07
 0.90515219566005E+07
 0.90455747832732E+07
 0.90396057005779E+07
 0.90336146771400E+07
 0.90276016813620E+07
 0.90215666814128E+07
 0.90155096452302E+07
 0.90094305405070E+07
 0.90033293347081E+07
 0.89972059950609E+07
 0.89910604885385E+07
 0.89848927818785E+07
 0.89787028415711E+07
 0.89724906338604E+07
 0.89662561247324E+07
 0.89599992799328E+07
 0.89537200649406E+07
 0.89474184449847E+07
 0.89410943850335E+07
 0.89347478497907E+07
 0.89283788037021E+07
 0.89219872109423E+07
 0.89155730354170E+07
 0.89091362407641E+07
 0.89026767903455E+07
 0.88961946472521E+07
 0.88896897742875E+07
 0.88831621339802E+07
 0.88766116885770E+07
 0.88700384000357E+07
 0.88634422300246E+07
 0.88568231399209E+07
 0.88501810908087E+07
 0.88435160434811E+07
 0.88368279584172E+07
 0.88301167958082E+07
 0.88233825155303E+07
 0.88166250771639E+07
 0.88098444399636E+07
 0.88030405628814E+07
 0.87962134045469E+07
 0.87893629232754E+07
 0.87824890770512E+07
 0.87755918235428E+07
 0.87686711200801E+07
 0.87617269236714E+07
 0.87547591909817E+07
 0.87477678783397E+07
 0.87407529417357E+07
 0.87337143368087E+07
 0.87266520188539E+07
 0.87195659428202E+07
 0.87124560632872E+07
 0.87053223344909E+07
 0.86981647102927E+07
 0.86909831442017E+07
 0.86837775893442E+07
 0.86765479984810E+07
 0.86692943239975E+07
 0.86620165178949E+07
 0.86547145317887E+07
 0.86473883169182E+07
 0.86400378241142E+07
 0.86326630038233E+07
 0.86252638060876E+07
 0.86178401805496E+07
 0.86103920764372E+07
 0.86029194425754E+07
 0.85954222273638E+07
 0.85879003787824E+07
 0.85803538443948E+07
 0.85727825713273E+07
 0.85651865062763E+07
 0.85575655954965E+07
 0.85499197848057E+07
 0.85422490195673E+07
 0.85345532446986E+07
 0.85268324046568E+07
 0.85190864434412E+07
 0.85113153045815E+07
 0.85035189311345E+07
 0.84956972656831E+07
 0.84878502503333E+07
 0.84799778266960E+07
 0.84720799358981E+07
 0.84641565185586E+07
 0.84562075148102E+07
 0.84482328642645E+07
 0.84402325060266E+07
 0.84322063786769E+07
 0.84241544202818E+07
 0.84160765683642E+07
 0.84079727599222E+07
 0.83998429314063E+07
 0.83916870187177E+07
 0.83835049572082E+07
 0.83752966816707E+07
 0.83670621263234E+07
 0.83588012248224E+07
 0.83505139102353E+07
 0.83422001150509E+07
 0.83338597711654E+07
 0.83254928098726E+07
 0.83170991618607E+07
 0.83086787572105E+07
 0.83002315253803E+07
 0.82917573952047E+07
 0.82832562948766E+07
 0.82747281519574E+07
 0.82661728933551E+07
 0.82575904453269E+07
 0.82489807334578E+07
 0.82403436826682E+07
 0.82316792172036E+07
 0.82229872606124E+07
 0.82142677357541E+07
 0.82055205647878E+07
 0.81967456691535E+07
 0.81879429695743E+07
 0.81791123860578E+07
 0.81702538378521E+07
 0.81613672434727E+07
 0.81524525206817E+07
 0.81435095864724E+07
 0.81345383570676E+07
 0.81255387479063E+07
 0.81165106736382E+07
 0.81074540481083E+07
 0.80983687843517E+07
 0.80892547945844E+07
 0.80801119901886E+07
 0.80709402817045E+07
 0.80617395788246E+07
 0.80525097903729E+07
 0.80432508243057E+07
 0.80339625876940E+07
 0.80246449867117E+07
 0.80152979266274E+07
 0.80059213117896E+07
 0.79965150456248E+07
 0.79870790306135E+07
 0.79776131682809E+07
 0.79681173591890E+07
 0.79585915029238E+07
 0.79490354980825E+07
 0.79394492422547E+07
 0.79298326320194E+07
 0.79201855629219E+07
 0.79105079294709E+07
 0.79007996251147E+07
 0.78910605422322E+07
 0.78812905721207E+07
 0.78714896049823E+07
 0.78616575298995E+07
 0.78517942348325E+07
 0.78418996066010E+07
 0.78319735308642E+07
 0.78220158921080E+07
 0.78120265736332E+07
 0.78020054575369E+07
 0.77919524246876E+07
 0.77818673547268E+07
 0.77717501260373E+07
 0.77616006157312E+07
 0.77514186996313E+07
 0.77412042522554E+07
 0.77309571467940E+07
 0.77206772551053E+07
 0.77103644476743E+07
 0.77000185936121E+07
 0.76896395606347E+07
 0.76792272150243E+07
 0.76687814216509E+07
 0.76583020438968E+07
 0.76477889436820E+07
 0.76372419814276E+07
 0.76266610160210E+07
 0.76160459048153E+07
 0.76053965035966E+07
 0.75947126665632E+07
 0.75839942462999E+07
 0.75732410937592E+07
 0.75624530582361E+07
 0.75516299873454E+07
 0.75407717269900E+07
 0.75298781213441E+07
 0.75189490128284E+07
 0.75079842420768E+07
 0.74969836479120E+07
 0.74859470673269E+07
 0.74748743354428E+07
 0.74637652854963E+07
 0.74526197487993E+07
 0.74414375547202E+07
 0.74302185306446E+07
 0.74189625019492E+07
 0.74076692919771E+07
 0.73963387219984E+07
 0.73849706111767E+07
 0.73735647765532E+07
 0.73621210329885E+07
 0.73506391931516E+07
 0.73391190674762E+07
 0.73275604641236E+07
 0.73159631889505E+07
 0.73043270454719E+07
 0.72926518348274E+07
 0.72809373557389E+07
 0.72691834044700E+07
 0.72573897747980E+07
 0.72455562579596E+07
 0.72336826426240E+07
 0.72217687148454E+07
 0.72098142580110E+07
 0.71978190528169E+07
 0.71857828772090E+07
 0.71737055063489E+07
 0.71615867125498E+07
 0.71494262652613E+07
 0.71372239309902E+07
 0.71249794732645E+07
 0.71126926525932E+07
 0.71003632263962E+07
 0.70879909489685E+07
 0.70755755714257E+07
 0.70631168416374E+07
 0.70506145041853E+07
 0.70380683003058E+07
 0.70254779678282E+07
 0.70128432411147E+07
 0.70001638510101E+07
 0.69874395247716E+07
 0.69746699860088E+07
 0.69618549546269E+07
 0.69489941467447E+07
 0.69360872746527E+07
 0.69231340467245E+07
 0.69101341673572E+07
 0.68970873369019E+07
 0.68839932515801E+07
 0.68708516034309E+07
 0.68576620802118E+07
 0.68444243653371E+07
 0.68311381377964E+07
 0.68178030720690E+07
 0.68044188380475E+07
 0.67909851009530E+07
 0.67775015212357E+07
 0.67639677545109E+07
 0.67503834514561E+07
 0.67367482577117E+07
 0.67230618137954E+07
 0.67093237550093E+07
 0.66955337113352E+07
 0.66816913073324E+07
 0.66677961620414E+07
 0.66538478888717E+07
 0.66398460954973E+07
 0.66257903837487E+07
 0.66116803494906E+07
 0.65975155825142E+07
 0.65832956664194E+07
 0.65690201784868E+07
 0.65546886895613E+07
 0.65403007639067E+07
 0.65258559591100E+07
 0.65113538259088E+07
 0.64967939080854E+07
 0.64821757423010E+07
 0.64674988579758E+07
 0.64527627771221E+07
 0.64379670142081E+07
 0.64231110759930E+07
 0.64081944613812E+07
 0.63932166612389E+07
 0.63781771582485E+07
 0.63630754267255E+07
 0.63479109324482E+07
 0.63326831324819E+07
 0.63173914749831E+07
 0.63020353990191E+07
 0.62866143343727E+07
 0.62711277013483E+07
 0.62555749105468E+07
 0.62399553626894E+07
 0.62242684483777E+07
 0.62085135478721E+07
 0.61926900308840E+07
 0.61767972563274E+07
 0.61608345720783E+07
 0.61448013147431E+07
 0.61286968093916E+07
 0.61125203693096E+07
 0.60962712957274E+07
 0.60799488775341E+07
 0.60635523910247E+07
 0.60470810995782E+07
 0.60305342533912E+07
 0.60139110891437E+07
 0.59972108297064E+07
 0.59804326838028E+07
 0.59635758456913E+07
 0.59466394948016E+07
 0.59296227954063E+07
 0.59125248962383E+07
 0.58953449301323E+07
 0.58780820136305E+07
 0.58607352465888E+07
 0.58433037117749E+07
 0.58257864744432E+07
 0.58081825819022E+07
 0.57904910630657E+07
 0.57727109280092E+07
 0.57548411674725E+07
 0.57368807523879E+07
 0.57188286333767E+07
 0.57006837402175E+07
 0.56824449813191E+07
 0.56641112431713E+07
 0.56456813897642E+07
 0.56271542620035E+07
 0.56085286771036E+07
 0.55898034279537E+07
 0.55709772824786E+07
 0.55520489829535E+07
 0.55330172453230E+07
 0.55138807584736E+07
 0.54946381835051E+07
 0.54752881529448E+07
 0.54558292699724E+07
 0.54362601075822E+07
 0.54165792077464E+07
 0.53967850805270E+07
 0.53768762031513E+07
 0.53568510190839E+07
 0.53367079370396E+07
 0.53164453299565E+07
 0.52960615339449E+07
 0.52755548471930E+07
 0.52549235288246E+07
 0.52341657977211E+07
 0.52132798312689E+07
 0.51922637641102E+07
 0.51711156867852E+07
 0.51498336443634E+07
 0.51284156349746E+07
 0.51068596083220E+07
 0.50851634641019E+07
 0.50633250503530E+07
 0.50413421617474E+07
 0.50192125377873E+07
 0.49969338609306E+07
 0.49745037546078E+07
 0.49519197811654E+07
 0.49291794396803E+07
 0.49062801636723E+07
 0.48832193187061E+07
 0.48599941998202E+07
 0.48366020288678E+07
 0.48130399516439E+07
 0.47893050348679E+07
 0.47653942629667E+07
 0.47413045346195E+07
 0.47170326591113E+07
 0.46925753523557E+07
 0.46679292326423E+07
 0.46430908160295E+07
 0.46180565113232E+07
 0.45928226145909E+07
 0.45673853031097E+07
 0.45417406286952E+07
 0.45158845101841E+07
 0.44898127250228E+07
 0.44635208996374E+07
 0.44370044983499E+07
 0.44102588104198E+07
 0.43832789346639E+07
 0.43560597608403E+07
 0.43285959467208E+07
 0.43008818890894E+07
 0.42729116860486E+07
 0.42446790864780E+07
 0.42161774194561E+07
 0.41873994910934E+07
 0.41583374247244E+07
 0.41289823942425E+07
 0.40993241333344E+07
 0.40693498996139E+07
 0.40390418484615E+07
 0.40083737786283E+07
 0.39773618401810E+07
 0.39460460899275E+07
 0.39144211058270E+07
 0.38824901802223E+07
 0.38502421978142E+07
 0.38176714177931E+07
 0.37847685223913E+07
 0.37515252617129E+07
 0.37179330271726E+07
 0.36839865712649E+07
 0.36496721831136E+07
 0.36149825498586E+07
 0.35799084015636E+07
 0.35444408193072E+07
 0.35085713739830E+07
 0.34722862917393E+07
 0.34355769803637E+07
 0.33984313250649E+07
 0.33608406445433E+07
 0.33227915074430E+07
 0.32842740342209E+07
 0.32452756583840E+07
 0.32057819064662E+07
 0.31657827054843E+07
 0.31252610164342E+07
 0.30842054692158E+07
 0.30425995711782E+07
 0.30004294644075E+07
 0.29576807748885E+07
 0.29143374848540E+07
 0.28703800549225E+07
 0.28257916086619E+07
 0.27805580098297E+07
 0.27346582371874E+07
 0.26880725650475E+07
 0.26407795190476E+07
 0.25927595246620E+07
 0.25439903810621E+07
 0.24944491086138E+07
 0.24441126289372E+07
 0.23929566767602E+07
 0.23409529629403E+07
 0.22880778417794E+07
 0.22343020373134E+07
 0.21795963641270E+07
 0.21239298603708E+07
 0.20672711695011E+07
 0.20095869660726E+07
 0.19508423220950E+07
 0.18909992099547E+07
 0.18300227330832E+07
 0.17678711468045E+07
 0.17045027997841E+07
 0.16398734693168E+07
 0.15739386235093E+07
 0.15066487925051E+07
 0.14379557161455E+07
 0.13678076489151E+07
 0.12961410329084E+07
 0.12229045952788E+07
 0.11480324857055E+07
 0.10714624490956E+07
 0.99312466498599E+06
 0.91294567689708E+06
 0.83085027385989E+06
 0.74675903998686E+06
 0.66058503194090E+06
 0.57223847462206E+06
 0.48162826778671E+06
 0.38865070548678E+06
 0.29319820786526E+06
 0.19516240095525E+06
 0.94425505212506E+05
-0.91480099227569E+04
-0.11568947593010E+06
-0.22534673814156E+06
-0.33825902709599E+06
-0.45460292341296E+06
-0.57454872506438E+06
-0.69828251746755E+06
-0.82601146201054E+06
-0.95791838483766E+06
-0.10942456856102E+07
-0.12352521284453E+07
-0.13811858956258E+07
-0.15323281613752E+07
-0.16889832666741E+07
-0.18514755077839E+07
-0.20201549587443E+07
-0.21954028789974E+07
-0.23776180443347E+07
-0.25672509833573E+07
-0.27647917862893E+07
-0.29707524244048E+07
-0.31856867759426E+07
-0.34102254629957E+07
-0.36450261574749E+07
-0.38908679305284E+07
-0.41485191547353E+07
-0.44188818722955E+07
-0.47028829109745E+07
-0.50016617941976E+07
-0.53163797669492E+07
-0.56483366622811E+07
-0.59989837754978E+07
-0.63699317879568E+07
-0.67629783567066E+07
-0.71801265586173E+07
-0.76236252065363E+07
-0.80960036939429E+07
-0.86001036066909E+07
-0.91391468889106E+07
-0.97167879400371E+07
-0.10337195939717E+08
-0.11005158720102E+08
-0.11726043183917E+08
-0.12506130747984E+08
-0.13352713910172E+08
-0.14274436220708E+08
-0.15281113750135E+08
-0.16384473734852E+08
-0.17598325395265E+08
-0.18939270607584E+08
-0.20426850893701E+08
-0.22085338858232E+08
-0.23943489023097E+08
-0.26037440688847E+08
-0.28412032856792E+08
-0.31123273268550E+08
-0.34242539448086E+08
-0.37862112155855E+08
-0.42102524364779E+08
-0.47124052665582E+08
-0.53146113897882E+08
-0.60471295608350E+08
-0.69531362123033E+08
-0.80961602597943E+08
-0.95730800712015E+08
-0.11537643460138E+09
-0.14248840801165E+09
-0.18170771465350E+09
-0.24214086172531E+09
-0.34385472781993E+09
-0.53870412357734E+09
-0.98980758970622E+09
-0.18277731625816E+10
 0.49026700683002E+10
 0.69980279028590E+09
 0.20764835901435E+09
 0.10057651652787E+09
 0.72115479032613E+08
 0.81215185614331E+08
 0.15905941571153E+09
 0.64576229403869E+09
 0.23443661525642E+10
-0.84173572212930E+09
-0.41525864450940E+09
-0.24334092000360E+09
-0.16219539170846E+09
-0.11701421353044E+09
-0.88943647866604E+08
-0.70136190784301E+08
-0.56828314529560E+08
-0.47015717834606E+08
-0.39543690788414E+08
-0.33705208382342E+08
-0.29045491070876E+08
-0.25259905856422E+08
-0.22138769899896E+08
-0.19531509530241E+08
-0.17329152411481E+08
-0.15450480701075E+08
-0.13833961331581E+08
-0.12432210707337E+08
-0.11208268461760E+08
-0.10132907675066E+08
-0.91821366917224E+07
-0.83383307703541E+07
-0.75856557369522E+07
-0.69109549826375E+07
-0.63039613990387E+07
-0.57553036715471E+07
-0.52594912408879E+07
-0.48083184002328E+07
-0.43971434224327E+07
-0.40214167809785E+07
-0.36765934139178E+07
-0.33605668260826E+07
-0.30697697512539E+07
-0.28016436926403E+07
-0.25539510990359E+07
-0.23247498311738E+07
-0.21122793638127E+07
-0.19150257010959E+07
-0.17316502688194E+07
-0.15609146749382E+07
-0.14017580111032E+07
-0.12532117961387E+07
-0.11144321191562E+07
-0.98462535776445E+06
-0.86309610245273E+06
-0.74921183823902E+06
-0.64240144304403E+06
-0.54214752476523E+06
-0.44797834532359E+06
-0.35946544546337E+06
-0.27621828978208E+06
-0.19787986858895E+06
-0.12412546073907E+06
-0.54658964997237E+05
 0.10342706966104E+05
 0.71962015415801E+05
 0.13009587756943E+06
 0.18491468343456E+06
 0.23664017845168E+06
 0.28569710445142E+06
 0.33176670039797E+06
 0.37523269359417E+06
 0.41625357283988E+06
 0.45496960808619E+06
 0.49150395554326E+06
 0.52597082310803E+06
 0.55848002317138E+06
 0.58911896236416E+06
 0.61800318694710E+06
 0.64521730788772E+06
 0.67085829176709E+06
 0.69503515947834E+06
 0.71776699692369E+06
 0.73981610701810E+06
 0.75988762188343E+06
 0.77851638418371E+06
 0.79621447942863E+06
 0.81278426238450E+06
 0.82861478244506E+06
 0.84344452588046E+06
 0.85693777901113E+06
 0.86949610433323E+06
 0.88115988996363E+06
 0.89196760891757E+06
 0.90195567159362E+06
 0.91115825948913E+06
 0.91960798047748E+06
 0.92733700527919E+06
 0.93437797372768E+06
 0.94075028412017E+06
 0.94648028310660E+06
 0.95159713302732E+06
 0.95612710862880E+06
 0.96009262321338E+06
 0.96351385394551E+06
 0.96640872926395E+06
 0.96879878085398E+06
 0.97070339795642E+06
 0.97214058852782E+06
 0.97312718208127E+06
 0.97367838858328E+06
 0.97380748281830E+06
 0.97353119596067E+06
 0.97286329503396E+06
 0.97181631911830E+06
 0.96989521741411E+06
 0.96805906340508E+06
 0.96590636988420E+06
 0.96345325695626E+06
 0.96066978311241E+06
 0.95757476162695E+06
 0.95418282561114E+06
 0.95050408561449E+06
 0.94655177254804E+06
 0.94232157683570E+06
 0.93782787212036E+06
 0.93307889320339E+06
 0.92808361215740E+06
 0.92284106355417E+06
 0.91734672554345E+06
 0.91160075107245E+06
 0.90570525132496E+06
 0.89962550564867E+06
 0.89333216143267E+06
 0.88684028505361E+06
 0.88056040995016E+06
 0.87408893860486E+06
 0.86700498455235E+06
 0.85976599106782E+06
 0.85212478789072E+06
 0.84458206999507E+06
 0.83727758688625E+06
 0.82983244482017E+06
 0.82180927002784E+06
 0.81363702044612E+06
 0.80531974432605E+06
 0.79686139525716E+06
 0.78826561461884E+06
 0.77953609910676E+06
 0.77067655960944E+06
 0.76169592633235E+06
 0.75258705818511E+06
 0.74335343089320E+06
 0.73400077529715E+06
 0.72453764206867E+06
 0.71496268582516E+06
 0.70527889389947E+06
 0.69549336864302E+06
 0.68560396270494E+06
 0.67560641702767E+06
 0.66551107514279E+06
 0.65532033614675E+06
 0.64503692509990E+06
 0.63466333722832E+06
 0.62420062861877E+06
 0.61365091859427E+06
 0.60301621737473E+06
 0.59229851470528E+06
 0.58149966791175E+06
 0.57062151400377E+06
 0.55966580062683E+06
 0.54863418045211E+06
 0.53752815308649E+06
 0.52634927455699E+06
 0.51510099369468E+06
 0.50377895011893E+06
 0.49238625201186E+06
 0.48092403767147E+06
 0.46939059848401E+06
 0.45715630705597E+06
 0.44545261217073E+06
 0.43368626728007E+06
 0.42185917476188E+06
 0.40997257483819E+06
 0.39802794885394E+06
 0.38602991301029E+06
 0.37398392704409E+06
 0.36188447811080E+06
 0.34972093605866E+06
 0.33750280178868E+06
 0.32522882594644E+06
 0.31289361951890E+06
 0.30049053267789E+06
 0.28801540130024E+06
 0.27559008949316E+06
 0.26312156336615E+06
 0.25060084471349E+06
 0.23853718098538E+06
 0.22641206255125E+06
 0.21374260380737E+06
 0.20103094429507E+06
 0.18800985075097E+06
 0.17526693537824E+06
 0.16319374613821E+06
 0.15067424006176E+06
 0.13780656146920E+06
 0.12490166647851E+06
 0.11196025856492E+06
 0.98983035766120E+05
 0.85970625001963E+05
 0.72923713622718E+05
 0.59844975231362E+05
 0.46736171531616E+05
 0.33584654233755E+05
 0.20401834587525E+05
 0.71910921568129E+04
-0.60470366657458E+04
-0.19313950824577E+05
-0.32609326947874E+05
-0.45933025456461E+05
-0.59285263295198E+05
-0.72667159892084E+05
-0.86135834083754E+05
-0.99580408673618E+05
-0.11305171701995E+06
-0.12654929870427E+06
-0.14007259727234E+06
-0.15362068932395E+06
-0.16719178196831E+06
-0.18081617595659E+06
-0.19444133013808E+06
-0.20809268777641E+06
-0.22177357967313E+06
-0.23548550433424E+06
-0.24998278764541E+06
-0.26380346899509E+06
-0.27764806488015E+06
-0.29151623845544E+06
-0.30540766912488E+06
-0.31932143649402E+06
-0.33325134555779E+06
-0.34719432465415E+06
-0.36115869258095E+06
-0.37514554087185E+06
-0.38915464563155E+06
-0.40318713207382E+06
-0.41725231581166E+06
-0.43134243472557E+06
-0.44548748075877E+06
-0.45962695369513E+06
-0.47370477686883E+06
-0.48781209161061E+06
-0.50194669012779E+06
-0.51552413996649E+06
-0.52908532197960E+06
-0.54329497685269E+06
-0.55752218908571E+06
-0.57206065037974E+06
-0.58566849735681E+06
-0.59925160579891E+06
-0.61349264317099E+06
-0.62774948289717E+06
-0.64202188630503E+06
-0.65630963540810E+06
-0.67061245995838E+06
-0.68493017130785E+06
-0.69926203737264E+06
-0.71360178796695E+06
-0.72796880638402E+06
-0.74234882577298E+06
-0.75673771202663E+06
-0.77113611498797E+06
-0.78554589013841E+06
-0.79996715111417E+06
-0.81440032389735E+06
-0.82884645081378E+06
-0.84337540188557E+06
-0.85785838731392E+06
-0.87235353674156E+06
-0.88686076382987E+06
-0.90137999646541E+06
-0.91591123189557E+06
-0.93045447555623E+06
-0.94500998794466E+06
-0.95957810027423E+06
-0.97415953812393E+06
-0.98875553659461E+06
-0.10033684123304E+07
-0.10180022864219E+07
-0.10335670323892E+07
-0.10483009219443E+07
-0.10630473970649E+07
-0.10778063746969E+07
-0.10925777338356E+07
-0.11073586664292E+07
-0.11221380410070E+07
-0.11369244442058E+07
-0.11517239428667E+07
-0.11665365903031E+07
-0.11813623673853E+07
-0.11962146607533E+07
-0.12110834681459E+07
-0.12260060468189E+07
-0.12409111598593E+07
-0.12557293567339E+07
-0.12705705143830E+07
-0.12854324906156E+07
-0.12993132302459E+07
-0.13137827737063E+07
-0.13286986139043E+07
-0.13436242656281E+07
-0.13588753451762E+07
-0.13722878878066E+07
-0.13871764913230E+07
-0.14020736848197E+07
-0.14169792968699E+07
-0.14318930614673E+07
-0.14468145214704E+07
-0.14617426034290E+07
-0.14766757049341E+07
-0.14916454165920E+07
-0.15066001535728E+07
-0.15215661114795E+07
-0.15365365227266E+07
-0.15515091856234E+07
-0.15664870530886E+07
-0.15814996023308E+07
-0.15965093036061E+07
-0.16115265216824E+07
-0.16265510854644E+07
-0.16415785194407E+07
-0.16566124903406E+07
-0.16716530751081E+07
-0.16867001963811E+07
-0.17017538587278E+07
-0.17168141380614E+07
-0.17318811514071E+07
-0.17469551673810E+07
-0.17620366812904E+07
-0.17771264928026E+07
-0.17922260281063E+07
-0.18073377309787E+07
-0.18224661500749E+07
-0.18386651275913E+07
-0.18539082228186E+07
-0.18691598868272E+07
-0.18844200871627E+07
-0.18996888111743E+07
-0.19149631329679E+07
-0.19302289694167E+07
-0.19454963663878E+07
-0.19607736093751E+07
-0.19760608855931E+07
-0.19913597795414E+07
-0.20067062550028E+07
-0.20220978387540E+07
-0.20375108539701E+07
-0.20527608030348E+07
-0.20680335636869E+07
-0.20833265052421E+07
-0.20974549679079E+07
-0.21122876472351E+07
-0.21276303926189E+07
-0.21434311008517E+07
-0.21578300452352E+07
-0.21722585945250E+07
-0.21875487840836E+07
-0.22028446350341E+07
-0.22181460511663E+07
-0.22334530164895E+07
-0.22487653626821E+07
-0.22640830041619E+07
-0.22794045706230E+07
-0.22947267159036E+07
-0.23100656453319E+07
-0.23254076571902E+07
-0.23407553800370E+07
-0.23561087237308E+07
-0.23714676390386E+07
-0.23868302032846E+07
-0.24021924035481E+07
-0.24175727555293E+07
-0.24329588230491E+07
-0.24483496804945E+07
-0.24637441517052E+07
-0.24791386105425E+07
-0.24945369573951E+07
-0.25099392052224E+07
-0.25253454038222E+07
-0.25407556224077E+07
-0.25561700609727E+07
-0.25715890587088E+07
-0.25870131525430E+07
-0.26024432565222E+07
-0.26178811000472E+07
-0.26333294898513E+07
-0.26487937909142E+07
-0.26642869383247E+07
-0.26810966614201E+07
-0.26967036136634E+07
-0.27123174852456E+07
-0.27279382274426E+07
-0.27435618611748E+07
-0.27591875623002E+07
-0.27748161794486E+07
-0.27904543712099E+07
-0.28061039626994E+07
-0.28217855067781E+07
-0.28375482991434E+07
-0.28532866070226E+07
-0.28688445535476E+07
-0.28844300085373E+07
-0.29000379094390E+07
-0.29137068485963E+07
-0.29293590878018E+07
-0.29450168957147E+07
-0.29611710315104E+07
-0.29757754375691E+07
-0.29903171267379E+07
-0.30059020012259E+07
-0.30214911233940E+07
-0.30370843934005E+07
-0.30526817599340E+07
-0.30682622010998E+07
-0.30838700526088E+07
-0.30994825105355E+07
-0.31150996062721E+07
-0.31307212846969E+07
-0.31463475173698E+07
-0.31619782664413E+07
-0.31776134974743E+07
-0.31932531614544E+07
-0.32088972601464E+07
-0.32245456621489E+07
-0.32401957674906E+07
-0.32558435256093E+07
-0.32715120078759E+07
-0.32871839965277E+07
-0.33028593955969E+07
-0.33185351419931E+07
-0.33342100437352E+07
-0.33498873993681E+07
-0.33655672416854E+07
-0.33812496730144E+07
-0.33969347524532E+07
-0.34126229739717E+07
-0.34283148938897E+07
-0.34440115754503E+07
-0.34597148081704E+07
-0.34754270021382E+07
-0.34911552653319E+07
-0.35069168653328E+07
-0.35242278853894E+07
-0.35401543176618E+07
-0.35560874053079E+07
-0.35720243782429E+07
-0.35879377688264E+07
-0.36038459847410E+07
-0.36197645120161E+07
-0.36356939292975E+07
-0.36516658167581E+07
-0.36676961647558E+07
-0.36837231416149E+07
-0.36995433420939E+07
-0.37153914531864E+07
-0.37312636179906E+07
-0.37448957183517E+07
-0.37608158497252E+07
-0.37767407662448E+07
-0.37932185945795E+07
-0.38079525825568E+07
-0.38239602449982E+07
-0.38398604724448E+07
-0.38557655870072E+07
-0.38716755555684E+07
-0.38875903931977E+07
-0.39040793073197E+07
-0.39187465128248E+07
-0.39341353519753E+07
-0.39492894151935E+07
-0.39651553005545E+07
-0.39810252008206E+07
-0.39968990826869E+07
-0.40127769350673E+07
-0.40286587191339E+07
-0.40445443890544E+07
-0.40604338566918E+07
-0.40763271080621E+07
-0.40922239935990E+07
-0.41081220189998E+07
-0.41240143604436E+07
-0.41399283168539E+07
-0.41558439497088E+07
-0.41717591353895E+07
-0.41877199860982E+07
-0.42036311482057E+07
-0.42195478178935E+07
-0.42354682273773E+07
-0.42513912438905E+07
-0.42673167586963E+07
-0.42832424900948E+07
-0.42991712056895E+07
-0.43151067326329E+07
-0.43310544142435E+07
-0.43470270044118E+07
-0.43647117234490E+07
-0.43809023482519E+07
-0.43970996229691E+07
-0.44133035916321E+07
-0.44294976428597E+07
-0.44456632968485E+07
-0.44618369677040E+07
-0.44780220336060E+07
-0.44942397973808E+07
-0.45104982997405E+07
-0.45268733920683E+07
-0.45429683148074E+07
-0.45590472626287E+07
-0.45751553968346E+07
-0.45894641024180E+07
-0.46069097026662E+07
-0.46231515360508E+07
-0.46392174686824E+07
-0.46552990190376E+07
-0.46713958091380E+07
-0.46875068394323E+07
-0.47022689610773E+07
-0.47179070586338E+07
-0.47332691353839E+07
-0.47494320378249E+07
-0.47655986195117E+07
-0.47817699864042E+07
-0.47986011212719E+07
-0.48133357375817E+07
-0.48280701502989E+07
-0.48441739873746E+07
-0.48602817454864E+07
-0.48763933525399E+07
-0.48925087216476E+07
-0.49086279134857E+07
-0.49247508429790E+07
-0.49408774846613E+07
-0.49570078512789E+07
-0.49731418196669E+07
-0.49892793723925E+07
-0.50054095308711E+07
-0.50215529687626E+07
-0.50377107286722E+07
-0.50538708059784E+07
-0.50700299785099E+07
-0.50861819677314E+07
-0.51023336025120E+07
-0.51184850889736E+07
-0.51346368848489E+07
-0.51507900410060E+07
-0.51669462144279E+07
-0.51831075308083E+07
-0.51992828904493E+07
-0.52154847988675E+07
-0.52336319836786E+07
-0.52500895736545E+07
-0.52665539054299E+07
-0.52830247618249E+07
-0.52994840094256E+07
-0.53159159862316E+07
-0.53323489141768E+07
-0.53487953647701E+07
-0.53652829768773E+07
-0.53818265868609E+07
-0.53970387634746E+07
-0.54134178559231E+07
-0.54298047639087E+07
-0.54461995109272E+07
-0.54626018601427E+07
-0.54790251814647E+07
-0.54954672758644E+07
-0.55119729327545E+07
-0.55285328716264E+07
-0.55450156735987E+07
-0.55613294469209E+07
-0.55776639284673E+07
-0.55940167547982E+07
-0.56103861858053E+07
-0.56252816649270E+07
-0.56401274459073E+07
-0.56565472418130E+07
-0.56729720664896E+07
-0.56894017543096E+07
-0.57066370811637E+07
-0.57229551366378E+07
-0.57378419053516E+07
-0.57525308748401E+07
-0.57688822961914E+07
-0.57852376737737E+07
-0.58015968796991E+07
-0.58179599842828E+07
-0.58343268494531E+07
-0.58506974700862E+07
-0.58670719924536E+07
-0.58834501807894E+07
-0.58998261614973E+07
-0.59161969854387E+07
-0.59325984990731E+07
-0.59490011544340E+07
-0.59653991774681E+07
-0.59817892519700E+07
-0.59981782911027E+07
-0.60145666126620E+07
-0.60309549271265E+07
-0.60473444982467E+07
-0.60637377856735E+07
-0.60801394564225E+07
-0.60965589456790E+07
-0.61130167648973E+07
-0.61317579371342E+07
-0.61484993026926E+07
-0.61652483146631E+07
-0.61820028303991E+07
-0.61952667336361E+07
-0.62117672738234E+07
-0.62305216768403E+07
-0.62471859555823E+07
-0.62638566956597E+07
-0.62805340267847E+07
-0.62972178333113E+07
-0.63139047075607E+07
-0.63305778101545E+07
-0.63472337933178E+07
-0.63638979028147E+07
-0.63805711689451E+07
-0.63972536195986E+07
-0.64139464368653E+07
-0.64306804544978E+07
-0.64474285163618E+07
-0.64642614646639E+07
-0.64811412689846E+07
-0.64977281937623E+07
-0.65143227107671E+07
-0.65309388825254E+07
-0.65475748120341E+07
-0.65624922893823E+07
-0.65774247522566E+07
-0.65941214539937E+07
-0.66108233887080E+07
-0.66275305169457E+07
-0.66451536827907E+07
-0.66617280538047E+07
-0.66766851281212E+07
-0.66913894096389E+07
-0.67080027655876E+07
-0.67246197346510E+07
-0.67412400129346E+07
-0.67578632927096E+07
-0.67744886174951E+07
-0.67911132243665E+07
-0.68077688689679E+07
-0.68244097137275E+07
-0.68410415894481E+07
-0.68576988596389E+07
-0.68743584199628E+07
-0.68910063748304E+07
-0.69076505269168E+07
-0.69242932575831E+07
-0.69409351073055E+07
-0.69575771974751E+07
-0.69742215047535E+07
-0.69908719587941E+07
-0.70075365651739E+07
-0.70243807906905E+07
-0.70410615063681E+07
-0.70577452472759E+07
-0.70744325988010E+07
-0.70911242268159E+07
-0.71078214381682E+07
-0.71245263364388E+07
-0.71412419523907E+07
-0.71579735293447E+07
-0.71747299137174E+07
-0.71939874986051E+07
-0.72109600239593E+07
-0.72279396264912E+07
-0.72449264899175E+07
-0.72619205888656E+07
-0.72789219110058E+07
-0.72959128524415E+07
-0.73128774773888E+07
-0.73298452129516E+07
-0.73468232721700E+07
-0.73638118535135E+07
-0.73808111248881E+07
-0.73978546869842E+07
-0.74149188012037E+07
-0.74320740389039E+07
-0.74492919095110E+07
-0.74661778170076E+07
-0.74830609775591E+07
-0.74999697434749E+07
-0.75169017149629E+07
-0.75319237201282E+07
-0.75469026016154E+07
-0.75639269476090E+07
-0.75809567494340E+07
-0.75990355600665E+07
-0.76138488544102E+07
-0.76287493478369E+07
-0.76456408431195E+07
-0.76625363662545E+07
-0.76794358560077E+07
-0.76963393597329E+07
-0.77132466666716E+07
-0.77301577728074E+07
-0.77470724969351E+07
-0.77639839665964E+07
-0.77808813462035E+07
-0.77978248779714E+07
-0.78147690920500E+07
-0.78317067154105E+07
-0.78486322467443E+07
-0.78655553085341E+07
-0.78825344076051E+07
-0.78995026779389E+07
-0.79164744115654E+07
-0.79334494561740E+07
-0.79504204108095E+07
-0.79673895542895E+07
-0.79843605371458E+07
-0.80013333857257E+07
-0.80183079089296E+07
-0.80352839953978E+07
-0.80522603735758E+07
-0.80692352207051E+07
-0.80862701235602E+07
-0.81032555124618E+07
-0.81202516349829E+07
-0.81372610508949E+07
-0.81542871719205E+07
-0.81713386902168E+07
-0.81884384576693E+07
-0.82084850663231E+07
-0.82258069160968E+07
-0.82431369487074E+07
-0.82604748362778E+07
-0.82778208819856E+07
-0.82951597871324E+07
-0.83124633326006E+07
-0.83297689615386E+07
-0.83470863307566E+07
-0.83644157037207E+07
-0.83817575297282E+07
-0.83991538574446E+07
-0.84165921069191E+07
-0.84342120475803E+07
-0.84516754086333E+07
-0.84688705652961E+07
-0.84861051460448E+07
-0.85033746575102E+07
-0.85186142329990E+07
-0.85335632310607E+07
-0.85509206861398E+07
-0.85682839353180E+07
-0.85867343312487E+07
-0.86017273703496E+07
-0.86165724026942E+07
-0.86337755284098E+07
-0.86509831423441E+07
-0.86681949277797E+07
-0.86854107634683E+07
-0.87026307590780E+07
-0.87198546808431E+07
-0.87370823453310E+07
-0.87542872022630E+07
-0.87715365653420E+07
-0.87887839778515E+07
-0.88060364020590E+07
-0.88232938915393E+07
-0.88405565007333E+07
-0.88578238326199E+07
-0.88750954852090E+07
-0.88923544648492E+07
-0.89096177508654E+07
-0.89269171167744E+07
-0.89442218880061E+07
-0.89615300743018E+07
-0.89788416906306E+07
-0.89961434885278E+07
-0.90134468670908E+07
-0.90307519176675E+07
-0.90480591226255E+07
-0.90653687092180E+07
-0.90826805373290E+07
-0.90999955256188E+07
-0.91173142961026E+07
-0.91346383283558E+07
-0.91519694908880E+07
-0.91693113825378E+07
-0.91866696249331E+07
-0.92040537171723E+07
-0.92214866851409E+07
-0.92422315580033E+07
-0.92599333778070E+07
-0.92776428402960E+07
-0.92953584357449E+07
-0.93130858878111E+07
-0.93308935166849E+07
-0.93485975570378E+07
-0.93663164197195E+07
-0.93840531158801E+07
-0.94018068711392E+07
-0.94196340694751E+07
-0.94375169931774E+07
-0.94555750675395E+07
-0.94732773837291E+07
-0.94908316592400E+07
-0.95084301894711E+07
-0.95260670325975E+07
-0.95387345386235E+07
-0.95564546767792E+07
-0.95741812095000E+07
-0.95932780148836E+07
-0.96107609515257E+07
-0.96232035219287E+07
-0.96407475756875E+07
-0.96582962355790E+07
-0.96758497023256E+07
-0.96985455841609E+07
-0.97160789313184E+07
-0.97310439403606E+07
-0.97488192571244E+07
-0.97636301179177E+07
-0.97812184081079E+07
-0.97988123730428E+07
-0.98164118707593E+07
-0.98340168329584E+07
-0.98516273178345E+07
-0.98692432848064E+07
-0.98868646077703E+07
-0.99044914327505E+07
-0.99221236646233E+07
-0.99397611567015E+07
-0.99573963609993E+07
-0.99750231904210E+07
-0.99926622839623E+07
-0.10010336862925E+08
-0.10028015125407E+08
-0.10045696768505E+08
-0.10063376054078E+08
-0.10081048120388E+08
-0.10098721756031E+08
-0.10116396884900E+08
-0.10134074128353E+08
-0.10151753382950E+08
-0.10169435325094E+08
-0.10187120868714E+08
-0.10204811462801E+08
-0.10222509187083E+08
-0.10240217668085E+08
-0.10257940647983E+08
-0.10275700822425E+08
-0.10297046199150E+08
-0.10315217875665E+08
-0.10333399385743E+08
-0.10351590892777E+08
-0.10369792368013E+08
-0.10387969276281E+08
-0.10406091554855E+08
-0.10424226907173E+08
-0.10442379588386E+08
-0.10460554033444E+08
-0.10478811233477E+08
-0.10497153543064E+08
-0.10515673525055E+08
-0.10533718032774E+08
-0.10551657887787E+08
-0.10569651515260E+08
-0.10584905773528E+08
-0.10600171003072E+08
-0.10618297456912E+08
-0.10641007320580E+08
-0.10658961076679E+08
-0.10676940540895E+08
-0.10694943708533E+08
-0.10712969041663E+08
-0.10728288649354E+08
-0.10743395175012E+08
-0.10761491400085E+08
-0.10779594962399E+08
-0.10797705945250E+08
-0.10815823908701E+08
-0.10835388503211E+08
-0.10853331476307E+08
-0.10868565031290E+08
-0.10883488275891E+08
-0.10901481988923E+08
-0.10919481631814E+08
-0.10937487457063E+08
-0.10955499042691E+08
-0.10973516359523E+08
-0.10991539759849E+08
-0.11009568867566E+08
-0.11027603803783E+08
-0.11045644426043E+08
-0.11063690481148E+08
-0.11081727299089E+08
-0.11099760013829E+08
-0.11117815451989E+08
-0.11135902084156E+08
-0.11153992307021E+08
-0.11172085912821E+08
-0.11190170555346E+08
-0.11208251230206E+08
-0.11226330075194E+08
-0.11244407845650E+08
-0.11262485673039E+08
-0.11280564776949E+08
-0.11298646927608E+08
-0.11316734310658E+08
-0.11334831873523E+08
-0.11352949173188E+08
-0.11371102905749E+08
-0.11389335091638E+08
-0.11411817136038E+08
-0.11430458738382E+08
-0.11449111291102E+08
-0.11467774517957E+08
-0.11486422484013E+08
-0.11504998969737E+08
-0.11523585407772E+08
-0.11542191273791E+08
-0.11560816991171E+08
-0.11579540474246E+08
-0.11598351571926E+08
-0.11617374759818E+08
-0.11632973468313E+08
-0.11651481436105E+08
-0.11670002877054E+08
-0.11688579936709E+08
-0.11707142596747E+08
-0.11725757133043E+08
-0.11744393494924E+08
-0.11763145377046E+08
-0.11781971753902E+08
-0.11800611529226E+08
-0.11818989835077E+08
-0.11837399924058E+08
-0.11855839709226E+08
-0.11874306457052E+08
-0.11892798539819E+08
-0.11906904271039E+08
-0.11923474441773E+08
-0.11942042472746E+08
-0.11960618338679E+08
-0.11979201818095E+08
-0.11999509137825E+08
-0.12017884537792E+08
-0.12033104851192E+08
-0.12048205200212E+08
-0.12066643298776E+08
-0.12085087594391E+08
-0.12103538257777E+08
-0.12121995282481E+08
-0.12140458568759E+08
-0.12158927981528E+08
-0.12177403763060E+08
-0.12195885040236E+08
-0.12214372804597E+08
-0.12232866225170E+08
-0.12251340077694E+08
-0.12269811059204E+08
-0.12288335641071E+08
-0.12306873226696E+08
-0.12325413092354E+08
-0.12343937285312E+08
-0.12362454084082E+08
-0.12380969317479E+08
-0.12399483995551E+08
-0.12417998661298E+08
-0.12436514556384E+08
-0.12455034466417E+08
-0.12473562379029E+08
-0.12492105702731E+08
-0.12510677649388E+08
-0.12529304914302E+08
-0.12552516456872E+08
-0.12571657459558E+08
-0.12590810052645E+08
-0.12609974769270E+08
-0.12629141273619E+08
-0.12641091357584E+08
-0.12659798517103E+08
-0.12683108553074E+08
-0.12702121758750E+08
-0.12721144996957E+08
-0.12740177179126E+08
-0.12759216546196E+08
-0.12778284307720E+08
-0.12797358107218E+08
-0.12816394202274E+08
-0.12835393390310E+08
-0.12854404061236E+08
-0.12873429193515E+08
-0.12892469219688E+08
-0.12911524214314E+08
-0.12930602007041E+08
-0.12949745775904E+08
-0.12968911668401E+08
-0.12988186228074E+08
-0.13007568520895E+08
-0.13026792253562E+08
-0.13045656485554E+08
-0.13064558017173E+08
-0.13083493221847E+08
-0.13102460324386E+08
-0.13117810138132E+08
-0.13133320871243E+08
-0.13152393370098E+08
-0.13171473444764E+08
-0.13190562443072E+08
-0.13209659022871E+08
-0.13230612729825E+08
-0.13249472370539E+08
-0.13264908732400E+08
-0.13280009156797E+08
-0.13298937467944E+08
-0.13317872042454E+08
-0.13336812884867E+08
-0.13355759762316E+08
-0.13374712875569E+08
-0.13393671737675E+08
-0.13412636172974E+08
-0.13431606644728E+08
-0.13450557001332E+08
-0.13469500311214E+08
-0.13488493249238E+08
-0.13507511668525E+08
-0.13526531178384E+08
-0.13545535886801E+08
-0.13564528595080E+08
-0.13583518820016E+08
-0.13602507933804E+08
-0.13621496100076E+08
-0.13640485026336E+08
-0.13659477894245E+08
-0.13678479117989E+08
-0.13697497255760E+08
-0.13716907846640E+08
-0.13735964617840E+08
-0.13755024859772E+08
-0.13774089487345E+08
-0.13793157461992E+08
-0.13812229949195E+08
-0.13831345633434E+08
-0.13850433478568E+08
-0.13869536441264E+08
-0.13888657232163E+08
-0.13907800733739E+08
-0.13926977148717E+08
-0.13946206485706E+08
-0.13970597540348E+08
-0.13990181092162E+08
-0.14009775552632E+08
-0.14029381148213E+08
-0.14048998247658E+08
-0.14068625864877E+08
-0.14088250660440E+08
-0.14107848499926E+08
-0.14127408712375E+08
-0.14146984690894E+08
-0.14166576133514E+08
-0.14186183564554E+08
-0.14205808348214E+08
-0.14225484822953E+08
-0.14245212316984E+08
-0.14264997101333E+08
-0.14284936211902E+08
-0.14304965894730E+08
-0.14324419899399E+08
-0.14343835079754E+08
-0.14363291647706E+08
-0.14382785169093E+08
-0.14402319663225E+08
-0.14413924313222E+08
-0.14433584525826E+08
-0.14453253390179E+08
-0.14472930533160E+08
-0.14494770596115E+08
-0.14514125788456E+08
-0.14529685429032E+08
-0.14544865926857E+08
-0.14564310293509E+08
-0.14583760499533E+08
-0.14603217079128E+08
-0.14622679522078E+08
-0.14642148288333E+08
-0.14661623237325E+08
-0.14681103833243E+08
-0.14700586601425E+08
-0.14720036683350E+08
-0.14739490092068E+08
-0.14759023087493E+08
-0.14778555264359E+08
-0.14798090240738E+08
-0.14817621004603E+08
-0.14837193174955E+08
-0.14856711337079E+08
-0.14876236981972E+08
-0.14895796137421E+08
-0.14915384874721E+08
-0.14934979013492E+08
-0.14954577810817E+08
-0.14974182519120E+08
-0.14993774360897E+08
-0.15013366711168E+08
-0.15032962489628E+08
-0.15052560564041E+08
-0.15072160810883E+08
-0.15091763197891E+08
-0.15111394967627E+08
-0.15131005955599E+08
-0.15150623445183E+08
-0.15170249443851E+08
-0.15189883618956E+08
-0.15209528957752E+08
-0.15229188044077E+08
-0.15248868596820E+08
-0.15268578245805E+08
-0.15288332085554E+08
-0.15313697803386E+08
-0.15333888559113E+08
-0.15354092182704E+08
-0.15374306836558E+08
-0.15394533384570E+08
-0.15414771411537E+08
-0.15435013356754E+08
-0.15455238153462E+08
-0.15475401307223E+08
-0.15495574792690E+08
-0.15515765519618E+08
-0.15535973637079E+08
-0.15556214017671E+08
-0.15576566043300E+08
-0.15596989061025E+08
-0.15617539251908E+08
-0.15638292758862E+08
-0.15658622105392E+08
-0.15678602005597E+08
-0.15698640094548E+08
-0.15718728194846E+08
-0.15734490745913E+08
-0.15750218955982E+08
-0.15770464382654E+08
-0.15790718578855E+08
-0.15810982851246E+08
-0.15833456931240E+08
-0.15848881383663E+08
-0.15864360715964E+08
-0.15884351434514E+08
-0.15904349265351E+08
-0.15924354048240E+08
-0.15944363975747E+08
