 0.11058178702883E+12
-0.44744441759704E+09
-0.10266382255611E+10
-0.15324576295532E+10
-0.20318359001876E+10
-0.25306279623328E+10
-0.30301544765406E+10
-0.35309756162827E+10
-0.40334683596126E+10
-0.45379602309609E+10
-0.50447704639574E+10
-0.55542264066139E+10
-0.60666722539463E+10
-0.65824753481910E+10
-0.71020319696590E+10
-0.76257734966289E+10
-0.81541734782405E+10
-0.86877560925649E+10
-0.92271065156650E+10
-0.97728838707192E+10
-0.10325837666203E+11
-0.10886829005229E+11
-0.11456858426059E+11
-0.12037103144575E+11
-0.12628967943583E+11
-0.13234156419017E+11
-0.13854773578716E+11
-0.14493478587148E+11
-0.15153721429608E+11
-0.15840128004136E+11
-0.16559166562627E+11
-0.17320397421243E+11
-0.18139087540794E+11
-0.19042630719259E+11
-0.20091081077523E+11
-0.21494896252481E+11
-0.34035001916814E+11
-0.76675414909741E+11
-0.13720426429840E+12
-0.21155470088829E+12
-0.29764557612157E+12
-0.39421337669700E+12
-0.50023055885490E+12
-0.61502386984999E+12
-0.73790528843102E+12
-0.86844890944059E+12
-0.10063539463790E+13
-0.11511373310874E+13
-0.13025231724133E+13
-0.14602630932439E+13
-0.16240152702650E+13
-0.17936720329604E+13
-0.19693473732609E+13
-0.21506563316990E+13
-0.23377355520482E+13
-0.25295181429311E+13
-0.27273204316690E+13
-0.29305197908521E+13
-0.31390839537336E+13
-0.33533136478763E+13
-0.35717606760457E+13
-0.37968537593669E+13
-0.40280493988033E+13
-0.42630282656028E+13
-0.45054813992161E+13
-0.47529513863021E+13
-0.50085259628300E+13
-0.52679140629953E+13
-0.55369387831571E+13
-0.58091760514343E+13
-0.60910193386953E+13
-0.63773613352208E+13
-0.66724868859875E+13
-0.69718131172477E+13
-0.72797280087201E+13
-0.75909548654942E+13
-0.79110317895631E+13
-0.82332386902584E+13
-0.85639727846594E+13
-0.88959861565886E+13
-0.92374184531577E+13
-0.95772424162320E+13
-0.99227944266035E+13
-0.10275618750179E+14
-0.10629176622779E+14
-0.10989922096152E+14
-0.11352872970600E+14
-0.11722632865380E+14
-0.12092352121577E+14
-0.12472222122056E+14
-0.12846652031636E+14
-0.13231913192378E+14
-0.13616624198722E+14
-0.14009906830469E+14
-0.14406302138720E+14
-0.14805674219036E+14
-0.15207294261683E+14
-0.15616755227232E+14
-0.16029191581379E+14
-0.16440044128758E+14
-0.16861656274730E+14
-0.17285896863051E+14
-0.17714862108764E+14
-0.18149045889623E+14
-0.18578830427398E+14
-0.19018898086298E+14
-0.19464244097501E+14
-0.19912225683079E+14
-0.20365478254990E+14
-0.20828689711248E+14
-0.21274144491304E+14
-0.21737995419947E+14
-0.22207764499276E+14
-0.22681437034463E+14
-0.23157606695177E+14
-0.23639624110260E+14
-0.24131247673084E+14
-0.24602121236449E+14
-0.25096100300033E+14
-0.25593297590626E+14
-0.26093304806667E+14
-0.26601180453007E+14
-0.27096223001295E+14
-0.27608101943355E+14
-0.28126152853469E+14
-0.28646292873028E+14
-0.29170835479136E+14
-0.29710877788124E+14
-0.30218804235380E+14
-0.30753946803589E+14
-0.31296387423618E+14
-0.31840478970650E+14
-0.32390078302586E+14
-0.32955178025468E+14
-0.33482955618947E+14
-0.34046370421948E+14
-0.34611787231053E+14
-0.35181845374197E+14
-0.35756921436340E+14
-0.36315923717807E+14
-0.36894949328553E+14
-0.37482505322654E+14
-0.38066405607862E+14
-0.38667030372676E+14
-0.39262960706954E+14
-0.39878831658639E+14
-0.40451832751106E+14
-0.41064317942718E+14
-0.41678695315861E+14
-0.42297568589327E+14
-0.42898524629243E+14
-0.43525340397620E+14
-0.44161759289234E+14
-0.44794351034666E+14
-0.45434430112576E+14
-0.46081864500883E+14
-0.46707844986379E+14
-0.47359305582711E+14
-0.48019711631323E+14
-0.48676686497274E+14
-0.49343329240549E+14
-0.50019426299481E+14
-0.50659556712678E+14
-0.51347011087284E+14
-0.52026055865637E+14
-0.52713483138358E+14
-0.53406831730956E+14
-0.54117825237164E+14
-0.54776213794142E+14
-0.55480749683351E+14
-0.56193839199251E+14
-0.56903378506085E+14
-0.57625883862842E+14
-0.58380691431705E+14
-0.59045008639768E+14
-0.59772093058554E+14
-0.60513311334301E+14
-0.61253387786024E+14
-0.61999608528301E+14
-0.62767329472988E+14
-0.63488799368596E+14
-0.64216511110277E+14
-0.64986675314451E+14
-0.65757955347601E+14
-0.66526186240372E+14
-0.67301707845391E+14
-0.68088788583140E+14
-0.68828180526065E+14
-0.69613475401401E+14
-0.70415740361770E+14
-0.71205760636265E+14
-0.72012137122633E+14
-0.72823625981111E+14
-0.73585048010980E+14
-0.74400550806792E+14
-0.75232120669127E+14
-0.76055584659604E+14
-0.76875167199925E+14
-0.77706893293464E+14
-0.78550581466844E+14
-0.79417828442840E+14
