 0.25180001665000E+04
 0.25180001665000E+04
 0.25180001665000E+04
 0.25180001665000E+04
 0.25180001665000E+04
 0.25180001665000E+04
 0.25180001665000E+04
 0.25180001665000E+04
 0.25180001665000E+04
 0.25180001665000E+04
 0.25180001665000E+04
 0.25180001665000E+04
 0.25180001665000E+04
 0.25180001665000E+04
 0.25180001665000E+04
 0.25180001665000E+04
 0.25180001665000E+04
 0.25180001665000E+04
 0.25180001665000E+04
 0.25180001665000E+04
 0.25180001665000E+04
 0.25180001665000E+04
 0.25180001665000E+04
 0.25180001665000E+04
 0.25180001665000E+04
 0.25180001665000E+04
 0.25180001665000E+04
 0.25180001665000E+04
 0.25180001665000E+04
 0.25180001665000E+04
 0.25180001665000E+04
 0.25180001665000E+04
 0.25180001665000E+04
 0.25180001665000E+04
 0.25180001665000E+04
 0.25180001665000E+04
 0.25180001662974E+04
 0.25180001699302E+04
 0.25180001754347E+04
 0.25180001854415E+04
 0.25180001876435E+04
 0.25180018390119E+04
 0.25180018376713E+04
 0.25180018372214E+04
 0.25180018345499E+04
 0.25180018339566E+04
 0.25180018314871E+04
 0.25180018326693E+04
 0.25180018318060E+04
 0.25180018336008E+04
 0.25180018322938E+04
 0.25180018071389E+04
 0.25180017998675E+04
 0.25180017972187E+04
 0.25180017948322E+04
 0.25180017928130E+04
 0.25180057807702E+04
 0.25180057765587E+04
 0.25180057464213E+04
 0.25180057275319E+04
 0.25180057215968E+04
 0.25180057184638E+04
 0.25180057169787E+04
 0.25180057098178E+04
 0.25180057071451E+04
 0.25180057065777E+04
 0.25180057056059E+04
 0.25180057046916E+04
 0.25180057035296E+04
 0.25180057048143E+04
 0.25180057065343E+04
 0.25180057084779E+04
 0.25180057120748E+04
 0.25180038339423E+04
 0.25180038442358E+04
 0.25180038576398E+04
 0.25180038708484E+04
 0.25180038928720E+04
 0.25180039207996E+04
 0.25180039309951E+04
 0.25180039334396E+04
 0.25180039713184E+04
 0.25180039437067E+04
 0.25180039973962E+04
 0.25180039653084E+04
 0.25180040002150E+04
 0.25180039969394E+04
 0.25180039435743E+04
 0.25180039989403E+04
 0.25180039423174E+04
 0.25180039847437E+04
 0.25180039998372E+04
 0.25180039774964E+04
 0.25180039388910E+04
 0.25180039415519E+04
 0.25180039971072E+04
 0.25180039377422E+04
 0.25180039412149E+04
 0.25180039607772E+04
 0.25180039813115E+04
 0.25180058302520E+04
 0.25180058622296E+04
 0.25180058101385E+04
 0.25180058302772E+04
 0.25180058186830E+04
 0.25180058198690E+04
 0.25180058352980E+04
 0.25180081467205E+04
 0.25180081478796E+04
 0.25180081608138E+04
 0.25180104908148E+04
 0.25180104497730E+04
 0.25180105040371E+04
 0.25180104475290E+04
 0.25180104751512E+04
 0.25180104467141E+04
 0.25180104397854E+04
 0.25180104964516E+04
 0.25180104458809E+04
 0.25180104275516E+04
 0.25180104304631E+04
 0.25180104280181E+04
 0.25180104306402E+04
 0.25180104834009E+04
 0.25180104590231E+04
 0.25180141434547E+04
 0.25180123819049E+04
 0.25180123840019E+04
 0.25180156197508E+04
 0.25180130603012E+04
 0.25180131092254E+04
 0.25180131040129E+04
 0.25180130612319E+04
 0.25180110187990E+04
 0.25180110679939E+04
 0.25180110467972E+04
 0.25180110139952E+04
 0.25180093661003E+04
 0.25180093480668E+04
 0.25180125388431E+04
 0.25180125293204E+04
 0.25180105456123E+04
 0.25180125515716E+04
 0.25180125898058E+04
 0.25180145413995E+04
 0.25180114971418E+04
 0.25180079706164E+04
 0.25180079742558E+04
 0.25180111427137E+04
 0.25180079628407E+04
 0.25180079658645E+04
 0.25180079844513E+04
 0.25180080007598E+04
 0.25180080231586E+04
 0.25180079776541E+04
 0.25180079760020E+04
 0.25180079836199E+04
 0.25180042503979E+04
 0.25180042520537E+04
 0.25180042630935E+04
 0.25180042333184E+04
 0.25180042323757E+04
 0.25180042504012E+04
 0.25180042672048E+04
 0.25180069607484E+04
 0.25180087336090E+04
 0.25180043956380E+04
 0.25180043919670E+04
 0.25180044119984E+04
 0.25180067966187E+04
 0.25180067703562E+04
 0.25180067730261E+04
 0.25180068195505E+04
 0.25180049642677E+04
 0.25180049442531E+04
 0.25180065891618E+04
 0.25180065895139E+04
 0.25180065884917E+04
 0.25180066020565E+04
 0.25180048426606E+04
 0.25180048249049E+04
 0.25180076322573E+04
 0.25180039582298E+04
 0.25180039662310E+04
 0.25180072119694E+04
 0.25180071999382E+04
 0.25180071995443E+04
 0.25180040035555E+04
 0.25180040288832E+04
 0.25180040387361E+04
 0.25180040365063E+04
 0.25180022260774E+04
 0.25180022248628E+04
 0.25180022316821E+04
 0.25180022521641E+04
 0.25180022522016E+04
 0.25180053296347E+04
 0.25180053287628E+04
 0.25180040365922E+04
 0.25180040424388E+04
 0.25180040441276E+04
