 0.13359353342571E+04
 0.13359353342571E+04
 0.13359353342571E+04
 0.13359353342571E+04
 0.13359353342571E+04
 0.13359353342571E+04
 0.13359353342571E+04
 0.13359353342571E+04
 0.13359353342571E+04
 0.13359353342571E+04
 0.13359353342571E+04
 0.13359353342571E+04
 0.13359353342571E+04
 0.13359353342571E+04
 0.13359353342571E+04
 0.13359353342571E+04
 0.13359353342571E+04
 0.13359353342571E+04
 0.13359353342571E+04
 0.13359353342571E+04
 0.13359353342571E+04
 0.13359353342571E+04
 0.13359353342571E+04
 0.13359353342571E+04
 0.13359353342571E+04
 0.13359353342571E+04
 0.13359353342571E+04
 0.13359353342571E+04
 0.13359353342571E+04
 0.13359353342571E+04
 0.13359353342571E+04
 0.13359353342571E+04
 0.13359353342571E+04
 0.13359353342571E+04
 0.13359353342571E+04
 0.13359353342571E+04
 0.13359353344673E+04
 0.13359353332494E+04
 0.13359353320706E+04
 0.13359353297979E+04
 0.13359353291563E+04
 0.13359358356105E+04
 0.13359358358500E+04
 0.13359358349817E+04
 0.13359358354383E+04
 0.13359358345103E+04
 0.13359358349060E+04
 0.13359358329202E+04
 0.13359358327870E+04
 0.13359358248120E+04
 0.13359358234715E+04
 0.13359357662535E+04
 0.13359357550705E+04
 0.13359357525066E+04
 0.13359357518753E+04
 0.13359357521578E+04
 0.13359349601051E+04
 0.13359349589414E+04
 0.13359349469352E+04
 0.13359349400319E+04
 0.13359349384853E+04
 0.13359349384805E+04
 0.13359349388390E+04
 0.13359349384407E+04
 0.13359349393680E+04
 0.13359349400244E+04
 0.13359349417394E+04
 0.13359349436224E+04
 0.13359349470314E+04
 0.13359349500086E+04
 0.13359349526243E+04
 0.13359349577130E+04
 0.13359349663201E+04
 0.13359343827617E+04
 0.13359343951019E+04
 0.13359344081869E+04
 0.13359344218372E+04
 0.13359344404997E+04
 0.13359344605138E+04
 0.13359344625244E+04
 0.13359344584714E+04
 0.13359344867743E+04
 0.13359344705723E+04
 0.13359344935868E+04
 0.13359344852079E+04
 0.13359344973621E+04
 0.13359344965416E+04
 0.13359344719919E+04
 0.13359344970177E+04
 0.13359344714199E+04
 0.13359344819524E+04
 0.13359344976023E+04
 0.13359344748500E+04
 0.13359344688732E+04
 0.13359344713464E+04
 0.13359344964143E+04
 0.13359344587817E+04
 0.13359344589200E+04
 0.13359344837751E+04
 0.13359344784209E+04
 0.13359356083897E+04
 0.13359356126298E+04
 0.13359355871571E+04
 0.13359356079345E+04
 0.13359355860785E+04
 0.13359356008765E+04
 0.13359355923073E+04
 0.13359349535631E+04
 0.13359349555167E+04
 0.13359349659325E+04
 0.13359355268159E+04
 0.13359355191013E+04
 0.13359355433674E+04
 0.13359355049902E+04
 0.13359355164596E+04
 0.13359355041986E+04
 0.13359355089656E+04
 0.13359355369304E+04
 0.13359354997728E+04
 0.13359354987102E+04
 0.13359354943427E+04
 0.13359354942258E+04
 0.13359355051325E+04
 0.13359355277552E+04
 0.13359355034901E+04
 0.13359348556376E+04
 0.13359334254322E+04
 0.13359334278577E+04
 0.13359338563072E+04
 0.13359347112356E+04
 0.13359347306129E+04
 0.13359347272399E+04
 0.13359347118596E+04
 0.13359351223719E+04
 0.13359351425077E+04
 0.13359351198310E+04
 0.13359351049047E+04
 0.13359347720057E+04
 0.13359347541475E+04
 0.13359345752050E+04
 0.13359345781528E+04
 0.13359348088250E+04
 0.13359332860303E+04
 0.13359332951396E+04
 0.13359341977695E+04
 0.13359339071778E+04
 0.13359347894388E+04
 0.13359347921850E+04
 0.13359339304704E+04
 0.13359352862769E+04
 0.13359352895011E+04
 0.13359353025510E+04
 0.13359353094793E+04
 0.13359353162684E+04
 0.13359352993489E+04
 0.13359352968070E+04
 0.13359353040677E+04
 0.13359355495816E+04
 0.13359355506090E+04
 0.13359355425000E+04
 0.13359355419330E+04
 0.13359355414121E+04
 0.13359355504121E+04
 0.13359355452417E+04
 0.13359346818761E+04
 0.13359342815027E+04
 0.13359352307349E+04
 0.13359352298231E+04
 0.13359352265357E+04
 0.13359350084983E+04
 0.13359349966751E+04
 0.13359349977954E+04
 0.13359350316798E+04
 0.13359354360956E+04
 0.13359354155274E+04
 0.13359353177177E+04
 0.13359353231089E+04
 0.13359353237131E+04
 0.13359353220633E+04
 0.13359352979535E+04
 0.13359352949166E+04
 0.13359352450946E+04
 0.13359351687402E+04
 0.13359351740604E+04
 0.13359350128822E+04
 0.13359350110297E+04
 0.13359350110168E+04
 0.13359348484885E+04
 0.13359348607568E+04
 0.13359348521910E+04
 0.13359348639942E+04
 0.13359357619492E+04
 0.13359357611673E+04
 0.13359357647980E+04
 0.13359357606342E+04
 0.13359357599617E+04
 0.13359356677226E+04
 0.13359356670857E+04
 0.13359351059129E+04
 0.13359351102583E+04
 0.13359351119671E+04
