 0.98385141561684E+02
 0.98385141561684E+02
 0.98385141561684E+02
 0.98385141561684E+02
 0.98385141561684E+02
 0.98385141561684E+02
 0.98385141561684E+02
 0.98385141561684E+02
 0.98385141561684E+02
 0.98385141561684E+02
 0.98385141561684E+02
 0.98385141561684E+02
 0.98385141561684E+02
 0.98385141561684E+02
 0.98385141561684E+02
 0.98385141561684E+02
 0.98385141561684E+02
 0.98385141561684E+02
 0.98385141561684E+02
 0.98385141561684E+02
 0.98385141561684E+02
 0.98385141561684E+02
 0.98385141561684E+02
 0.98385141561684E+02
 0.98385141561684E+02
 0.98385141561684E+02
 0.98385141561684E+02
 0.98385141561684E+02
 0.98385141561684E+02
 0.98385141561684E+02
 0.98385141561684E+02
 0.98385141561684E+02
 0.98385141561684E+02
 0.98385141561684E+02
 0.98385141561684E+02
 0.98385141561684E+02
 0.98385141577338E+02
 0.98385141600951E+02
 0.98385141632138E+02
 0.98385141691883E+02
 0.98385141701224E+02
 0.98385071438393E+02
 0.98385071428440E+02
 0.98385071479818E+02
 0.98385071462603E+02
 0.98385071497829E+02
 0.98385071483814E+02
 0.98385071474942E+02
 0.98385071462504E+02
 0.98385071187849E+02
 0.98385071108490E+02
 0.98385068073107E+02
 0.98385067439709E+02
 0.98385067267711E+02
 0.98385067169330E+02
 0.98385067104346E+02
 0.98385195641374E+02
 0.98385195494706E+02
 0.98385194707519E+02
 0.98385194258334E+02
 0.98385194129886E+02
 0.98385194071840E+02
 0.98385194050924E+02
 0.98385193981760E+02
 0.98385193973664E+02
 0.98385194000290E+02
 0.98385194039143E+02
 0.98385194110906E+02
 0.98385194220930E+02
 0.98385194367434E+02
 0.98385194498163E+02
 0.98385194734307E+02
 0.98385195140204E+02
 0.98385281481655E+02
 0.98385282138154E+02
 0.98385282874557E+02
 0.98385283600535E+02
 0.98385284660700E+02
 0.98385285862146E+02
 0.98385286013988E+02
 0.98385285700946E+02
 0.98385287343608E+02
 0.98385286324326E+02
 0.98385287796767E+02
 0.98385287205401E+02
 0.98385287995052E+02
 0.98385287927780E+02
 0.98385286423995E+02
 0.98385287986837E+02
 0.98385286397710E+02
 0.98385287177077E+02
 0.98385288014626E+02
 0.98385286768708E+02
 0.98385286249619E+02
 0.98385286389829E+02
 0.98385287951938E+02
 0.98385285739062E+02
 0.98385285766966E+02
 0.98385287125433E+02
 0.98385286959940E+02
 0.98385113945160E+02
 0.98385114333198E+02
 0.98385112797902E+02
 0.98385113971710E+02
 0.98385112844062E+02
 0.98385113615260E+02
 0.98385113345547E+02
 0.98385226496221E+02
 0.98385226634883E+02
 0.98385227270780E+02
 0.98385141967279E+02
 0.98385141588795E+02
 0.98385143254290E+02
 0.98385141106207E+02
 0.98385141869232E+02
 0.98385141131339E+02
 0.98385141335022E+02
 0.98385143495549E+02
 0.98385141532843E+02
 0.98385141447381E+02
 0.98385141298154E+02
 0.98385141298379E+02
 0.98385141865138E+02
 0.98385143680224E+02
 0.98385142451393E+02
 0.98385251897302E+02
 0.98385472583923E+02
 0.98385472735904E+02
 0.98385416093793E+02
 0.98385273476441E+02
 0.98385274761064E+02
 0.98385274632945E+02
 0.98385273634872E+02
 0.98385205257599E+02
 0.98385206640934E+02
 0.98385205440807E+02
 0.98385204532666E+02
 0.98385256774075E+02
 0.98385256036993E+02
 0.98385285398472E+02
 0.98385285508130E+02
 0.98385249618288E+02
 0.98385490040681E+02
 0.98385490576726E+02
 0.98385354697532E+02
 0.98385387022805E+02
 0.98385244910660E+02
 0.98385244941371E+02
 0.98385382116703E+02
 0.98385167573888E+02
 0.98385167714264E+02
 0.98385168393669E+02
 0.98385168704146E+02
 0.98385169289441E+02
 0.98385167874334E+02
 0.98385167187628E+02
 0.98385167441615E+02
 0.98385115672927E+02
 0.98385115665645E+02
 0.98385115622420E+02
 0.98385115044927E+02
 0.98385114971742E+02
 0.98385115590949E+02
 0.98385115465318E+02
 0.98385258427312E+02
 0.98385325666319E+02
 0.98385167245782E+02
 0.98385167120213E+02
 0.98385167132228E+02
 0.98385207608285E+02
 0.98385206588671E+02
 0.98385206645062E+02
 0.98385208693035E+02
 0.98385139443969E+02
 0.98385138462020E+02
 0.98385157958539E+02
 0.98385157732100E+02
 0.98385157770239E+02
 0.98385158320469E+02
 0.98385155369644E+02
 0.98385154101767E+02
 0.98385172156766E+02
 0.98385168911348E+02
 0.98385169296265E+02
 0.98385206561263E+02
 0.98385206858968E+02
 0.98385206907919E+02
 0.98385220349018E+02
 0.98385221284932E+02
 0.98385220987007E+02
 0.98385221414177E+02
 0.98385072968217E+02
 0.98385072805361E+02
 0.98385073090692E+02
 0.98385073153549E+02
 0.98385073055581E+02
 0.98385095673415E+02
 0.98385095657309E+02
 0.98385178838949E+02
 0.98385178974372E+02
 0.98385178999231E+02
