 0.18543846882470E+03
 0.18543846882470E+03
 0.18543846882470E+03
 0.18543846882470E+03
 0.18543846882470E+03
 0.18543846882470E+03
 0.18543846882470E+03
 0.18543846882470E+03
 0.18543846882470E+03
 0.18543846882470E+03
 0.18543846882470E+03
 0.18543846882470E+03
 0.18543846882470E+03
 0.18543846882470E+03
 0.18543846882470E+03
 0.18543846882470E+03
 0.18543846882470E+03
 0.18543846882470E+03
 0.18543846882470E+03
 0.18543846882470E+03
 0.18543846882470E+03
 0.18543846882470E+03
 0.18543846882470E+03
 0.18543846882470E+03
 0.18543846882470E+03
 0.18543846882470E+03
 0.18543846882470E+03
 0.18543846882470E+03
 0.18543846882470E+03
 0.18543846882470E+03
 0.18543846882470E+03
 0.18543846882470E+03
 0.18543846882470E+03
 0.18543846882470E+03
 0.18543846882470E+03
 0.18543846882470E+03
 0.18543846881010E+03
 0.18543846929121E+03
 0.18543846991900E+03
 0.18543847108403E+03
 0.18543847135286E+03
 0.18543839023525E+03
 0.18543839008451E+03
 0.18543839026875E+03
 0.18543838997617E+03
 0.18543839012770E+03
 0.18543838986449E+03
 0.18543839021046E+03
 0.18543839014193E+03
 0.18543839086344E+03
 0.18543839080367E+03
 0.18543839117229E+03
 0.18543839099523E+03
 0.18543839083186E+03
 0.18543839055830E+03
 0.18543839024790E+03
 0.18543903615464E+03
 0.18543903572958E+03
 0.18543903369295E+03
 0.18543903241345E+03
 0.18543903194894E+03
 0.18543903160946E+03
 0.18543903141090E+03
 0.18543903080847E+03
 0.18543903046764E+03
 0.18543903038494E+03
 0.18543903014854E+03
 0.18543902995510E+03
 0.18543902960370E+03
 0.18543902956118E+03
 0.18543902957117E+03
 0.18543902945305E+03
 0.18543902928825E+03
 0.18543913471422E+03
 0.18543913499675E+03
 0.18543913555557E+03
 0.18543913600189E+03
 0.18543913703152E+03
 0.18543913857465E+03
 0.18543913933261E+03
 0.18543913948520E+03
 0.18543914144224E+03
 0.18543913973657E+03
 0.18543914327124E+03
 0.18543914095657E+03
 0.18543914332852E+03
 0.18543914307439E+03
 0.18543913971763E+03
 0.18543914326697E+03
 0.18543913965493E+03
 0.18543914278639E+03
 0.18543914330425E+03
 0.18543914246883E+03
 0.18543913947697E+03
 0.18543913959389E+03
 0.18543914314994E+03
 0.18543913983083E+03
 0.18543914011998E+03
 0.18543914067102E+03
 0.18543914261456E+03
 0.18543879582829E+03
 0.18543879832611E+03
 0.18543879513192E+03
 0.18543879594337E+03
 0.18543879599789E+03
 0.18543879548472E+03
 0.18543879730210E+03
 0.18543926945970E+03
 0.18543926953525E+03
 0.18543927024054E+03
 0.18543920319596E+03
 0.18543920053091E+03
 0.18543920429802E+03
 0.18543920141479E+03
 0.18543920329516E+03
 0.18543920151202E+03
 0.18543920072396E+03
 0.18543920508763E+03
 0.18543920282177E+03
 0.18543920145833E+03
 0.18543920199772E+03
 0.18543920183431E+03
 0.18543920158171E+03
 0.18543920574819E+03
 0.18543920500494E+03
 0.18543977256026E+03
 0.18544025731353E+03
 0.18544025741774E+03
 0.18544032948207E+03
 0.18543975350850E+03
 0.18543975684310E+03
 0.18543975668594E+03
 0.18543975378904E+03
 0.18543941751122E+03
 0.18543942094652E+03
 0.18543942027117E+03
 0.18543941821567E+03
 0.18543944153154E+03
 0.18543944129306E+03
 0.18543975645887E+03
 0.18543975555508E+03
 0.18543950979872E+03
 0.18544032206211E+03
 0.18544032462378E+03
 0.18544008694647E+03
 0.18543996401552E+03
 0.18543931398041E+03
 0.18543931392512E+03
 0.18543992543311E+03
 0.18543909867586E+03
 0.18543909871559E+03
 0.18543909955355E+03
 0.18543910037808E+03
 0.18543910218843E+03
 0.18543909851858E+03
 0.18543909745542E+03
 0.18543909748732E+03
 0.18543869089935E+03
 0.18543869086496E+03
 0.18543869272210E+03
 0.18543868951954E+03
 0.18543868938448E+03
 0.18543869062979E+03
 0.18543869234821E+03
 0.18543928001563E+03
 0.18543959288783E+03
 0.18543884305992E+03
 0.18543884267945E+03
 0.18543884463364E+03
 0.18543912680518E+03
 0.18543912459044E+03
 0.18543912473785E+03
 0.18543912732078E+03
 0.18543880402942E+03
 0.18543880355967E+03
 0.18543897502355E+03
 0.18543897387434E+03
 0.18543897378706E+03
 0.18543897605215E+03
 0.18543884426602E+03
 0.18543884099022E+03
 0.18543908868438E+03
 0.18543882259159E+03
 0.18543882316786E+03
 0.18543915481179E+03
 0.18543915474401E+03
 0.18543915480906E+03
 0.18543896733423E+03
 0.18543896926058E+03
 0.18543897061367E+03
 0.18543896961622E+03
 0.18543843184893E+03
 0.18543843156105E+03
 0.18543843209709E+03
 0.18543843430193E+03
 0.18543843421339E+03
 0.18543871628535E+03
 0.18543871627918E+03
 0.18543885579534E+03
 0.18543885587800E+03
 0.18543885581202E+03
