 0.42993008756709E+14
 0.42993008756709E+14
 0.42993008756709E+14
 0.42993008756709E+14
 0.42993008756709E+14
 0.42993008756709E+14
 0.42993008756709E+14
 0.42993008756709E+14
 0.42993008756709E+14
 0.42993008756709E+14
 0.42993008756709E+14
 0.42993008756709E+14
 0.42993008756709E+14
 0.42993008756709E+14
 0.42993008756709E+14
 0.42993008756709E+14
 0.42993008756709E+14
 0.42993008756709E+14
 0.42993008756709E+14
 0.42993008756709E+14
 0.42993008756709E+14
 0.42993008756709E+14
 0.42993008756709E+14
 0.42993008756709E+14
 0.42993008756709E+14
 0.42993008756709E+14
 0.42993008756709E+14
 0.42993008756709E+14
 0.42993008756709E+14
 0.42993008756709E+14
 0.42993008756709E+14
 0.42993008756709E+14
 0.42993008756709E+14
 0.42993008756709E+14
 0.42993008756709E+14
 0.42993008756709E+14
 0.42993008757111E+14
 0.42993008760875E+14
 0.42993008763891E+14
 0.42993008767550E+14
 0.42993008767497E+14
 0.42993004210196E+14
 0.42993004208958E+14
 0.42993004205274E+14
 0.42993004203472E+14
 0.42993004199490E+14
 0.42993004197920E+14
 0.42993004194074E+14
 0.42993004192858E+14
 0.42993004181611E+14
 0.42993004178533E+14
 0.42993004101865E+14
 0.42993004085620E+14
 0.42993004081438E+14
 0.42993004079679E+14
 0.42993004079332E+14
 0.42993006325431E+14
 0.42993006322693E+14
 0.42993006295668E+14
 0.42993006279382E+14
 0.42993006275338E+14
 0.42993006274454E+14
 0.42993006274989E+14
 0.42993006271046E+14
 0.42993006271589E+14
 0.42993006272325E+14
 0.42993006274726E+14
 0.42993006276668E+14
 0.42993006280771E+14
 0.42993006284873E+14
 0.42993006288502E+14
 0.42993006295536E+14
 0.42993006307645E+14
 0.42993011840586E+14
 0.42993011858868E+14
 0.42993011879626E+14
 0.42993011901509E+14
 0.42993011932376E+14
 0.42993011967124E+14
 0.42993011974403E+14
 0.42993011972971E+14
 0.42993012022251E+14
 0.42993011991956E+14
 0.42993012043330E+14
 0.42993012018597E+14
 0.42993012049290E+14
 0.42993012047075E+14
 0.42993011994274E+14
 0.42993012048813E+14
 0.42993011993281E+14
 0.42993012025664E+14
 0.42993012050296E+14
 0.42993012014831E+14
 0.42993011989240E+14
 0.42993011993268E+14
 0.42993012047778E+14
 0.42993011977884E+14
 0.42993011979745E+14
 0.42993012016080E+14
 0.42993012020681E+14
 0.42993002463429E+14
 0.42993002483815E+14
 0.42993002429486E+14
 0.42993002461426E+14
 0.42993002431141E+14
 0.42993002446934E+14
 0.42993002443294E+14
 0.42993005680918E+14
 0.42993005682542E+14
 0.42993005699290E+14
 0.42992999785347E+14
 0.42992999749826E+14
 0.42992999798576E+14
 0.42992999726922E+14
 0.42992999751876E+14
 0.42992999723586E+14
 0.42992999724882E+14
 0.42992999769619E+14
 0.42992999700107E+14
 0.42992999687494E+14
 0.42992999682811E+14
 0.42992999680828E+14
 0.42992999693494E+14
 0.42992999731913E+14
 0.42992999690626E+14
 0.42993001411995E+14
 0.42993012876318E+14
 0.42993012879430E+14
 0.42993007534960E+14
 0.42993003269969E+14
 0.42993003312911E+14
 0.42993003305217E+14
 0.42993003267211E+14
 0.42993001964331E+14
 0.42993002006887E+14
 0.42993001970299E+14
 0.42993001937257E+14
 0.42993005725579E+14
 0.42993005689246E+14
 0.42993004149696E+14
 0.42993004147204E+14
 0.42993004345988E+14
 0.42993013381079E+14
 0.42993013413614E+14
 0.42993005579198E+14
 0.42993009609080E+14
 0.42993006280538E+14
 0.42993006288773E+14
 0.42993009662578E+14
 0.42993002851829E+14
 0.42993002857507E+14
 0.42993002882938E+14
 0.42993002901829E+14
 0.42993002914594E+14
 0.42993002882148E+14
 0.42993002893524E+14
 0.42993002909388E+14
 0.42993003721729E+14
 0.42993003725718E+14
 0.42993003711222E+14
 0.42993003705935E+14
 0.42993003706103E+14
 0.42993003722655E+14
 0.42993003724482E+14
 0.42993007804546E+14
 0.42993009288883E+14
 0.42993005966270E+14
 0.42993005965140E+14
 0.42993005970258E+14
 0.42993005698063E+14
 0.42993005678947E+14
 0.42993005682033E+14
 0.42993005738712E+14
 0.42993004224408E+14
 0.42993004185683E+14
 0.42993003691581E+14
 0.42993003710947E+14
 0.42993003709807E+14
 0.42993003699877E+14
 0.42993005016302E+14
 0.42993005026451E+14
 0.42993003385330E+14
 0.42993006326011E+14
 0.42993006333822E+14
 0.42993005338306E+14
 0.42993005318275E+14
 0.42993005311918E+14
 0.42993008629691E+14
 0.42993008648585E+14
 0.42993008644448E+14
 0.42993008659358E+14
 0.42993003509995E+14
 0.42993003509763E+14
 0.42993003513838E+14
 0.42993003520417E+14
 0.42993003520532E+14
 0.42993001869749E+14
 0.42993001865807E+14
 0.42993006754353E+14
 0.42993006760669E+14
 0.42993006768937E+14
