 0.33339136545106E+03
 0.33339136545106E+03
 0.33339136545106E+03
 0.33339136545106E+03
 0.33339136545106E+03
 0.33339136545106E+03
 0.33339136545106E+03
 0.33339136545106E+03
 0.33339136545106E+03
 0.33339136545106E+03
 0.33339136545106E+03
 0.33339136545106E+03
 0.33339136545106E+03
 0.33339136545106E+03
 0.33339136545106E+03
 0.33339136545106E+03
 0.33339136545106E+03
 0.33339136545106E+03
 0.33339136545106E+03
 0.33339136545106E+03
 0.33339136545106E+03
 0.33339136545106E+03
 0.33339136545106E+03
 0.33339136545106E+03
 0.33339136545106E+03
 0.33339136545106E+03
 0.33339136545106E+03
 0.33339136545106E+03
 0.33339136545106E+03
 0.33339136545106E+03
 0.33339136545106E+03
 0.33339136545106E+03
 0.33339136545106E+03
 0.33339136545106E+03
 0.33339136545106E+03
 0.33339136545106E+03
 0.33339136547496E+03
 0.33339136553936E+03
 0.33339136608054E+03
 0.33339136742672E+03
 0.33339136780740E+03
 0.33339190211262E+03
 0.33339190199501E+03
 0.33339190125431E+03
 0.33339190092407E+03
 0.33339189991797E+03
 0.33339189951546E+03
 0.33339189859199E+03
 0.33339189827989E+03
 0.33339189636705E+03
 0.33339189574831E+03
 0.33339188772746E+03
 0.33339188588908E+03
 0.33339188537574E+03
 0.33339188509963E+03
 0.33339188501973E+03
 0.33339159633875E+03
 0.33339159610565E+03
 0.33339159420655E+03
 0.33339159302096E+03
 0.33339159280787E+03
 0.33339159284876E+03
 0.33339159312040E+03
 0.33339159297768E+03
 0.33339159328254E+03
 0.33339159344286E+03
 0.33339159391090E+03
 0.33339159427348E+03
 0.33339159484690E+03
 0.33339159541286E+03
 0.33339159579543E+03
 0.33339159663571E+03
 0.33339159813450E+03
 0.33339095975264E+03
 0.33339096148950E+03
 0.33339096352848E+03
 0.33339096573431E+03
 0.33339096850832E+03
 0.33339097143275E+03
 0.33339097185494E+03
 0.33339097165732E+03
 0.33339097546582E+03
 0.33339097327009E+03
 0.33339097664748E+03
 0.33339097532445E+03
 0.33339097719452E+03
 0.33339097713672E+03
 0.33339097356693E+03
 0.33339097724212E+03
 0.33339097353679E+03
 0.33339097533495E+03
 0.33339097741857E+03
 0.33339097448439E+03
 0.33339097326037E+03
 0.33339097359995E+03
 0.33339097723592E+03
 0.33339097210750E+03
 0.33339097217200E+03
 0.33339097531764E+03
 0.33339097494867E+03
 0.33339207345698E+03
 0.33339207432998E+03
 0.33339207067912E+03
 0.33339207335715E+03
 0.33339207063852E+03
 0.33339207234377E+03
 0.33339207151862E+03
 0.33339170334527E+03
 0.33339170355897E+03
 0.33339170494739E+03
 0.33339238184030E+03
 0.33339238025622E+03
 0.33339238370817E+03
 0.33339237848824E+03
 0.33339238016994E+03
 0.33339237835186E+03
 0.33339237879325E+03
 0.33339238260511E+03
 0.33339237754059E+03
 0.33339237712535E+03
 0.33339237664847E+03
 0.33339237659278E+03
 0.33339237787271E+03
 0.33339238106165E+03
 0.33339237787295E+03
 0.33339216184886E+03
 0.33339083078418E+03
 0.33339083108096E+03
 0.33339144381387E+03
 0.33339194824514E+03
 0.33339195113725E+03
 0.33339195061280E+03
 0.33339194830876E+03
 0.33339210643058E+03
 0.33339210937046E+03
 0.33339210647766E+03
 0.33339210432234E+03
 0.33339167580870E+03
 0.33339167343205E+03
 0.33339182907511E+03
 0.33339182928099E+03
 0.33339182354016E+03
 0.33339075350589E+03
 0.33339075518014E+03
 0.33339166164140E+03
 0.33339119167072E+03
 0.33339159785825E+03
 0.33339159830614E+03
 0.33339118447799E+03
 0.33339200051950E+03
 0.33339200098320E+03
 0.33339200284008E+03
 0.33339200393973E+03
 0.33339200501881E+03
 0.33339200267454E+03
 0.33339200261811E+03
 0.33339200365865E+03
 0.33339191252711E+03
 0.33339191269532E+03
 0.33339191181876E+03
 0.33339191162401E+03
 0.33339191155730E+03
 0.33339191283547E+03
 0.33339191239042E+03
 0.33339142450628E+03
 0.33339124452528E+03
 0.33339165397638E+03
 0.33339165385509E+03
 0.33339165362351E+03
 0.33339167506786E+03
 0.33339167358552E+03
 0.33339167374363E+03
 0.33339167820430E+03
 0.33339185960061E+03
 0.33339185694961E+03
 0.33339191083152E+03
 0.33339191173051E+03
 0.33339191184175E+03
 0.33339191153544E+03
 0.33339175714775E+03
 0.33339175743707E+03
 0.33339194084997E+03
 0.33339160018441E+03
 0.33339160088924E+03
 0.33339171674510E+03
 0.33339171594373E+03
 0.33339171620948E+03
 0.33339133305491E+03
 0.33339133488926E+03
 0.33339133378255E+03
 0.33339133531215E+03
 0.33339193622894E+03
 0.33339193633431E+03
 0.33339193690137E+03
 0.33339193615544E+03
 0.33339193621569E+03
 0.33339211608516E+03
 0.33339211613525E+03
 0.33339155290170E+03
 0.33339155387099E+03
 0.33339155388462E+03
