 0.17688215877340E+03
 0.17688215877340E+03
 0.17688215877340E+03
 0.17688215877340E+03
 0.17688215877340E+03
 0.17688215877340E+03
 0.17688215877340E+03
 0.17688215877340E+03
 0.17688215877340E+03
 0.17688215877340E+03
 0.17688215877340E+03
 0.17688215877340E+03
 0.17688215877340E+03
 0.17688215877340E+03
 0.17688215877340E+03
 0.17688215877340E+03
 0.17688215877340E+03
 0.17688215877340E+03
 0.17688215877340E+03
 0.17688215877340E+03
 0.17688215877340E+03
 0.17688215877340E+03
 0.17688215877340E+03
 0.17688215877340E+03
 0.17688215877340E+03
 0.17688215877340E+03
 0.17688215877340E+03
 0.17688215877340E+03
 0.17688215877340E+03
 0.17688215877340E+03
 0.17688215877340E+03
 0.17688215877340E+03
 0.17688215877340E+03
 0.17688215877340E+03
 0.17688215877340E+03
 0.17688215877340E+03
 0.17688215882814E+03
 0.17688215844586E+03
 0.17688215819023E+03
 0.17688215790058E+03
 0.17688215786293E+03
 0.17688239239308E+03
 0.17688239245657E+03
 0.17688239198021E+03
 0.17688239205313E+03
 0.17688239143814E+03
 0.17688239145046E+03
 0.17688239061454E+03
 0.17688239049197E+03
 0.17688238829510E+03
 0.17688238788115E+03
 0.17688237781686E+03
 0.17688237587163E+03
 0.17688237544588E+03
 0.17688237538345E+03
 0.17688237552031E+03
 0.17688183734748E+03
 0.17688183736556E+03
 0.17688183688539E+03
 0.17688183666927E+03
 0.17688183676836E+03
 0.17688183700951E+03
 0.17688183730542E+03
 0.17688183767998E+03
 0.17688183815227E+03
 0.17688183836409E+03
 0.17688183890775E+03
 0.17688183941364E+03
 0.17688184025087E+03
 0.17688184085509E+03
 0.17688184128357E+03
 0.17688184226660E+03
 0.17688184394872E+03
 0.17688155992128E+03
 0.17688156175356E+03
 0.17688156362625E+03
 0.17688156567604E+03
 0.17688156807169E+03
 0.17688157031135E+03
 0.17688157008536E+03
 0.17688156927216E+03
 0.17688157237930E+03
 0.17688157100879E+03
 0.17688157207635E+03
 0.17688157251908E+03
 0.17688157266843E+03
 0.17688157275922E+03
 0.17688157136354E+03
 0.17688157273763E+03
 0.17688157136010E+03
 0.17688157072834E+03
 0.17688157284564E+03
 0.17688156984580E+03
 0.17688157111694E+03
 0.17688157143766E+03
 0.17688157278322E+03
 0.17688156924985E+03
 0.17688156905843E+03
 0.17688157264407E+03
 0.17688157029693E+03
 0.17688217284290E+03
 0.17688217162114E+03
 0.17688216997073E+03
 0.17688217272790E+03
 0.17688216920616E+03
 0.17688217198688E+03
 0.17688216933068E+03
 0.17688172705358E+03
 0.17688172734418E+03
 0.17688172855132E+03
 0.17688199826606E+03
 0.17688199928724E+03
 0.17688200051971E+03
 0.17688199663851E+03
 0.17688199710895E+03
 0.17688199651860E+03
 0.17688199787067E+03
 0.17688199961506E+03
 0.17688199556071E+03
 0.17688199648728E+03
 0.17688199545148E+03
 0.17688199557821E+03
 0.17688199751717E+03
 0.17688199849811E+03
 0.17688199530604E+03
 0.17688153609780E+03
 0.17688076427974E+03
 0.17688076461103E+03
 0.17688091912557E+03
 0.17688147973859E+03
 0.17688148040184E+03
 0.17688148004316E+03
 0.17688147978958E+03
 0.17688176150818E+03
 0.17688176227820E+03
 0.17688175922996E+03
 0.17688175841439E+03
 0.17688160274791E+03
 0.17688160038930E+03
 0.17688143513254E+03
 0.17688143630100E+03
 0.17688160314540E+03
 0.17688069290412E+03
 0.17688069231268E+03
 0.17688115565464E+03
 0.17688108168406E+03
 0.17688166172738E+03
 0.17688166207296E+03
 0.17688110584923E+03
 0.17688194168933E+03
 0.17688194214982E+03
 0.17688194355718E+03
 0.17688194391231E+03
 0.17688194381027E+03
 0.17688194352287E+03
 0.17688194327243E+03
 0.17688194425070E+03
 0.17688219065460E+03
 0.17688219076356E+03
 0.17688218844933E+03
 0.17688219036254E+03
 0.17688219032440E+03
 0.17688219092793E+03
 0.17688218882681E+03
 0.17688162645334E+03
 0.17688135341604E+03
 0.17688200106067E+03
 0.17688200113348E+03
 0.17688199916820E+03
 0.17688181416474E+03
 0.17688181365770E+03
 0.17688181370237E+03
 0.17688181728719E+03
 0.17688209740118E+03
 0.17688209467735E+03
 0.17688199476455E+03
 0.17688199593058E+03
 0.17688199614142E+03
 0.17688199480757E+03
 0.17688203329658E+03
 0.17688203429526E+03
 0.17688192780126E+03
 0.17688199503945E+03
 0.17688199555575E+03
 0.17688180768011E+03
 0.17688180785482E+03
 0.17688180802177E+03
 0.17688180772675E+03
 0.17688180854514E+03
 0.17688180613170E+03
 0.17688180866264E+03
 0.17688237355039E+03
 0.17688237358809E+03
 0.17688237389062E+03
 0.17688237150477E+03
 0.17688237144506E+03
 0.17688223848211E+03
 0.17688223848561E+03
 0.17688195613022E+03
 0.17688195680910E+03
 0.17688195692396E+03
