-0.82186201235212E+12
-0.78872196003535E+12
-0.80380353773933E+12
-0.82941816509393E+12
-0.86506425110214E+12
-0.91068834854157E+12
-0.96629437156814E+12
-0.10319031513015E+13
-0.11075444966747E+13
-0.11932551511499E+13
-0.12890782860234E+13
-0.13950635197773E+13
-0.15112671745438E+13
-0.16377526780127E+13
-0.17745910842360E+13
-0.19218617128604E+13
-0.20796529198824E+13
-0.22480630229034E+13
-0.24272014136765E+13
-0.26171899025400E+13
-0.28181643549310E+13
-0.30302767018057E+13
-0.32536974367913E+13
-0.34886187584864E+13
-0.37352585852554E+13
-0.39938657772213E+13
-0.42647270731039E+13
-0.45481765393236E+13
-0.48446088374134E+13
-0.51544985599932E+13
-0.54784297638812E+13
-0.58171439083600E+13
-0.61716243570225E+13
-0.65432641626213E+13
-0.69342693665047E+13
-0.73490874832739E+13
-0.78002803847298E+13
-0.82670933309756E+13
-0.87403800930129E+13
-0.92197963982745E+13
-0.97051929830964E+13
-0.10196472995172E+14
-0.10693577765271E+14
-0.11196535743294E+14
-0.11705065608872E+14
-0.12219328700136E+14
-0.12739470455487E+14
-0.13265246446403E+14
-0.13796814507768E+14
-0.14334111333879E+14
-0.14877411221953E+14
-0.15426341420917E+14
-0.15981280281492E+14
-0.16542041196993E+14
-0.17108975372905E+14
-0.17681950103520E+14
-0.18261212572211E+14
-0.18846488698234E+14
-0.19438249938985E+14
-0.20036642103358E+14
-0.20641011352133E+14
-0.21251799448706E+14
-0.21869599162930E+14
-0.22493175165944E+14
-0.23123726544962E+14
-0.23760399865107E+14
-0.24404393570857E+14
-0.25052609009540E+14
-0.25708262251147E+14
-0.26368371255742E+14
-0.27035589283137E+14
-0.27705283467152E+14
-0.28382247632089E+14
-0.29060551044896E+14
-0.29746012001979E+14
-0.30431784733813E+14
-0.31124814846642E+14
-0.31817393242317E+14
-0.32517580692358E+14
-0.33216863208342E+14
-0.33923382623719E+14
-0.34630697010069E+14
-0.35344284859687E+14
-0.36059644525847E+14
-0.36779911115924E+14
-0.37504685275971E+14
-0.38233312791056E+14
-0.38970018662971E+14
-0.39703601152636E+14
-0.40447672465565E+14
-0.41191030266043E+14
-0.41944947732148E+14
-0.42698351785951E+14
-0.43455142995224E+14
-0.44222308517484E+14
-0.44989588816854E+14
-0.45758965367622E+14
-0.46539256650916E+14
-0.47322506563379E+14
-0.48102496073599E+14
-0.48892723231697E+14
-0.49687090389806E+14
-0.50490200989102E+14
-0.51296939535331E+14
-0.52100884399954E+14
-0.52908867797891E+14
-0.53725430529502E+14
-0.54545914099434E+14
-0.55377734407827E+14
-0.56206904350527E+14
-0.57038063629405E+14
-0.57872058864937E+14
-0.58714528433972E+14
-0.59561368662875E+14
-0.60417525026381E+14
-0.61278722631040E+14
-0.62131163353371E+14
-0.62990511112575E+14
-0.63858705327067E+14
-0.64731033326925E+14
-0.65615100850426E+14
-0.66502618056628E+14
-0.67373387316057E+14
-0.68262820787744E+14
-0.69156727297204E+14
-0.70054327121396E+14
-0.70967268581962E+14
-0.71874305142759E+14
-0.72773318453421E+14
-0.73688240846296E+14
-0.74607775364435E+14
-0.75530477989318E+14
-0.76473048246546E+14
-0.77404660883064E+14
-0.78326005011380E+14
-0.79266474253435E+14
-0.80210605997436E+14
-0.81176677254314E+14
-0.82134930047416E+14
-0.83080702431004E+14
-0.84030447249833E+14
-0.84995926089248E+14
-0.85964823392224E+14
-0.86963492105725E+14
-0.87942765164611E+14
-0.88907171777846E+14
-0.89884219390466E+14
-0.90873849081068E+14
-0.91886727567520E+14
-0.92892106076940E+14
-0.93881238453669E+14
-0.94874416138653E+14
-0.95884609445318E+14
-0.96897817752599E+14
-0.97937125125518E+14
-0.98972204852242E+14
-0.99981395972387E+14
-0.10099407323378E+15
-0.10202698020712E+15
-0.10306408549253E+15
-0.10413032441027E+15
-0.10518966235557E+15
-0.10619989061352E+15
-0.10725300743563E+15
-0.10830939034184E+15
-0.10936825775130E+15
-0.11046230256257E+15
-0.11154523028060E+15
-0.11257146158468E+15
-0.11364647691716E+15
-0.11472500038450E+15
-0.11580533665323E+15
-0.11692672339873E+15
-0.11801528336616E+15
-0.11909741104061E+15
-0.12017034630165E+15
-0.12127021374354E+15
-0.12237182321745E+15
-0.12351582688263E+15
-0.12464577311420E+15
-0.12573574990684E+15
-0.12681953869898E+15
-0.12794027256881E+15
-0.12906320389087E+15
-0.13022181370582E+15
-0.13136182550727E+15
-0.13251583876612E+15
-0.13361958959701E+15
-0.13473097287590E+15
-0.13587450769248E+15
-0.13701850254862E+15
-0.13820811518130E+15
-0.13938138332324E+15
-0.14050711683901E+15
-0.14163828213983E+15
-0.14280095258496E+15
-0.14396585746814E+15
-0.14513208128625E+15
-0.14634204412476E+15
-0.14754040575694E+15
-0.14873952683313E+15
