 0.24089454510123E+08
 0.24089454510123E+08
 0.24089454510123E+08
 0.24089454510123E+08
 0.24089454510123E+08
 0.24089454510123E+08
 0.24089454510123E+08
 0.24089454510123E+08
 0.24089454510123E+08
 0.24089454510123E+08
 0.24089454510123E+08
 0.24089454510123E+08
 0.24089454510123E+08
 0.24089454510123E+08
 0.24089454510123E+08
 0.24089454510123E+08
 0.24089454510123E+08
 0.24089454510123E+08
 0.24089454510123E+08
 0.24089454510123E+08
 0.24089454510123E+08
 0.24089454510123E+08
 0.24089454510123E+08
 0.24089454510123E+08
 0.24089454510123E+08
 0.24089454510123E+08
 0.24089454510123E+08
 0.24089454510123E+08
 0.24089454510123E+08
 0.24089454510123E+08
 0.24089454510123E+08
 0.24089454510123E+08
 0.24089454510123E+08
 0.24089454510123E+08
 0.24089454510123E+08
 0.24089454510123E+08
 0.24089454502768E+08
 0.24089454548800E+08
 0.24089454593002E+08
 0.24089454677014E+08
 0.24089454700123E+08
 0.24089433881963E+08
 0.24089433872631E+08
 0.24089433901883E+08
 0.24089433884405E+08
 0.24089433915644E+08
 0.24089433900492E+08
 0.24089433969952E+08
 0.24089433974073E+08
 0.24089434255382E+08
 0.24089434302000E+08
 0.24089436322540E+08
 0.24089436716737E+08
 0.24089436806858E+08
 0.24089436828640E+08
 0.24089436818256E+08
 0.24089466641199E+08
 0.24089466681634E+08
 0.24089467099481E+08
 0.24089467339316E+08
 0.24089467392827E+08
 0.24089467392504E+08
 0.24089467379872E+08
 0.24089467392030E+08
 0.24089467358889E+08
 0.24089467335632E+08
 0.24089467275125E+08
 0.24089467208308E+08
 0.24089467087664E+08
 0.24089466982594E+08
 0.24089466890294E+08
 0.24089466710718E+08
 0.24089466407098E+08
 0.24089490552635E+08
 0.24089490117845E+08
 0.24089489657578E+08
 0.24089489177558E+08
 0.24089488521808E+08
 0.24089487819494E+08
 0.24089487751060E+08
 0.24089487896426E+08
 0.24089486903327E+08
 0.24089487470658E+08
 0.24089486669452E+08
 0.24089486957769E+08
 0.24089486536639E+08
 0.24089486564990E+08
 0.24089487420760E+08
 0.24089486548794E+08
 0.24089487440835E+08
 0.24089487079135E+08
 0.24089486528542E+08
 0.24089487329205E+08
 0.24089487530415E+08
 0.24089487443475E+08
 0.24089486569972E+08
 0.24089487887988E+08
 0.24089487884044E+08
 0.24089487008031E+08
 0.24089487203701E+08
 0.24089441097669E+08
 0.24089440956179E+08
 0.24089441844380E+08
 0.24089441112962E+08
 0.24089441884205E+08
 0.24089441359381E+08
 0.24089441666378E+08
 0.24089466516000E+08
 0.24089466446459E+08
 0.24089466080207E+08
 0.24089442538971E+08
 0.24089442797286E+08
 0.24089441949473E+08
 0.24089443293353E+08
 0.24089442893706E+08
 0.24089443320030E+08
 0.24089443148839E+08
 0.24089442165391E+08
 0.24089443466486E+08
 0.24089443497742E+08
 0.24089443652626E+08
 0.24089443655731E+08
 0.24089443269490E+08
 0.24089442475157E+08
 0.24089443327113E+08
 0.24089467655644E+08
 0.24089525658026E+08
 0.24089525572296E+08
 0.24089507126146E+08
 0.24089473904378E+08
 0.24089473229621E+08
 0.24089473346953E+08
 0.24089473880330E+08
 0.24089458345665E+08
 0.24089457643335E+08
 0.24089458440643E+08
 0.24089458960429E+08
 0.24089473088683E+08
 0.24089473712360E+08
 0.24089479303088E+08
 0.24089479195382E+08
 0.24089470987838E+08
 0.24089530968234E+08
 0.24089530657945E+08
 0.24089493715843E+08
 0.24089506453706E+08
 0.24089472770929E+08
 0.24089472676504E+08
 0.24089505643658E+08
 0.24089452931901E+08
 0.24089452818808E+08
 0.24089452362427E+08
 0.24089452123152E+08
 0.24089451885464E+08
 0.24089452477463E+08
 0.24089452575507E+08
 0.24089452322550E+08
 0.24089443923551E+08
 0.24089443888735E+08
 0.24089444173051E+08
 0.24089444190537E+08
 0.24089444209417E+08
 0.24089443894117E+08
 0.24089444081608E+08
 0.24089477503973E+08
 0.24089492774678E+08
 0.24089456680015E+08
 0.24089456712263E+08
 0.24089456833688E+08
 0.24089464544434E+08
 0.24089464960113E+08
 0.24089464921440E+08
 0.24089463731198E+08
 0.24089448297942E+08
 0.24089449018012E+08
 0.24089452268550E+08
 0.24089452084975E+08
 0.24089452062543E+08
 0.24089452116480E+08
 0.24089453723576E+08
 0.24089453838786E+08
 0.24089454716020E+08
 0.24089459117345E+08
 0.24089458929856E+08
 0.24089464184758E+08
 0.24089464240341E+08
 0.24089464237246E+08
 0.24089471957627E+08
 0.24089471525771E+08
 0.24089471832368E+08
 0.24089471415054E+08
 0.24089436146138E+08
 0.24089436174206E+08
 0.24089436045553E+08
 0.24089436199399E+08
 0.24089436223717E+08
 0.24089438625257E+08
 0.24089438646016E+08
 0.24089461623142E+08
 0.24089461469972E+08
 0.24089461412975E+08
