 0.67808842373007E+07
 0.67808842373007E+07
 0.67808842373007E+07
 0.67808842373007E+07
 0.67808842373007E+07
 0.67808842373007E+07
 0.67808842373007E+07
 0.67808842373007E+07
 0.67808842373007E+07
 0.67808842373007E+07
 0.67808842373007E+07
 0.67808842373007E+07
 0.67808842373007E+07
 0.67808842373007E+07
 0.67808842373007E+07
 0.67808842373007E+07
 0.67808842373007E+07
 0.67808842373007E+07
 0.67808842373007E+07
 0.67808842373007E+07
 0.67808842373007E+07
 0.67808842373007E+07
 0.67808842373007E+07
 0.67808842373007E+07
 0.67808842373007E+07
 0.67808842373007E+07
 0.67808842373007E+07
 0.67808842373007E+07
 0.67808842373007E+07
 0.67808842373007E+07
 0.67808842373007E+07
 0.67808842373007E+07
 0.67808842373007E+07
 0.67808842373007E+07
 0.67808842373007E+07
 0.67808842373007E+07
 0.67808842384553E+07
 0.67808842194828E+07
 0.67808841903114E+07
 0.67808841369925E+07
 0.67808841251248E+07
 0.67808745122022E+07
 0.67808745192273E+07
 0.67808745210693E+07
 0.67808745351737E+07
 0.67808745377410E+07
 0.67808745507940E+07
 0.67808745438205E+07
 0.67808745482781E+07
 0.67808745368375E+07
 0.67808745433916E+07
 0.67808746667819E+07
 0.67808747033827E+07
 0.67808747169895E+07
 0.67808747295656E+07
 0.67808747403860E+07
 0.67808536158837E+07
 0.67808536381343E+07
 0.67808537961890E+07
 0.67808538953562E+07
 0.67808539266843E+07
 0.67808539434191E+07
 0.67808539515019E+07
 0.67808539894478E+07
 0.67808540039286E+07
 0.67808540071006E+07
 0.67808540127133E+07
 0.67808540179437E+07
 0.67808540248492E+07
 0.67808540185771E+07
 0.67808540098860E+07
 0.67808540005269E+07
 0.67808539830645E+07
 0.67808649711516E+07
 0.67808649185953E+07
 0.67808648496766E+07
 0.67808647819878E+07
 0.67808646682393E+07
 0.67808645233044E+07
 0.67808644695401E+07
 0.67808644561485E+07
 0.67808642599097E+07
 0.67808644038455E+07
 0.67808641227816E+07
 0.67808642917024E+07
 0.67808641085396E+07
 0.67808641258324E+07
 0.67808644049240E+07
 0.67808641153301E+07
 0.67808644115371E+07
 0.67808641881402E+07
 0.67808641107333E+07
 0.67808642254648E+07
 0.67808644293536E+07
 0.67808644156577E+07
 0.67808641250398E+07
 0.67808644337501E+07
 0.67808644153397E+07
 0.67808643157102E+07
 0.67808642058398E+07
 0.67808527402656E+07
 0.67808525712528E+07
 0.67808528432407E+07
 0.67808527398139E+07
 0.67808527974824E+07
 0.67808527935853E+07
 0.67808527099127E+07
 0.67808407714963E+07
 0.67808407655098E+07
 0.67808406984893E+07
 0.67808272166654E+07
 0.67808274321086E+07
 0.67808271475385E+07
 0.67808274405822E+07
 0.67808272957483E+07
 0.67808274444449E+07
 0.67808274819665E+07
 0.67808271838258E+07
 0.67808274452293E+07
 0.67808275419589E+07
 0.67808275255396E+07
 0.67808275383954E+07
 0.67808275262707E+07
 0.67808272481682E+07
 0.67808273729521E+07
 0.67808078006506E+07
 0.67808190962245E+07
 0.67808190854213E+07
 0.67808008152726E+07
 0.67808139273812E+07
 0.67808136706557E+07
 0.67808136975161E+07
 0.67808139219339E+07
 0.67808247166850E+07
 0.67808244584398E+07
 0.67808245668318E+07
 0.67808247382873E+07
 0.67808342111157E+07
 0.67808343025116E+07
 0.67808168746245E+07
 0.67808169255190E+07
 0.67808276408353E+07
 0.67808182620356E+07
 0.67808180612436E+07
 0.67808063146315E+07
 0.67808233461231E+07
 0.67808418145434E+07
 0.67808417962407E+07
 0.67808252634595E+07
 0.67808413156476E+07
 0.67808413002573E+07
 0.67808412041617E+07
 0.67808411193059E+07
 0.67808410006822E+07
 0.67808412406464E+07
 0.67808412513384E+07
 0.67808412128117E+07
 0.67808614476551E+07
 0.67808614393662E+07
 0.67808613776205E+07
 0.67808615371523E+07
 0.67808615422562E+07
 0.67808614477834E+07
 0.67808613575686E+07
 0.67808474939386E+07
 0.67808381796351E+07
 0.67808610194153E+07
 0.67808610390089E+07
 0.67808609319288E+07
 0.67808480456885E+07
 0.67808481841200E+07
 0.67808481702271E+07
 0.67808479285916E+07
 0.67808576821064E+07
 0.67808577837955E+07
 0.67808488465655E+07
 0.67808488477235E+07
 0.67808488530495E+07
 0.67808487784246E+07
 0.67808584619675E+07
 0.67808585591988E+07
 0.67808431802732E+07
 0.67808634319914E+07
 0.67808633901298E+07
 0.67808457519169E+07
 0.67808458135561E+07
 0.67808458146750E+07
 0.67808635512086E+07
 0.67808634177761E+07
 0.67808633640568E+07
 0.67808633784176E+07
 0.67808723170642E+07
 0.67808723235695E+07
 0.67808722874839E+07
 0.67808721782072E+07
 0.67808721780232E+07
 0.67808553429010E+07
 0.67808553469755E+07
 0.67808630774977E+07
 0.67808630470040E+07
 0.67808630392124E+07
