 0.33180524356865E+05
 0.50279300535033E+04
 0.14245802579874E+04
 0.56949788061288E+03
 0.26467890821750E+03
 0.12643822189310E+03
 0.52353755055973E+02
 0.72089347875496E+01
-0.23334573991279E+02
-0.45865389296059E+02
-0.63702645246914E+02
-0.78642911990563E+02
-0.91716777707281E+02
-0.10354441958050E+03
-0.11451434552789E+03
-0.12487841262350E+03
-0.13480478613759E+03
-0.14440867955681E+03
-0.15377083752286E+03
-0.16294899757894E+03
-0.17198519461933E+03
-0.18091053051207E+03
-0.18974835717637E+03
-0.19851644302338E+03
-0.20722847396929E+03
-0.21589511042250E+03
-0.22452474272571E+03
-0.23312403848926E+03
-0.24169834415744E+03
-0.25025198307027E+03
-0.25878847909429E+03
-0.26731072609823E+03
-0.27582111759244E+03
-0.28432164676556E+03
-0.29281398431141E+03
-0.30129953944397E+03
-0.30977950807847E+03
-0.31825491113806E+03
-0.32672662520584E+03
-0.33519540720170E+03
-0.34366191436306E+03
-0.35212672051214E+03
-0.36059032936868E+03
-0.36905318549878E+03
-0.37751568336198E+03
-0.38597817482087E+03
-0.39444097540098E+03
-0.40290436953075E+03
-0.41136861494490E+03
-0.41983394639893E+03
-0.42830057881380E+03
-0.43676870994770E+03
-0.44523852267365E+03
-0.45371018692741E+03
-0.46218386137877E+03
-0.47065969486991E+03
-0.47913782765683E+03
-0.48761839248427E+03
-0.49610151551868E+03
-0.50458731716061E+03
-0.51307591275377E+03
-0.52156741320577E+03
-0.53006192553280E+03
-0.53855955333899E+03
-0.54706039723927E+03
-0.55556455523347E+03
-0.56407212303799E+03
-0.57258319438090E+03
-0.58109786126483E+03
-0.58961621420218E+03
-0.59813834242579E+03
-0.60666433407852E+03
-0.61519427638394E+03
-0.62372825580084E+03
-0.63226635816325E+03
-0.64080866880785E+03
-0.64935527269027E+03
-0.65790625449157E+03
-0.66646169871601E+03
-0.67502168978141E+03
-0.68358631210248E+03
-0.69215565016852E+03
-0.70072978861571E+03
-0.70930881229487E+03
-0.71789280633514E+03
-0.72648185620417E+03
-0.73507604776506E+03
-0.74367546733077E+03
-0.75228020171594E+03
-0.76089033828690E+03
-0.76950596500966E+03
-0.77812717049665E+03
-0.78675404405199E+03
-0.79538667571588E+03
-0.80402515630796E+03
-0.81266957747021E+03
-0.82132003170919E+03
-0.82997661243804E+03
-0.83863941401818E+03
-0.84730853180113E+03
-0.85598406217025E+03
-0.86466610258272E+03
-0.87335475161191E+03
-0.88205010899014E+03
-0.89075227565191E+03
-0.89946135377800E+03
-0.90817744684007E+03
-0.91690065964638E+03
-0.92563109838824E+03
-0.93436887068784E+03
-0.94311408564691E+03
-0.95186685389703E+03
-0.96062728765109E+03
-0.96939550075638E+03
-0.97817160874929E+03
-0.98695572891181E+03
-0.99574798032978E+03
-0.10045484839533E+04
-0.10133573626591E+04
-0.10221747413156E+04
-0.10310007468494E+04
-0.10398355083160E+04
-0.10486791569713E+04
-0.10575318263480E+04
-0.10663936523331E+04
-0.10752647732506E+04
-0.10841453299462E+04
-0.10930354658767E+04
-0.11019353272026E+04
-0.11108450628859E+04
-0.11197648247907E+04
-0.11286947677910E+04
-0.11376350498808E+04
-0.11465858322920E+04
-0.11555472796163E+04
-0.11645195599346E+04
-0.11735028449516E+04
-0.11824973101386E+04
-0.11915031348831E+04
-0.12005205026464E+04
-0.12095496011301E+04
-0.12185906224515E+04
-0.12276437633287E+04
-0.12367092252766E+04
-0.12457872148140E+04
-0.12548779436828E+04
-0.12639816290808E+04
-0.12730984939078E+04
-0.12822287670278E+04
-0.12913726835470E+04
-0.13005304851101E+04
-0.13097024202155E+04
-0.13188887445518E+04
-0.13280897213567E+04
-0.13373056218002E+04
-0.13465367253959E+04
-0.13557833204400E+04
-0.13650457044833E+04
-0.13743241848377E+04
-0.13836190791213E+04
-0.13929307158448E+04
-0.14022594350448E+04
-0.14116055889673E+04
-0.14209695428074E+04
-0.14303516755107E+04
-0.14397523806437E+04
-0.14491720673391E+04
-0.14586111613270E+04
-0.14680701060590E+04
-0.14775493639380E+04
-0.14870494176660E+04
-0.14965707717235E+04
-0.15061139539981E+04
-0.15156795175809E+04
-0.15252680427529E+04
-0.15348801391874E+04
-0.15445164483980E+04
-0.15541776464678E+04
-0.15638644471006E+04
-0.15735776050431E+04
-0.15833179199362E+04
-0.15930862406630E+04
-0.16028834702769E+04
-0.16127105716091E+04
-0.16225685736739E+04
-0.16324585790194E+04
-0.16423817722016E+04
-0.16523394296025E+04
-0.16623329308666E+04
-0.16723637722985E+04
-0.16824335826554E+04
-0.16925441418851E+04
-0.17026974035204E+04
-0.17128955216505E+04
-0.17231408836821E+04
-0.17334361505021E+04
-0.17437843062142E+04
-0.17541887204271E+04
-0.17646532272298E+04
-0.17751822267186E+04
-0.17857808175468E+04
-0.17964549730280E+04
-0.18072117798018E+04
-0.18180597687647E+04
-0.18290093862780E+04
-0.18400736863995E+04
-0.18512693864508E+04
-0.18626185513300E+04
-0.18741514371328E+04
-0.18859116519848E+04
-0.18979664686752E+04
-0.19104304171666E+04
-0.19235316345047E+04
-0.19378794153719E+04
-0.19563313713444E+04
-0.19852566638125E+04
-0.20236478095059E+04
-0.20694243442395E+04
-0.21214924810318E+04
-0.21793198816660E+04
-0.22420876246568E+04
-0.23097531463157E+04
-0.23820366503466E+04
-0.24587881861481E+04
-0.25397494010931E+04
-0.26249135725680E+04
-0.27140808342360E+04
-0.28070713851658E+04
-0.29039913101793E+04
-0.30048843372632E+04
-0.31095491301093E+04
-0.32179441123632E+04
-0.33301370405803E+04
-0.34459146355995E+04
-0.35654319934243E+04
-0.36887043766623E+04
-0.38156830661152E+04
-0.39463492614753E+04
-0.40809282622918E+04
-0.42189784834230E+04
-0.43608373874493E+04
-0.45064507218683E+04
-0.46558064522165E+04
-0.48089190218734E+04
-0.49657729983802E+04
-0.51264370195489E+04
-0.52906520597085E+04
-0.54588977440566E+04
-0.56313238146232E+04
-0.58075602215321E+04
-0.59875974402130E+04
-0.61717699079059E+04
-0.63596586031512E+04
-0.65517119065504E+04
-0.67478897426369E+04
-0.69481754954923E+04
-0.71525359207094E+04
-0.73613185220979E+04
-0.75741380377545E+04
-0.77911725227523E+04
-0.80124954748047E+04
-0.82378659737737E+04
-0.84674144278057E+04
-0.87017291249847E+04
-0.89404863879437E+04
-0.91837740253663E+04
-0.94316350039563E+04
-0.96841004714732E+04
-0.99414590777232E+04
-0.10203465706175E+05
-0.10469729884638E+05
-0.10741227785890E+05
-0.11017497184102E+05
-0.11298850317776E+05
-0.11584361741702E+05
-0.11875358470579E+05
-0.12171431968512E+05
-0.12472531933648E+05
-0.12778766311873E+05
-0.13090220989181E+05
-0.13406894398128E+05
-0.13728841200690E+05
-0.14056114132001E+05
-0.14388953055943E+05
-0.14727231093229E+05
-0.15071004241419E+05
-0.15420530205524E+05
-0.15775365174988E+05
-0.16136060757075E+05
-0.16502648103638E+05
-0.16875482260503E+05
-0.17253614820131E+05
-0.17638162009028E+05
-0.18028586250792E+05
-0.18425116239939E+05
-0.18827816165021E+05
-0.19236694127606E+05
-0.19651965343286E+05
-0.20073675642981E+05
-0.20501780007790E+05
-0.20936394685904E+05
-0.21377592605744E+05
-0.21825431470694E+05
-0.22279849716485E+05
-0.22741124347214E+05
-0.23209741023827E+05
-0.23684576654496E+05
-0.24166783354778E+05
-0.24656608848946E+05
-0.25149984798417E+05
-0.25654440321278E+05
-0.26168115799799E+05
-0.26686867563969E+05
-0.27213017140380E+05
-0.27746715988967E+05
-0.28288053447092E+05
-0.28837095355227E+05
-0.29393780864624E+05
-0.29958384081768E+05
-0.30531298646722E+05
-0.31111887226174E+05
-0.31700559681633E+05
-0.32293982210992E+05
-0.32904398955399E+05
-0.33514174461155E+05
-0.34137708335751E+05
-0.34769880580529E+05
-0.35417448218271E+05
-0.36064977501783E+05
-0.36720431029974E+05
-0.37385696747193E+05
-0.38061097900114E+05
-0.38745640914309E+05
-0.39439323948733E+05
-0.40142658088027E+05
-0.40855061654243E+05
-0.41577123680382E+05
-0.42308736869272E+05
-0.43050003142604E+05
-0.43801044817308E+05
-0.44561920585321E+05
-0.45332841941133E+05
-0.46113921103627E+05
-0.46905154370782E+05
-0.47706696578157E+05
-0.48516519138172E+05
-0.49338440522555E+05
-0.50170841670307E+05
-0.51014135974443E+05
-0.51867933221592E+05
-0.52732887002568E+05
-0.53607830819210E+05
-0.54496883870813E+05
-0.55393519587585E+05
-0.56306015882849E+05
-0.57223869721407E+05
-0.58156116169689E+05
-0.59100878047389E+05
-0.60057625445226E+05
-0.61024717016246E+05
-0.62002600782500E+05
-0.62996280476364E+05
-0.63988068586684E+05
-0.65004238254452E+05
-0.66033746853435E+05
-0.67075610471822E+05
-0.68138344819391E+05
-0.69211527510273E+05
-0.70284143652280E+05
-0.71372148125397E+05
-0.72475334008567E+05
-0.73591760848003E+05
-0.74721775884372E+05
-0.75860723533828E+05
-0.77020324513548E+05
-0.78189794921075E+05
-0.79372353255796E+05
-0.80565825828273E+05
-0.81775831961545E+05
-0.82999500308219E+05
-0.84236984581736E+05
-0.85488400759002E+05
-0.86753640383440E+05
-0.88033302886328E+05
-0.89327599304054E+05
-0.90636032810244E+05
-0.91959154917930E+05
-0.93292890918053E+05
-0.94648138418103E+05
-0.96009390419290E+05
-0.97379636318989E+05
-0.98782882394140E+05
-0.10020633317612E+06
-0.10164178160708E+06
-0.10307880184853E+06
-0.10453078655670E+06
-0.10602516747127E+06
-0.10750548706823E+06
-0.10900203570061E+06
-0.11051974608152E+06
-0.11204903541841E+06
-0.11359786298526E+06
-0.11516227982033E+06
-0.11674222952893E+06
-0.11833932442337E+06
-0.11995201154809E+06
-0.12158101520489E+06
-0.12321844235545E+06
-0.12487779022947E+06
-0.12655337659459E+06
-0.12824523454209E+06
-0.12995160931513E+06
-0.13166750408587E+06
-0.13341791391615E+06
-0.13517286080568E+06
-0.13694630567075E+06
-0.13874306955221E+06
-0.14054927958876E+06
-0.14234484460987E+06
-0.14418574190468E+06
-0.14604282138651E+06
-0.14792109765897E+06
-0.14981597504753E+06
-0.15174051757261E+06
-0.15369839707528E+06
-0.15561583957893E+06
-0.15757013650654E+06
-0.15953381778614E+06
-0.16152185632312E+06
-0.16352726398834E+06
-0.16554094043879E+06
-0.16757733191630E+06
-0.16963022296310E+06
-0.17169606908576E+06
-0.17378908877612E+06
-0.17589204107045E+06
-0.17801139080435E+06
-0.18014723817830E+06
-0.18229646738930E+06
-0.18447439151500E+06
-0.18664940133418E+06
-0.18884478661417E+06
-0.19105384432686E+06
-0.19330666444079E+06
-0.19549659246639E+06
-0.19777824126945E+06
-0.20006644777476E+06
-0.20241473171142E+06
-0.20476491364890E+06
-0.20705924233231E+06
-0.20939160347934E+06
-0.21174830567629E+06
-0.21412135187887E+06
-0.21651010218281E+06
-0.21891268316621E+06
-0.22133032378665E+06
-0.22376302647395E+06
-0.22621085624534E+06
-0.22865985895545E+06
-0.23113367910734E+06
-0.23362292671629E+06
-0.23612559350837E+06
-0.23864214437432E+06
-0.24117291257309E+06
-0.24371856894391E+06
-0.24627312261109E+06
-0.24883843198472E+06
-0.25143582653167E+06
-0.25397103561705E+06
-0.25659434029705E+06
-0.25929300923158E+06
-0.26196266450722E+06
-0.26450471523824E+06
-0.26717399030588E+06
-0.26989517033512E+06
-0.27263335588353E+06
-0.27530751671426E+06
-0.27799376330790E+06
-0.28070912398479E+06
-0.28342102171358E+06
-0.28615679909109E+06
-0.28890321003764E+06
-0.29166024908837E+06
-0.29442796377832E+06
-0.29720683586063E+06
-0.29997283223756E+06
-0.30278702315207E+06
-0.30559239182921E+06
-0.30840720311726E+06
-0.31120784555424E+06
-0.31403606366773E+06
-0.31687263554410E+06
-0.31971688153078E+06
-0.32256864473311E+06
-0.32542779175494E+06
-0.32829473481141E+06
-0.33116870385330E+06
-0.33404041482763E+06
-0.33693601697593E+06
-0.33983113068613E+06
-0.34272895262414E+06
-0.34562613212829E+06
-0.34853146030417E+06
-0.35146616948503E+06
-0.35436831103664E+06
-0.35731506034127E+06
-0.36010930164152E+06
-0.36308299410578E+06
-0.36602853175673E+06
-0.36899184821012E+06
-0.37195778474906E+06
-0.37496648686331E+06
-0.37803669365896E+06
-0.38095136444614E+06
-0.38388128311317E+06
-0.38681994372162E+06
-0.38978233502470E+06
-0.39274771858081E+06
-0.39571627734793E+06
-0.39868845403503E+06
-0.40166518750776E+06
-0.40460702427164E+06
-0.40757938183259E+06
-0.41055322054750E+06
-0.41352923234430E+06
-0.41650231845297E+06
-0.41947968556428E+06
-0.42244277864560E+06
-0.42545440794534E+06
-0.42830954429799E+06
-0.43129793682480E+06
-0.43431907016036E+06
-0.43742260442913E+06
-0.44049802129780E+06
-0.44342017377800E+06
-0.44637118990882E+06
-0.44934874173117E+06
-0.45232718391137E+06
-0.45531498997331E+06
-0.45825878814828E+06
-0.46123331216644E+06
-0.46420890732954E+06
-0.46719485310988E+06
-0.47017021662964E+06
-0.47314523810836E+06
-0.47612076545585E+06
-0.47908514339552E+06
-0.48206397922547E+06
-0.48502651184891E+06
-0.48799054592870E+06
-0.49100521216899E+06
-0.49390165003759E+06
-0.49680297919779E+06
-0.49979894855609E+06
-0.50281454055567E+06
-0.50605162909281E+06
-0.50896304141280E+06
-0.51185158984181E+06
-0.51481558259974E+06
-0.51778288988836E+06
-0.52075629726652E+06
-0.52372153242325E+06
-0.52668991853098E+06
-0.52966011912802E+06
-0.53263320235395E+06
-0.53555602308928E+06
-0.53851758875351E+06
-0.54148589362120E+06
-0.54445316587491E+06
-0.54742182332656E+06
-0.55037376818001E+06
-0.55335153553094E+06
-0.55631303645021E+06
-0.55935771207555E+06
-0.56226344475917E+06
-0.56509169340506E+06
-0.56813769907295E+06
-0.57126494314147E+06
-0.57439005955271E+06
-0.57711718520708E+06
-0.58021786192671E+06
-0.58344162011436E+06
-0.58635275307111E+06
-0.58929396813132E+06
-0.59224814518621E+06
-0.59524493465901E+06
-0.59824728907901E+06
-0.60125516358447E+06
-0.60426890781576E+06
-0.60729000262969E+06
-0.61026052886605E+06
-0.61327952002797E+06
-0.61630230265959E+06
-0.61933089647434E+06
-0.62233829769753E+06
-0.62538745952587E+06
-0.62842746970085E+06
-0.63153965067997E+06
-0.63455106190481E+06
-0.63761105571292E+06
-0.64067839719767E+06
-0.64382185341925E+06
-0.64675551132596E+06
-0.64976797463180E+06
-0.65288027665089E+06
-0.65603769051297E+06
-0.65919493438917E+06
-0.66245136901417E+06
-0.66582251724939E+06
-0.66890619677294E+06
-0.67198132877504E+06
-0.67507497034086E+06
-0.67822811250700E+06
-0.68139558734600E+06
-0.68457780718444E+06
-0.68770331729271E+06
-0.69088832171637E+06
-0.69408460183892E+06
-0.69729282728608E+06
-0.70053049646379E+06
-0.70375950381016E+06
-0.70699896518304E+06
-0.71024934984479E+06
-0.71350582859011E+06
-0.71674995636083E+06
-0.72004183599233E+06
-0.72333230758018E+06
-0.72663080772248E+06
-0.73004783694797E+06
-0.73321440175844E+06
-0.73638746093355E+06
-0.73978905300175E+06
-0.74323576506423E+06
-0.74679934812243E+06
-0.75041576552775E+06
-0.75373119353355E+06
-0.75706963197327E+06
-0.76048255664893E+06
-0.76391422569962E+06
-0.76736718867131E+06
-0.77075704828211E+06
-0.77421655012711E+06
-0.77780031231641E+06
-0.78121754814617E+06
-0.78472245477736E+06
-0.78824128846561E+06
-0.79177473164629E+06
-0.79532272553126E+06
-0.79888240517228E+06
-0.80241461103974E+06
-0.80601727913721E+06
-0.80962405568590E+06
-0.81324128284759E+06
-0.81686979891665E+06
-0.82050164344173E+06
-0.82389822722958E+06
-0.82768247446689E+06
-0.83146378603891E+06
-0.83576135698746E+06
-0.83936440246120E+06
-0.84293025821277E+06
-0.84666576704247E+06
-0.85042214719874E+06
-0.85420325095737E+06
-0.85801414401587E+06
-0.86181111583294E+06
-0.86564126342677E+06
-0.86949222856238E+06
-0.87325257467122E+06
-0.87711319375381E+06
-0.88098946463292E+06
-0.88488301832350E+06
-0.88879136963459E+06
-0.89271450323530E+06
-0.89661174269749E+06
-0.90058252834737E+06
-0.90456323970913E+06
-0.90854717274751E+06
-0.91258624459862E+06
-0.91620750325030E+06
-0.92040785454208E+06
-0.92495515190947E+06
-0.92934328731218E+06
-0.93327702239407E+06
-0.93718009833271E+06
-0.94128212790909E+06
-0.94540797690770E+06
-0.94956285293650E+06
-0.95373151495552E+06
-0.95791292171486E+06
-0.96211384428329E+06
-0.96634322533138E+06
-0.97046557800156E+06
-0.97470036047721E+06
-0.97895165470216E+06
-0.98321973783519E+06
-0.98750413709237E+06
-0.99180423985225E+06
-0.99607878290693E+06
-0.10004296754222E+07
-0.10047905663586E+07
-0.10093585507287E+07
-0.10133673900779E+07
-0.10176651885661E+07
-0.10222411777271E+07
-0.10274650896202E+07
-0.10317846089746E+07
-0.10360286623394E+07
-0.10404952882425E+07
-0.10449875352953E+07
-0.10495101728975E+07
-0.10539430187568E+07
-0.10586029006546E+07
-0.10631778828315E+07
-0.10677796873166E+07
-0.10722511273732E+07
-0.10768544191802E+07
-0.10814743107108E+07
-0.10861104868020E+07
-0.10907641354295E+07
-0.10954333686607E+07
-0.11000796166144E+07
-0.11048010704504E+07
-0.11095312211067E+07
-0.11142484094552E+07
-0.11186075014981E+07
-0.11235848644566E+07
-0.11288156178299E+07
-0.11340106770716E+07
-0.11386882990102E+07
-0.11433986181666E+07
-0.11482410361741E+07
-0.11531137080878E+07
-0.11580287695500E+07
-0.11627782062537E+07
-0.11678575989159E+07
-0.11726695897957E+07
-0.11776092875512E+07
-0.11825653844795E+07
-0.11875378494830E+07
-0.11925269461871E+07
-0.11975329824577E+07
-0.12025010394321E+07
-0.12075646942700E+07
-0.12126365367698E+07
-0.12178674611774E+07
-0.12221498648977E+07
-0.12276055895764E+07
-0.12334733020422E+07
-0.12391305187684E+07
-0.12440356147288E+07
-0.12489137491643E+07
-0.12540841737876E+07
-0.12592918962217E+07
-0.12645383888909E+07
-0.12696190804863E+07
-0.12748482280668E+07
-0.12800946293384E+07
-0.12852867866167E+07
-0.12907047751400E+07
-0.12960117088187E+07
-0.13012684196657E+07
-0.13066379495201E+07
-0.13120139574153E+07
-0.13176063170416E+07
-0.13225241826032E+07
-0.13277789012510E+07
-0.13334198736857E+07
-0.13393372895782E+07
-0.13453175798048E+07
-0.13507832453789E+07
-0.13559381328303E+07
-0.13614289917463E+07
-0.13669541024365E+07
-0.13725209976230E+07
-0.13780585661634E+07
-0.13835559622710E+07
-0.13892348164219E+07
-0.13947449606525E+07
-0.14003783650947E+07
-0.14060292107879E+07
-0.14116962874928E+07
-0.14173772054825E+07
-0.14230722423757E+07
-0.14287736077284E+07
-0.14340875620071E+07
-0.14393133675157E+07
-0.14452742468729E+07
-0.14511808696623E+07
-0.14578153476723E+07
-0.14641073427902E+07
-0.14696375564143E+07
-0.14754351696042E+07
-0.14808805440064E+07
-0.14867115286957E+07
-0.14925655502096E+07
-0.14985386235953E+07
-0.15044371945848E+07
-0.15103309851986E+07
-0.15162417463511E+07
-0.15221670618139E+07
-0.15281095310446E+07
-0.15341309890855E+07
-0.15401111188539E+07
-0.15461074037782E+07
-0.15520160388756E+07
-0.15580734360448E+07
-0.15641428989622E+07
-0.15702246944971E+07
-0.15763192323361E+07
-0.15824245341068E+07
-0.15885341049591E+07
-0.15945596579586E+07
-0.16002596835200E+07
-0.16061362268555E+07
-0.16125349441419E+07
-0.16189330517603E+07
-0.16255347856589E+07
-0.16323661262719E+07
-0.16385633549054E+07
-0.16452066197587E+07
-0.16511532756276E+07
-0.16574102183457E+07
-0.16636889057568E+07
-0.16697417343806E+07
-0.16760499561281E+07
-0.16823692522232E+07
-0.16887015495519E+07
-0.16950484401345E+07
-0.17014123746288E+07
-0.17077918345246E+07
-0.17141858180189E+07
-0.17205947573125E+07
-0.17270186157414E+07
-0.17334572781512E+07
-0.17399110963584E+07
-0.17463787547437E+07
-0.17528540077721E+07
-0.17593953831116E+07
-0.17659348567011E+07
-0.17724761899720E+07
-0.17790500925696E+07
-0.17856399689533E+07
-0.17922294876677E+07
-0.17988346997671E+07
-0.18054330637529E+07
-0.18120012205674E+07
-0.18182779534560E+07
-0.18244513987730E+07
-0.18313946507101E+07
-0.18382651532067E+07
-0.18451752394851E+07
-0.18525886420672E+07
-0.18602341867602E+07
-0.18666223590929E+07
-0.18733598687686E+07
-0.18801215066701E+07
-0.18866336630064E+07
-0.18934132030103E+07
-0.19002016417455E+07
-0.19070060398408E+07
-0.19138258781892E+07
-0.19206607899888E+07
-0.19276551012751E+07
-0.19345361543464E+07
-0.19414316322989E+07
-0.19483412682331E+07
-0.19552653773801E+07
-0.19622040736219E+07
-0.19691566707604E+07
-0.19761233221915E+07
-0.19831045128779E+07
-0.19900995401126E+07
-0.19971077888612E+07
-0.20041290932822E+07
-0.20111631494241E+07
-0.20182103701731E+07
-0.20252702873302E+07
-0.20323288512208E+07
-0.20394004340700E+07
-0.20465231190042E+07
-0.20535939424180E+07
-0.20606301080717E+07
-0.20668983503097E+07
-0.20744939824275E+07
-0.20819450476499E+07
-0.20895323917289E+07
-0.20971551184771E+07
-0.21034734906738E+07
-0.21108655895776E+07
-0.21183131460333E+07
-0.21268630783529E+07
-0.21337084764363E+07
-0.21421823624387E+07
-0.21490863636546E+07
-0.21563945747954E+07
-0.21637240354077E+07
-0.21710721734337E+07
-0.21781273791273E+07
-0.21854917833622E+07
-0.21928709265372E+07
-0.22002644789347E+07
-0.22076721818157E+07
-0.22150938890757E+07
-0.22225293872957E+07
-0.22299785230732E+07
-0.22374410937604E+07
-0.22449170119024E+07
-0.22524067740452E+07
-0.22599029883369E+07
-0.22674112001577E+07
-0.22749312752349E+07
-0.22824629218454E+07
-0.22900058903611E+07
-0.22977605527470E+07
-0.23053538434043E+07
-0.23129596794759E+07
-0.23205779751368E+07
-0.23282086494134E+07
-0.23358516260094E+07
-0.23435068495135E+07
-0.23511577669582E+07
-0.23588205779054E+07
-0.23664980765167E+07
-0.23741917814467E+07
-0.23818687821716E+07
-0.23894939455003E+07
-0.23965983155736E+07
-0.24041244278389E+07
-0.24116661062385E+07
-0.24198603129735E+07
-0.24279453525607E+07
-0.24359913083192E+07
-0.24440290163716E+07
-0.24522264067047E+07
-0.24608975512434E+07
-0.24701075324715E+07
-0.24775071403116E+07
-0.24853735109289E+07
-0.24932657825927E+07
-0.25003519713911E+07
-0.25098662515876E+07
-0.25173120223230E+07
-0.25252651784006E+07
-0.25332369554733E+07
-0.25412259549035E+07
-0.25492308257785E+07
-0.25568866021510E+07
-0.25649054650916E+07
-0.25729377438440E+07
-0.25809832094629E+07
-0.25890416716742E+07
-0.25971129984550E+07
-0.26051969845283E+07
-0.26132935401579E+07
-0.26214025512657E+07
-0.26295239234443E+07
-0.26376583790134E+07
-0.26458054064450E+07
-0.26539642494507E+07
-0.26621347721795E+07
-0.26703168407849E+07
-0.26785103251195E+07
-0.26867150942180E+07
-0.26949310167714E+07
-0.27031579685434E+07
-0.27113937418543E+07
-0.27198980274988E+07
-0.27281847120153E+07
-0.27364759337639E+07
-0.27447785604108E+07
-0.27530926317129E+07
-0.27614180747160E+07
-0.27697548004024E+07
-0.27781026776505E+07
-0.27864613905348E+07
-0.27948292174219E+07
-0.28031884669966E+07
-0.28115757350240E+07
-0.28199631603343E+07
-0.28279521611683E+07
-0.28363520692600E+07
-0.28447663856590E+07
-0.28531959231214E+07
-0.28616294265131E+07
-0.28700058819670E+07
-0.28783931979465E+07
-0.28867910350242E+07
-0.28951989758446E+07
-0.29036543466702E+07
-0.29121239052096E+07
-0.29206317816047E+07
-0.29291123249067E+07
-0.29378266511638E+07
-0.29465640760192E+07
-0.29553000893820E+07
-0.29640632073688E+07
-0.29728461201860E+07
-0.29816443376352E+07
-0.29904619021283E+07
-0.29992977895617E+07
-0.30081986446969E+07
-0.30187153500934E+07
-0.30270824450837E+07
-0.30353650743921E+07
-0.30438232058115E+07
-0.30548261438684E+07
-0.30628442572995E+07
-0.30715824051114E+07
-0.30803518790924E+07
-0.30891411834623E+07
-0.30979420576067E+07
-0.31067544305036E+07
-0.31155782273649E+07
-0.31244120388605E+07
-0.31332512100530E+07
-0.31421020095245E+07
-0.31509641640781E+07
-0.31593668071688E+07
-0.31682405654954E+07
-0.31771252483190E+07
-0.31860207831159E+07
-0.31949276619027E+07
-0.32038455735290E+07
-0.32127667316801E+07
-0.32216971886942E+07
-0.32306382554510E+07
-0.32395898246750E+07
-0.32485517975019E+07
-0.32575240764529E+07
-0.32665065693843E+07
-0.32754991828965E+07
-0.32845018291305E+07
-0.32935144206835E+07
-0.33025368720937E+07
-0.33115690954256E+07
-0.33206110062224E+07
-0.33295531225472E+07
-0.33386009080820E+07
-0.33476583532616E+07
-0.33567254597835E+07
-0.33658022354089E+07
-0.33748886899685E+07
-0.33839848436461E+07
-0.33930907297115E+07
-0.34021958819158E+07
-0.34112948976666E+07
-0.34204046837908E+07
-0.34295254242719E+07
-0.34386573699385E+07
-0.34478008057572E+07
-0.34569560955441E+07
-0.34661236757164E+07
-0.34753041254540E+07
-0.34844828348654E+07
-0.34936090151707E+07
-0.35027451581999E+07
-0.35118910869806E+07
-0.35210466003142E+07
-0.35302115022092E+07
-0.35393855877569E+07
-0.35485576978180E+07
-0.35577404101664E+07
-0.35669355262086E+07
-0.35763418463608E+07
-0.35860245603735E+07
-0.35957333054890E+07
-0.36054342937939E+07
-0.36151906106178E+07
-0.36269405047052E+07
-0.36358476626774E+07
-0.36446392362209E+07
-0.36566681921731E+07
-0.36651850592755E+07
-0.36745651633017E+07
-0.36839647304340E+07
-0.36933808615689E+07
-0.37028107338392E+07
-0.37117830989945E+07
-0.37212006275797E+07
-0.37306269909644E+07
-0.37400618616915E+07
-0.37494478049869E+07
-0.37588985663524E+07
-0.37683571589231E+07
-0.37778234932491E+07
-0.37872975043129E+07
-0.37967791605797E+07
-0.38062684518328E+07
-0.38157653923416E+07
-0.38258215378976E+07
-0.38353777356504E+07
-0.38449418567355E+07
-0.38545138590056E+07
-0.38640937065507E+07
-0.38736813610404E+07
-0.38832767889097E+07
-0.38928799574166E+07
-0.39024908389999E+07
-0.39121094059847E+07
-0.39217356369111E+07
-0.39313695106903E+07
-0.39410110105326E+07
-0.39506601225299E+07
-0.39603168369517E+07
-0.39699811459361E+07
-0.39796329533230E+07
-0.39892857078282E+07
-0.39989465050626E+07
-0.40086154129774E+07
-0.40182925159851E+07
-0.40279779067994E+07
-0.40376716978251E+07
-0.40473740293442E+07
-0.40570850634996E+07
-0.40668049925282E+07
-0.40765340523708E+07
-0.40862725253939E+07
-0.40960207586059E+07
-0.41057222287285E+07
-0.41154208410190E+07
-0.41251252993368E+07
-0.41348288179514E+07
-0.41445246882995E+07
-0.41542120567620E+07
-0.41639083278529E+07
-0.41736139169565E+07
-0.41833295651348E+07
-0.41930565868078E+07
-0.42027974813354E+07
-0.42125565973559E+07
-0.42227683386893E+07
-0.42331343107810E+07
-0.42435452786676E+07
-0.42540412585670E+07
-0.42664155783108E+07
-0.42757103926640E+07
-0.42850307789201E+07
-0.42985898209996E+07
-0.43072624876646E+07
-0.43171502372403E+07
-0.43270575080744E+07
-0.43369736125771E+07
-0.43463285501520E+07
-0.43562308128011E+07
-0.43661403843771E+07
-0.43760567606290E+07
-0.43859795436108E+07
-0.43959084249243E+07
-0.44058431889645E+07
-0.44157836690214E+07
-0.44257297453140E+07
-0.44356813612011E+07
-0.44456384752433E+07
-0.44556011052552E+07
-0.44655692952493E+07
-0.44755300557419E+07
-0.44854553483180E+07
-0.44961563434727E+07
-0.45061950670737E+07
-0.45162379075598E+07
-0.45262747953375E+07
-0.45363347597657E+07
-0.45464054863080E+07
-0.45564737042321E+07
-0.45665149785441E+07
-0.45765592161775E+07
-0.45866034168740E+07
-0.45966534256533E+07
-0.46067093533402E+07
-0.46167713147497E+07
-0.46268394347775E+07
-0.46369138477867E+07
-0.46469947187113E+07
-0.46570822282211E+07
-0.46671765952034E+07
-0.46772780750475E+07
-0.46873869730801E+07
-0.46975036565461E+07
-0.47075616790559E+07
-0.47176181364756E+07
-0.47276811248860E+07
-0.47377506619904E+07
-0.47478268034795E+07
-0.47579096514735E+07
-0.47679993681982E+07
-0.47780962164597E+07
-0.47882005780699E+07
-0.47983130273621E+07
-0.48084299611409E+07
-0.48185346069041E+07
-0.48286562733422E+07
-0.48388899347429E+07
-0.48494181151799E+07
-0.48602439053039E+07
-0.48711368556046E+07
-0.48845695647271E+07
-0.48946714600966E+07
-0.49042045880384E+07
-0.49184516445015E+07
-0.49273643398995E+07
-0.49375563744727E+07
-0.49477719093867E+07
-0.49580052030669E+07
-0.49682510886345E+07
-0.49778367794244E+07
-0.49880550464515E+07
-0.49982790056222E+07
-0.50085081065096E+07
-0.50187419492864E+07
-0.50289802616383E+07
-0.50392228735328E+07
-0.50494697031519E+07
-0.50597207597957E+07
-0.50699761126445E+07
-0.50802129001808E+07
-0.50904140417044E+07
-0.51014581101020E+07
-0.51117799698677E+07
-0.51221054772283E+07
-0.51324346222788E+07
-0.51427673927882E+07
-0.51531037962158E+07
-0.51634069836501E+07
-0.51737112004386E+07
-0.51840196543754E+07
-0.51943324988992E+07
-0.52046498714158E+07
-0.52149719643478E+07
-0.52252989584826E+07
-0.52356310691740E+07
-0.52459685221788E+07
-0.52563115877807E+07
-0.52666605639908E+07
-0.52770165632226E+07
-0.52873795283181E+07
-0.52977495633594E+07
-0.53081271505193E+07
-0.53184585453673E+07
-0.53287677297441E+07
-0.53390622291815E+07
-0.53493614872801E+07
-0.53596654486037E+07
-0.53699741535179E+07
-0.53802876540999E+07
-0.53906060444327E+07
-0.54009294918266E+07
-0.54112582061542E+07
-0.54215833731650E+07
-0.54318874269066E+07
-0.54422170409326E+07
-0.54527975822047E+07
-0.54632994915048E+07
-0.54741260002868E+07
-0.54876977471931E+07
-0.54985955129557E+07
-0.55066432113603E+07
-0.55165865130671E+07
-0.55345687946261E+07
-0.55453986628521E+07
-0.55539521798317E+07
-0.55643428607471E+07
-0.55747569736901E+07
-0.55851888870552E+07
-0.55948673531613E+07
-0.56052641158167E+07
-0.56156655535581E+07
-0.56260708915071E+07
-0.56364795648478E+07
-0.56468912367204E+07
-0.56573056251119E+07
-0.56677225872930E+07
-0.56781148910463E+07
-0.56884612079245E+07
-0.56998704339919E+07
-0.57103557333796E+07
-0.57208429961294E+07
-0.57313321566157E+07
-0.57418231733504E+07
-0.57523160197762E+07
-0.57627820649013E+07
-0.57732304435545E+07
-0.57836809723577E+07
-0.57941338110456E+07
-0.58045891156616E+07
-0.58150470553661E+07
-0.58255078181315E+07
-0.58359715989480E+07
-0.58464386112682E+07
-0.58569090896941E+07
-0.58673832843218E+07
-0.58778614780250E+07
-0.58883439880672E+07
-0.58988311687008E+07
-0.59093234137056E+07
-0.59198211753942E+07
-0.59302754299233E+07
-0.59407143800937E+07
-0.59511643535933E+07
-0.59616280234604E+07
-0.59721043175542E+07
-0.59825959192089E+07
-0.59931069497217E+07
-0.60036441324057E+07
-0.60142180002815E+07
-0.60247118461246E+07
-0.60351441209768E+07
-0.60455884346466E+07
-0.60561730417985E+07
-0.60668730329550E+07
-0.60775024688832E+07
-0.60901980250301E+07
-0.61012766726875E+07
-0.61121553605394E+07
-0.61229777176828E+07
-0.61302536609921E+07
-0.61491610188992E+07
-0.61581601675232E+07
-0.61665951971991E+07
-0.61770668905314E+07
-0.61875794473156E+07
-0.62000474673706E+07
-0.62105236892416E+07
-0.62210049960910E+07
-0.62314830241355E+07
-0.62419635624275E+07
-0.62524464627434E+07
-0.62629312026747E+07
-0.62744509287399E+07
-0.62850080906419E+07
-0.62955651973739E+07
-0.63061203454465E+07
-0.63166764257012E+07
-0.63272329642485E+07
-0.63377883897523E+07
-0.63483291939959E+07
-0.63588931442524E+07
-0.63694309113622E+07
-0.63799359220274E+07
-0.63904408524450E+07
-0.64009460267103E+07
-0.64114518853963E+07
-0.64219586934635E+07
-0.64324666721292E+07
-0.64429760724705E+07
-0.64534871036900E+07
-0.64640000217190E+07
-0.64745150812275E+07
-0.64850325447716E+07
-0.64955527120629E+07
-0.65060759151147E+07
-0.65166025072156E+07
-0.65271328846631E+07
-0.65376675005546E+07
-0.65481376674277E+07
-0.65585999209867E+07
-0.65690691305477E+07
-0.65795457638222E+07
-0.65900272986887E+07
-0.66004917112141E+07
-0.66109752791478E+07
-0.66214773547587E+07
-0.66328179618442E+07
-0.66463964543860E+07
-0.66571134065388E+07
-0.66687128622249E+07
-0.66792686569348E+07
-0.66899844083456E+07
-0.67007021180729E+07
-0.67108981320604E+07
-0.67225000090540E+07
-0.67339281410438E+07
-0.67376791484960E+07
-0.67474417240009E+07
-0.67686866798500E+07
-0.67800404418868E+07
-0.67849237698426E+07
-0.67954000289249E+07
-0.68089186805576E+07
-0.68193880852572E+07
-0.68298646401964E+07
-0.68403458060835E+07
-0.68489620469528E+07
-0.68595119275648E+07
-0.68732182862685E+07
-0.68837636023061E+07
-0.68943120223137E+07
-0.69048626930144E+07
-0.69154148631588E+07
-0.69259678823956E+07
-0.69365212148975E+07
-0.69470743392003E+07
-0.69576432603474E+07
-0.69682152837873E+07
-0.69787376496720E+07
-0.69892422128234E+07
-0.69997463815883E+07
-0.70102523592167E+07
-0.70207578602652E+07
-0.70312630511480E+07
-0.70417681194563E+07
-0.70522732479506E+07
-0.70627786042338E+07
-0.70732843177674E+07
-0.70837902046422E+07
-0.70942926435629E+07
-0.71048050097568E+07
-0.71153168619705E+07
-0.71271114197655E+07
-0.71376481756513E+07
-0.71481880274468E+07
-0.71587274657615E+07
-0.71691672438788E+07
-0.71829080422170E+07
-0.71935496729924E+07
-0.72042058282867E+07
-0.72148753678865E+07
-0.72255525639509E+07
-0.72364141730366E+07
-0.72471172554654E+07
-0.72578031342977E+07
-0.72684987347773E+07
-0.72792087624817E+07
-0.72899318623852E+07
-0.73006659952218E+07
-0.73114087713852E+07
-0.73219351683727E+07
-0.73331729893482E+07
-0.73439645017516E+07
-0.73547172402606E+07
-0.73663219786020E+07
-0.73771138299827E+07
-0.73860532218142E+07
-0.73937004500434E+07
-0.74040716410659E+07
-0.74191811009355E+07
-0.74304268328325E+07
-0.74411579101191E+07
-0.74519668859534E+07
-0.74606405230415E+07
-0.74718240483070E+07
-0.74791249544028E+07
-0.74895957166804E+07
-0.75000793793310E+07
-0.75105736223873E+07
-0.75210764512049E+07
-0.75315862957844E+07
-0.75421016922944E+07
-0.75526215409299E+07
-0.75631387055356E+07
-0.75736173693610E+07
-0.75858137384125E+07
-0.75963054407291E+07
-0.76067967097781E+07
-0.76172875591708E+07
-0.76277780215549E+07
-0.76382681703056E+07
-0.76487548073027E+07
-0.76592399086276E+07
-0.76697267220641E+07
-0.76802154844748E+07
-0.76907064051001E+07
-0.77033812240891E+07
-0.77139735909481E+07
-0.77245730048007E+07
-0.77351774919363E+07
-0.77457848622428E+07
-0.77564034395601E+07
-0.77670334624650E+07
-0.77776853912160E+07
-0.77883608805315E+07
-0.77990562308506E+07
-0.78138649827362E+07
-0.78244980899403E+07
-0.78351478822300E+07
-0.78458138745014E+07
-0.78564955076226E+07
-0.78671920477911E+07
-0.78779025970154E+07
-0.78886310248938E+07
-0.78997487743446E+07
-0.79103236553394E+07
-0.79195588711893E+07
-0.79307153757088E+07
-0.79417989215547E+07
-0.79530022811195E+07
-0.79644152773393E+07
-0.79752326598835E+07
-0.79835802168381E+07
-0.79944885996306E+07
-0.80054057811476E+07
-0.80163407950811E+07
-0.80273293626159E+07
-0.80384163551445E+07
-0.80495539347269E+07
-0.80603772043634E+07
-0.80732150452675E+07
-0.80842287135788E+07
-0.80947981294175E+07
-0.81056626339163E+07
-0.81114732188702E+07
-0.81221386429412E+07
-0.81315071916634E+07
-0.81416029412706E+07
-0.81519776717158E+07
-0.81623558766769E+07
-0.81727373612213E+07
-0.81831209465748E+07
-0.81935058535022E+07
-0.82038914395974E+07
-0.82154910812043E+07
-0.82260191956325E+07
-0.82365556659661E+07
-0.82470995560899E+07
-0.82576500813878E+07
-0.82682065568550E+07
-0.82786861546332E+07
-0.82891444178127E+07
-0.82996169699959E+07
-0.83100777179124E+07
-0.83205481456679E+07
-0.83310308039182E+07
-0.83415259423736E+07
-0.83520339362525E+07
-0.83625550054319E+07
-0.83730894940825E+07
-0.83836377279401E+07
-0.83942229405852E+07
-0.84048320318641E+07
-0.84154644162820E+07
-0.84261198486412E+07
-0.84367983301236E+07
-0.84475000109822E+07
-0.84582252546196E+07
-0.84689746335809E+07
-0.84797490063372E+07
-0.84949694738790E+07
-0.85056440949860E+07
-0.85132903797539E+07
-0.85242767293151E+07
-0.85353336212394E+07
-0.85431763235539E+07
-0.85538850263798E+07
-0.85646044857831E+07
-0.85796742761737E+07
-0.85871805513755E+07
-0.85979809973014E+07
-0.86088191836563E+07
-0.86196927622652E+07
-0.86305818346490E+07
-0.86414899356394E+07
-0.86524231154535E+07
-0.86632836580920E+07
-0.86745600197399E+07
-0.86855640086959E+07
-0.86964842914964E+07
-0.87072940131670E+07
-0.87202298079468E+07
-0.87247329344012E+07
-0.87357155897072E+07
-0.87465650468225E+07
-0.87572867024181E+07
-0.87690274471578E+07
-0.87762615407218E+07
-0.87869291877372E+07
-0.87974615299970E+07
-0.88078140630485E+07
-0.88181893155531E+07
-0.88285843775885E+07
-0.88389965530975E+07
-0.88494234737452E+07
-0.88598619072623E+07
-0.88702930188743E+07
-0.88807429191592E+07
-0.88911592316119E+07
-0.89014856920078E+07
-0.89118184211888E+07
-0.89221593068809E+07
-0.89325091217288E+07
-0.89428764267747E+07
-0.89532730021161E+07
-0.89636863062285E+07
-0.89741150509798E+07
-0.89845595599433E+07
-0.89950210093341E+07
-0.90055199767665E+07
-0.90160549474533E+07
-0.90266173591915E+07
-0.90372068030858E+07
-0.90478230789620E+07
-0.90584661285662E+07
-0.90691360915712E+07
-0.90798333974149E+07
-0.90900936764738E+07
-0.91007845650604E+07
-0.91115034444940E+07
-0.91211674953989E+07
-0.91317304974262E+07
-0.91423040112462E+07
-0.91528882191983E+07
-0.91634832764638E+07
-0.91740892586136E+07
-0.91847064244978E+07
-0.91953087084771E+07
-0.92058586899763E+07
-0.92121341868164E+07
-0.92231383867172E+07
-0.92341478323172E+07
-0.92451637572071E+07
-0.92562025298840E+07
-0.92672549653301E+07
-0.92783220322573E+07
-0.92934260364732E+07
-0.93043322693258E+07
-0.93146030585295E+07
-0.93259533844067E+07
-0.93372836580393E+07
-0.93484089415708E+07
-0.93594064810599E+07
-0.93703004809209E+07
-0.93762236792700E+07
-0.93864078626715E+07
-0.93973924402203E+07
-0.94083582392084E+07
-0.94191712171966E+07
-0.94298818736037E+07
-0.94414471853514E+07
-0.94517882978911E+07
-0.94582543657394E+07
-0.94689303320833E+07
-0.94791809091711E+07
-0.94894647707733E+07
-0.94997795142635E+07
-0.95101206339673E+07
-0.95204842605999E+07
-0.95307456177812E+07
-0.95409676352624E+07
-0.95512007114052E+07
-0.95614448857179E+07
-0.95717004690919E+07
-0.95819678301617E+07
-0.95922472705210E+07
-0.96025388880377E+07
-0.96128472119256E+07
-0.96231787919297E+07
-0.96335633379181E+07
-0.96439895882968E+07
-0.96544541016518E+07
-0.96649390431644E+07
-0.96753552180316E+07
-0.96857957553398E+07
-0.96961870617781E+07
-0.97065856925602E+07
-0.97170089282445E+07
-0.97274519818940E+07
-0.97378601427507E+07
-0.97482524798779E+07
-0.97586559006411E+07
-0.97690740046249E+07
-0.97795132522735E+07
-0.97899641557307E+07
-0.98004267389150E+07
-0.98109011109508E+07
-0.98213877717648E+07
-0.98258298605750E+07
-0.98368335718108E+07
-0.98478396734622E+07
-0.98588498882549E+07
-0.98698656681191E+07
-0.98808885017875E+07
-0.98919204522195E+07
-0.99029637996434E+07
-0.99140207033339E+07
-0.99250941638029E+07
-0.99361883275413E+07
-0.99473074690061E+07
-0.99584378296661E+07
-0.99693855000649E+07
-0.99804511136355E+07
-0.99967224199893E+07
-0.99967121026328E+07
-0.10007503052905E+08
-0.10018303743054E+08
-0.10029138307179E+08
-0.10039825999435E+08
-0.10050603415800E+08
-0.10060491992562E+08
-0.10078450881665E+08
-0.10088422279987E+08
-0.10098527161052E+08
-0.10108689384754E+08
-0.10115221702143E+08
-0.10125342863678E+08
-0.10135578381624E+08
-0.10145803980503E+08
-0.10155901077679E+08
-0.10166011729715E+08
-0.10176135254172E+08
-0.10186271446230E+08
-0.10196420285766E+08
-0.10206581786737E+08
-0.10216756142388E+08
-0.10226944082138E+08
-0.10237145932627E+08
-0.10247362292285E+08
-0.10258700665529E+08
-0.10268933247558E+08
-0.10279170396217E+08
-0.10289412218598E+08
-0.10299659046218E+08
-0.10309910390195E+08
-0.10320164764115E+08
-0.10330405500936E+08
-0.10340684462266E+08
-0.10350973335455E+08
-0.10361257454275E+08
-0.10371569261808E+08
-0.10381906276144E+08
-0.10392258256351E+08
-0.10402625235536E+08
-0.10413006567614E+08
-0.10423402589175E+08
-0.10433813231543E+08
-0.10444238235121E+08
-0.10446537508546E+08
-0.10457566813725E+08
-0.10468594753178E+08
-0.10479622639669E+08
-0.10490652210642E+08
-0.10501684566189E+08
-0.10512721625942E+08
-0.10523765093838E+08
-0.10534817044593E+08
-0.10545879227107E+08
-0.10556954327340E+08
-0.10568045260732E+08
-0.10579155247133E+08
-0.10590288120101E+08
-0.10601531438938E+08
-0.10612870053270E+08
-0.10624154627423E+08
-0.10628797016138E+08
-0.10639651804128E+08
-0.10650514552565E+08
-0.10661389320787E+08
-0.10672280323350E+08
-0.10683194837178E+08
-0.10693947014670E+08
-0.10704770430460E+08
-0.10722956443159E+08
-0.10732806817167E+08
-0.10742749062983E+08
-0.10752744167166E+08
-0.10762818204897E+08
-0.10772892794976E+08
-0.10776875998248E+08
-0.10786587044430E+08
-0.10796270079705E+08
-0.10806079777283E+08
-0.10816150015808E+08
-0.10835175044932E+08
-0.10845327929900E+08
-0.10849502029633E+08
-0.10859453570917E+08
-0.10869392454477E+08
-0.10879318705270E+08
-0.10889230867311E+08
-0.10899212547146E+08
-0.10909385447215E+08
-0.10919564403053E+08
-0.10929747837763E+08
-0.10939936839765E+08
-0.10950130757701E+08
-0.10960329928307E+08
-0.10970533611818E+08
-0.10980740107862E+08
-0.10990930714610E+08
-0.11001166952580E+08
-0.11011403540686E+08
-0.11021637057787E+08
-0.11031872317008E+08
-0.11042104740094E+08
-0.11052349135537E+08
-0.11065340137082E+08
-0.11075722035081E+08
-0.11075414357850E+08
-0.11086521092820E+08
-0.11097620661125E+08
-0.11108715473560E+08
-0.11119807127812E+08
-0.11130896463780E+08
-0.11141986084885E+08
-0.11153076991039E+08
-0.11164171716672E+08
-0.11175321936810E+08
-0.11186551362827E+08
-0.11197792225379E+08
-0.11209048364632E+08
-0.11220324564219E+08
-0.11231625210036E+08
-0.11242957021658E+08
-0.11254327913690E+08
-0.11265747273494E+08
-0.11270078528349E+08
-0.11280966873968E+08
-0.11291860802393E+08
-0.11302762452042E+08
-0.11313675177842E+08
-0.11324603540402E+08
-0.11335582233938E+08
-0.11346618068249E+08
-0.11357574539342E+08
-0.11366730633139E+08
-0.11385092820492E+08
-0.11394760940932E+08
-0.11404432606777E+08
-0.11414154385855E+08
-0.11419530414672E+08
-0.11430229462488E+08
-0.11440939743154E+08
-0.11458358483321E+08
-0.11468250558645E+08
-0.11478166099954E+08
-0.11488090064888E+08
-0.11498011810919E+08
-0.11507957707564E+08
-0.11517925380256E+08
-0.11527913054963E+08
-0.11537947359592E+08
-0.11548022509679E+08
-0.11558103555996E+08
-0.11568191162430E+08
-0.11575567109226E+08
-0.11585435378316E+08
-0.11595287817777E+08
-0.11605121838506E+08
-0.11614915401071E+08
-0.11624751795629E+08
-0.11634547763254E+08
-0.11644431288892E+08
-0.11654642930494E+08
-0.11664862271952E+08
-0.11675088728038E+08
-0.11685323272419E+08
-0.11695565369289E+08
-0.11705815485307E+08
-0.11716075864588E+08
-0.11726346395817E+08
-0.11722155640412E+08
-0.11733158151398E+08
-0.11747602748190E+08
-0.11758870975796E+08
-0.11770218539359E+08
-0.11781554771440E+08
-0.11792885501415E+08
-0.11804205467332E+08
-0.11815522693340E+08
-0.11826842326494E+08
-0.11838165531619E+08
-0.11849497341011E+08
-0.11860841480957E+08
-0.11872200757297E+08
-0.11883580110175E+08
-0.11894983868082E+08
-0.11906419057636E+08
-0.11917903147572E+08
-0.11922247550539E+08
-0.11933209956217E+08
-0.11944174431385E+08
-0.11955143170614E+08
-0.11966118355330E+08
-0.11977102950135E+08
-0.11988144847224E+08
-0.11999211339121E+08
-0.12006299354705E+08
-0.12017065560518E+08
-0.12027834391021E+08
-0.12038607806933E+08
-0.12049385826459E+08
-0.12060173789839E+08
-0.12070992473594E+08
-0.12081820647452E+08
-0.12092661735566E+08
-0.12103516813078E+08
-0.12111488241166E+08
-0.12122361087839E+08
-0.12133285512550E+08
-0.12144274288223E+08
-0.12161752146665E+08
-0.12172255175188E+08
-0.12187189755507E+08
-0.12197014382938E+08
-0.12206865173344E+08
-0.12216734626858E+08
-0.12226631586522E+08
-0.12236560833467E+08
-0.12246519938073E+08
-0.12256549745170E+08
-0.12266631092592E+08
-0.12276721632236E+08
-0.12286822041748E+08
-0.12296931008571E+08
-0.12307051161930E+08
-0.12313900680651E+08
-0.12323711930183E+08
-0.12333507351829E+08
-0.12343284610090E+08
-0.12353045566797E+08
-0.12362785115645E+08
-0.12372507884564E+08
-0.12382196592942E+08
-0.12374882740041E+08
-0.12385875498821E+08
-0.12397179044435E+08
-0.12408459937321E+08
-0.12419715368486E+08
-0.12430945971319E+08
-0.12442231921869E+08
-0.12453490048290E+08
-0.12464699259281E+08
-0.12475854781302E+08
-0.12486947056061E+08
-0.12502217133103E+08
-0.12513693001436E+08
-0.12525164685360E+08
-0.12536647031595E+08
-0.12548143508021E+08
-0.12559658144314E+08
-0.12571195059661E+08
-0.12579130901813E+08
-0.12590941967424E+08
-0.12598446418486E+08
-0.12609524494452E+08
-0.12621621561622E+08
-0.12632771410552E+08
-0.12643932704319E+08
-0.12655108970450E+08
-0.12662634931155E+08
-0.12673975598975E+08
-0.12685342062607E+08
-0.12692394500477E+08
-0.12703265563736E+08
-0.12714123579153E+08
-0.12725012015658E+08
-0.12735897947501E+08
-0.12742939873180E+08
-0.12753924196595E+08
-0.12764917488471E+08
-0.12775921103940E+08
-0.12786937463523E+08
-0.12797967339217E+08
-0.12809013343968E+08
-0.12820078521369E+08
-0.12831166580411E+08
-0.12842281092069E+08
-0.12853428456156E+08
-0.12864503919723E+08
-0.12875555192134E+08
-0.12893375694049E+08
-0.12904064307274E+08
-0.12914741676949E+08
-0.12925396516792E+08
-0.12941113652134E+08
-0.12950904163359E+08
-0.12960746065940E+08
-0.12970632504349E+08
-0.12980564636263E+08
-0.12990559365945E+08
-0.13000674484349E+08
-0.13010779465531E+08
-0.13020859690316E+08
-0.13030956473757E+08
-0.13041074583652E+08
-0.13047719052276E+08
-0.13057416777007E+08
-0.13067089905414E+08
-0.13076738855684E+08
-0.13086362353820E+08
-0.13095959077776E+08
-0.13086843179030E+08
-0.13098240957741E+08
-0.13109713148195E+08
-0.13121161505473E+08
-0.13132587337982E+08
-0.13143989875725E+08
-0.13155410885900E+08
-0.13166860087262E+08
-0.13178261717425E+08
-0.13189608465430E+08
-0.13200899444597E+08
-0.13212129721343E+08
-0.13223295698856E+08
-0.13234366875426E+08
-0.13240765064434E+08
-0.13251880684606E+08
-0.13262978298438E+08
-0.13274056229071E+08
-0.13285112425710E+08
-0.13296143727364E+08
-0.13307146570603E+08
-0.13318138045923E+08
 0.10998428023450E+04
 0.12002617193013E+05
 0.22774219079658E+05
 0.33333280268369E+05
 0.43757545553349E+05
 0.54094787809009E+05
 0.64274098601679E+05
 0.74164294062156E+05
 0.84082980633655E+05
 0.93737087481663E+05
 0.10316470404008E+06
 0.11213251689991E+06
 0.12176830376208E+06
 0.13075762229144E+06
 0.13963227312066E+06
 0.14825286042679E+06
 0.15652602830256E+06
 0.16498329640326E+06
 0.17291441631383E+06
 0.18075690929339E+06
 0.18850087322422E+06
 0.19567822211879E+06
 0.20299480290079E+06
 0.20976990326831E+06
 0.21643204516033E+06
 0.22259362011057E+06
 0.22893026591885E+06
 0.23471242991272E+06
 0.23997817866064E+06
 0.24517967393424E+06
 0.25020747264611E+06
 0.25443768247308E+06
 0.25853724778423E+06
 0.26212614547786E+06
 0.26532935051989E+06
 0.26846318006120E+06
 0.27097604158713E+06
 0.27274336604047E+06
 0.27414286967494E+06
 0.27511837317556E+06
 0.27557637313515E+06
 0.27576646596114E+06
 0.27511592886605E+06
 0.27373349690489E+06
 0.27190198733912E+06
 0.26937895895208E+06
 0.26617965747367E+06
 0.26209395973582E+06
 0.25722529292283E+06
 0.25161370610791E+06
 0.24461147516478E+06
 0.23475561171764E+06
 0.22855926768042E+06
 0.23258405035910E+06
 0.15628161024176E+06
 0.35521567744127E+06
 0.27812306057873E+06
 0.31269753430511E+06
 0.36045116388822E+05
 0.61246323943224E+05
-0.46696252637731E+04
-0.15352055610426E+05
-0.21866472761464E+06
-0.57872825905805E+06
-0.50561878994767E+06
 0.12322993110825E+07
-0.11161847514699E+07
-0.30230720633820E+07
-0.60000032708791E+06
-0.11773545456508E+07
-0.97009152005988E+06
-0.16908263666449E+07
-0.99770899650528E+06
-0.21155564439424E+07
-0.21135352052072E+07
-0.19823238602626E+07
-0.14170403443093E+07
-0.16622007969982E+07
-0.21303954673457E+07
-0.22965051819688E+07
-0.14755775582080E+07
-0.21694020821489E+07
-0.26804000492386E+07
-0.28051861595802E+07
-0.24758365801668E+07
-0.25048870282436E+07
-0.32852585150800E+07
-0.32261073444899E+07
-0.26360623886342E+07
-0.37707924529213E+07
-0.33336765949560E+07
-0.35509535630865E+07
-0.34089461536028E+07
-0.37487416739294E+07
-0.38784663914009E+07
-0.19985038652183E+07
-0.37105710068962E+07
-0.41191725961558E+07
-0.45758407587818E+07
-0.41471936919354E+07
-0.42960625910105E+07
-0.52406737709277E+07
-0.43240235808196E+07
-0.47329713597594E+07
-0.51690925217478E+07
-0.46970822770380E+07
-0.49553893008211E+07
-0.55223203005254E+07
-0.51898609234723E+07
-0.58595052704163E+07
-0.55172167363936E+07
-0.58998514621272E+07
-0.50611784845254E+07
-0.56261580555091E+07
-0.58184937242167E+07
-0.61876717971349E+07
-0.64286893761472E+07
-0.65988901951527E+07
-0.70517117982325E+07
-0.66571936420736E+07
-0.64955666016846E+07
-0.63440610225252E+07
-0.68271748266127E+07
-0.72566571778610E+07
-0.76336310989255E+07
-0.76416129515382E+07
-0.79237826284675E+07
-0.66480603824430E+07
-0.80286176695004E+07
-0.83742782001603E+07
-0.80640325382496E+07
-0.78577361253857E+07
-0.82942604614587E+07
-0.75389826256431E+07
-0.85997344334430E+07
-0.88884502643696E+07
-0.85200273215697E+07
-0.82601371869844E+07
-0.96167042904965E+07
-0.92877493072439E+07
-0.95797697076659E+07
-0.92867615814512E+07
-0.99452170944781E+07
-0.98505935767269E+07
-0.99752768183917E+07
-0.93991492239821E+07
-0.10085749883604E+08
-0.10492255510151E+08
-0.98659555762826E+07
-0.10703728816358E+08
-0.11007953560120E+08
-0.11178205547664E+08
-0.10037696474729E+08
-0.10259821667816E+08
-0.11601235438099E+08
-0.10345238120173E+08
-0.11222524450739E+08
-0.11883051681280E+08
-0.11871462364181E+08
-0.11629041204614E+08
-0.10903055079520E+08
-0.12331146357509E+08
-0.11860244754313E+08
-0.11599041672006E+08
-0.12571796515353E+08
-0.11559052492759E+08
-0.11975797416927E+08
-0.12878506177994E+08
-0.13108503256018E+08
-0.11941942508473E+08
-0.13123817784959E+08
-0.12867773484512E+08
-0.13330896967745E+08
-0.12212830148541E+08
-0.13619261986742E+08
-0.12933947376785E+08
-0.12289246596599E+08
-0.13654796290065E+08
