 0.55776059212937E+01
 0.55776059212937E+01
 0.55776059212937E+01
 0.55776059212937E+01
 0.55776059212937E+01
 0.55776059180835E+01
 0.55776059208689E+01
 0.55776059208065E+01
 0.55776059212937E+01
 0.55776059212937E+01
 0.55776059212937E+01
 0.55776059212937E+01
 0.55776059212937E+01
 0.55776059212937E+01
 0.55776059212937E+01
 0.55776059212937E+01
 0.55776059212937E+01
 0.55776059212937E+01
 0.55776059212937E+01
 0.55776059212937E+01
 0.55776059212937E+01
 0.55776059212937E+01
 0.55776059212937E+01
 0.55776059212937E+01
 0.55776059212937E+01
 0.55776059212937E+01
 0.55776059212937E+01
 0.55776059212937E+01
 0.55776059212937E+01
 0.55776059212937E+01
 0.55776059212937E+01
 0.55776059212937E+01
 0.55776059212937E+01
 0.55776059212937E+01
 0.55776059212937E+01
 0.55776059212937E+01
 0.55776059212937E+01
 0.55776059212937E+01
 0.55776059212937E+01
 0.55776059212937E+01
 0.55776059212937E+01
 0.55776059212937E+01
 0.55776059212937E+01
 0.55776059212937E+01
 0.55776059212937E+01
 0.55776059212937E+01
 0.55776059212937E+01
 0.55776059212937E+01
 0.55776059212937E+01
 0.55776059212937E+01
 0.55776059212937E+01
 0.55776059212937E+01
 0.55776059212937E+01
 0.55776059212937E+01
 0.55776059212937E+01
 0.55776059212937E+01
 0.55776059212937E+01
 0.55776059212937E+01
 0.55776059212937E+01
 0.55776059212937E+01
 0.55776059212937E+01
 0.55776059212937E+01
 0.55776059212937E+01
 0.55776059212937E+01
 0.55776059212937E+01
 0.55776059212937E+01
 0.55776059212937E+01
 0.55776059212937E+01
 0.55776059212937E+01
 0.55776059212937E+01
 0.55776059212937E+01
 0.55776059212937E+01
 0.55776059212937E+01
 0.55776059212937E+01
 0.55776059212937E+01
 0.55776059212937E+01
 0.55776059212937E+01
 0.55776059212937E+01
 0.55776059212937E+01
 0.55776059212937E+01
 0.55776059212937E+01
 0.55776059212937E+01
 0.55776059212937E+01
 0.55776059212937E+01
 0.55776059212937E+01
 0.55776059212937E+01
 0.55776059212937E+01
 0.55776059212937E+01
 0.55776059212937E+01
 0.55776059212937E+01
 0.55776059212937E+01
 0.55776059212937E+01
 0.55776059212937E+01
 0.55776059212937E+01
 0.55776059212937E+01
 0.55776059212937E+01
 0.55776059212937E+01
 0.55776059212937E+01
 0.55776059212937E+01
 0.55776059212937E+01
 0.55776059212937E+01
 0.55776059212937E+01
 0.55776059212937E+01
 0.55776059212937E+01
 0.55776059212937E+01
 0.55776059212937E+01
 0.55776059212937E+01
 0.55776059212937E+01
 0.55776059212937E+01
 0.55776059212937E+01
 0.55776059212937E+01
 0.55776059212937E+01
 0.55776059212937E+01
 0.55776059212937E+01
 0.55776059212937E+01
 0.55776059212937E+01
 0.55776059212937E+01
 0.55776059212937E+01
 0.55776059212937E+01
 0.55776059212937E+01
 0.55776059212937E+01
 0.55776059212937E+01
 0.55776059212937E+01
 0.55776059212937E+01
 0.55776059212937E+01
 0.55776059212937E+01
 0.55776059212937E+01
 0.55776059212937E+01
 0.55776059212937E+01
 0.55776059212937E+01
 0.55776059212937E+01
 0.55776059212937E+01
 0.55776059212937E+01
 0.55776059212937E+01
 0.55776059212937E+01
 0.55776059212937E+01
 0.55776059212937E+01
 0.55776059212937E+01
 0.55776059212937E+01
 0.55776059212937E+01
 0.55776059212937E+01
 0.55776059212937E+01
 0.55776059212937E+01
 0.55776059212937E+01
 0.55776059212937E+01
 0.55776059212937E+01
 0.55776059212937E+01
 0.55776059212937E+01
 0.55776059212937E+01
 0.55776059212937E+01
 0.55776059212937E+01
 0.55776059212937E+01
 0.55776059212937E+01
 0.55776059212937E+01
 0.55776059212937E+01
 0.55776059212937E+01
 0.55776059212937E+01
 0.55776059212937E+01
 0.55776059212937E+01
 0.55776059212937E+01
 0.55776059212937E+01
 0.55776059212937E+01
 0.55776059212937E+01
 0.55776059212937E+01
 0.55776059212937E+01
 0.55776059212937E+01
 0.55776059212937E+01
 0.55776059212937E+01
 0.55776059212937E+01
 0.55776059212937E+01
 0.55776059212937E+01
 0.55776059212937E+01
 0.55776059212937E+01
 0.55776059212937E+01
 0.55776059212937E+01
 0.55776059212937E+01
 0.55776059212937E+01
 0.55776059212937E+01
 0.55776059212937E+01
 0.55776059212937E+01
 0.55776059212937E+01
 0.55776059212937E+01
 0.55776059212937E+01
 0.55776059212937E+01
 0.55776059212937E+01
 0.55776059212937E+01
 0.55776059212937E+01
 0.55776059212937E+01
 0.55776059212937E+01
 0.55776059212937E+01
 0.55776059212937E+01
 0.55776059212937E+01
 0.55776059212937E+01
 0.55776059212937E+01
 0.55776059212937E+01
 0.55776059212937E+01
 0.55776059212937E+01
 0.55776059212937E+01
 0.55776059212937E+01
 0.55776059212937E+01
 0.55776059212937E+01
 0.55776059212937E+01
 0.55776059212937E+01
 0.55776059212937E+01
 0.55776059212937E+01
 0.55776059212937E+01
 0.55776059212937E+01
 0.55776059212937E+01
 0.55776059212937E+01
 0.55776059212937E+01
 0.55776059212937E+01
 0.55776059212937E+01
 0.55776059212937E+01
 0.55776059212937E+01
 0.55776059212937E+01
 0.55776059212937E+01
 0.55776059216708E+01
 0.55776059217671E+01
 0.55776059217210E+01
 0.55776059215940E+01
 0.55776059210327E+01
 0.55776059209101E+01
 0.55776059198236E+01
 0.55776059196695E+01
 0.55776059184242E+01
 0.55776059179102E+01
 0.55776059178212E+01
 0.55776059178135E+01
 0.55776059160073E+01
 0.55776059157975E+01
 0.55776059157949E+01
 0.55776059158233E+01
 0.55776059146602E+01
 0.55776059143977E+01
 0.55776059142965E+01
 0.55776059144491E+01
 0.55776059144507E+01
 0.55776059145545E+01
 0.55776059141362E+01
 0.55776059138404E+01
 0.55776059138806E+01
 0.55776059140425E+01
 0.55776059142785E+01
 0.55776059145515E+01
 0.55776059145391E+01
 0.55776059145888E+01
 0.55776059141685E+01
 0.55776059137702E+01
 0.55776059137695E+01
 0.55776059139295E+01
 0.55776059142890E+01
 0.55776059145095E+01
 0.55776059144718E+01
 0.55776059144970E+01
 0.55776059146063E+01
 0.55776059147768E+01
 0.55776059123785E+01
 0.55776059119960E+01
 0.55776059118419E+01
 0.55776059118446E+01
 0.55776059117941E+01
 0.55776059116212E+01
 0.55776059114371E+01
 0.55776059117878E+01
 0.55776059120921E+01
 0.55776059123381E+01
 0.55776059122327E+01
 0.55776059123912E+01
 0.55776059125339E+01
 0.55776059063042E+01
 0.55776059051910E+01
 0.55776059045120E+01
 0.55776059040349E+01
 0.55776059036876E+01
 0.55776059035417E+01
 0.55776059033814E+01
 0.55776059031194E+01
 0.55776059029974E+01
 0.55776059029624E+01
 0.55776059029834E+01
 0.55776059030409E+01
 0.55776059031241E+01
 0.55776059032164E+01
 0.55776059033073E+01
 0.55776059033930E+01
 0.55776059034317E+01
 0.55776059035188E+01
 0.55776059036089E+01
 0.55776059036871E+01
 0.55776059037362E+01
 0.55776059011931E+01
 0.55776059007335E+01
 0.55776059004572E+01
 0.55776059002254E+01
 0.55776059000644E+01
 0.55776058998393E+01
 0.55776058996938E+01
 0.55776058996052E+01
 0.55776058995578E+01
 0.55776058995402E+01
 0.55776058995446E+01
 0.55776058995653E+01
 0.55776058995971E+01
 0.55776058996430E+01
 0.55776058997059E+01
 0.55776058997494E+01
 0.55776058997969E+01
 0.55776058998479E+01
 0.55776058999119E+01
 0.55776059000055E+01
 0.55776059000541E+01
 0.55776058988058E+01
 0.55776058985373E+01
 0.55776058983407E+01
 0.55776058982027E+01
 0.55776058981124E+01
 0.55776058980615E+01
 0.55776058980440E+01
 0.55776058980528E+01
 0.55776058980844E+01
 0.55776058981356E+01
 0.55776058982018E+01
 0.55776058982053E+01
 0.55776058984901E+01
 0.55776058983848E+01
 0.55776058984434E+01
 0.55776058985814E+01
 0.55776058989305E+01
 0.55776058989181E+01
 0.55776058989579E+01
 0.55776058990336E+01
 0.55776058991294E+01
 0.55776058992506E+01
 0.55776058980178E+01
 0.55776058979015E+01
 0.55776058978338E+01
 0.55776058978071E+01
 0.55776058978154E+01
 0.55776058978541E+01
 0.55776058979180E+01
 0.55776058980039E+01
 0.55776058981081E+01
 0.55776058982274E+01
 0.55776058983592E+01
 0.55776058985008E+01
 0.55776058987176E+01
 0.55776058989045E+01
 0.55776058990858E+01
 0.55776058992527E+01
 0.55776058992931E+01
 0.55776058994814E+01
 0.55776058996630E+01
 0.55776058998255E+01
 0.55776058990360E+01
 0.55776058989152E+01
 0.55776058990474E+01
 0.55776058991203E+01
 0.55776058990991E+01
 0.55776058992353E+01
 0.55776058994070E+01
 0.55776058996058E+01
 0.55776059008134E+01
 0.55776058998159E+01
 0.55776059000403E+01
 0.55776059002006E+01
 0.55776059004357E+01
 0.55776059025750E+01
 0.55776059030092E+01
 0.55776059034103E+01
 0.55776059035446E+01
 0.55776059036854E+01
 0.55776059040000E+01
 0.55776059045578E+01
 0.55776059039385E+01
 0.55776059031381E+01
 0.55776059031392E+01
 0.55776059032152E+01
 0.55776059026456E+01
 0.55776059026843E+01
 0.55776059027771E+01
 0.55776059029167E+01
 0.55776059031006E+01
 0.55776059033278E+01
 0.55776059036061E+01
 0.55776059039671E+01
 0.55776059053900E+01
 0.55776059055813E+01
 0.55776059060000E+01
 0.55776059074569E+01
 0.55776059076403E+01
 0.55776059082674E+01
 0.55776059071611E+01
 0.55776059058964E+01
 0.55776059062402E+01
 0.55776059053045E+01
 0.55776059054321E+01
 0.55776059055795E+01
 0.55776059058517E+01
 0.55776059061220E+01
 0.55776059064317E+01
 0.55776059067681E+01
 0.55776059071395E+01
 0.55776059075234E+01
 0.55776059079113E+01
 0.55776059082942E+01
 0.55776059084271E+01
 0.55776059085083E+01
 0.55776059081183E+01
 0.55776059081755E+01
 0.55776059083165E+01
 0.55776059093450E+01
 0.55776059093363E+01
 0.55776059103102E+01
 0.55776059101641E+01
 0.55776059080726E+01
 0.55776059079528E+01
 0.55776059081703E+01
 0.55776059080018E+01
 0.55776059079097E+01
 0.55776059077886E+01
 0.55776059077145E+01
 0.55776059076775E+01
 0.55776059082728E+01
 0.55776059079884E+01
 0.55776059080562E+01
 0.55776059085911E+01
 0.55776059089443E+01
 0.55776059088753E+01
 0.55776059087677E+01
 0.55776059087851E+01
 0.55776059085199E+01
 0.55776059084833E+01
 0.55776059085515E+01
 0.55776059097288E+01
 0.55776059071212E+01
 0.55776059070040E+01
 0.55776059068979E+01
 0.55776059068491E+01
 0.55776059073888E+01
 0.55776059073564E+01
 0.55776059073042E+01
 0.55776059072538E+01
 0.55776059072237E+01
 0.55776059071894E+01
 0.55776059072011E+01
 0.55776059071795E+01
 0.55776059071989E+01
 0.55776059083501E+01
 0.55776059084413E+01
 0.55776059086238E+01
 0.55776059084484E+01
 0.55776059083554E+01
 0.55776059083995E+01
 0.55776059069478E+01
 0.55776059067607E+01
 0.55776059066453E+01
 0.55776059065909E+01
 0.55776059065910E+01
 0.55776059063556E+01
 0.55776059063372E+01
 0.55776059063820E+01
 0.55776059064735E+01
 0.55776059066001E+01
 0.55776059067535E+01
 0.55776059070996E+01
 0.55776059072015E+01
 0.55776059073179E+01
 0.55776059072464E+01
 0.55776059071601E+01
 0.55776059072202E+01
 0.55776059085040E+01
 0.55776059083484E+01
 0.55776059064043E+01
 0.55776059061368E+01
 0.55776059067289E+01
 0.55776059067305E+01
 0.55776059065200E+01
 0.55776059065224E+01
 0.55776059064513E+01
 0.55776059064424E+01
 0.55776059064837E+01
 0.55776059065820E+01
 0.55776059067215E+01
 0.55776059068895E+01
 0.55776059070761E+01
 0.55776059073998E+01
 0.55776059064224E+01
 0.55776059065188E+01
 0.55776059066514E+01
 0.55776059071401E+01
 0.55776059070495E+01
 0.55776059068010E+01
 0.55776059066278E+01
 0.55776059065211E+01
 0.55776059064806E+01
 0.55776059064743E+01
 0.55776059065144E+01
 0.55776059073126E+01
 0.55776059071751E+01
 0.55776059071659E+01
 0.55776059072070E+01
 0.55776059072759E+01
 0.55776059073413E+01
 0.55776059076672E+01
 0.55776059077060E+01
 0.55776059077643E+01
 0.55776059077778E+01
 0.55776059078402E+01
 0.55776059079460E+01
 0.55776059079556E+01
 0.55776059081021E+01
 0.55776059088575E+01
 0.55776059090958E+01
 0.55776059089966E+01
 0.55776059087082E+01
 0.55776059087496E+01
 0.55776059088215E+01
 0.55776059088730E+01
 0.55776059089365E+01
 0.55776059090458E+01
 0.55776059091904E+01
 0.55776059093303E+01
 0.55776059095490E+01
 0.55776059097795E+01
 0.55776059099985E+01
 0.55776059101210E+01
 0.55776059103472E+01
 0.55776059105925E+01
 0.55776059108756E+01
 0.55776059110249E+01
 0.55776059112625E+01
 0.55776059111113E+01
 0.55776059112914E+01
 0.55776059112544E+01
 0.55776059112838E+01
 0.55776059113529E+01
 0.55776059113952E+01
 0.55776059114509E+01
 0.55776059115568E+01
 0.55776059116491E+01
 0.55776059118118E+01
 0.55776059119626E+01
 0.55776059126227E+01
 0.55776059129307E+01
 0.55776059132329E+01
 0.55776059135058E+01
 0.55776059133944E+01
 0.55776059137324E+01
 0.55776059140651E+01
 0.55776059143597E+01
 0.55776059144694E+01
 0.55776059147974E+01
 0.55776059149159E+01
 0.55776059152044E+01
 0.55776059142752E+01
 0.55776059144614E+01
 0.55776059145083E+01
 0.55776059145184E+01
 0.55776059146514E+01
 0.55776059148024E+01
 0.55776059149349E+01
 0.55776059157553E+01
 0.55776059160691E+01
 0.55776059163746E+01
 0.55776059166600E+01
 0.55776059173528E+01
 0.55776059177989E+01
 0.55776059177744E+01
 0.55776059176819E+01
 0.55776059176533E+01
 0.55776059182422E+01
 0.55776059180137E+01
 0.55776059179193E+01
 0.55776059183372E+01
 0.55776059181204E+01
 0.55776059186782E+01
 0.55776059190162E+01
 0.55776059177527E+01
 0.55776059178025E+01
 0.55776059190199E+01
 0.55776059189873E+01
 0.55776059191241E+01
 0.55776059194523E+01
 0.55776059201107E+01
 0.55776059205636E+01
 0.55776059209382E+01
 0.55776059210632E+01
 0.55776059209150E+01
 0.55776059208226E+01
 0.55776059207740E+01
 0.55776059206264E+01
 0.55776059206274E+01
 0.55776059206499E+01
 0.55776059206915E+01
 0.55776059208105E+01
 0.55776059207940E+01
 0.55776059208294E+01
 0.55776059209074E+01
 0.55776059215315E+01
 0.55776059216549E+01
 0.55776059217934E+01
 0.55776059219022E+01
 0.55776059220228E+01
 0.55776059221376E+01
 0.55776059222402E+01
 0.55776059223924E+01
 0.55776059238281E+01
 0.55776059240672E+01
 0.55776059238816E+01
 0.55776059239502E+01
 0.55776059237103E+01
 0.55776059236701E+01
 0.55776059236695E+01
 0.55776059236837E+01
 0.55776059237132E+01
 0.55776059236638E+01
 0.55776059236755E+01
 0.55776059237070E+01
 0.55776059237417E+01
 0.55776059246226E+01
 0.55776059248234E+01
 0.55776059250221E+01
 0.55776059252089E+01
 0.55776059253949E+01
 0.55776059252692E+01
 0.55776059255001E+01
 0.55776059257208E+01
 0.55776059259281E+01
 0.55776059258377E+01
 0.55776059260650E+01
 0.55776059258983E+01
 0.55776059260130E+01
 0.55776059254724E+01
 0.55776059257897E+01
 0.55776059259274E+01
 0.55776059256951E+01
 0.55776059256279E+01
 0.55776059256338E+01
 0.55776059256511E+01
 0.55776059256809E+01
 0.55776059257638E+01
 0.55776059258279E+01
 0.55776059263515E+01
 0.55776059267434E+01
 0.55776059269382E+01
 0.55776059271368E+01
 0.55776059273443E+01
 0.55776059275210E+01
 0.55776059276824E+01
 0.55776059272004E+01
 0.55776059274471E+01
 0.55776059276544E+01
 0.55776059278284E+01
 0.55776059279593E+01
 0.55776059277589E+01
 0.55776059274419E+01
 0.55776059273463E+01
 0.55776059274720E+01
 0.55776059274894E+01
 0.55776059274939E+01
 0.55776059275153E+01
 0.55776059275377E+01
 0.55776059267214E+01
 0.55776059267007E+01
 0.55776059266611E+01
 0.55776059271726E+01
 0.55776059272579E+01
 0.55776059273270E+01
 0.55776059277695E+01
 0.55776059278711E+01
 0.55776059279581E+01
 0.55776059280491E+01
 0.55776059281242E+01
 0.55776059281740E+01
 0.55776059277260E+01
 0.55776059278798E+01
 0.55776059280028E+01
 0.55776059282163E+01
 0.55776059282013E+01
 0.55776059280661E+01
 0.55776059280038E+01
 0.55776059264222E+01
 0.55776059264187E+01
 0.55776059263937E+01
 0.55776059265549E+01
 0.55776059266460E+01
 0.55776059267325E+01
 0.55776059268177E+01
 0.55776059274196E+01
 0.55776059276326E+01
 0.55776059278799E+01
 0.55776059281399E+01
 0.55776059287391E+01
 0.55776059286951E+01
 0.55776059287056E+01
 0.55776059287256E+01
 0.55776059287314E+01
 0.55776059286893E+01
 0.55776059287397E+01
 0.55776059286996E+01
 0.55776059278224E+01
 0.55776059286816E+01
 0.55776059286174E+01
 0.55776059286818E+01
 0.55776059277416E+01
 0.55776059262539E+01
 0.55776059262470E+01
 0.55776059269307E+01
 0.55776059270502E+01
 0.55776059271219E+01
 0.55776059271233E+01
 0.55776059284004E+01
 0.55776059285798E+01
 0.55776059286024E+01
 0.55776059284390E+01
 0.55776059284480E+01
 0.55776059283880E+01
 0.55776059275011E+01
 0.55776059276554E+01
 0.55776059278437E+01
 0.55776059279397E+01
 0.55776059280156E+01
 0.55776059272787E+01
 0.55776059274792E+01
 0.55776059272030E+01
 0.55776059279309E+01
 0.55776059279983E+01
 0.55776059262731E+01
 0.55776059259364E+01
 0.55776059265673E+01
 0.55776059268127E+01
 0.55776059269271E+01
 0.55776059269656E+01
 0.55776059269185E+01
 0.55776059276866E+01
 0.55776059278547E+01
 0.55776059277869E+01
 0.55776059277229E+01
 0.55776059276589E+01
 0.55776059268405E+01
 0.55776059269679E+01
 0.55776059270839E+01
 0.55776059274165E+01
 0.55776059264843E+01
 0.55776059266786E+01
 0.55776059271446E+01
 0.55776059270113E+01
 0.55776059270026E+01
 0.55776059251914E+01
 0.55776059250322E+01
 0.55776059250833E+01
 0.55776059256847E+01
 0.55776059257763E+01
 0.55776059258149E+01
 0.55776059257654E+01
 0.55776059270110E+01
 0.55776059269593E+01
 0.55776059269068E+01
 0.55776059255785E+01
 0.55776059267080E+01
 0.55776059266764E+01
 0.55776059267354E+01
 0.55776059265299E+01
 0.55776059264886E+01
 0.55776059264071E+01
 0.55776059262977E+01
 0.55776059259656E+01
 0.55776059245813E+01
 0.55776059239411E+01
 0.55776059239183E+01
 0.55776059238513E+01
 0.55776059240135E+01
 0.55776059240340E+01
 0.55776059240231E+01
 0.55776059239759E+01
 0.55776059240086E+01
 0.55776059236811E+01
 0.55776059244391E+01
 0.55776059239608E+01
 0.55776059241368E+01
 0.55776059243227E+01
 0.55776059245051E+01
 0.55776059246879E+01
 0.55776059248002E+01
 0.55776059248646E+01
 0.55776059248775E+01
 0.55776059241617E+01
 0.55776059238824E+01
 0.55776059233322E+01
 0.55776059232260E+01
 0.55776059230917E+01
 0.55776059230967E+01
 0.55776059230292E+01
 0.55776059230032E+01
 0.55776059229863E+01
 0.55776059229865E+01
 0.55776059233172E+01
 0.55776059234160E+01
 0.55776059235719E+01
 0.55776059237313E+01
 0.55776059238698E+01
 0.55776059239807E+01
 0.55776059250035E+01
 0.55776059254360E+01
 0.55776059253128E+01
 0.55776059245470E+01
 0.55776059253575E+01
 0.55776059252683E+01
 0.55776059251982E+01
 0.55776059252081E+01
 0.55776059252197E+01
 0.55776059251805E+01
 0.55776059251598E+01
 0.55776059251168E+01
 0.55776059250137E+01
 0.55776059249293E+01
 0.55776059235388E+01
 0.55776059228232E+01
 0.55776059228370E+01
 0.55776059229108E+01
 0.55776059233512E+01
 0.55776059235367E+01
 0.55776059237942E+01
 0.55776059240745E+01
 0.55776059252329E+01
 0.55776059254920E+01
 0.55776059252976E+01
 0.55776059253047E+01
 0.55776059253434E+01
 0.55776059253165E+01
 0.55776059252810E+01
 0.55776059246715E+01
 0.55776059250056E+01
 0.55776059248567E+01
 0.55776059231697E+01
 0.55776059230858E+01
 0.55776059230348E+01
 0.55776059230072E+01
 0.55776059229529E+01
 0.55776059229574E+01
 0.55776059229251E+01
 0.55776059232333E+01
 0.55776059233102E+01
 0.55776059234142E+01
 0.55776059235346E+01
 0.55776059236144E+01
 0.55776059235339E+01
 0.55776059235934E+01
 0.55776059234193E+01
 0.55776059234681E+01
 0.55776059234444E+01
 0.55776059233760E+01
 0.55776059235772E+01
 0.55776059235642E+01
 0.55776059234602E+01
 0.55776059234270E+01
 0.55776059234567E+01
 0.55776059234292E+01
 0.55776059234963E+01
 0.55776059235928E+01
 0.55776059237149E+01
 0.55776059238549E+01
 0.55776059240365E+01
 0.55776059248316E+01
 0.55776059252009E+01
 0.55776059256806E+01
 0.55776059262980E+01
 0.55776059261660E+01
 0.55776059261703E+01
 0.55776059262284E+01
 0.55776059262514E+01
 0.55776059262428E+01
 0.55776059254819E+01
 0.55776059257815E+01
 0.55776059260574E+01
 0.55776059258752E+01
 0.55776059257606E+01
 0.55776059241809E+01
 0.55776059241524E+01
 0.55776059241339E+01
 0.55776059240983E+01
 0.55776059241004E+01
 0.55776059241167E+01
 0.55776059241635E+01
 0.55776059241534E+01
 0.55776059242319E+01
 0.55776059264711E+01
 0.55776059264789E+01
 0.55776059245367E+01
 0.55776059245789E+01
 0.55776059245844E+01
 0.55776059266669E+01
 0.55776059246861E+01
 0.55776059247036E+01
 0.55776059247482E+01
 0.55776059247485E+01
 0.55776059247859E+01
 0.55776059248877E+01
 0.55776059252382E+01
 0.55776059255203E+01
 0.55776059258629E+01
 0.55776059262637E+01
 0.55776059267974E+01
 0.55776059274432E+01
 0.55776059272935E+01
 0.55776059273759E+01
 0.55776059273566E+01
 0.55776059265865E+01
 0.55776059269391E+01
 0.55776059270662E+01
 0.55776059268651E+01
 0.55776059252335E+01
 0.55776059251850E+01
 0.55776059251727E+01
 0.55776059253667E+01
 0.55776059254704E+01
 0.55776059256171E+01
 0.55776059257968E+01
 0.55776059260141E+01
 0.55776059262319E+01
 0.55776059264106E+01
 0.55776059265796E+01
 0.55776059267509E+01
 0.55776059269287E+01
 0.55776059271216E+01
 0.55776059271697E+01
 0.55776059268762E+01
 0.55776059263482E+01
 0.55776059264708E+01
 0.55776059265374E+01
 0.55776059267350E+01
 0.55776059268663E+01
 0.55776059268752E+01
 0.55776059267919E+01
 0.55776059264594E+01
 0.55776059263850E+01
 0.55776059264566E+01
 0.55776059266514E+01
 0.55776059268975E+01
 0.55776059271729E+01
 0.55776059275590E+01
 0.55776059278977E+01
 0.55776059277593E+01
 0.55776059276840E+01
 0.55776059277014E+01
 0.55776059276990E+01
 0.55776059276540E+01
 0.55776059274124E+01
 0.55776059271042E+01
 0.55776059254236E+01
 0.55776059253648E+01
 0.55776059253725E+01
 0.55776059255295E+01
 0.55776059256915E+01
 0.55776059258992E+01
 0.55776059260210E+01
 0.55776059261688E+01
 0.55776059263307E+01
 0.55776059265092E+01
 0.55776059267080E+01
 0.55776059269359E+01
 0.55776059272146E+01
 0.55776059276281E+01
 0.55776059279337E+01
 0.55776059278152E+01
 0.55776059277535E+01
 0.55776059277555E+01
 0.55776059249578E+01
 0.55776059248211E+01
 0.55776059247170E+01
 0.55776059245588E+01
 0.55776059244028E+01
 0.55776059236631E+01
 0.55776059239157E+01
 0.55776059236305E+01
 0.55776059218447E+01
 0.55776059216702E+01
 0.55776059215518E+01
 0.55776059215506E+01
 0.55776059215105E+01
 0.55776059213806E+01
 0.55776059212747E+01
 0.55776059212884E+01
 0.55776059212663E+01
 0.55776059212818E+01
 0.55776059212699E+01
 0.55776059212457E+01
 0.55776059212022E+01
 0.55776059211391E+01
 0.55776059211234E+01
 0.55776059210835E+01
 0.55776059208149E+01
 0.55776059204590E+01
 0.55776059201917E+01
 0.55776059199593E+01
 0.55776059196780E+01
 0.55776059194252E+01
 0.55776059191782E+01
 0.55776059189324E+01
 0.55776059186737E+01
 0.55776059184007E+01
 0.55776059181953E+01
 0.55776059175286E+01
 0.55776059173447E+01
 0.55776059175923E+01
 0.55776059174989E+01
 0.55776059174479E+01
 0.55776059175039E+01
 0.55776059176752E+01
 0.55776059170007E+01
 0.55776059152373E+01
 0.55776059135437E+01
 0.55776059120192E+01
 0.55776059105824E+01
 0.55776059091858E+01
 0.55776059077083E+01
 0.55776059064980E+01
 0.55776059053137E+01
 0.55776059034394E+01
 0.55776059027284E+01
 0.55776059015721E+01
 0.55776058988735E+01
 0.55776058978483E+01
 0.55776058969221E+01
 0.55776058964049E+01
 0.55776058959440E+01
 0.55776058955454E+01
 0.55776058952011E+01
 0.55776058947858E+01
 0.55776058944120E+01
 0.55776058940615E+01
 0.55776058937430E+01
 0.55776058934525E+01
 0.55776058931965E+01
 0.55776058929815E+01
 0.55776058928348E+01
 0.55776058928426E+01
 0.55776058918657E+01
 0.55776058917921E+01
 0.55776058919692E+01
 0.55776058916263E+01
 0.55776058911021E+01
 0.55776058907351E+01
 0.55776058904169E+01
 0.55776058901253E+01
 0.55776058898259E+01
 0.55776058893387E+01
 0.55776058890541E+01
 0.55776058887992E+01
 0.55776058885571E+01
 0.55776058882722E+01
 0.55776058879983E+01
 0.55776058877351E+01
 0.55776058868264E+01
 0.55776058868061E+01
 0.55776058866791E+01
 0.55776058865197E+01
 0.55776058863164E+01
 0.55776058860637E+01
 0.55776058857397E+01
 0.55776058853478E+01
 0.55776058859014E+01
 0.55776058857522E+01
 0.55776058856050E+01
 0.55776058853924E+01
 0.55776058852276E+01
 0.55776058850478E+01
 0.55776058848961E+01
 0.55776058847437E+01
 0.55776058846453E+01
 0.55776058844998E+01
 0.55776058842832E+01
 0.55776058841546E+01
 0.55776058840681E+01
 0.55776058839530E+01
 0.55776058838192E+01
 0.55776058829342E+01
 0.55776058831456E+01
 0.55776058828652E+01
 0.55776058831463E+01
 0.55776058828319E+01
 0.55776058810614E+01
 0.55776051374462E+01
 0.55776051373412E+01
 0.55776051373628E+01
 0.55776051373612E+01
 0.55776051374119E+01
 0.55776051374935E+01
 0.55776051375611E+01
 0.55776051375887E+01
 0.55776051135066E+01
 0.55776051123075E+01
 0.55776051111960E+01
 0.55776051101513E+01
 0.55776051091962E+01
 0.55776051083512E+01
 0.55776051077344E+01
 0.55776051068943E+01
 0.55776051057713E+01
 0.55776051047962E+01
 0.55776051039030E+01
 0.55776051030771E+01
 0.55776051022762E+01
 0.55776051014719E+01
 0.55776051005741E+01
 0.55776050998934E+01
 0.55776050992493E+01
 0.55776050985854E+01
 0.55776050979493E+01
 0.55776050965567E+01
 0.55776050962401E+01
 0.55776050959924E+01
 0.55776050954177E+01
 0.55776050947738E+01
 0.55776050926971E+01
 0.55776050922043E+01
 0.55776050917612E+01
 0.55776050913647E+01
 0.55776050910892E+01
 0.55776050907621E+01
 0.55776050904491E+01
 0.55776050901496E+01
 0.55776050898776E+01
 0.55776050896480E+01
 0.55776050894274E+01
 0.55776050891975E+01
 0.55776050889480E+01
 0.55776050887079E+01
 0.55776050884394E+01
 0.55776050883706E+01
 0.55776050900193E+01
 0.55776050899985E+01
 0.55776050898319E+01
 0.55776050896324E+01
 0.55776050891208E+01
 0.55776050897608E+01
 0.55776050896511E+01
 0.55776050895022E+01
 0.55776050886286E+01
 0.55776050887836E+01
 0.55776050888384E+01
 0.55776050885172E+01
 0.55776050867694E+01
 0.55776050866224E+01
 0.55776050864805E+01
 0.55776050863823E+01
 0.55776050863942E+01
 0.55776050863734E+01
 0.55776050863966E+01
 0.55776050864424E+01
 0.55776050865226E+01
 0.55776050865171E+01
 0.55776050865438E+01
 0.55776050865788E+01
 0.55776050866246E+01
 0.55776050866735E+01
 0.55776050867283E+01
 0.55776050867923E+01
 0.55776050692152E+01
 0.55776050684423E+01
 0.55776050677657E+01
 0.55776050673387E+01
 0.55776050665484E+01
 0.55776050656285E+01
 0.55776050647851E+01
 0.55776050640308E+01
 0.55776050633395E+01
 0.55776050626888E+01
 0.55776050620780E+01
 0.55776050614687E+01
 0.55776050606882E+01
 0.55776050601630E+01
 0.55776050596568E+01
 0.55776050591896E+01
 0.55776050586982E+01
 0.55776050582275E+01
 0.55776050577854E+01
 0.55776050567078E+01
 0.55776050565473E+01
 0.55776050563842E+01
 0.55776050559752E+01
 0.55776050555326E+01
 0.55776050551486E+01
 0.55776050532773E+01
 0.55776050529652E+01
 0.55776050526768E+01
 0.55776050524076E+01
 0.55776050521691E+01
 0.55776050519567E+01
 0.55776050517888E+01
 0.55776050533055E+01
 0.55776050532603E+01
 0.55776050527832E+01
 0.55776050525317E+01
 0.55776050532348E+01
 0.55776050531543E+01
 0.55776050532639E+01
 0.55776050531771E+01
 0.55776050530940E+01
 0.55776050529831E+01
 0.55776050527273E+01
 0.55776050526656E+01
 0.55776050525910E+01
 0.55776050524867E+01
 0.55776050523793E+01
 0.55776050514759E+01
 0.55776050516590E+01
 0.55776050519153E+01
 0.55776050517500E+01
 0.55776050499916E+01
 0.55776050498508E+01
 0.55776050497580E+01
 0.55776050496949E+01
 0.55776050497580E+01
 0.55776050497679E+01
 0.55776050498002E+01
 0.55776050498640E+01
 0.55776050350894E+01
 0.55776050343344E+01
 0.55776050336378E+01
 0.55776050330108E+01
 0.55776050323977E+01
 0.55776050318495E+01
 0.55776050313227E+01
 0.55776050308364E+01
 0.55776050304262E+01
 0.55776050300643E+01
 0.55776050297894E+01
 0.55776050296829E+01
 0.55776050292784E+01
 0.55776050287499E+01
 0.55776050282378E+01
 0.55776050278092E+01
 0.55776050274197E+01
 0.55776050270713E+01
 0.55776050267363E+01
 0.55776050264419E+01
 0.55776050261447E+01
 0.55776050258635E+01
 0.55776050255859E+01
 0.55776050253269E+01
 0.55776050250945E+01
 0.55776050248848E+01
 0.55776050246794E+01
 0.55776050245041E+01
 0.55776050243412E+01
 0.55776050242119E+01
 0.55776050241124E+01
 0.55776050240346E+01
 0.55776050240687E+01
 0.55776050244210E+01
 0.55776050244626E+01
 0.55776050242020E+01
 0.55776050240479E+01
 0.55776050232659E+01
 0.55776050231129E+01
 0.55776050236329E+01
 0.55776050236724E+01
 0.55776050235450E+01
 0.55776050237607E+01
 0.55776050240485E+01
 0.55776050243675E+01
 0.55776050247810E+01
 0.55776050251481E+01
 0.55776050251888E+01
 0.55776050251899E+01
 0.55776050252270E+01
 0.55776050253297E+01
 0.55776050254848E+01
 0.55776050255182E+01
 0.55776050255223E+01
 0.55776050255039E+01
 0.55776050253248E+01
 0.55776050253663E+01
 0.55776050106800E+01
 0.55776050099086E+01
 0.55776050092313E+01
 0.55776050078764E+01
 0.55776050075258E+01
 0.55776050070842E+01
 0.55776050063547E+01
 0.55776050042123E+01
 0.55776050036477E+01
 0.55776050031625E+01
 0.55776050028360E+01
 0.55776050024776E+01
 0.55776050021381E+01
 0.55776050019032E+01
 0.55776050017034E+01
 0.55776050015436E+01
 0.55776050014146E+01
 0.55776050012456E+01
 0.55776050010908E+01
 0.55776050009799E+01
 0.55776050008989E+01
 0.55776050008310E+01
 0.55776050008163E+01
 0.55776050008076E+01
 0.55776050007963E+01
 0.55776050008308E+01
 0.55776050009212E+01
 0.55776050010620E+01
 0.55776050012784E+01
 0.55776050016150E+01
 0.55776050022428E+01
 0.55776050030674E+01
 0.55776050040389E+01
 0.55776050034652E+01
 0.55776050030241E+01
 0.55776050028835E+01
 0.55776050024615E+01
 0.55776050029672E+01
 0.55776050029960E+01
 0.55776050030643E+01
 0.55776050031580E+01
 0.55776050020638E+01
 0.55776049980103E+01
 0.55776049985582E+01
 0.55776049988727E+01
 0.55776049991859E+01
 0.55776049995154E+01
 0.55776049993813E+01
 0.55776049997369E+01
 0.55776050000954E+01
 0.55776050004459E+01
 0.55776050008548E+01
 0.55776050012914E+01
 0.55776050017301E+01
 0.55776049889207E+01
 0.55776049888026E+01
 0.55776049887551E+01
 0.55776049888940E+01
 0.55776049888910E+01
 0.55776049887357E+01
 0.55776049885122E+01
 0.55776049884791E+01
 0.55776049886356E+01
 0.55776049889401E+01
 0.55776049948386E+01
 0.55776049940430E+01
 0.55776049931977E+01
 0.55776049926066E+01
 0.55776049920429E+01
 0.55776049914201E+01
 0.55776049909065E+01
 0.55776049896311E+01
 0.55776049894908E+01
 0.55776049893033E+01
 0.55776049887163E+01
 0.55776049866685E+01
 0.55776049863320E+01
 0.55776049860231E+01
 0.55776049859092E+01
 0.55776049857183E+01
 0.55776049857405E+01
 0.55776049858916E+01
 0.55776049860781E+01
 0.55776049863720E+01
 0.55776049867176E+01
 0.55776049875626E+01
 0.55776049889797E+01
 0.55776049910513E+01
 0.55776049869734E+01
 0.55776049870079E+01
 0.55776049883237E+01
 0.55776049864485E+01
 0.55776049867269E+01
 0.55776049870887E+01
 0.55776049878306E+01
 0.55776049944149E+01
 0.55776049859758E+01
 0.55776049843277E+01
 0.55776049840158E+01
 0.55776049842902E+01
 0.55776049852779E+01
 0.55776049840589E+01
 0.55776049893124E+01
 0.55776049913893E+01
 0.55776049858580E+01
 0.55776049868249E+01
 0.55776049886537E+01
 0.55776049907897E+01
 0.55776049911180E+01
 0.55776049891580E+01
 0.55776050009930E+01
 0.55776049976969E+01
 0.55776049946416E+01
 0.55776049918931E+01
 0.55776049895177E+01
 0.55776049875942E+01
 0.55776049854750E+01
 0.55776049834014E+01
 0.55776049831713E+01
 0.55776049804109E+01
 0.55776049802814E+01
 0.55776049799972E+01
 0.55776049799276E+01
 0.55776049806320E+01
 0.55776049813205E+01
 0.55776049819903E+01
 0.55776049826560E+01
 0.55776049833083E+01
 0.55776049839660E+01
 0.55776049846585E+01
 0.55776049852151E+01
 0.55776049858685E+01
 0.55776049856596E+01
 0.55776049863339E+01
 0.55776049766753E+01
 0.55776049771097E+01
 0.55776049776797E+01
 0.55776049781304E+01
 0.55776049790409E+01
 0.55776049772283E+01
 0.55776049779070E+01
 0.55776049786250E+01
 0.55776049794439E+01
 0.55776049803786E+01
 0.55776049887121E+01
 0.55776049888056E+01
 0.55776049892014E+01
 0.55776049907406E+01
 0.55776049930353E+01
 0.55776049962333E+01
 0.55776050011549E+01
 0.55776050105908E+01
 0.55776050072803E+01
 0.55776049947345E+01
 0.55776049962558E+01
 0.55776049877388E+01
 0.55776049880643E+01
 0.55776049889421E+01
 0.55776049905285E+01
 0.55776049911910E+01
 0.55776049922873E+01
 0.55776049870540E+01
 0.55776049817346E+01
 0.55776049819797E+01
 0.55776049819755E+01
 0.55776049884282E+01
 0.55776049890981E+01
 0.55776049845047E+01
 0.55776049852319E+01
 0.55776049859766E+01
 0.55776049868816E+01
 0.55776049877470E+01
 0.55776049887880E+01
 0.55776049897805E+01
 0.55776049908442E+01
 0.55776049919830E+01
 0.55776049930683E+01
 0.55776050102063E+01
 0.55776050127433E+01
 0.55776050153913E+01
 0.55776050181745E+01
 0.55776050210070E+01
 0.55776050239536E+01
 0.55776050912873E+01
 0.55776050882316E+01
 0.55776050854631E+01
 0.55776050829329E+01
 0.55776050806420E+01
 0.55776050660777E+01
 0.55776050639225E+01
 0.55776050619620E+01
 0.55776050602336E+01
 0.55776050578489E+01
 0.55776050566234E+01
 0.55776050555050E+01
 0.55776050549316E+01
 0.55776050546980E+01
 0.55776050547676E+01
 0.55776050720706E+01
 0.55776050732186E+01
 0.55776050749850E+01
 0.55776050801855E+01
 0.55776050834343E+01
 0.55776050877149E+01
 0.55776050936433E+01
 0.55776051017828E+01
 0.55776050382488E+01
 0.55776050388080E+01
 0.55776050304876E+01
 0.55776050281157E+01
 0.55776050242822E+01
 0.55776050218378E+01
 0.55776050381740E+01
 0.55776050535549E+01
 0.55776050302532E+01
 0.55776050262250E+01
 0.55776050210222E+01
 0.55776050150646E+01
 0.55776050117766E+01
 0.55776050096358E+01
 0.55776050181828E+01
 0.55776050231821E+01
 0.55776050169041E+01
 0.55776050185913E+01
 0.55776050196751E+01
 0.55776050214638E+01
 0.55776050146397E+01
 0.55776050171088E+01
 0.55776050160035E+01
 0.55776050175043E+01
 0.55776050174536E+01
 0.55776050175859E+01
 0.55776050178274E+01
 0.55776050180227E+01
 0.55776050183665E+01
 0.55776050188432E+01
 0.55776050181087E+01
 0.55776050189053E+01
 0.55776050195565E+01
 0.55776050202065E+01
 0.55776050209513E+01
 0.55776050217478E+01
 0.55776050225043E+01
 0.55776050235219E+01
 0.55776050246122E+01
 0.55776050258217E+01
 0.55776050269954E+01
 0.55776050284025E+01
 0.55776050300655E+01
 0.55776050321087E+01
 0.55776050341076E+01
 0.55776050362616E+01
 0.55776050383821E+01
 0.55776050398312E+01
 0.55776050413816E+01
 0.55776050428841E+01
 0.55776050442691E+01
 0.55776050455472E+01
 0.55776050467026E+01
 0.55776050476321E+01
 0.55776050483132E+01
 0.55776050485516E+01
 0.55776050372506E+01
 0.55776050365976E+01
 0.55776050259618E+01
 0.55776050261381E+01
 0.55776050267975E+01
 0.55776050885834E+01
 0.55776050868354E+01
 0.55776050852112E+01
 0.55776050387042E+01
 0.55776050168048E+01
 0.55776050166617E+01
 0.55776050161520E+01
 0.55776050158486E+01
 0.55776050157660E+01
 0.55776050158238E+01
 0.55776050169858E+01
 0.55776050333734E+01
 0.55776050365770E+01
 0.55776050365189E+01
 0.55776050367882E+01
 0.55776050376245E+01
 0.55776050346033E+01
 0.55776050301275E+01
 0.55776050313373E+01
 0.55776050310874E+01
 0.55776050309705E+01
 0.55776050319044E+01
 0.55776050305306E+01
 0.55776050300840E+01
 0.55776050294794E+01
 0.55776050293752E+01
 0.55776050290842E+01
 0.55776050288453E+01
 0.55776050287565E+01
 0.55776050288153E+01
 0.55776050289124E+01
 0.55776050289637E+01
 0.55776050293162E+01
 0.55776050294909E+01
 0.55776050297156E+01
 0.55776050304154E+01
 0.55776050309713E+01
 0.55776050316556E+01
 0.55776050319164E+01
 0.55776050327016E+01
 0.55776050330143E+01
 0.55776050335765E+01
 0.55776050343204E+01
 0.55776050350779E+01
 0.55776050358727E+01
 0.55776050367045E+01
 0.55776050378268E+01
 0.55776050390737E+01
 0.55776050405151E+01
 0.55776050419850E+01
 0.55776050432032E+01
 0.55776050444062E+01
 0.55776054344881E+01
 0.55776054359825E+01
 0.55776054371475E+01
 0.55776054879491E+01
 0.55776054842215E+01
 0.55776054807316E+01
 0.55776054773860E+01
 0.55776054746208E+01
 0.55776054689221E+01
 0.55776054661056E+01
 0.55776054648807E+01
 0.55776054650628E+01
 0.55776054209211E+01
 0.55776054187086E+01
 0.55776054163223E+01
 0.55776054137137E+01
 0.55776054114136E+01
 0.55776054101420E+01
 0.55776054095461E+01
 0.55776054112067E+01
 0.55776054130580E+01
 0.55776054217795E+01
 0.55776054215633E+01
 0.55776054215739E+01
 0.55776054214433E+01
 0.55776054217061E+01
 0.55776054221588E+01
 0.55776054162845E+01
 0.55776054186601E+01
 0.55776054183843E+01
 0.55776054182639E+01
 0.55776054179985E+01
 0.55776054180836E+01
 0.55776054183976E+01
 0.55776054181467E+01
 0.55776054178105E+01
 0.55776054178969E+01
 0.55776054181634E+01
 0.55776054182466E+01
 0.55776054185903E+01
 0.55776054190523E+01
 0.55776054194790E+01
 0.55776054200688E+01
 0.55776054206364E+01
 0.55776054214666E+01
 0.55776054217183E+01
 0.55776054223778E+01
 0.55776054231215E+01
 0.55776054240035E+01
 0.55776054248113E+01
 0.55776054258711E+01
 0.55776054277893E+01
 0.55776054297872E+01
 0.55776054320136E+01
 0.55776054341942E+01
 0.55776054360488E+01
 0.55776054366287E+01
 0.55776054323386E+01
 0.55776054358042E+01
 0.55776054922398E+01
 0.55776054875862E+01
 0.55776054836574E+01
 0.55776054811136E+01
 0.55776054788475E+01
 0.55776054773904E+01
 0.55776054729637E+01
 0.55776054709416E+01
 0.55776054691519E+01
 0.55776054674625E+01
 0.55776054666934E+01
 0.55776054652569E+01
 0.55776054917259E+01
 0.55776054918189E+01
 0.55776054923077E+01
 0.55776054343150E+01
 0.55776054330621E+01
 0.55776054311138E+01
 0.55776054315156E+01
 0.55776054293804E+01
 0.55776054262997E+01
 0.55776054229753E+01
 0.55776054199915E+01
 0.55776054183536E+01
 0.55776054185752E+01
 0.55776054204026E+01
 0.55776054221537E+01
 0.55776054230333E+01
 0.55776054972275E+01
 0.55776054344899E+01
 0.55776054332888E+01
 0.55776054291068E+01
 0.55776054274872E+01
 0.55776054270948E+01
 0.55776054237997E+01
 0.55776054221455E+01
 0.55776054219091E+01
 0.55776054220945E+01
 0.55776054221731E+01
 0.55776054239027E+01
 0.55776054246350E+01
 0.55776054251567E+01
 0.55776054255802E+01
 0.55776054262554E+01
 0.55776054266570E+01
 0.55776054275995E+01
 0.55776054285307E+01
 0.55776054296116E+01
 0.55776054310729E+01
 0.55776054332197E+01
 0.55776054355185E+01
 0.55776054374564E+01
 0.55776054400069E+01
 0.55776054348110E+01
 0.55776054352372E+01
 0.55776054388425E+01
 0.55776054955032E+01
 0.55776054920929E+01
 0.55776054873302E+01
 0.55776054827599E+01
 0.55776054767149E+01
 0.55776054731801E+01
 0.55776054695595E+01
 0.55776054677098E+01
 0.55776054645684E+01
 0.55776054621377E+01
 0.55776054599680E+01
 0.55776054588257E+01
 0.55776054565392E+01
 0.55776054550668E+01
 0.55776054543112E+01
 0.55776054531835E+01
 0.55776054659531E+01
 0.55776054651115E+01
 0.55776054648061E+01
 0.55776054645552E+01
 0.55776054643854E+01
 0.55776054645658E+01
 0.55776054654706E+01
 0.55776054662910E+01
 0.55776054678509E+01
 0.55776054697309E+01
 0.55776054733170E+01
 0.55776054776573E+01
 0.55776054866233E+01
 0.55776054942688E+01
 0.55776054389941E+01
 0.55776054335417E+01
 0.55776054288642E+01
 0.55776054597096E+01
 0.55776054639143E+01
 0.55776054701378E+01
 0.55776054782604E+01
 0.55776054913617E+01
 0.55776055078103E+01
 0.55776054464551E+01
 0.55776054431993E+01
 0.55776054277739E+01
 0.55776054274602E+01
 0.55776054282360E+01
 0.55776054284992E+01
 0.55776054283873E+01
 0.55776054292938E+01
 0.55776054293885E+01
 0.55776054302050E+01
 0.55776054304401E+01
 0.55776054310600E+01
 0.55776054322888E+01
 0.55776054238703E+01
 0.55776054253526E+01
 0.55776054282181E+01
 0.55776054313385E+01
 0.55776054330399E+01
 0.55776054361805E+01
 0.55776054390403E+01
 0.55776054394649E+01
 0.55776055005133E+01
 0.55776054961658E+01
 0.55776054914684E+01
 0.55776054881145E+01
 0.55776054834022E+01
 0.55776054775391E+01
 0.55776054744240E+01
 0.55776054719808E+01
 0.55776054685832E+01
 0.55776054655964E+01
 0.55776054629782E+01
 0.55776054602018E+01
 0.55776054583315E+01
 0.55776054570529E+01
 0.55776054555331E+01
 0.55776054425356E+01
 0.55776054412153E+01
 0.55776054479139E+01
 0.55776054472737E+01
 0.55776054459060E+01
 0.55776054462674E+01
 0.55776054445415E+01
 0.55776054448576E+01
 0.55776054442841E+01
 0.55776054448039E+01
 0.55776054442634E+01
 0.55776054446909E+01
 0.55776054456284E+01
 0.55776054466689E+01
 0.55776054488274E+01
 0.55776054521046E+01
 0.55776054570740E+01
 0.55776054623893E+01
 0.55776054711425E+01
 0.55776054825057E+01
 0.55776054404063E+01
 0.55776054430552E+01
 0.55776054445310E+01
 0.55776054482740E+01
 0.55776054516701E+01
 0.55776054565925E+01
 0.55776054646498E+01
 0.55776054722902E+01
 0.55776054813048E+01
 0.55776054584139E+01
 0.55776054339234E+01
 0.55776054342068E+01
 0.55776054344138E+01
 0.55776054344836E+01
 0.55776054478979E+01
 0.55776054509131E+01
 0.55776054534099E+01
 0.55776054387737E+01
 0.55776054404548E+01
 0.55776054410466E+01
 0.55776054431226E+01
 0.55776054418393E+01
 0.55776054439411E+01
 0.55776054439747E+01
 0.55776054455886E+01
 0.55776055030167E+01
 0.55776054992171E+01
 0.55776054963771E+01
 0.55776054933001E+01
 0.55776054643585E+01
 0.55776054618520E+01
 0.55776054585765E+01
 0.55776054567290E+01
 0.55776054525883E+01
 0.55776054522170E+01
 0.55776054500182E+01
 0.55776054487787E+01
 0.55776054460114E+01
 0.55776054453002E+01
 0.55776054433233E+01
 0.55776054415490E+01
 0.55776054403806E+01
 0.55776054400518E+01
 0.55776054383788E+01
 0.55776054375035E+01
 0.55776054457498E+01
 0.55776054443475E+01
 0.55776054369649E+01
 0.55776054361362E+01
 0.55776054360183E+01
 0.55776054363245E+01
 0.55776054356749E+01
 0.55776054358607E+01
 0.55776054363907E+01
 0.55776054366980E+01
 0.55776054364890E+01
 0.55776054361835E+01
 0.55776054374197E+01
 0.55776054383744E+01
 0.55776054396691E+01
 0.55776054414230E+01
 0.55776054427894E+01
 0.55776054461601E+01
 0.55776054344297E+01
 0.55776054354266E+01
 0.55776054362403E+01
 0.55776054368640E+01
 0.55776054375962E+01
 0.55776054391888E+01
 0.55776054397723E+01
 0.55776054422225E+01
 0.55776054235449E+01
 0.55776054239408E+01
 0.55776054234886E+01
 0.55776054230952E+01
 0.55776054242947E+01
 0.55776054247630E+01
 0.55776054238861E+01
 0.55776054239800E+01
 0.55776054249719E+01
 0.55776054244392E+01
 0.55776054335445E+01
 0.55776054344088E+01
 0.55776054363563E+01
 0.55776054384181E+01
 0.55776054512093E+01
 0.55776054501341E+01
 0.55776054605319E+01
 0.55776054594979E+01
 0.55776054566730E+01
 0.55776054562184E+01
 0.55776054553006E+01
 0.55776054538895E+01
 0.55776054529749E+01
 0.55776054520509E+01
 0.55776054507930E+01
 0.55776054485564E+01
 0.55776054480170E+01
 0.55776054465290E+01
 0.55776054466058E+01
 0.55776054386779E+01
 0.55776054371057E+01
 0.55776054362735E+01
 0.55776054355692E+01
 0.55776054364184E+01
 0.55776054352281E+01
 0.55776054349940E+01
 0.55776054340244E+01
 0.55776054366959E+01
 0.55776054358266E+01
 0.55776054354351E+01
 0.55776054360771E+01
 0.55776054353682E+01
 0.55776054360724E+01
 0.55776054351278E+01
 0.55776054363392E+01
 0.55776054358721E+01
 0.55776054352013E+01
 0.55776054360457E+01
 0.55776054348294E+01
 0.55776054342332E+01
 0.55776054354311E+01
 0.55776054362080E+01
 0.55776054350386E+01
 0.55776054349120E+01
 0.55776054357258E+01
 0.55776054411001E+01
 0.55776054429849E+01
 0.55776054374857E+01
 0.55776054374189E+01
 0.55776054306628E+01
 0.55776054313099E+01
 0.55776054288268E+01
 0.55776054306012E+01
 0.55776054288239E+01
 0.55776054284479E+01
 0.55776054293585E+01
 0.55776054347089E+01
 0.55776054354639E+01
 0.55776054360122E+01
 0.55776054380469E+01
 0.55776054355000E+01
 0.55776054306002E+01
 0.55776054295276E+01
 0.55776054307897E+01
 0.55776054300815E+01
 0.55776054311856E+01
 0.55776054317163E+01
 0.55776054292632E+01
 0.55776054306552E+01
 0.55776054312706E+01
 0.55776054322615E+01
 0.55776054311450E+01
 0.55776054318525E+01
 0.55776054299908E+01
 0.55776054389983E+01
 0.55776054401001E+01
 0.55776054407561E+01
 0.55776054416374E+01
 0.55776054431006E+01
 0.55776054416306E+01
 0.55776054404438E+01
 0.55776054418931E+01
 0.55776054390867E+01
 0.55776054413369E+01
 0.55776054406842E+01
 0.55776054405086E+01
 0.55776054390199E+01
 0.55776054405395E+01
 0.55776054393934E+01
 0.55776054410312E+01
 0.55776054411165E+01
 0.55776054409782E+01
 0.55776054411556E+01
 0.55776054398905E+01
 0.55776054422408E+01
 0.55776054406098E+01
 0.55776054413415E+01
 0.55776054422394E+01
 0.55776054417279E+01
 0.55776054423085E+01
 0.55776054434910E+01
 0.55776054415110E+01
 0.55776054436633E+01
 0.55776054426476E+01
 0.55776054426350E+01
 0.55776054424731E+01
 0.55776054434888E+01
 0.55776054424996E+01
 0.55776054406398E+01
 0.55776054374857E+01
 0.55776054388032E+01
 0.55776054404317E+01
 0.55776054403184E+01
 0.55776054375271E+01
 0.55776054391877E+01
 0.55776054414414E+01
 0.55776054418171E+01
 0.55776015743324E+01
 0.55776013906941E+01
 0.55776009368967E+01
 0.55776012465541E+01
 0.55776022553660E+01
 0.55776015507060E+01
 0.55776012469553E+01
 0.55776016429926E+01
 0.55776016211197E+01
 0.55776008658262E+01
 0.55776019945486E+01
 0.55776020061672E+01
 0.55776017724167E+01
 0.55776010955126E+01
 0.55776007848824E+01
 0.55776017263713E+01
 0.55776015046272E+01
 0.55776025530742E+01
 0.55776022975144E+01
 0.55776016072564E+01
 0.55776013532957E+01
 0.55776017310599E+01
 0.55776020313140E+01
 0.55776023493377E+01
 0.55776020531076E+01
 0.55776026202821E+01
 0.55776027535823E+01
 0.55776018507995E+01
 0.55776028101127E+01
 0.55776012864337E+01
 0.55776019826128E+01
 0.55776005951519E+01
 0.55776016936920E+01
 0.55776027390859E+01
 0.55776018478395E+01
 0.55776025069621E+01
 0.55776018505485E+01
 0.55776020517889E+01
 0.55776015651991E+01
 0.55776025737155E+01
 0.55776025127705E+01
 0.55776016249718E+01
 0.55776028809632E+01
 0.55776028097713E+01
 0.55776016522820E+01
 0.55776016594480E+01
 0.55776018190816E+01
 0.55776015197246E+01
 0.55776013632624E+01
 0.55776017937272E+01
 0.55776017264660E+01
 0.55776014037463E+01
 0.55776014068638E+01
 0.55776015959157E+01
 0.55776014520774E+01
 0.55776015445293E+01
 0.55776016077471E+01
 0.55776016241030E+01
 0.55776017415997E+01
 0.55776020410112E+01
 0.55776058071181E+01
 0.55776058076374E+01
 0.55776058072312E+01
 0.55776057994901E+01
 0.55776057915380E+01
 0.55776057772883E+01
 0.55776057686840E+01
 0.55776057684968E+01
 0.55776057634122E+01
 0.55776057631475E+01
 0.55776057650315E+01
 0.55776057656669E+01
 0.55776057637427E+01
 0.55776057641451E+01
 0.55776057645203E+01
 0.55776057651659E+01
 0.55776057658117E+01
 0.55776057672440E+01
 0.55776057691914E+01
 0.55776057704893E+01
 0.55776057717627E+01
 0.55776057739631E+01
 0.55776057753467E+01
 0.55776057766626E+01
 0.55776057776056E+01
 0.55776057790528E+01
 0.55776057802041E+01
 0.55776057824645E+01
 0.55776057842308E+01
 0.55776057873901E+01
 0.55776057901707E+01
 0.55776057951378E+01
 0.55776057969837E+01
 0.55776058015441E+01
 0.55776058040272E+01
 0.55776058075635E+01
 0.55776058072247E+01
 0.55776058095519E+01
 0.55776058075556E+01
 0.55776058069738E+01
 0.55776058091433E+01
 0.55776058069943E+01
 0.55776058052714E+01
 0.55776057940604E+01
 0.55776057885326E+01
 0.55776057847682E+01
 0.55776057841080E+01
 0.55776057834555E+01
 0.55776057839565E+01
 0.55776057827766E+01
 0.55776057604508E+01
 0.55776057516555E+01
 0.55776057455142E+01
 0.55776057418472E+01
 0.55776057419907E+01
 0.55776057422255E+01
 0.55776057419785E+01
 0.55776057216817E+01
 0.55776057156642E+01
 0.55776057125100E+01
 0.55776057109209E+01
 0.55776057103870E+01
 0.55776057093956E+01
 0.55776056880030E+01
 0.55776056842243E+01
 0.55776056802268E+01
 0.55776056778518E+01
 0.55776056774702E+01
 0.55776056763795E+01
 0.55776056557680E+01
 0.55776056515294E+01
 0.55776056510495E+01
 0.55776056474651E+01
 0.55776056482516E+01
 0.55776056279235E+01
 0.55776056251929E+01
 0.55776056220083E+01
 0.55776056193051E+01
 0.55776056186132E+01
 0.55776056052320E+01
 0.55776055998024E+01
 0.55776055970353E+01
 0.55776055949417E+01
 0.55776055938884E+01
 0.55776055935203E+01
 0.55776055741015E+01
 0.55776055728127E+01
 0.55776055704951E+01
 0.55776055679398E+01
 0.55776055675997E+01
 0.55776055523719E+01
 0.55776055477152E+01
 0.55776055463680E+01
 0.55776055451798E+01
 0.55776055421335E+01
 0.55776055298316E+01
 0.55776055255692E+01
 0.55776055206750E+01
 0.55776055195866E+01
 0.55776055189133E+01
 0.55776055044444E+01
 0.55776055017764E+01
 0.55776054988226E+01
 0.55776054952806E+01
 0.55776054950526E+01
 0.55776054946373E+01
 0.55776054791589E+01
 0.55776054739502E+01
 0.55776054737894E+01
 0.55776054716399E+01
 0.55776054710813E+01
 0.55776054574997E+01
 0.55776054547994E+01
 0.55776054513277E+01
 0.55776054472481E+01
 0.55776054478550E+01
 0.55776054485745E+01
 0.55776054365606E+01
