 0.33227783706377E+03
 0.33227783706377E+03
 0.33227783706377E+03
 0.33227783706377E+03
 0.33227783706377E+03
 0.33227783710775E+03
 0.33227783716010E+03
 0.33227783708917E+03
 0.33227783706377E+03
 0.33227783706377E+03
 0.33227783706377E+03
 0.33227783706377E+03
 0.33227783706377E+03
 0.33227783706377E+03
 0.33227783706377E+03
 0.33227783706377E+03
 0.33227783706377E+03
 0.33227783706377E+03
 0.33227783706377E+03
 0.33227783706377E+03
 0.33227783706377E+03
 0.33227783706377E+03
 0.33227783706377E+03
 0.33227783706377E+03
 0.33227783706377E+03
 0.33227783706377E+03
 0.33227783706377E+03
 0.33227783706377E+03
 0.33227783706377E+03
 0.33227783706377E+03
 0.33227783706377E+03
 0.33227783706377E+03
 0.33227783706377E+03
 0.33227783706377E+03
 0.33227783706377E+03
 0.33227783706377E+03
 0.33227783706377E+03
 0.33227783706377E+03
 0.33227783706377E+03
 0.33227783706377E+03
 0.33227783706377E+03
 0.33227783706377E+03
 0.33227783706377E+03
 0.33227783706377E+03
 0.33227783706377E+03
 0.33227783706377E+03
 0.33227783706377E+03
 0.33227783706377E+03
 0.33227783706377E+03
 0.33227783706377E+03
 0.33227783706377E+03
 0.33227783706377E+03
 0.33227783706377E+03
 0.33227783706377E+03
 0.33227783706377E+03
 0.33227783706377E+03
 0.33227783706377E+03
 0.33227783706377E+03
 0.33227783706377E+03
 0.33227783706377E+03
 0.33227783706377E+03
 0.33227783706377E+03
 0.33227783706377E+03
 0.33227783706377E+03
 0.33227783706377E+03
 0.33227783706377E+03
 0.33227783706377E+03
 0.33227783706377E+03
 0.33227783706377E+03
 0.33227783706377E+03
 0.33227783706377E+03
 0.33227783706377E+03
 0.33227783706377E+03
 0.33227783706377E+03
 0.33227783706377E+03
 0.33227783706377E+03
 0.33227783706377E+03
 0.33227783706377E+03
 0.33227783706377E+03
 0.33227783706377E+03
 0.33227783706377E+03
 0.33227783706377E+03
 0.33227783706377E+03
 0.33227783706377E+03
 0.33227783706377E+03
 0.33227783706377E+03
 0.33227783706377E+03
 0.33227783706377E+03
 0.33227783706377E+03
 0.33227783706377E+03
 0.33227783706377E+03
 0.33227783706377E+03
 0.33227783706377E+03
 0.33227783706377E+03
 0.33227783706377E+03
 0.33227783706377E+03
 0.33227783706377E+03
 0.33227783706377E+03
 0.33227783706377E+03
 0.33227783706377E+03
 0.33227783706377E+03
 0.33227783706377E+03
 0.33227783706377E+03
 0.33227783706377E+03
 0.33227783706377E+03
 0.33227783706377E+03
 0.33227783706377E+03
 0.33227783706377E+03
 0.33227783706377E+03
 0.33227783706377E+03
 0.33227783706377E+03
 0.33227783706377E+03
 0.33227783706377E+03
 0.33227783706377E+03
 0.33227783706377E+03
 0.33227783706377E+03
 0.33227783706377E+03
 0.33227783706377E+03
 0.33227783706377E+03
 0.33227783706377E+03
 0.33227783706377E+03
 0.33227783706377E+03
 0.33227783706377E+03
 0.33227783706377E+03
 0.33227783706377E+03
 0.33227783706377E+03
 0.33227783706377E+03
 0.33227783706377E+03
 0.33227783706377E+03
 0.33227783706377E+03
 0.33227783706377E+03
 0.33227783706377E+03
 0.33227783706377E+03
 0.33227783706377E+03
 0.33227783706377E+03
 0.33227783706377E+03
 0.33227783706377E+03
 0.33227783706377E+03
 0.33227783706377E+03
 0.33227783706377E+03
 0.33227783706377E+03
 0.33227783706377E+03
 0.33227783706377E+03
 0.33227783706377E+03
 0.33227783706377E+03
 0.33227783706377E+03
 0.33227783706377E+03
 0.33227783706377E+03
 0.33227783706377E+03
 0.33227783706377E+03
 0.33227783706377E+03
 0.33227783706377E+03
 0.33227783706377E+03
 0.33227783706377E+03
 0.33227783706377E+03
 0.33227783706377E+03
 0.33227783706377E+03
 0.33227783706377E+03
 0.33227783706377E+03
 0.33227783706377E+03
 0.33227783706377E+03
 0.33227783706377E+03
 0.33227783706377E+03
 0.33227783706377E+03
 0.33227783706377E+03
 0.33227783706377E+03
 0.33227783706377E+03
 0.33227783706377E+03
 0.33227783706377E+03
 0.33227783706377E+03
 0.33227783706377E+03
 0.33227783706377E+03
 0.33227783706377E+03
 0.33227783706377E+03
 0.33227783706377E+03
 0.33227783706377E+03
 0.33227783706377E+03
 0.33227783706377E+03
 0.33227783706377E+03
 0.33227783706377E+03
 0.33227783706377E+03
 0.33227783706377E+03
 0.33227783706377E+03
 0.33227783706377E+03
 0.33227783706377E+03
 0.33227783706377E+03
 0.33227783706377E+03
 0.33227783706377E+03
 0.33227783706377E+03
 0.33227783706377E+03
 0.33227783706377E+03
 0.33227783706377E+03
 0.33227783706377E+03
 0.33227783706377E+03
 0.33227783706377E+03
 0.33227783706377E+03
 0.33227783706377E+03
 0.33227783706377E+03
 0.33227783706377E+03
 0.33227783706377E+03
 0.33227783706377E+03
 0.33227783706377E+03
 0.33227783706377E+03
 0.33227783706377E+03
 0.33227783706377E+03
 0.33227783706377E+03
 0.33227783706377E+03
 0.33227783706377E+03
 0.33227783706377E+03
 0.33227783706377E+03
 0.33227783706377E+03
 0.33227783706377E+03
 0.33227783706377E+03
 0.33227783706377E+03
 0.33227783706377E+03
 0.33227783706377E+03
 0.33227783705443E+03
 0.33227783705121E+03
 0.33227783704991E+03
 0.33227783705206E+03
 0.33227783706544E+03
 0.33227783706863E+03
 0.33227783710235E+03
 0.33227783710701E+03
 0.33227783715916E+03
 0.33227783718074E+03
 0.33227783718454E+03
 0.33227783718530E+03
 0.33227783730445E+03
 0.33227783731965E+03
 0.33227783732199E+03
 0.33227783732197E+03
 0.33227783747869E+03
 0.33227783752741E+03
 0.33227783754450E+03
 0.33227783754513E+03
 0.33227783754615E+03
 0.33227783754360E+03
 0.33227783778248E+03
 0.33227783785620E+03
 0.33227783788507E+03
 0.33227783789313E+03
 0.33227783789062E+03
 0.33227783788287E+03
 0.33227783788293E+03
 0.33227783788094E+03
 0.33227783824450E+03
 0.33227783833382E+03
 0.33227783837590E+03
 0.33227783839175E+03
 0.33227783838757E+03
 0.33227783838263E+03
 0.33227783838482E+03
 0.33227783838395E+03
 0.33227783837876E+03
 0.33227783837021E+03
 0.33227783882742E+03
 0.33227783891602E+03
 0.33227783896573E+03
 0.33227783898887E+03
 0.33227783900401E+03
 0.33227783902077E+03
 0.33227783903842E+03
 0.33227783901802E+03
 0.33227783899407E+03
 0.33227783897151E+03
 0.33227783897473E+03
 0.33227783895918E+03
 0.33227783894988E+03
 0.33227783939857E+03
 0.33227783946983E+03
 0.33227783950628E+03
 0.33227783952634E+03
 0.33227783953829E+03
 0.33227783953072E+03
 0.33227783952377E+03
 0.33227783953888E+03
 0.33227783954302E+03
 0.33227783953971E+03
 0.33227783953100E+03
 0.33227783951823E+03
 0.33227783950224E+03
 0.33227783948449E+03
 0.33227783946572E+03
 0.33227783944667E+03
 0.33227783943403E+03
 0.33227783941400E+03
 0.33227783939216E+03
 0.33227783937141E+03
 0.33227783935635E+03
 0.33227783935029E+03
 0.33227783932815E+03
 0.33227783928018E+03
 0.33227783924844E+03
 0.33227783921625E+03
 0.33227783922465E+03
 0.33227783922634E+03
 0.33227783922284E+03
 0.33227783921518E+03
 0.33227783920411E+03
 0.33227783919022E+03
 0.33227783917396E+03
 0.33227783915567E+03
 0.33227783913533E+03
 0.33227783910466E+03
 0.33227783908783E+03
 0.33227783906935E+03
 0.33227783904904E+03
 0.33227783902311E+03
 0.33227783898293E+03
 0.33227783896702E+03
 0.33227783893047E+03
 0.33227783889829E+03
 0.33227783886638E+03
 0.33227783883454E+03
 0.33227783880263E+03
 0.33227783877053E+03
 0.33227783873815E+03
 0.33227783870544E+03
 0.33227783867239E+03
 0.33227783863907E+03
 0.33227783860611E+03
 0.33227783860560E+03
 0.33227783850211E+03
 0.33227783854081E+03
 0.33227783852756E+03
 0.33227783852243E+03
 0.33227783841861E+03
 0.33227783843483E+03
 0.33227783843060E+03
 0.33227783841517E+03
 0.33227783839493E+03
 0.33227783836964E+03
 0.33227783832066E+03
 0.33227783829246E+03
 0.33227783826428E+03
 0.33227783823603E+03
 0.33227783820764E+03
 0.33227783817914E+03
 0.33227783815054E+03
 0.33227783812194E+03
 0.33227783809345E+03
 0.33227783806525E+03
 0.33227783803755E+03
 0.33227783801062E+03
 0.33227783796690E+03
 0.33227783793639E+03
 0.33227783790871E+03
 0.33227783788518E+03
 0.33227783789286E+03
 0.33227783786481E+03
 0.33227783784086E+03
 0.33227783782709E+03
 0.33227783775396E+03
 0.33227783774154E+03
 0.33227783768489E+03
 0.33227783765239E+03
 0.33227783764265E+03
 0.33227783761132E+03
 0.33227783757949E+03
 0.33227783754798E+03
 0.33227783740650E+03
 0.33227783752343E+03
 0.33227783749552E+03
 0.33227783748143E+03
 0.33227783747276E+03
 0.33227783724405E+03
 0.33227783721117E+03
 0.33227783718219E+03
 0.33227783718233E+03
 0.33227783718030E+03
 0.33227783715915E+03
 0.33227783711255E+03
 0.33227783718904E+03
 0.33227783713236E+03
 0.33227783711702E+03
 0.33227783709951E+03
 0.33227783713896E+03
 0.33227783712879E+03
 0.33227783711666E+03
 0.33227783710299E+03
 0.33227783708804E+03
 0.33227783707186E+03
 0.33227783705412E+03
 0.33227783703312E+03
 0.33227783694571E+03
 0.33227783694001E+03
 0.33227783692057E+03
 0.33227783683084E+03
 0.33227783683156E+03
 0.33227783678361E+03
 0.33227783683156E+03
 0.33227783693059E+03
 0.33227783691345E+03
 0.33227783688091E+03
 0.33227783686155E+03
 0.33227783685190E+03
 0.33227783682409E+03
 0.33227783680697E+03
 0.33227783679023E+03
 0.33227783677461E+03
 0.33227783675917E+03
 0.33227783674530E+03
 0.33227783673317E+03
 0.33227783672297E+03
 0.33227783673000E+03
 0.33227783674085E+03
 0.33227783677816E+03
 0.33227783678850E+03
 0.33227783679508E+03
 0.33227783676705E+03
 0.33227783678451E+03
 0.33227783675925E+03
 0.33227783678387E+03
 0.33227783680408E+03
 0.33227783680907E+03
 0.33227783680461E+03
 0.33227783681240E+03
 0.33227783679875E+03
 0.33227783680715E+03
 0.33227783681350E+03
 0.33227783680805E+03
 0.33227783674244E+03
 0.33227783675440E+03
 0.33227783676595E+03
 0.33227783673795E+03
 0.33227783672907E+03
 0.33227783675004E+03
 0.33227783677221E+03
 0.33227783678629E+03
 0.33227783681372E+03
 0.33227783682762E+03
 0.33227783683676E+03
 0.33227783681034E+03
 0.33227783682655E+03
 0.33227783682719E+03
 0.33227783682961E+03
 0.33227783683242E+03
 0.33227783684083E+03
 0.33227783684390E+03
 0.33227783684746E+03
 0.33227783684899E+03
 0.33227783684629E+03
 0.33227783684961E+03
 0.33227783684497E+03
 0.33227783684872E+03
 0.33227783684899E+03
 0.33227783676162E+03
 0.33227783677380E+03
 0.33227783677409E+03
 0.33227783679951E+03
 0.33227783681846E+03
 0.33227783682979E+03
 0.33227783681335E+03
 0.33227783681699E+03
 0.33227783681903E+03
 0.33227783682010E+03
 0.33227783682080E+03
 0.33227783682153E+03
 0.33227783681961E+03
 0.33227783681644E+03
 0.33227783681299E+03
 0.33227783681028E+03
 0.33227783681012E+03
 0.33227783683437E+03
 0.33227783683052E+03
 0.33227783682656E+03
 0.33227783682933E+03
 0.33227783683353E+03
 0.33227783683289E+03
 0.33227783675825E+03
 0.33227783678216E+03
 0.33227783677258E+03
 0.33227783678017E+03
 0.33227783676164E+03
 0.33227783676239E+03
 0.33227783676749E+03
 0.33227783676657E+03
 0.33227783676803E+03
 0.33227783676689E+03
 0.33227783676323E+03
 0.33227783675836E+03
 0.33227783675331E+03
 0.33227783674899E+03
 0.33227783674636E+03
 0.33227783672151E+03
 0.33227783661613E+03
 0.33227783659128E+03
 0.33227783656964E+03
 0.33227783652650E+03
 0.33227783652950E+03
 0.33227783654383E+03
 0.33227783655400E+03
 0.33227783656089E+03
 0.33227783656607E+03
 0.33227783655942E+03
 0.33227783655154E+03
 0.33227783652374E+03
 0.33227783652621E+03
 0.33227783652340E+03
 0.33227783651834E+03
 0.33227783651148E+03
 0.33227783650663E+03
 0.33227783649884E+03
 0.33227783649632E+03
 0.33227783649166E+03
 0.33227783648468E+03
 0.33227783648045E+03
 0.33227783647428E+03
 0.33227783647104E+03
 0.33227783645658E+03
 0.33227783641260E+03
 0.33227783640801E+03
 0.33227783642397E+03
 0.33227783644611E+03
 0.33227783645008E+03
 0.33227783645149E+03
 0.33227783645307E+03
 0.33227783645373E+03
 0.33227783645293E+03
 0.33227783645193E+03
 0.33227783643785E+03
 0.33227783643012E+03
 0.33227783642336E+03
 0.33227783641923E+03
 0.33227783644172E+03
 0.33227783643333E+03
 0.33227783643066E+03
 0.33227783644190E+03
 0.33227783645478E+03
 0.33227783644726E+03
 0.33227783645409E+03
 0.33227783643924E+03
 0.33227783645176E+03
 0.33227783645923E+03
 0.33227783646372E+03
 0.33227783646803E+03
 0.33227783647125E+03
 0.33227783647336E+03
 0.33227783646795E+03
 0.33227783646488E+03
 0.33227783646477E+03
 0.33227783643237E+03
 0.33227783642294E+03
 0.33227783641464E+03
 0.33227783640871E+03
 0.33227783643268E+03
 0.33227783642083E+03
 0.33227783641148E+03
 0.33227783640618E+03
 0.33227783641819E+03
 0.33227783641084E+03
 0.33227783643464E+03
 0.33227783643886E+03
 0.33227783648460E+03
 0.33227783648272E+03
 0.33227783648749E+03
 0.33227783648951E+03
 0.33227783648738E+03
 0.33227783648489E+03
 0.33227783648435E+03
 0.33227783646357E+03
 0.33227783645603E+03
 0.33227783644919E+03
 0.33227783644358E+03
 0.33227783642108E+03
 0.33227783641052E+03
 0.33227783643040E+03
 0.33227783645177E+03
 0.33227783646625E+03
 0.33227783642473E+03
 0.33227783645795E+03
 0.33227783647840E+03
 0.33227783645934E+03
 0.33227783648841E+03
 0.33227783646534E+03
 0.33227783646709E+03
 0.33227783653996E+03
 0.33227783654278E+03
 0.33227783652037E+03
 0.33227783652904E+03
 0.33227783653084E+03
 0.33227783652371E+03
 0.33227783650403E+03
 0.33227783649369E+03
 0.33227783648647E+03
 0.33227783649756E+03
 0.33227783652470E+03
 0.33227783654505E+03
 0.33227783656011E+03
 0.33227783658824E+03
 0.33227783659882E+03
 0.33227783660680E+03
 0.33227783661193E+03
 0.33227783660141E+03
 0.33227783661325E+03
 0.33227783661958E+03
 0.33227783661972E+03
 0.33227783664327E+03
 0.33227783664794E+03
 0.33227783665087E+03
 0.33227783665588E+03
 0.33227783665903E+03
 0.33227783666553E+03
 0.33227783666795E+03
 0.33227783667677E+03
 0.33227783665587E+03
 0.33227783663473E+03
 0.33227783666523E+03
 0.33227783666439E+03
 0.33227783670282E+03
 0.33227783671676E+03
 0.33227783672515E+03
 0.33227783673285E+03
 0.33227783673804E+03
 0.33227783675076E+03
 0.33227783675528E+03
 0.33227783675850E+03
 0.33227783676072E+03
 0.33227783677535E+03
 0.33227783677616E+03
 0.33227783677637E+03
 0.33227783677645E+03
 0.33227783677624E+03
 0.33227783678542E+03
 0.33227783678314E+03
 0.33227783678109E+03
 0.33227783677939E+03
 0.33227783678684E+03
 0.33227783678421E+03
 0.33227783679452E+03
 0.33227783679541E+03
 0.33227783682660E+03
 0.33227783685247E+03
 0.33227783686308E+03
 0.33227783686600E+03
 0.33227783687202E+03
 0.33227783687811E+03
 0.33227783688358E+03
 0.33227783688950E+03
 0.33227783687764E+03
 0.33227783688122E+03
 0.33227783690442E+03
 0.33227783688279E+03
 0.33227783688370E+03
 0.33227783688436E+03
 0.33227783688452E+03
 0.33227783688659E+03
 0.33227783688951E+03
 0.33227783693908E+03
 0.33227783693135E+03
 0.33227783692898E+03
 0.33227783692982E+03
 0.33227783693389E+03
 0.33227783696224E+03
 0.33227783701457E+03
 0.33227783705640E+03
 0.33227783707262E+03
 0.33227783706792E+03
 0.33227783708360E+03
 0.33227783713092E+03
 0.33227783715385E+03
 0.33227783703521E+03
 0.33227783703802E+03
 0.33227783704123E+03
 0.33227783704812E+03
 0.33227783705014E+03
 0.33227783705215E+03
 0.33227783705323E+03
 0.33227783705888E+03
 0.33227783706453E+03
 0.33227783707095E+03
 0.33227783707742E+03
 0.33227783708324E+03
 0.33227783707181E+03
 0.33227783707935E+03
 0.33227783708661E+03
 0.33227783709401E+03
 0.33227783708761E+03
 0.33227783707702E+03
 0.33227783707203E+03
 0.33227783713065E+03
 0.33227783713088E+03
 0.33227783712294E+03
 0.33227783709892E+03
 0.33227783709301E+03
 0.33227783708856E+03
 0.33227783708492E+03
 0.33227783708154E+03
 0.33227783707907E+03
 0.33227783707714E+03
 0.33227783707643E+03
 0.33227783709444E+03
 0.33227783711004E+03
 0.33227783712736E+03
 0.33227783714686E+03
 0.33227783716812E+03
 0.33227783718429E+03
 0.33227783715067E+03
 0.33227783718028E+03
 0.33227783740616E+03
 0.33227783718042E+03
 0.33227783719962E+03
 0.33227783716552E+03
 0.33227783708378E+03
 0.33227783712316E+03
 0.33227783711921E+03
 0.33227783709418E+03
 0.33227783709064E+03
 0.33227783708845E+03
 0.33227783708744E+03
 0.33227783709087E+03
 0.33227783709556E+03
 0.33227783709944E+03
 0.33227783710281E+03
 0.33227783717309E+03
 0.33227783719131E+03
 0.33227783741717E+03
 0.33227783735597E+03
 0.33227783730750E+03
 0.33227783728292E+03
 0.33227783719029E+03
 0.33227783736766E+03
 0.33227783730981E+03
 0.33227783736616E+03
 0.33227783718959E+03
 0.33227783714211E+03
 0.33227783710509E+03
 0.33227783711378E+03
 0.33227783709438E+03
 0.33227783708946E+03
 0.33227783708725E+03
 0.33227783708597E+03
 0.33227783708516E+03
 0.33227783710411E+03
 0.33227783709971E+03
 0.33227783716143E+03
 0.33227783717835E+03
 0.33227783719480E+03
 0.33227783739064E+03
 0.33227783734223E+03
 0.33227783730755E+03
 0.33227783716950E+03
 0.33227783741987E+03
 0.33227783734094E+03
 0.33227783717529E+03
 0.33227783713559E+03
 0.33227783712639E+03
 0.33227783710850E+03
 0.33227783711359E+03
 0.33227783710652E+03
 0.33227783708455E+03
 0.33227783708116E+03
 0.33227783707899E+03
 0.33227783707804E+03
 0.33227783708275E+03
 0.33227783708341E+03
 0.33227783708335E+03
 0.33227783707258E+03
 0.33227783711707E+03
 0.33227783712485E+03
 0.33227783708033E+03
 0.33227783709619E+03
 0.33227783711116E+03
 0.33227783707985E+03
 0.33227783708463E+03
 0.33227783705936E+03
 0.33227783706517E+03
 0.33227783711140E+03
 0.33227783711829E+03
 0.33227783711213E+03
 0.33227783708521E+03
 0.33227783708080E+03
 0.33227783707830E+03
 0.33227783707744E+03
 0.33227783707287E+03
 0.33227783708448E+03
 0.33227783705837E+03
 0.33227783706952E+03
 0.33227783706137E+03
 0.33227783705478E+03
 0.33227783704982E+03
 0.33227783704663E+03
 0.33227783704460E+03
 0.33227783704305E+03
 0.33227783704165E+03
 0.33227783704271E+03
 0.33227783704241E+03
 0.33227783705451E+03
 0.33227783714727E+03
 0.33227783711487E+03
 0.33227783710211E+03
 0.33227783709399E+03
 0.33227783709088E+03
 0.33227783708456E+03
 0.33227783707901E+03
 0.33227783705316E+03
 0.33227783704870E+03
 0.33227783704330E+03
 0.33227783703879E+03
 0.33227783703542E+03
 0.33227783703298E+03
 0.33227783703325E+03
 0.33227783704238E+03
 0.33227783704657E+03
 0.33227783703042E+03
 0.33227783703819E+03
 0.33227783704535E+03
 0.33227783706282E+03
 0.33227783708126E+03
 0.33227783709814E+03
 0.33227783711176E+03
 0.33227783709952E+03
 0.33227783710617E+03
 0.33227783707069E+03
 0.33227783704422E+03
 0.33227783703101E+03
 0.33227783706524E+03
 0.33227783706088E+03
 0.33227783705294E+03
 0.33227783704647E+03
 0.33227783704004E+03
 0.33227783703385E+03
 0.33227783702889E+03
 0.33227783702786E+03
 0.33227783703651E+03
 0.33227783704787E+03
 0.33227783706804E+03
 0.33227783709142E+03
 0.33227783711339E+03
 0.33227783713609E+03
 0.33227783728214E+03
 0.33227783721878E+03
 0.33227783720664E+03
 0.33227783713528E+03
 0.33227783712443E+03
 0.33227783711665E+03
 0.33227783711433E+03
 0.33227783709584E+03
 0.33227783708341E+03
 0.33227783707664E+03
 0.33227783707047E+03
 0.33227783706251E+03
 0.33227783705523E+03
 0.33227783704874E+03
 0.33227783704490E+03
 0.33227783704801E+03
 0.33227783704458E+03
 0.33227783705117E+03
 0.33227783704826E+03
 0.33227783705205E+03
 0.33227783707994E+03
 0.33227783713645E+03
 0.33227783713356E+03
 0.33227783711523E+03
 0.33227783709803E+03
 0.33227783708375E+03
 0.33227783706516E+03
 0.33227783705666E+03
 0.33227783704876E+03
 0.33227783704148E+03
 0.33227783703494E+03
 0.33227783702931E+03
 0.33227783702871E+03
 0.33227783702568E+03
 0.33227783702531E+03
 0.33227783703617E+03
 0.33227783704525E+03
 0.33227783706429E+03
 0.33227783708654E+03
 0.33227783710907E+03
 0.33227783713029E+03
 0.33227783733138E+03
 0.33227783726098E+03
 0.33227783721498E+03
 0.33227783721187E+03
 0.33227783721078E+03
 0.33227783713357E+03
 0.33227783712740E+03
 0.33227783712231E+03
 0.33227783710579E+03
 0.33227783710131E+03
 0.33227783710659E+03
 0.33227783711677E+03
 0.33227783710908E+03
 0.33227783712486E+03
 0.33227783711417E+03
 0.33227783707857E+03
 0.33227783707702E+03
 0.33227783707772E+03
 0.33227783709287E+03
 0.33227783722813E+03
 0.33227783712651E+03
 0.33227783712015E+03
 0.33227783710525E+03
 0.33227783709452E+03
 0.33227783708548E+03
 0.33227783707616E+03
 0.33227783705769E+03
 0.33227783704991E+03
 0.33227783704370E+03
 0.33227783703906E+03
 0.33227783703770E+03
 0.33227783705051E+03
 0.33227783707426E+03
 0.33227783711101E+03
 0.33227783713913E+03
 0.33227783734321E+03
 0.33227783726211E+03
 0.33227783722483E+03
 0.33227783722243E+03
 0.33227783714130E+03
 0.33227783712885E+03
 0.33227783711924E+03
 0.33227783710053E+03
 0.33227783709289E+03
 0.33227783708539E+03
 0.33227783707834E+03
 0.33227783707212E+03
 0.33227783706792E+03
 0.33227783706532E+03
 0.33227783706323E+03
 0.33227783706168E+03
 0.33227783706039E+03
 0.33227783705942E+03
 0.33227783705943E+03
 0.33227783706168E+03
 0.33227783707019E+03
 0.33227783706793E+03
 0.33227783706719E+03
 0.33227783706409E+03
 0.33227783706246E+03
 0.33227783706254E+03
 0.33227783706368E+03
 0.33227783707094E+03
 0.33227783707329E+03
 0.33227783707150E+03
 0.33227783706702E+03
 0.33227783706269E+03
 0.33227783705924E+03
 0.33227783709071E+03
 0.33227783710054E+03
 0.33227783710811E+03
 0.33227783712757E+03
 0.33227783715176E+03
 0.33227783717791E+03
 0.33227783720411E+03
 0.33227783728906E+03
 0.33227783728473E+03
 0.33227783719997E+03
 0.33227783718394E+03
 0.33227783716985E+03
 0.33227783714091E+03
 0.33227783713092E+03
 0.33227783712179E+03
 0.33227783711820E+03
 0.33227783711452E+03
 0.33227783711107E+03
 0.33227783710823E+03
 0.33227783710567E+03
 0.33227783710399E+03
 0.33227783710332E+03
 0.33227783710630E+03
 0.33227783711428E+03
 0.33227783711842E+03
 0.33227783712895E+03
 0.33227783714117E+03
 0.33227783720234E+03
 0.33227783722639E+03
 0.33227783725295E+03
 0.33227783727729E+03
 0.33227783730361E+03
 0.33227783745817E+03
 0.33227783739365E+03
 0.33227783738555E+03
 0.33227783731185E+03
 0.33227783729895E+03
 0.33227783728906E+03
 0.33227783725980E+03
 0.33227783725448E+03
 0.33227783730932E+03
 0.33227783729851E+03
 0.33227783726722E+03
 0.33227783726097E+03
 0.33227783725549E+03
 0.33227783725415E+03
 0.33227783725412E+03
 0.33227783725547E+03
 0.33227783726006E+03
 0.33227783725942E+03
 0.33227783726157E+03
 0.33227783726736E+03
 0.33227783726892E+03
 0.33227783726670E+03
 0.33227783726750E+03
 0.33227783727045E+03
 0.33227783727409E+03
 0.33227783727750E+03
 0.33227783728195E+03
 0.33227783728591E+03
 0.33227783729074E+03
 0.33227783729408E+03
 0.33227783730869E+03
 0.33227783731129E+03
 0.33227783730359E+03
 0.33227783730640E+03
 0.33227783730758E+03
 0.33227783730911E+03
 0.33227783731194E+03
 0.33227783733948E+03
 0.33227783736821E+03
 0.33227783740571E+03
 0.33227783744540E+03
 0.33227783748550E+03
 0.33227783752783E+03
 0.33227783749988E+03
 0.33227783753834E+03
 0.33227783757680E+03
 0.33227783779498E+03
 0.33227783773312E+03
 0.33227783772853E+03
 0.33227783766510E+03
 0.33227783766381E+03
 0.33227783766271E+03
 0.33227783763803E+03
 0.33227783763771E+03
 0.33227783763518E+03
 0.33227783763429E+03
 0.33227783763777E+03
 0.33227783764147E+03
 0.33227783764373E+03
 0.33227783764771E+03
 0.33227783765142E+03
 0.33227783765540E+03
 0.33227783766000E+03
 0.33227783766542E+03
 0.33227783767493E+03
 0.33227783767583E+03
 0.33227783768148E+03
 0.33227783769657E+03
 0.33227783770329E+03
 0.33227783771489E+03
 0.33227783773099E+03
 0.33227783774842E+03
 0.33227783776829E+03
 0.33227783778793E+03
 0.33227783774041E+03
 0.33227783775754E+03
 0.33227783777541E+03
 0.33227783779483E+03
 0.33227783781159E+03
 0.33227783782931E+03
 0.33227783784908E+03
 0.33227783801497E+03
 0.33227783797115E+03
 0.33227783795759E+03
 0.33227783795106E+03
 0.33227783795271E+03
 0.33227783796686E+03
 0.33227783799412E+03
 0.33227783804856E+03
 0.33227783787026E+03
 0.33227783785298E+03
 0.33227783782697E+03
 0.33227783780730E+03
 0.33227783780960E+03
 0.33227783780259E+03
 0.33227783780722E+03
 0.33227783780976E+03
 0.33227783780459E+03
 0.33227783780824E+03
 0.33227783780533E+03
 0.33227783781156E+03
 0.33227783783113E+03
 0.33227783785158E+03
 0.33227783787442E+03
 0.33227783807677E+03
 0.33227783800114E+03
 0.33227783803323E+03
 0.33227783796785E+03
 0.33227783795850E+03
 0.33227783788128E+03
 0.33227803173411E+03
 0.33227803172247E+03
 0.33227803169056E+03
 0.33227803168214E+03
 0.33227803167584E+03
 0.33227803166707E+03
 0.33227803166184E+03
 0.33227803165769E+03
 0.33227803197820E+03
 0.33227803199250E+03
 0.33227803200875E+03
 0.33227803202096E+03
 0.33227803203441E+03
 0.33227803204750E+03
 0.33227803206778E+03
 0.33227803208623E+03
 0.33227803210423E+03
 0.33227803212981E+03
 0.33227803215319E+03
 0.33227803217899E+03
 0.33227803220293E+03
 0.33227803222611E+03
 0.33227803218744E+03
 0.33227803221125E+03
 0.33227803223760E+03
 0.33227803226119E+03
 0.33227803228389E+03
 0.33227803250227E+03
 0.33227803244381E+03
 0.33227803240205E+03
 0.33227803239369E+03
 0.33227803239588E+03
 0.33227803232161E+03
 0.33227803231450E+03
 0.33227803230945E+03
 0.33227803230597E+03
 0.33227803227946E+03
 0.33227803228115E+03
 0.33227803228309E+03
 0.33227803228348E+03
 0.33227803228335E+03
 0.33227803228557E+03
 0.33227803228646E+03
 0.33227803229087E+03
 0.33227803229491E+03
 0.33227803230242E+03
 0.33227803233972E+03
 0.33227803235993E+03
 0.33227803243818E+03
 0.33227803244216E+03
 0.33227803244251E+03
 0.33227803246130E+03
 0.33227803254461E+03
 0.33227803232238E+03
 0.33227803233889E+03
 0.33227803234730E+03
 0.33227803255553E+03
 0.33227803249024E+03
 0.33227803245266E+03
 0.33227803244845E+03
 0.33227803237481E+03
 0.33227803236593E+03
 0.33227803235512E+03
 0.33227803234625E+03
 0.33227803231500E+03
 0.33227803230804E+03
 0.33227803230229E+03
 0.33227803229295E+03
 0.33227803228853E+03
 0.33227803228301E+03
 0.33227803228095E+03
 0.33227803227865E+03
 0.33227803227754E+03
 0.33227803227454E+03
 0.33227803227099E+03
 0.33227803227092E+03
 0.33227803249051E+03
 0.33227803250206E+03
 0.33227803251026E+03
 0.33227803253362E+03
 0.33227803254178E+03
 0.33227803255802E+03
 0.33227803257331E+03
 0.33227803259076E+03
 0.33227803261056E+03
 0.33227803262990E+03
 0.33227803265282E+03
 0.33227803267551E+03
 0.33227803262311E+03
 0.33227803264562E+03
 0.33227803265993E+03
 0.33227803268475E+03
 0.33227803270115E+03
 0.33227803271982E+03
 0.33227803273976E+03
 0.33227803290439E+03
 0.33227803285679E+03
 0.33227803283041E+03
 0.33227803282106E+03
 0.33227803282341E+03
 0.33227803282891E+03
 0.33227803276010E+03
 0.33227803276047E+03
 0.33227803275857E+03
 0.33227803275789E+03
 0.33227803276168E+03
 0.33227803276570E+03
 0.33227803277449E+03
 0.33227803285075E+03
 0.33227803287923E+03
 0.33227803294882E+03
 0.33227803298963E+03
 0.33227803278780E+03
 0.33227803276871E+03
 0.33227803269666E+03
 0.33227803269727E+03
 0.33227803270503E+03
 0.33227803275804E+03
 0.33227803271172E+03
 0.33227803272992E+03
 0.33227803274862E+03
 0.33227803276670E+03
 0.33227803278465E+03
 0.33227803300834E+03
 0.33227803292649E+03
 0.33227803287129E+03
 0.33227803285924E+03
 0.33227803278308E+03
 0.33227803277049E+03
 0.33227803275887E+03
 0.33227803274818E+03
 0.33227803272138E+03
 0.33227803271152E+03
 0.33227803270101E+03
 0.33227803269708E+03
 0.33227803286626E+03
 0.33227803287048E+03
 0.33227803287549E+03
 0.33227803288737E+03
 0.33227803288866E+03
 0.33227803289775E+03
 0.33227803289752E+03
 0.33227803290309E+03
 0.33227803291156E+03
 0.33227803291705E+03
 0.33227803292491E+03
 0.33227803293093E+03
 0.33227803294340E+03
 0.33227803294779E+03
 0.33227803296026E+03
 0.33227803297186E+03
 0.33227803298395E+03
 0.33227803299496E+03
 0.33227803300783E+03
 0.33227803302075E+03
 0.33227803303079E+03
 0.33227803303804E+03
 0.33227803304128E+03
 0.33227803305018E+03
 0.33227803305623E+03
 0.33227803306188E+03
 0.33227803306101E+03
 0.33227803306451E+03
 0.33227803305812E+03
 0.33227803305464E+03
 0.33227803304363E+03
 0.33227803302638E+03
 0.33227803299334E+03
 0.33227803297771E+03
 0.33227803296870E+03
 0.33227803295262E+03
 0.33227803294329E+03
 0.33227803294686E+03
 0.33227803294713E+03
 0.33227803293326E+03
 0.33227803293519E+03
 0.33227803293843E+03
 0.33227803293247E+03
 0.33227803293270E+03
 0.33227803293114E+03
 0.33227803292469E+03
 0.33227803293253E+03
 0.33227803293305E+03
 0.33227803293548E+03
 0.33227803293684E+03
 0.33227803293998E+03
 0.33227803295245E+03
 0.33227803296285E+03
 0.33227803297531E+03
 0.33227803299472E+03
 0.33227803293846E+03
 0.33227803294973E+03
 0.33227803316799E+03
 0.33227803318616E+03
 0.33227803322038E+03
 0.33227803339197E+03
 0.33227803333501E+03
 0.33227803331275E+03
 0.33227803331805E+03
 0.33227803325141E+03
 0.33227803323695E+03
 0.33227803323207E+03
 0.33227803320412E+03
 0.33227803320862E+03
 0.33227803319819E+03
 0.33227803319786E+03
 0.33227803319715E+03
 0.33227803319425E+03
 0.33227803319663E+03
 0.33227803319361E+03
 0.33227803318607E+03
 0.33227803318582E+03
 0.33227803318679E+03
 0.33227803318120E+03
 0.33227803318218E+03
 0.33227803318221E+03
 0.33227803317102E+03
 0.33227803317357E+03
 0.33227803316709E+03
 0.33227803316595E+03
 0.33227803316369E+03
 0.33227803315623E+03
 0.33227803313745E+03
 0.33227803312416E+03
 0.33227803311692E+03
 0.33227803312962E+03
 0.33227803312771E+03
 0.33227803314263E+03
 0.33227803318597E+03
 0.33227803331793E+03
 0.33227803330954E+03
 0.33227803330493E+03
 0.33227803329696E+03
 0.33227803320349E+03
 0.33227803323440E+03
 0.33227803321906E+03
 0.33227803320048E+03
 0.33227803319762E+03
 0.33227803319414E+03
 0.33227803318780E+03
 0.33227803318636E+03
 0.33227803317836E+03
 0.33227803316144E+03
 0.33227803315968E+03
 0.33227803315607E+03
 0.33227803314807E+03
 0.33227803329386E+03
 0.33227803329958E+03
 0.33227803329567E+03
 0.33227803329383E+03
 0.33227803329871E+03
 0.33227803331519E+03
 0.33227803331370E+03
 0.33227803331692E+03
 0.33227803331624E+03
 0.33227803332739E+03
 0.33227803325891E+03
 0.33227803327401E+03
 0.33227803323226E+03
 0.33227803327545E+03
 0.33227803330741E+03
 0.33227803332151E+03
 0.33227803335542E+03
 0.33227803354649E+03
 0.33227803349346E+03
 0.33227803346282E+03
 0.33227803346569E+03
 0.33227803338163E+03
 0.33227803338169E+03
 0.33227803336406E+03
 0.33227803334374E+03
 0.33227803333299E+03
 0.33227803332930E+03
 0.33227803332637E+03
 0.33227803331633E+03
 0.33227803330956E+03
 0.33227803328381E+03
 0.33227803328340E+03
 0.33227803327505E+03
 0.33227803323930E+03
 0.33227803328885E+03
 0.33227803327928E+03
 0.33227803326623E+03
 0.33227803328778E+03
 0.33227803330342E+03
 0.33227803328816E+03
 0.33227803328008E+03
 0.33227803317578E+03
 0.33227803332620E+03
 0.33227803338747E+03
 0.33227803340286E+03
 0.33227803338160E+03
 0.33227803350778E+03
 0.33227803342306E+03
 0.33227803325982E+03
 0.33227803322370E+03
 0.33227803333003E+03
 0.33227803330169E+03
 0.33227803326667E+03
 0.33227803323400E+03
 0.33227803317025E+03
 0.33227803320785E+03
 0.33227803300641E+03
 0.33227803307458E+03
 0.33227803310334E+03
 0.33227803314269E+03
 0.33227803319061E+03
 0.33227803322204E+03
 0.33227803326825E+03
 0.33227803331003E+03
 0.33227803333331E+03
 0.33227803342083E+03
 0.33227803343300E+03
 0.33227803342746E+03
 0.33227803345108E+03
 0.33227803344011E+03
 0.33227803342679E+03
 0.33227803342245E+03
 0.33227803341171E+03
 0.33227803339272E+03
 0.33227803339415E+03
 0.33227803340794E+03
 0.33227803337936E+03
 0.33227803337555E+03
 0.33227803358763E+03
 0.33227803354643E+03
 0.33227803342007E+03
 0.33227803340315E+03
 0.33227803340576E+03
 0.33227803338177E+03
 0.33227803337111E+03
 0.33227803337599E+03
 0.33227803337891E+03
 0.33227803336870E+03
 0.33227803335293E+03
 0.33227803334527E+03
 0.33227803328189E+03
 0.33227803326474E+03
 0.33227803324039E+03
 0.33227803321889E+03
 0.33227803319446E+03
 0.33227803317144E+03
 0.33227803310796E+03
 0.33227803310592E+03
 0.33227803297038E+03
 0.33227803314024E+03
 0.33227803311434E+03
 0.33227803321455E+03
 0.33227803320140E+03
 0.33227803321082E+03
 0.33227803317983E+03
 0.33227803317978E+03
 0.33227803315732E+03
 0.33227803321543E+03
 0.33227803328324E+03
 0.33227803328195E+03
 0.33227803328640E+03
 0.33227803323261E+03
 0.33227803322782E+03
 0.33227803324101E+03
 0.33227803323138E+03
 0.33227803320275E+03
 0.33227803320463E+03
 0.33227803319016E+03
 0.33227803319415E+03
 0.33227803316680E+03
 0.33227803315136E+03
 0.33227803314801E+03
 0.33227803311640E+03
 0.33227803294701E+03
 0.33227803289934E+03
 0.33227803286480E+03
 0.33227803282939E+03
 0.33227803279606E+03
 0.33227803275407E+03
 0.33227803168023E+03
 0.33227803171861E+03
 0.33227803176590E+03
 0.33227803182403E+03
 0.33227803186020E+03
 0.33227803215588E+03
 0.33227803218719E+03
 0.33227803222317E+03
 0.33227803228233E+03
 0.33227803249337E+03
 0.33227803249047E+03
 0.33227803249092E+03
 0.33227803249220E+03
 0.33227803248128E+03
 0.33227803248239E+03
 0.33227803206237E+03
 0.33227803203728E+03
 0.33227803200398E+03
 0.33227803190856E+03
 0.33227803185907E+03
 0.33227803177501E+03
 0.33227803169277E+03
 0.33227803156158E+03
 0.33227803250798E+03
 0.33227803250382E+03
 0.33227803262251E+03
 0.33227803265299E+03
 0.33227803269088E+03
 0.33227803270335E+03
 0.33227803251274E+03
 0.33227803238676E+03
 0.33227803260431E+03
 0.33227803264624E+03
 0.33227803271551E+03
 0.33227803279628E+03
 0.33227803282898E+03
 0.33227803285211E+03
 0.33227803274866E+03
 0.33227803266532E+03
 0.33227803276136E+03
 0.33227803272826E+03
 0.33227803271184E+03
 0.33227803271099E+03
 0.33227803281117E+03
 0.33227803275456E+03
 0.33227803275040E+03
 0.33227803271824E+03
 0.33227803272743E+03
 0.33227803273976E+03
 0.33227803275651E+03
 0.33227803274045E+03
 0.33227803272926E+03
 0.33227803273595E+03
 0.33227803273654E+03
 0.33227803275916E+03
 0.33227803273975E+03
 0.33227803271548E+03
 0.33227803271710E+03
 0.33227803272640E+03
 0.33227803269952E+03
 0.33227803269098E+03
 0.33227803267419E+03
 0.33227803267238E+03
 0.33227803263614E+03
 0.33227803263040E+03
 0.33227803257927E+03
 0.33227803256969E+03
 0.33227803254131E+03
 0.33227803252873E+03
 0.33227803251309E+03
 0.33227803248896E+03
 0.33227803244942E+03
 0.33227803243740E+03
 0.33227803242196E+03
 0.33227803239750E+03
 0.33227803238499E+03
 0.33227803238418E+03
 0.33227803235567E+03
 0.33227803234708E+03
 0.33227803250787E+03
 0.33227803250324E+03
 0.33227803266055E+03
 0.33227803264787E+03
 0.33227803260213E+03
 0.33227803172266E+03
 0.33227803173188E+03
 0.33227803175686E+03
 0.33227803246225E+03
 0.33227803272239E+03
 0.33227803276747E+03
 0.33227803272155E+03
 0.33227803273331E+03
 0.33227803274404E+03
 0.33227803273980E+03
 0.33227803271004E+03
 0.33227803250609E+03
 0.33227803245553E+03
 0.33227803246063E+03
 0.33227803246914E+03
 0.33227803244073E+03
 0.33227803248874E+03
 0.33227803253654E+03
 0.33227803252414E+03
 0.33227803251635E+03
 0.33227803253004E+03
 0.33227803253878E+03
 0.33227803254241E+03
 0.33227803254829E+03
 0.33227803253230E+03
 0.33227803256218E+03
 0.33227803253955E+03
 0.33227803253867E+03
 0.33227803253589E+03
 0.33227803254677E+03
 0.33227803255307E+03
 0.33227803253682E+03
 0.33227803256343E+03
 0.33227803254243E+03
 0.33227803251606E+03
 0.33227803254818E+03
 0.33227803253505E+03
 0.33227803255435E+03
 0.33227803252205E+03
 0.33227803251155E+03
 0.33227803249549E+03
 0.33227803247596E+03
 0.33227803250363E+03
 0.33227803246968E+03
 0.33227803245741E+03
 0.33227803247670E+03
 0.33227803248112E+03
 0.33227803241747E+03
 0.33227803240639E+03
 0.33227803240393E+03
 0.33227803237338E+03
 0.33227803237429E+03
 0.33227788030858E+03
 0.33227788032050E+03
 0.33227788029886E+03
 0.33227787936187E+03
 0.33227787942630E+03
 0.33227787951612E+03
 0.33227787957900E+03
 0.33227787962914E+03
 0.33227787973613E+03
 0.33227787978316E+03
 0.33227787984822E+03
 0.33227787979713E+03
 0.33227788044085E+03
 0.33227788044356E+03
 0.33227788047438E+03
 0.33227788051315E+03
 0.33227788050263E+03
 0.33227788051584E+03
 0.33227788055839E+03
 0.33227788049118E+03
 0.33227788050583E+03
 0.33227788039214E+03
 0.33227788036721E+03
 0.33227788036353E+03
 0.33227788035982E+03
 0.33227788037267E+03
 0.33227788038910E+03
 0.33227788046151E+03
 0.33227788041202E+03
 0.33227788039584E+03
 0.33227788044181E+03
 0.33227788037022E+03
 0.33227788041669E+03
 0.33227788042652E+03
 0.33227788041576E+03
 0.33227788042064E+03
 0.33227788041272E+03
 0.33227788043348E+03
 0.33227788043052E+03
 0.33227788041619E+03
 0.33227788044653E+03
 0.33227788040634E+03
 0.33227788039741E+03
 0.33227788042298E+03
 0.33227788043378E+03
 0.33227788037926E+03
 0.33227788036669E+03
 0.33227788037026E+03
 0.33227788039102E+03
 0.33227788033950E+03
 0.33227788034359E+03
 0.33227788035738E+03
 0.33227788031210E+03
 0.33227788026087E+03
 0.33227788023920E+03
 0.33227788020469E+03
 0.33227788026602E+03
 0.33227788027619E+03
 0.33227788024248E+03
 0.33227787934845E+03
 0.33227787940348E+03
 0.33227787947638E+03
 0.33227787954740E+03
 0.33227787951695E+03
 0.33227787958264E+03
 0.33227787970501E+03
 0.33227787972179E+03
 0.33227787972748E+03
 0.33227787978281E+03
 0.33227787981613E+03
 0.33227787980068E+03
 0.33227787932761E+03
 0.33227787934517E+03
 0.33227787926453E+03
 0.33227788024740E+03
 0.33227788027204E+03
 0.33227788023079E+03
 0.33227788020368E+03
 0.33227788032463E+03
 0.33227788030614E+03
 0.33227788038912E+03
 0.33227788039075E+03
 0.33227788040543E+03
 0.33227788037373E+03
 0.33227788045155E+03
 0.33227788035086E+03
 0.33227788043006E+03
 0.33227787929653E+03
 0.33227788023437E+03
 0.33227788022812E+03
 0.33227788028573E+03
 0.33227788026670E+03
 0.33227788038952E+03
 0.33227788038965E+03
 0.33227788040602E+03
 0.33227788032854E+03
 0.33227788037562E+03
 0.33227788034729E+03
 0.33227788036055E+03
 0.33227788040165E+03
 0.33227788033055E+03
 0.33227788032990E+03
 0.33227788031373E+03
 0.33227788029069E+03
 0.33227788030371E+03
 0.33227788027752E+03
 0.33227788030937E+03
 0.33227788027630E+03
 0.33227788025006E+03
 0.33227788025819E+03
 0.33227788015241E+03
 0.33227788015506E+03
 0.33227788018827E+03
 0.33227788024895E+03
 0.33227788021240E+03
 0.33227787914556E+03
 0.33227787932958E+03
 0.33227787937642E+03
 0.33227787936276E+03
 0.33227787955144E+03
 0.33227787961197E+03
 0.33227787964588E+03
 0.33227787985977E+03
 0.33227787979953E+03
 0.33227787987937E+03
 0.33227788006102E+03
 0.33227788011393E+03
 0.33227788007401E+03
 0.33227788003624E+03
 0.33227788008744E+03
 0.33227788011408E+03
 0.33227787981307E+03
 0.33227787982088E+03
 0.33227787985494E+03
 0.33227787990375E+03
 0.33227787984054E+03
 0.33227787982029E+03
 0.33227787987254E+03
 0.33227787976727E+03
 0.33227787979818E+03
 0.33227787968237E+03
 0.33227787970054E+03
 0.33227787959002E+03
 0.33227787942781E+03
 0.33227787921742E+03
 0.33227788015163E+03
 0.33227788017925E+03
 0.33227788023566E+03
 0.33227787994154E+03
 0.33227788004018E+03
 0.33227787972073E+03
 0.33227787964197E+03
 0.33227787933556E+03
 0.33227787908255E+03
 0.33227788001252E+03
 0.33227788008875E+03
 0.33227788029720E+03
 0.33227788026360E+03
 0.33227788029814E+03
 0.33227788028997E+03
 0.33227788028086E+03
 0.33227788029593E+03
 0.33227788027617E+03
 0.33227788027003E+03
 0.33227788018262E+03
 0.33227788019299E+03
 0.33227788025441E+03
 0.33227788022176E+03
 0.33227788026312E+03
 0.33227788028219E+03
 0.33227788019735E+03
 0.33227788009155E+03
 0.33227788009457E+03
 0.33227788004591E+03
 0.33227788012074E+03
 0.33227787894785E+03
 0.33227787921801E+03
 0.33227787917047E+03
 0.33227787929297E+03
 0.33227787934983E+03
 0.33227787956028E+03
 0.33227787958143E+03
 0.33227787965700E+03
 0.33227787966256E+03
 0.33227788004572E+03
 0.33227787996295E+03
 0.33227787992230E+03
 0.33227787996850E+03
 0.33227787997238E+03
 0.33227787994779E+03
 0.33227788001641E+03
 0.33227787998530E+03
 0.33227787986352E+03
 0.33227787988301E+03
 0.33227787995103E+03
 0.33227788005406E+03
 0.33227787997055E+03
 0.33227788000014E+03
 0.33227787992755E+03
 0.33227788003129E+03
 0.33227787994436E+03
 0.33227788003687E+03
 0.33227787998971E+03
 0.33227787988503E+03
 0.33227787994418E+03
 0.33227787989937E+03
 0.33227787990770E+03
 0.33227787980827E+03
 0.33227787970748E+03
 0.33227787940990E+03
 0.33227788000437E+03
 0.33227788003561E+03
 0.33227787992662E+03
 0.33227787999305E+03
 0.33227787992702E+03
 0.33227787977323E+03
 0.33227787983572E+03
 0.33227787985695E+03
 0.33227787942666E+03
 0.33227787986151E+03
 0.33227788010305E+03
 0.33227788005018E+03
 0.33227788008506E+03
 0.33227788012250E+03
 0.33227787980549E+03
 0.33227787982242E+03
 0.33227787970652E+03
 0.33227788008074E+03
 0.33227787992579E+03
 0.33227787983111E+03
 0.33227787988277E+03
 0.33227787988075E+03
 0.33227787991135E+03
 0.33227787993886E+03
 0.33227787992502E+03
 0.33227787885380E+03
 0.33227787894054E+03
 0.33227787902666E+03
 0.33227787912687E+03
 0.33227787978815E+03
 0.33227787978740E+03
 0.33227787973918E+03
 0.33227787979529E+03
 0.33227787973206E+03
 0.33227787990198E+03
 0.33227787985795E+03
 0.33227787993941E+03
 0.33227787973118E+03
 0.33227787992897E+03
 0.33227787989212E+03
 0.33227787987273E+03
 0.33227787988143E+03
 0.33227787995664E+03
 0.33227787983960E+03
 0.33227788000867E+03
 0.33227787988937E+03
 0.33227787976637E+03
 0.33227787988045E+03
 0.33227787985666E+03
 0.33227787992554E+03
 0.33227788002613E+03
 0.33227787994663E+03
 0.33227787992331E+03
 0.33227787993023E+03
 0.33227788002654E+03
 0.33227787994985E+03
 0.33227787985629E+03
 0.33227787993764E+03
 0.33227787996882E+03
 0.33227787986889E+03
 0.33227787991009E+03
 0.33227787990563E+03
 0.33227787994177E+03
 0.33227787994326E+03
 0.33227787994225E+03
 0.33227788003711E+03
 0.33227788001256E+03
 0.33227787994526E+03
 0.33227787999568E+03
 0.33227787985616E+03
 0.33227787983138E+03
 0.33227788014124E+03
 0.33227788029981E+03
 0.33227788013303E+03
 0.33227788021217E+03
 0.33227788030532E+03
 0.33227788032669E+03
 0.33227788025563E+03
 0.33227788019321E+03
 0.33227788030133E+03
 0.33227788008071E+03
 0.33227788012052E+03
 0.33227788005306E+03
 0.33227788020595E+03
 0.33227788006830E+03
 0.33227787989640E+03
 0.33227787986606E+03
 0.33227787969995E+03
 0.33227787988199E+03
 0.33227787991526E+03
 0.33227787991361E+03
 0.33227787992029E+03
 0.33227787987046E+03
 0.33227787990734E+03
 0.33227787988209E+03
 0.33227787994297E+03
 0.33227787984337E+03
 0.33227788001752E+03
 0.33227787980679E+03
 0.33227787994550E+03
 0.33227788007171E+03
 0.33227787994594E+03
 0.33227788001803E+03
 0.33227788002466E+03
 0.33227788019529E+03
 0.33227787999133E+03
 0.33227788016269E+03
 0.33227788000920E+03
 0.33227788001017E+03
 0.33227788009368E+03
 0.33227788003105E+03
 0.33227788009174E+03
 0.33227788006304E+03
 0.33227788015004E+03
 0.33227788008065E+03
 0.33227788002263E+03
 0.33227788018577E+03
 0.33227787994172E+03
 0.33227787994657E+03
 0.33227788010394E+03
 0.33227787991160E+03
 0.33227788019438E+03
 0.33227788028767E+03
 0.33227788008387E+03
 0.33227787997214E+03
 0.33227788000387E+03
 0.33227787992340E+03
 0.33227788010659E+03
 0.33227788011228E+03
 0.33227788013111E+03
 0.33227788007438E+03
 0.33227787990223E+03
 0.33227787969413E+03
 0.33227788003676E+03
 0.33227787993752E+03
 0.33227787990071E+03
 0.33227788002538E+03
 0.33227788000673E+03
 0.33227787986579E+03
 0.33227787982077E+03
 0.33227787998845E+03
 0.33227787981452E+03
 0.33227788007430E+03
 0.33227788008357E+03
 0.33227787983726E+03
 0.33227787986374E+03
 0.33227788003682E+03
 0.33227788003533E+03
 0.33227787975435E+03
 0.33227788013671E+03
 0.33227787992861E+03
 0.33227788006436E+03
 0.33227787981019E+03
 0.33227787985031E+03
 0.33227787967733E+03
 0.33227788001524E+03
 0.33227787975637E+03
 0.33227787987055E+03
 0.33227787998903E+03
 0.33227787987647E+03
 0.33227787973617E+03
 0.33227787965760E+03
 0.33227787974006E+03
 0.33227787975669E+03
 0.33227787977979E+03
 0.33227787965828E+03
 0.33227787973588E+03
 0.33227787975437E+03
 0.33227787983012E+03
 0.33227787984451E+03
 0.33227787976092E+03
 0.33227787991475E+03
 0.33227787971692E+03
 0.33227787977937E+03
 0.33227787968331E+03
 0.33227787967703E+03
 0.33227787977538E+03
 0.33227787973810E+03
 0.33227787985460E+03
 0.33227787984781E+03
 0.33227787980810E+03
 0.33227788001114E+03
 0.33227787974916E+03
 0.33227787994985E+03
 0.33227787981371E+03
 0.33227787983483E+03
 0.33227787979396E+03
 0.33227787979975E+03
 0.33227787981483E+03
 0.33227787970617E+03
 0.33227787983380E+03
 0.33227787990784E+03
 0.33227787974403E+03
 0.33227787982217E+03
 0.33227787970167E+03
 0.33227787973086E+03
 0.33227788010018E+03
 0.33227787988367E+03
 0.33227813181041E+03
 0.33227830883267E+03
 0.33227832869835E+03
 0.33227831601055E+03
 0.33227826920460E+03
 0.33227830224113E+03
 0.33227831451314E+03
 0.33227829689184E+03
 0.33227829866317E+03
 0.33227833196891E+03
 0.33227828075623E+03
 0.33227827914547E+03
 0.33227829057665E+03
 0.33227832109909E+03
 0.33227833573591E+03
 0.33227829239174E+03
 0.33227830345896E+03
 0.33227825463746E+03
 0.33227826706103E+03
 0.33227829898240E+03
 0.33227831015517E+03
 0.33227829349767E+03
 0.33227827843704E+03
 0.33227826467236E+03
 0.33227827729555E+03
 0.33227825171289E+03
 0.33227824547770E+03
 0.33227828896513E+03
 0.33227824273763E+03
 0.33227831270807E+03
 0.33227828171270E+03
 0.33227834455627E+03
 0.33227829594440E+03
 0.33227824582634E+03
 0.33227828924182E+03
 0.33227825750653E+03
 0.33227828865444E+03
 0.33227827974396E+03
 0.33227830264549E+03
 0.33227825536777E+03
 0.33227825864257E+03
 0.33227830004283E+03
 0.33227824216047E+03
 0.33227824498616E+03
 0.33227829963242E+03
 0.33227830005440E+03
 0.33227829209014E+03
 0.33227830569422E+03
 0.33227831558838E+03
 0.33227829420939E+03
 0.33227829794333E+03
 0.33227831410452E+03
 0.33227831404619E+03
 0.33227830631746E+03
 0.33227831355380E+03
 0.33227830991202E+03
 0.33227830834730E+03
 0.33227830839745E+03
 0.33227830673868E+03
 0.33227830758125E+03
 0.33227794766092E+03
 0.33227794746396E+03
 0.33227794692408E+03
 0.33227794673252E+03
 0.33227794641932E+03
 0.33227794684505E+03
 0.33227794838586E+03
 0.33227794911328E+03
 0.33227794918692E+03
 0.33227794920549E+03
 0.33227794892717E+03
 0.33227794914282E+03
 0.33227794919730E+03
 0.33227794920036E+03
 0.33227794919074E+03
 0.33227794917971E+03
 0.33227794916084E+03
 0.33227794911381E+03
 0.33227794903994E+03
 0.33227794898094E+03
 0.33227794889898E+03
 0.33227794868959E+03
 0.33227794851599E+03
 0.33227794833761E+03
 0.33227794814850E+03
 0.33227794776701E+03
 0.33227794768567E+03
 0.33227794736215E+03
 0.33227794719841E+03
 0.33227794687080E+03
 0.33227794665242E+03
 0.33227794639693E+03
 0.33227794634544E+03
 0.33227794623910E+03
 0.33227794622052E+03
 0.33227794623860E+03
 0.33227794634650E+03
 0.33227794632550E+03
 0.33227794651929E+03
 0.33227794654256E+03
 0.33227794656703E+03
 0.33227794660751E+03
 0.33227794671104E+03
 0.33227794693038E+03
 0.33227794703795E+03
 0.33227794719008E+03
 0.33227794720216E+03
 0.33227794727637E+03
 0.33227794724407E+03
 0.33227794735713E+03
 0.33227794766777E+03
 0.33227794782345E+03
 0.33227794795221E+03
 0.33227794809122E+03
 0.33227794808490E+03
 0.33227794816876E+03
 0.33227794827146E+03
 0.33227794859651E+03
 0.33227794871836E+03
 0.33227794877987E+03
 0.33227794891902E+03
 0.33227794907050E+03
 0.33227794903192E+03
 0.33227794938433E+03
 0.33227794936473E+03
 0.33227794951911E+03
 0.33227794947311E+03
 0.33227794949571E+03
 0.33227794948831E+03
 0.33227794969369E+03
 0.33227794977663E+03
 0.33227794977023E+03
 0.33227794974555E+03
 0.33227794975906E+03
 0.33227794990600E+03
 0.33227795003521E+03
 0.33227795029192E+03
 0.33227795001458E+03
 0.33227795001374E+03
 0.33227795034752E+03
 0.33227795039324E+03
 0.33227795028050E+03
 0.33227795046392E+03
 0.33227795049619E+03
 0.33227795047640E+03
 0.33227795057250E+03
 0.33227795055374E+03
 0.33227795074444E+03
 0.33227795056938E+03
 0.33227795056589E+03
 0.33227795091190E+03
 0.33227795077874E+03
 0.33227795079539E+03
 0.33227795087303E+03
 0.33227795091527E+03
 0.33227795095649E+03
 0.33227795102651E+03
 0.33227795100563E+03
 0.33227795099509E+03
 0.33227795116470E+03
 0.33227795119739E+03
 0.33227795116801E+03
 0.33227795124551E+03
 0.33227795120580E+03
 0.33227795141332E+03
 0.33227795128700E+03
 0.33227795145145E+03
 0.33227795130426E+03
 0.33227795139516E+03
 0.33227795151785E+03
 0.33227795136902E+03
 0.33227795153979E+03
 0.33227795150198E+03
 0.33227795168926E+03
 0.33227795154881E+03
 0.33227795148886E+03
 0.33227795152821E+03
 0.33227795163921E+03
