 0.27012045141380E+08
 0.27012045141380E+08
 0.27012045141380E+08
 0.27012045141380E+08
 0.27012045141380E+08
 0.27012045172474E+08
 0.27012045145493E+08
 0.27012045146100E+08
 0.27012045141380E+08
 0.27012045141380E+08
 0.27012045141380E+08
 0.27012045141380E+08
 0.27012045141380E+08
 0.27012045141380E+08
 0.27012045141380E+08
 0.27012045141380E+08
 0.27012045141380E+08
 0.27012045141380E+08
 0.27012045141380E+08
 0.27012045141380E+08
 0.27012045141380E+08
 0.27012045141380E+08
 0.27012045141380E+08
 0.27012045141380E+08
 0.27012045141380E+08
 0.27012045141380E+08
 0.27012045141380E+08
 0.27012045141380E+08
 0.27012045141380E+08
 0.27012045141380E+08
 0.27012045141380E+08
 0.27012045141380E+08
 0.27012045141380E+08
 0.27012045141380E+08
 0.27012045141380E+08
 0.27012045141380E+08
 0.27012045141380E+08
 0.27012045141380E+08
 0.27012045141380E+08
 0.27012045141380E+08
 0.27012045141380E+08
 0.27012045141380E+08
 0.27012045141380E+08
 0.27012045141380E+08
 0.27012045141380E+08
 0.27012045141380E+08
 0.27012045141380E+08
 0.27012045141380E+08
 0.27012045141380E+08
 0.27012045141380E+08
 0.27012045141380E+08
 0.27012045141380E+08
 0.27012045141380E+08
 0.27012045141380E+08
 0.27012045141380E+08
 0.27012045141380E+08
 0.27012045141380E+08
 0.27012045141380E+08
 0.27012045141380E+08
 0.27012045141380E+08
 0.27012045141380E+08
 0.27012045141380E+08
 0.27012045141380E+08
 0.27012045141380E+08
 0.27012045141380E+08
 0.27012045141380E+08
 0.27012045141380E+08
 0.27012045141380E+08
 0.27012045141380E+08
 0.27012045141380E+08
 0.27012045141380E+08
 0.27012045141380E+08
 0.27012045141380E+08
 0.27012045141380E+08
 0.27012045141380E+08
 0.27012045141380E+08
 0.27012045141380E+08
 0.27012045141380E+08
 0.27012045141380E+08
 0.27012045141380E+08
 0.27012045141380E+08
 0.27012045141380E+08
 0.27012045141380E+08
 0.27012045141380E+08
 0.27012045141380E+08
 0.27012045141380E+08
 0.27012045141380E+08
 0.27012045141380E+08
 0.27012045141380E+08
 0.27012045141380E+08
 0.27012045141380E+08
 0.27012045141380E+08
 0.27012045141380E+08
 0.27012045141380E+08
 0.27012045141380E+08
 0.27012045141380E+08
 0.27012045141380E+08
 0.27012045141380E+08
 0.27012045141380E+08
 0.27012045141380E+08
 0.27012045141380E+08
 0.27012045141380E+08
 0.27012045141380E+08
 0.27012045141380E+08
 0.27012045141380E+08
 0.27012045141380E+08
 0.27012045141380E+08
 0.27012045141380E+08
 0.27012045141380E+08
 0.27012045141380E+08
 0.27012045141380E+08
 0.27012045141380E+08
 0.27012045141380E+08
 0.27012045141380E+08
 0.27012045141380E+08
 0.27012045141380E+08
 0.27012045141380E+08
 0.27012045141380E+08
 0.27012045141380E+08
 0.27012045141380E+08
 0.27012045141380E+08
 0.27012045141380E+08
 0.27012045141380E+08
 0.27012045141380E+08
 0.27012045141380E+08
 0.27012045141380E+08
 0.27012045141380E+08
 0.27012045141380E+08
 0.27012045141380E+08
 0.27012045141380E+08
 0.27012045141380E+08
 0.27012045141380E+08
 0.27012045141380E+08
 0.27012045141380E+08
 0.27012045141380E+08
 0.27012045141380E+08
 0.27012045141380E+08
 0.27012045141380E+08
 0.27012045141380E+08
 0.27012045141380E+08
 0.27012045141380E+08
 0.27012045141380E+08
 0.27012045141380E+08
 0.27012045141380E+08
 0.27012045141380E+08
 0.27012045141380E+08
 0.27012045141380E+08
 0.27012045141380E+08
 0.27012045141380E+08
 0.27012045141380E+08
 0.27012045141380E+08
 0.27012045141380E+08
 0.27012045141380E+08
 0.27012045141380E+08
 0.27012045141380E+08
 0.27012045141380E+08
 0.27012045141380E+08
 0.27012045141380E+08
 0.27012045141380E+08
 0.27012045141380E+08
 0.27012045141380E+08
 0.27012045141380E+08
 0.27012045141380E+08
 0.27012045141380E+08
 0.27012045141380E+08
 0.27012045141380E+08
 0.27012045141380E+08
 0.27012045141380E+08
 0.27012045141380E+08
 0.27012045141380E+08
 0.27012045141380E+08
 0.27012045141380E+08
 0.27012045141380E+08
 0.27012045141380E+08
 0.27012045141380E+08
 0.27012045141380E+08
 0.27012045141380E+08
 0.27012045141380E+08
 0.27012045141380E+08
 0.27012045141380E+08
 0.27012045141380E+08
 0.27012045141380E+08
 0.27012045141380E+08
 0.27012045141380E+08
 0.27012045141380E+08
 0.27012045141380E+08
 0.27012045141380E+08
 0.27012045141380E+08
 0.27012045141380E+08
 0.27012045141380E+08
 0.27012045141380E+08
 0.27012045141380E+08
 0.27012045141380E+08
 0.27012045141380E+08
 0.27012045141380E+08
 0.27012045141380E+08
 0.27012045141380E+08
 0.27012045141380E+08
 0.27012045141380E+08
 0.27012045141380E+08
 0.27012045141380E+08
 0.27012045141380E+08
 0.27012045141380E+08
 0.27012045141380E+08
 0.27012045141380E+08
 0.27012045141380E+08
 0.27012045141380E+08
 0.27012045141380E+08
 0.27012045141380E+08
 0.27012045141380E+08
 0.27012045141380E+08
 0.27012045141380E+08
 0.27012045141380E+08
 0.27012045141380E+08
 0.27012045141380E+08
 0.27012045141380E+08
 0.27012045137727E+08
 0.27012045136794E+08
 0.27012045137242E+08
 0.27012045138472E+08
 0.27012045143908E+08
 0.27012045145096E+08
 0.27012045155620E+08
 0.27012045157112E+08
 0.27012045169174E+08
 0.27012045174152E+08
 0.27012045175015E+08
 0.27012045175090E+08
 0.27012045192585E+08
 0.27012045194618E+08
 0.27012045194642E+08
 0.27012045194368E+08
 0.27012045205634E+08
 0.27012045208177E+08
 0.27012045209157E+08
 0.27012045207679E+08
 0.27012045207664E+08
 0.27012045206659E+08
 0.27012045210713E+08
 0.27012045213578E+08
 0.27012045213189E+08
 0.27012045211620E+08
 0.27012045209335E+08
 0.27012045206691E+08
 0.27012045206811E+08
 0.27012045206329E+08
 0.27012045210404E+08
 0.27012045214264E+08
 0.27012045214271E+08
 0.27012045212722E+08
 0.27012045209240E+08
 0.27012045207104E+08
 0.27012045207469E+08
 0.27012045207225E+08
 0.27012045206166E+08
 0.27012045204514E+08
 0.27012045227751E+08
 0.27012045231457E+08
 0.27012045232951E+08
 0.27012045232925E+08
 0.27012045233414E+08
 0.27012045235090E+08
 0.27012045236873E+08
 0.27012045233476E+08
 0.27012045230529E+08
 0.27012045228146E+08
 0.27012045229166E+08
 0.27012045227631E+08
 0.27012045226249E+08
 0.27012045286600E+08
 0.27012045297383E+08
 0.27012045303962E+08
 0.27012045308584E+08
 0.27012045311948E+08
 0.27012045313362E+08
 0.27012045314915E+08
 0.27012045317453E+08
 0.27012045318634E+08
 0.27012045318974E+08
 0.27012045318770E+08
 0.27012045318213E+08
 0.27012045317407E+08
 0.27012045316513E+08
 0.27012045315633E+08
 0.27012045314803E+08
 0.27012045314427E+08
 0.27012045313583E+08
 0.27012045312710E+08
 0.27012045311953E+08
 0.27012045311477E+08
 0.27012045336113E+08
 0.27012045340565E+08
 0.27012045343241E+08
 0.27012045345487E+08
 0.27012045347046E+08
 0.27012045349227E+08
 0.27012045350637E+08
 0.27012045351494E+08
 0.27012045351954E+08
 0.27012045352124E+08
 0.27012045352081E+08
 0.27012045351881E+08
 0.27012045351572E+08
 0.27012045351128E+08
 0.27012045350518E+08
 0.27012045350096E+08
 0.27012045349636E+08
 0.27012045349142E+08
 0.27012045348522E+08
 0.27012045347615E+08
 0.27012045347144E+08
 0.27012045359236E+08
 0.27012045361837E+08
 0.27012045363741E+08
 0.27012045365078E+08
 0.27012045365953E+08
 0.27012045366445E+08
 0.27012045366614E+08
 0.27012045366529E+08
 0.27012045366222E+08
 0.27012045365727E+08
 0.27012045365085E+08
 0.27012045365051E+08
 0.27012045362291E+08
 0.27012045363312E+08
 0.27012045362744E+08
 0.27012045361407E+08
 0.27012045358024E+08
 0.27012045358144E+08
 0.27012045357759E+08
 0.27012045357026E+08
 0.27012045356098E+08
 0.27012045354923E+08
 0.27012045366865E+08
 0.27012045367991E+08
 0.27012045368647E+08
 0.27012045368905E+08
 0.27012045368825E+08
 0.27012045368449E+08
 0.27012045367830E+08
 0.27012045366998E+08
 0.27012045365988E+08
 0.27012045364832E+08
 0.27012045363555E+08
 0.27012045362184E+08
 0.27012045360083E+08
 0.27012045358272E+08
 0.27012045356516E+08
 0.27012045354898E+08
 0.27012045354508E+08
 0.27012045352683E+08
 0.27012045350923E+08
 0.27012045349350E+08
 0.27012045356996E+08
 0.27012045358166E+08
 0.27012045356885E+08
 0.27012045356178E+08
 0.27012045356384E+08
 0.27012045355064E+08
 0.27012045353401E+08
 0.27012045351475E+08
 0.27012045339776E+08
 0.27012045349439E+08
 0.27012045347265E+08
 0.27012045345712E+08
 0.27012045343435E+08
 0.27012045322709E+08
 0.27012045318503E+08
 0.27012045314617E+08
 0.27012045313316E+08
 0.27012045311952E+08
 0.27012045308905E+08
 0.27012045303501E+08
 0.27012045309501E+08
 0.27012045317253E+08
 0.27012045317242E+08
 0.27012045316505E+08
 0.27012045322023E+08
 0.27012045321648E+08
 0.27012045320749E+08
 0.27012045319396E+08
 0.27012045317615E+08
 0.27012045315414E+08
 0.27012045312718E+08
 0.27012045309221E+08
 0.27012045295436E+08
 0.27012045293583E+08
 0.27012045289527E+08
 0.27012045275413E+08
 0.27012045273636E+08
 0.27012045267562E+08
 0.27012045278278E+08
 0.27012045290530E+08
 0.27012045287199E+08
 0.27012045296262E+08
 0.27012045295026E+08
 0.27012045293598E+08
 0.27012045290961E+08
 0.27012045288342E+08
 0.27012045285341E+08
 0.27012045282082E+08
 0.27012045278484E+08
 0.27012045274765E+08
 0.27012045271008E+08
 0.27012045267298E+08
 0.27012045266010E+08
 0.27012045265224E+08
 0.27012045269003E+08
 0.27012045268448E+08
 0.27012045267082E+08
 0.27012045257119E+08
 0.27012045257203E+08
 0.27012045247768E+08
 0.27012045249184E+08
 0.27012045269443E+08
 0.27012045270603E+08
 0.27012045268496E+08
 0.27012045270128E+08
 0.27012045271021E+08
 0.27012045272193E+08
 0.27012045272911E+08
 0.27012045273269E+08
 0.27012045267502E+08
 0.27012045270257E+08
 0.27012045269601E+08
 0.27012045264419E+08
 0.27012045260997E+08
 0.27012045261666E+08
 0.27012045262708E+08
 0.27012045262540E+08
 0.27012045265109E+08
 0.27012045265463E+08
 0.27012045264803E+08
 0.27012045253398E+08
 0.27012045278657E+08
 0.27012045279792E+08
 0.27012045280820E+08
 0.27012045281292E+08
 0.27012045276063E+08
 0.27012045276377E+08
 0.27012045276883E+08
 0.27012045277371E+08
 0.27012045277663E+08
 0.27012045277995E+08
 0.27012045277882E+08
 0.27012045278090E+08
 0.27012045277903E+08
 0.27012045266751E+08
 0.27012045265867E+08
 0.27012045264099E+08
 0.27012045265799E+08
 0.27012045266699E+08
 0.27012045266273E+08
 0.27012045280334E+08
 0.27012045282146E+08
 0.27012045283264E+08
 0.27012045283791E+08
 0.27012045283790E+08
 0.27012045286070E+08
 0.27012045286248E+08
 0.27012045285815E+08
 0.27012045284928E+08
 0.27012045283701E+08
 0.27012045282216E+08
 0.27012045278863E+08
 0.27012045277876E+08
 0.27012045276749E+08
 0.27012045277441E+08
 0.27012045278277E+08
 0.27012045277695E+08
 0.27012045265258E+08
 0.27012045266765E+08
 0.27012045285597E+08
 0.27012045288188E+08
 0.27012045282452E+08
 0.27012045282437E+08
 0.27012045284476E+08
 0.27012045284453E+08
 0.27012045285142E+08
 0.27012045285228E+08
 0.27012045284828E+08
 0.27012045283876E+08
 0.27012045282524E+08
 0.27012045280897E+08
 0.27012045279089E+08
 0.27012045275954E+08
 0.27012045285420E+08
 0.27012045284486E+08
 0.27012045283200E+08
 0.27012045278466E+08
 0.27012045279343E+08
 0.27012045281751E+08
 0.27012045283429E+08
 0.27012045284462E+08
 0.27012045284854E+08
 0.27012045284916E+08
 0.27012045284528E+08
 0.27012045276795E+08
 0.27012045278128E+08
 0.27012045278217E+08
 0.27012045277819E+08
 0.27012045277152E+08
 0.27012045276519E+08
 0.27012045273361E+08
 0.27012045272985E+08
 0.27012045272421E+08
 0.27012045272290E+08
 0.27012045271686E+08
 0.27012045270661E+08
 0.27012045270568E+08
 0.27012045269149E+08
 0.27012045261831E+08
 0.27012045259523E+08
 0.27012045260483E+08
 0.27012045263278E+08
 0.27012045262876E+08
 0.27012045262180E+08
 0.27012045261681E+08
 0.27012045261066E+08
 0.27012045260008E+08
 0.27012045258607E+08
 0.27012045257253E+08
 0.27012045255134E+08
 0.27012045252902E+08
 0.27012045250780E+08
 0.27012045249594E+08
 0.27012045247402E+08
 0.27012045245026E+08
 0.27012045242285E+08
 0.27012045240839E+08
 0.27012045238538E+08
 0.27012045240002E+08
 0.27012045238257E+08
 0.27012045238615E+08
 0.27012045238331E+08
 0.27012045237661E+08
 0.27012045237252E+08
 0.27012045236713E+08
 0.27012045235687E+08
 0.27012045234792E+08
 0.27012045233217E+08
 0.27012045231756E+08
 0.27012045225362E+08
 0.27012045222379E+08
 0.27012045219452E+08
 0.27012045216808E+08
 0.27012045217888E+08
 0.27012045214613E+08
 0.27012045211390E+08
 0.27012045208537E+08
 0.27012045207474E+08
 0.27012045204298E+08
 0.27012045203150E+08
 0.27012045200356E+08
 0.27012045209357E+08
 0.27012045207553E+08
 0.27012045207099E+08
 0.27012045207001E+08
 0.27012045205713E+08
 0.27012045204251E+08
 0.27012045202967E+08
 0.27012045195021E+08
 0.27012045191981E+08
 0.27012045189022E+08
 0.27012045186258E+08
 0.27012045179546E+08
 0.27012045175225E+08
 0.27012045175463E+08
 0.27012045176359E+08
 0.27012045176636E+08
 0.27012045170931E+08
 0.27012045173145E+08
 0.27012045174060E+08
 0.27012045170012E+08
 0.27012045172112E+08
 0.27012045166709E+08
 0.27012045163435E+08
 0.27012045175675E+08
 0.27012045175192E+08
 0.27012045163401E+08
 0.27012045163717E+08
 0.27012045162391E+08
 0.27012045159212E+08
 0.27012045152835E+08
 0.27012045148447E+08
 0.27012045144819E+08
 0.27012045143608E+08
 0.27012045145045E+08
 0.27012045145940E+08
 0.27012045146410E+08
 0.27012045147841E+08
 0.27012045147831E+08
 0.27012045147613E+08
 0.27012045147211E+08
 0.27012045146058E+08
 0.27012045146218E+08
 0.27012045145875E+08
 0.27012045145120E+08
 0.27012045139075E+08
 0.27012045137881E+08
 0.27012045136539E+08
 0.27012045135484E+08
 0.27012045134317E+08
 0.27012045133204E+08
 0.27012045132211E+08
 0.27012045130737E+08
 0.27012045116830E+08
 0.27012045114514E+08
 0.27012045116312E+08
 0.27012045115647E+08
 0.27012045117972E+08
 0.27012045118361E+08
 0.27012045118367E+08
 0.27012045118230E+08
 0.27012045117944E+08
 0.27012045118423E+08
 0.27012045118309E+08
 0.27012045118005E+08
 0.27012045117668E+08
 0.27012045109137E+08
 0.27012045107192E+08
 0.27012045105267E+08
 0.27012045103457E+08
 0.27012045101656E+08
 0.27012045102873E+08
 0.27012045100637E+08
 0.27012045098499E+08
 0.27012045096491E+08
 0.27012045097367E+08
 0.27012045095165E+08
 0.27012045096780E+08
 0.27012045095669E+08
 0.27012045100906E+08
 0.27012045097832E+08
 0.27012045096498E+08
 0.27012045098749E+08
 0.27012045099400E+08
 0.27012045099343E+08
 0.27012045099175E+08
 0.27012045098886E+08
 0.27012045098083E+08
 0.27012045097463E+08
 0.27012045092392E+08
 0.27012045088595E+08
 0.27012045086708E+08
 0.27012045084784E+08
 0.27012045082774E+08
 0.27012045081062E+08
 0.27012045079499E+08
 0.27012045084169E+08
 0.27012045081779E+08
 0.27012045079771E+08
 0.27012045078085E+08
 0.27012045076818E+08
 0.27012045078759E+08
 0.27012045081830E+08
 0.27012045082757E+08
 0.27012045081540E+08
 0.27012045081371E+08
 0.27012045081327E+08
 0.27012045081121E+08
 0.27012045080904E+08
 0.27012045088809E+08
 0.27012045089010E+08
 0.27012045089394E+08
 0.27012045084439E+08
 0.27012045083613E+08
 0.27012045082943E+08
 0.27012045078657E+08
 0.27012045077673E+08
 0.27012045076831E+08
 0.27012045075949E+08
 0.27012045075222E+08
 0.27012045074739E+08
 0.27012045079079E+08
 0.27012045077589E+08
 0.27012045076397E+08
 0.27012045074329E+08
 0.27012045074475E+08
 0.27012045075784E+08
 0.27012045076388E+08
 0.27012045091708E+08
 0.27012045091742E+08
 0.27012045091984E+08
 0.27012045090423E+08
 0.27012045089540E+08
 0.27012045088702E+08
 0.27012045087876E+08
 0.27012045082046E+08
 0.27012045079983E+08
 0.27012045077588E+08
 0.27012045075070E+08
 0.27012045069265E+08
 0.27012045069692E+08
 0.27012045069590E+08
 0.27012045069396E+08
 0.27012045069340E+08
 0.27012045069748E+08
 0.27012045069259E+08
 0.27012045069648E+08
 0.27012045078146E+08
 0.27012045069822E+08
 0.27012045070444E+08
 0.27012045069820E+08
 0.27012045078928E+08
 0.27012045093339E+08
 0.27012045093405E+08
 0.27012045086782E+08
 0.27012045085625E+08
 0.27012045084930E+08
 0.27012045084916E+08
 0.27012045072546E+08
 0.27012045070808E+08
 0.27012045070590E+08
 0.27012045072172E+08
 0.27012045072085E+08
 0.27012045072666E+08
 0.27012045081258E+08
 0.27012045079763E+08
 0.27012045077939E+08
 0.27012045077009E+08
 0.27012045076272E+08
 0.27012045083412E+08
 0.27012045081469E+08
 0.27012045084145E+08
 0.27012045077093E+08
 0.27012045076440E+08
 0.27012045093152E+08
 0.27012045096413E+08
 0.27012045090302E+08
 0.27012045087925E+08
 0.27012045086816E+08
 0.27012045086443E+08
 0.27012045086900E+08
 0.27012045079459E+08
 0.27012045077832E+08
 0.27012045078488E+08
 0.27012045079108E+08
 0.27012045079728E+08
 0.27012045087657E+08
 0.27012045086422E+08
 0.27012045085298E+08
 0.27012045082076E+08
 0.27012045091107E+08
 0.27012045089224E+08
 0.27012045084709E+08
 0.27012045086000E+08
 0.27012045086084E+08
 0.27012045103629E+08
 0.27012045105171E+08
 0.27012045104675E+08
 0.27012045098850E+08
 0.27012045097963E+08
 0.27012045097589E+08
 0.27012045098068E+08
 0.27012045086003E+08
 0.27012045086504E+08
 0.27012045087013E+08
 0.27012045099878E+08
 0.27012045088938E+08
 0.27012045089243E+08
 0.27012045088672E+08
 0.27012045090662E+08
 0.27012045091062E+08
 0.27012045091852E+08
 0.27012045092912E+08
 0.27012045096129E+08
 0.27012045109537E+08
 0.27012045115739E+08
 0.27012045115959E+08
 0.27012045116609E+08
 0.27012045115038E+08
 0.27012045114839E+08
 0.27012045114944E+08
 0.27012045115401E+08
 0.27012045115085E+08
 0.27012045118257E+08
 0.27012045110915E+08
 0.27012045115548E+08
 0.27012045113843E+08
 0.27012045112041E+08
 0.27012045110275E+08
 0.27012045108504E+08
 0.27012045107417E+08
 0.27012045106792E+08
 0.27012045106667E+08
 0.27012045113601E+08
 0.27012045116306E+08
 0.27012045121636E+08
 0.27012045122665E+08
 0.27012045123965E+08
 0.27012045123917E+08
 0.27012045124570E+08
 0.27012045124823E+08
 0.27012045124986E+08
 0.27012045124985E+08
 0.27012045121781E+08
 0.27012045120824E+08
 0.27012045119314E+08
 0.27012045117770E+08
 0.27012045116429E+08
 0.27012045115354E+08
 0.27012045105446E+08
 0.27012045101257E+08
 0.27012045102450E+08
 0.27012045109869E+08
 0.27012045102017E+08
 0.27012045102881E+08
 0.27012045103561E+08
 0.27012045103465E+08
 0.27012045103352E+08
 0.27012045103732E+08
 0.27012045103933E+08
 0.27012045104349E+08
 0.27012045105348E+08
 0.27012045106164E+08
 0.27012045119634E+08
 0.27012045126566E+08
 0.27012045126432E+08
 0.27012045125718E+08
 0.27012045121451E+08
 0.27012045119654E+08
 0.27012045117160E+08
 0.27012045114445E+08
 0.27012045103225E+08
 0.27012045100715E+08
 0.27012045102597E+08
 0.27012045102529E+08
 0.27012045102154E+08
 0.27012045102415E+08
 0.27012045102758E+08
 0.27012045108663E+08
 0.27012045105426E+08
 0.27012045106868E+08
 0.27012045123209E+08
 0.27012045124022E+08
 0.27012045124516E+08
 0.27012045124783E+08
 0.27012045125309E+08
 0.27012045125266E+08
 0.27012045125579E+08
 0.27012045122594E+08
 0.27012045121848E+08
 0.27012045120841E+08
 0.27012045119675E+08
 0.27012045118901E+08
 0.27012045119681E+08
 0.27012045119105E+08
 0.27012045120792E+08
 0.27012045120318E+08
 0.27012045120548E+08
 0.27012045121211E+08
 0.27012045119262E+08
 0.27012045119387E+08
 0.27012045120395E+08
 0.27012045120717E+08
 0.27012045120429E+08
 0.27012045120696E+08
 0.27012045120045E+08
 0.27012045119110E+08
 0.27012045117928E+08
 0.27012045116572E+08
 0.27012045114813E+08
 0.27012045107111E+08
 0.27012045103534E+08
 0.27012045098887E+08
 0.27012045092907E+08
 0.27012045094186E+08
 0.27012045094144E+08
 0.27012045093581E+08
 0.27012045093358E+08
 0.27012045093442E+08
 0.27012045100813E+08
 0.27012045097910E+08
 0.27012045095238E+08
 0.27012045097003E+08
 0.27012045098113E+08
 0.27012045113414E+08
 0.27012045113690E+08
 0.27012045113869E+08
 0.27012045114214E+08
 0.27012045114194E+08
 0.27012045114036E+08
 0.27012045113582E+08
 0.27012045113681E+08
 0.27012045112920E+08
 0.27012045091230E+08
 0.27012045091154E+08
 0.27012045109968E+08
 0.27012045109559E+08
 0.27012045109505E+08
 0.27012045089334E+08
 0.27012045108521E+08
 0.27012045108351E+08
 0.27012045107918E+08
 0.27012045107916E+08
 0.27012045107553E+08
 0.27012045106568E+08
 0.27012045103173E+08
 0.27012045100440E+08
 0.27012045097122E+08
 0.27012045093239E+08
 0.27012045088069E+08
 0.27012045081814E+08
 0.27012045083264E+08
 0.27012045082466E+08
 0.27012045082653E+08
 0.27012045090113E+08
 0.27012045086697E+08
 0.27012045085465E+08
 0.27012045087414E+08
 0.27012045103218E+08
 0.27012045103687E+08
 0.27012045103807E+08
 0.27012045101927E+08
 0.27012045100923E+08
 0.27012045099502E+08
 0.27012045097761E+08
 0.27012045095656E+08
 0.27012045093547E+08
 0.27012045091816E+08
 0.27012045090178E+08
 0.27012045088519E+08
 0.27012045086796E+08
 0.27012045084928E+08
 0.27012045084463E+08
 0.27012045087305E+08
 0.27012045092419E+08
 0.27012045091232E+08
 0.27012045090587E+08
 0.27012045088673E+08
 0.27012045087401E+08
 0.27012045087314E+08
 0.27012045088122E+08
 0.27012045091343E+08
 0.27012045092063E+08
 0.27012045091369E+08
 0.27012045089482E+08
 0.27012045087099E+08
 0.27012045084431E+08
 0.27012045080690E+08
 0.27012045077409E+08
 0.27012045078750E+08
 0.27012045079479E+08
 0.27012045079310E+08
 0.27012045079334E+08
 0.27012045079769E+08
 0.27012045082110E+08
 0.27012045085095E+08
 0.27012045101374E+08
 0.27012045101944E+08
 0.27012045101869E+08
 0.27012045100348E+08
 0.27012045098779E+08
 0.27012045096767E+08
 0.27012045095587E+08
 0.27012045094156E+08
 0.27012045092587E+08
 0.27012045090858E+08
 0.27012045088932E+08
 0.27012045086725E+08
 0.27012045084025E+08
 0.27012045080020E+08
 0.27012045077059E+08
 0.27012045078207E+08
 0.27012045078805E+08
 0.27012045078785E+08
 0.27012045105881E+08
 0.27012045107205E+08
 0.27012045108214E+08
 0.27012045109745E+08
 0.27012045111256E+08
 0.27012045118422E+08
 0.27012045115975E+08
 0.27012045118737E+08
 0.27012045136035E+08
 0.27012045137724E+08
 0.27012045138872E+08
 0.27012045138883E+08
 0.27012045139272E+08
 0.27012045140529E+08
 0.27012045141554E+08
 0.27012045141423E+08
 0.27012045141637E+08
 0.27012045141486E+08
 0.27012045141601E+08
 0.27012045141835E+08
 0.27012045142257E+08
 0.27012045142868E+08
 0.27012045143020E+08
 0.27012045143406E+08
 0.27012045146007E+08
 0.27012045149454E+08
 0.27012045152043E+08
 0.27012045154294E+08
 0.27012045157018E+08
 0.27012045159467E+08
 0.27012045161859E+08
 0.27012045164239E+08
 0.27012045166744E+08
 0.27012045169389E+08
 0.27012045171378E+08
 0.27012045177836E+08
 0.27012045179617E+08
 0.27012045177218E+08
 0.27012045178123E+08
 0.27012045178616E+08
 0.27012045178074E+08
 0.27012045176414E+08
 0.27012045182947E+08
 0.27012045200026E+08
 0.27012045216430E+08
 0.27012045231195E+08
 0.27012045245112E+08
 0.27012045258639E+08
 0.27012045272949E+08
 0.27012045284672E+08
 0.27012045296142E+08
 0.27012045314297E+08
 0.27012045321183E+08
 0.27012045332383E+08
 0.27012045358522E+08
 0.27012045368451E+08
 0.27012045377422E+08
 0.27012045382431E+08
 0.27012045386896E+08
 0.27012045390756E+08
 0.27012045394091E+08
 0.27012045398113E+08
 0.27012045401733E+08
 0.27012045405128E+08
 0.27012045408213E+08
 0.27012045411026E+08
 0.27012045413505E+08
 0.27012045415587E+08
 0.27012045417008E+08
 0.27012045416932E+08
 0.27012045426394E+08
 0.27012045427107E+08
 0.27012045425392E+08
 0.27012045428712E+08
 0.27012045433789E+08
 0.27012045437344E+08
 0.27012045440426E+08
 0.27012045443251E+08
 0.27012045446150E+08
 0.27012045450869E+08
 0.27012045453625E+08
 0.27012045456095E+08
 0.27012045458440E+08
 0.27012045461199E+08
 0.27012045463851E+08
 0.27012045466401E+08
 0.27012045475203E+08
 0.27012045475399E+08
 0.27012045476629E+08
 0.27012045478173E+08
 0.27012045480142E+08
 0.27012045482590E+08
 0.27012045485728E+08
 0.27012045489524E+08
 0.27012045484161E+08
 0.27012045485606E+08
 0.27012045487032E+08
 0.27012045489091E+08
 0.27012045490686E+08
 0.27012045492428E+08
 0.27012045493897E+08
 0.27012045495374E+08
 0.27012045496327E+08
 0.27012045497736E+08
 0.27012045499834E+08
 0.27012045501079E+08
 0.27012045501917E+08
 0.27012045503032E+08
 0.27012045504328E+08
 0.27012045512901E+08
 0.27012045510853E+08
 0.27012045513569E+08
 0.27012045510845E+08
 0.27012045513892E+08
 0.27012045531041E+08
 0.27012052728537E+08
 0.27012052729554E+08
 0.27012052729345E+08
 0.27012052729360E+08
 0.27012052728870E+08
 0.27012052728079E+08
 0.27012052727424E+08
 0.27012052727156E+08
 0.27012052960411E+08
 0.27012052972025E+08
 0.27012052982790E+08
 0.27012052992909E+08
 0.27012053002159E+08
 0.27012053010343E+08
 0.27012053016318E+08
 0.27012053024455E+08
 0.27012053035331E+08
 0.27012053044776E+08
 0.27012053053427E+08
 0.27012053061427E+08
 0.27012053069184E+08
 0.27012053076975E+08
 0.27012053085671E+08
 0.27012053092264E+08
 0.27012053098502E+08
 0.27012053104932E+08
 0.27012053111094E+08
 0.27012053124584E+08
 0.27012053127650E+08
 0.27012053130048E+08
 0.27012053135614E+08
 0.27012053141851E+08
 0.27012053161966E+08
 0.27012053166740E+08
 0.27012053171032E+08
 0.27012053174871E+08
 0.27012053177540E+08
 0.27012053180709E+08
 0.27012053183740E+08
 0.27012053186641E+08
 0.27012053189275E+08
 0.27012053191499E+08
 0.27012053193636E+08
 0.27012053195862E+08
 0.27012053198280E+08
 0.27012053200604E+08
 0.27012053203206E+08
 0.27012053203872E+08
 0.27012053187902E+08
 0.27012053188103E+08
 0.27012053189717E+08
 0.27012053191650E+08
 0.27012053196606E+08
 0.27012053190405E+08
 0.27012053191467E+08
 0.27012053192910E+08
 0.27012053201373E+08
 0.27012053199871E+08
 0.27012053199340E+08
 0.27012053202451E+08
 0.27012053219380E+08
 0.27012053220804E+08
 0.27012053222179E+08
 0.27012053223130E+08
 0.27012053223014E+08
 0.27012053223216E+08
 0.27012053222991E+08
 0.27012053222548E+08
 0.27012053221770E+08
 0.27012053221824E+08
 0.27012053221565E+08
 0.27012053221226E+08
 0.27012053220782E+08
 0.27012053220308E+08
 0.27012053219778E+08
 0.27012053219158E+08
 0.27012053389408E+08
 0.27012053396894E+08
 0.27012053403448E+08
 0.27012053407582E+08
 0.27012053415238E+08
 0.27012053424148E+08
 0.27012053432317E+08
 0.27012053439623E+08
 0.27012053446319E+08
 0.27012053452622E+08
 0.27012053458537E+08
 0.27012053464438E+08
 0.27012053471999E+08
 0.27012053477086E+08
 0.27012053481989E+08
 0.27012053486513E+08
 0.27012053491274E+08
 0.27012053495833E+08
 0.27012053500115E+08
 0.27012053510555E+08
 0.27012053512108E+08
 0.27012053513688E+08
 0.27012053517650E+08
 0.27012053521937E+08
 0.27012053525656E+08
 0.27012053543781E+08
 0.27012053546804E+08
 0.27012053549598E+08
 0.27012053552206E+08
 0.27012053554515E+08
 0.27012053556572E+08
 0.27012053558198E+08
 0.27012053543508E+08
 0.27012053543946E+08
 0.27012053548567E+08
 0.27012053551004E+08
 0.27012053544191E+08
 0.27012053544971E+08
 0.27012053543911E+08
 0.27012053544751E+08
 0.27012053545556E+08
 0.27012053546630E+08
 0.27012053549107E+08
 0.27012053549704E+08
 0.27012053550427E+08
 0.27012053551438E+08
 0.27012053552479E+08
 0.27012053561231E+08
 0.27012053559457E+08
 0.27012053556974E+08
 0.27012053558575E+08
 0.27012053575607E+08
 0.27012053576971E+08
 0.27012053577870E+08
 0.27012053578481E+08
 0.27012053577869E+08
 0.27012053577774E+08
 0.27012053577462E+08
 0.27012053576844E+08
 0.27012053719951E+08
 0.27012053727265E+08
 0.27012053734011E+08
 0.27012053740083E+08
 0.27012053746022E+08
 0.27012053751331E+08
 0.27012053756435E+08
 0.27012053761145E+08
 0.27012053765118E+08
 0.27012053768623E+08
 0.27012053771285E+08
 0.27012053772319E+08
 0.27012053776235E+08
 0.27012053781355E+08
 0.27012053786314E+08
 0.27012053790466E+08
 0.27012053794238E+08
 0.27012053797613E+08
 0.27012053800859E+08
 0.27012053803710E+08
 0.27012053806589E+08
 0.27012053809312E+08
 0.27012053812002E+08
 0.27012053814510E+08
 0.27012053816761E+08
 0.27012053818791E+08
 0.27012053820782E+08
 0.27012053822479E+08
 0.27012053824058E+08
 0.27012053825309E+08
 0.27012053826274E+08
 0.27012053827027E+08
 0.27012053826698E+08
 0.27012053823285E+08
 0.27012053822883E+08
 0.27012053825407E+08
 0.27012053826900E+08
 0.27012053834475E+08
 0.27012053835958E+08
 0.27012053830922E+08
 0.27012053830539E+08
 0.27012053831772E+08
 0.27012053829683E+08
 0.27012053826895E+08
 0.27012053823805E+08
 0.27012053819801E+08
 0.27012053816244E+08
 0.27012053815851E+08
 0.27012053815839E+08
 0.27012053815480E+08
 0.27012053814486E+08
 0.27012053812983E+08
 0.27012053812661E+08
 0.27012053812621E+08
 0.27012053812798E+08
 0.27012053814534E+08
 0.27012053814132E+08
 0.27012053956383E+08
 0.27012053963857E+08
 0.27012053970415E+08
 0.27012053983541E+08
 0.27012053986938E+08
 0.27012053991214E+08
 0.27012053998279E+08
 0.27012054019029E+08
 0.27012054024501E+08
 0.27012054029201E+08
 0.27012054032363E+08
 0.27012054035832E+08
 0.27012054039124E+08
 0.27012054041398E+08
 0.27012054043332E+08
 0.27012054044880E+08
 0.27012054046127E+08
 0.27012054047766E+08
 0.27012054049267E+08
 0.27012054050341E+08
 0.27012054051125E+08
 0.27012054051785E+08
 0.27012054051926E+08
 0.27012054052010E+08
 0.27012054052122E+08
 0.27012054051787E+08
 0.27012054050912E+08
 0.27012054049548E+08
 0.27012054047451E+08
 0.27012054044191E+08
 0.27012054038113E+08
 0.27012054030127E+08
 0.27012054020714E+08
 0.27012054026273E+08
 0.27012054030549E+08
 0.27012054031908E+08
 0.27012054035992E+08
 0.27012054031094E+08
 0.27012054030817E+08
 0.27012054030155E+08
 0.27012054029250E+08
 0.27012054039846E+08
 0.27012054079106E+08
 0.27012054073797E+08
 0.27012054070755E+08
 0.27012054067720E+08
 0.27012054064527E+08
 0.27012054065828E+08
 0.27012054062382E+08
 0.27012054058910E+08
 0.27012054055518E+08
 0.27012054051555E+08
 0.27012054047326E+08
 0.27012054043077E+08
 0.27012054167150E+08
 0.27012054168293E+08
 0.27012054168755E+08
 0.27012054167412E+08
 0.27012054167442E+08
 0.27012054168940E+08
 0.27012054171108E+08
 0.27012054171429E+08
 0.27012054169916E+08
 0.27012054166963E+08
 0.27012054109831E+08
 0.27012054117544E+08
 0.27012054125733E+08
 0.27012054131452E+08
 0.27012054136910E+08
 0.27012054142948E+08
 0.27012054147919E+08
 0.27012054160279E+08
 0.27012054161634E+08
 0.27012054163445E+08
 0.27012054169131E+08
 0.27012054188973E+08
 0.27012054192228E+08
 0.27012054195224E+08
 0.27012054196324E+08
 0.27012054198175E+08
 0.27012054197960E+08
 0.27012054196495E+08
 0.27012054194690E+08
 0.27012054191843E+08
 0.27012054188503E+08
 0.27012054180315E+08
 0.27012054166585E+08
 0.27012054146525E+08
 0.27012054186017E+08
 0.27012054185687E+08
 0.27012054172939E+08
 0.27012054191104E+08
 0.27012054188405E+08
 0.27012054184901E+08
 0.27012054177713E+08
 0.27012054113944E+08
 0.27012054195684E+08
 0.27012054211643E+08
 0.27012054214665E+08
 0.27012054212012E+08
 0.27012054202442E+08
 0.27012054214247E+08
 0.27012054163367E+08
 0.27012054143249E+08
 0.27012054196823E+08
 0.27012054187459E+08
 0.27012054169747E+08
 0.27012054149056E+08
 0.27012054145883E+08
 0.27012054164863E+08
 0.27012054050241E+08
 0.27012054082156E+08
 0.27012054111758E+08
 0.27012054138380E+08
 0.27012054161381E+08
 0.27012054180017E+08
 0.27012054200541E+08
 0.27012054220631E+08
 0.27012054222856E+08
 0.27012054249581E+08
 0.27012054250836E+08
 0.27012054253599E+08
 0.27012054254266E+08
 0.27012054247444E+08
 0.27012054240778E+08
 0.27012054234287E+08
 0.27012054227842E+08
 0.27012054221529E+08
 0.27012054215157E+08
 0.27012054208439E+08
 0.27012054203060E+08
 0.27012054196731E+08
 0.27012054198754E+08
 0.27012054192226E+08
 0.27012054285771E+08
 0.27012054281567E+08
 0.27012054276040E+08
 0.27012054271683E+08
 0.27012054262863E+08
 0.27012054280419E+08
 0.27012054273839E+08
 0.27012054266885E+08
 0.27012054258954E+08
 0.27012054249898E+08
 0.27012054169188E+08
 0.27012054168287E+08
 0.27012054164449E+08
 0.27012054149540E+08
 0.27012054127311E+08
 0.27012054096341E+08
 0.27012054048678E+08
 0.27012053957273E+08
 0.27012053989340E+08
 0.27012054110855E+08
 0.27012054096125E+08
 0.27012054178619E+08
 0.27012054175469E+08
 0.27012054166957E+08
 0.27012054151597E+08
 0.27012054145177E+08
 0.27012054134563E+08
 0.27012054185260E+08
 0.27012054236776E+08
 0.27012054234399E+08
 0.27012054234432E+08
 0.27012054171946E+08
 0.27012054165455E+08
 0.27012054209946E+08
 0.27012054202901E+08
 0.27012054195703E+08
 0.27012054186928E+08
 0.27012054178549E+08
 0.27012054168454E+08
 0.27012054158849E+08
 0.27012054148550E+08
 0.27012054137513E+08
 0.27012054127014E+08
 0.27012053961011E+08
 0.27012053936445E+08
 0.27012053910795E+08
 0.27012053883833E+08
 0.27012053856398E+08
 0.27012053827855E+08
 0.27012053175680E+08
 0.27012053205286E+08
 0.27012053232101E+08
 0.27012053256601E+08
 0.27012053278792E+08
 0.27012053419852E+08
 0.27012053440735E+08
 0.27012053459723E+08
 0.27012053476448E+08
 0.27012053499561E+08
 0.27012053511427E+08
 0.27012053522254E+08
 0.27012053527807E+08
 0.27012053530078E+08
 0.27012053529403E+08
 0.27012053361801E+08
 0.27012053350685E+08
 0.27012053333575E+08
 0.27012053283205E+08
 0.27012053251734E+08
 0.27012053210284E+08
 0.27012053152853E+08
 0.27012053074019E+08
 0.27012053689402E+08
 0.27012053683982E+08
 0.27012053764568E+08
 0.27012053787540E+08
 0.27012053824677E+08
 0.27012053848356E+08
 0.27012053690125E+08
 0.27012053541139E+08
 0.27012053766837E+08
 0.27012053805860E+08
 0.27012053856250E+08
 0.27012053913958E+08
 0.27012053945798E+08
 0.27012053966530E+08
 0.27012053883747E+08
 0.27012053835337E+08
 0.27012053896130E+08
 0.27012053879796E+08
 0.27012053869298E+08
 0.27012053851957E+08
 0.27012053918045E+08
 0.27012053894145E+08
 0.27012053904869E+08
 0.27012053890340E+08
 0.27012053890829E+08
 0.27012053889535E+08
 0.27012053887173E+08
 0.27012053885299E+08
 0.27012053881971E+08
 0.27012053877346E+08
 0.27012053884470E+08
 0.27012053876733E+08
 0.27012053870443E+08
 0.27012053864156E+08
 0.27012053856933E+08
 0.27012053849196E+08
 0.27012053841888E+08
 0.27012053832026E+08
 0.27012053821467E+08
 0.27012053809754E+08
 0.27012053798400E+08
 0.27012053784760E+08
 0.27012053768675E+08
 0.27012053748876E+08
 0.27012053729515E+08
 0.27012053708639E+08
 0.27012053688093E+08
 0.27012053674062E+08
 0.27012053659060E+08
 0.27012053644501E+08
 0.27012053631086E+08
 0.27012053618710E+08
 0.27012053607518E+08
 0.27012053598507E+08
 0.27012053591925E+08
 0.27012053589622E+08
 0.27012053699070E+08
 0.27012053705405E+08
 0.27012053808384E+08
 0.27012053806688E+08
 0.27012053800328E+08
 0.27012053201870E+08
 0.27012053218820E+08
 0.27012053234555E+08
 0.27012053685001E+08
 0.27012053897117E+08
 0.27012053898453E+08
 0.27012053903446E+08
 0.27012053906375E+08
 0.27012053907168E+08
 0.27012053906591E+08
 0.27012053895353E+08
 0.27012053736624E+08
 0.27012053705601E+08
 0.27012053706167E+08
 0.27012053703548E+08
 0.27012053695458E+08
 0.27012053724717E+08
 0.27012053768065E+08
 0.27012053756357E+08
 0.27012053758779E+08
 0.27012053759911E+08
 0.27012053750835E+08
 0.27012053764155E+08
 0.27012053768477E+08
 0.27012053774357E+08
 0.27012053775340E+08
 0.27012053778187E+08
 0.27012053780497E+08
 0.27012053781358E+08
 0.27012053780778E+08
 0.27012053779833E+08
 0.27012053779351E+08
 0.27012053775913E+08
 0.27012053774236E+08
 0.27012053772088E+08
 0.27012053765273E+08
 0.27012053759891E+08
 0.27012053753249E+08
 0.27012053750759E+08
 0.27012053743137E+08
 0.27012053740130E+08
 0.27012053734693E+08
 0.27012053727450E+08
 0.27012053720142E+08
 0.27012053712446E+08
 0.27012053704363E+08
 0.27012053693480E+08
 0.27012053681448E+08
 0.27012053667484E+08
 0.27012053653225E+08
 0.27012053641441E+08
 0.27012053629771E+08
 0.27012049615718E+08
 0.27012049601205E+08
 0.27012049589933E+08
 0.27012049098005E+08
 0.27012049134101E+08
 0.27012049167871E+08
 0.27012049200277E+08
 0.27012049227045E+08
 0.27012049282256E+08
 0.27012049309558E+08
 0.27012049321372E+08
 0.27012049319653E+08
 0.27012049747134E+08
 0.27012049768580E+08
 0.27012049791694E+08
 0.27012049816961E+08
 0.27012049839294E+08
 0.27012049851613E+08
 0.27012049857340E+08
 0.27012049841287E+08
 0.27012049823293E+08
 0.27012049738834E+08
 0.27012049740964E+08
 0.27012049740863E+08
 0.27012049742133E+08
 0.27012049739569E+08
 0.27012049735166E+08
 0.27012049792060E+08
 0.27012049769062E+08
 0.27012049771769E+08
 0.27012049772883E+08
 0.27012049775545E+08
 0.27012049774663E+08
 0.27012049771599E+08
 0.27012049774048E+08
 0.27012049777307E+08
 0.27012049776473E+08
 0.27012049773867E+08
 0.27012049773063E+08
 0.27012049769739E+08
 0.27012049765236E+08
 0.27012049761131E+08
 0.27012049755430E+08
 0.27012049749911E+08
 0.27012049741832E+08
 0.27012049739470E+08
 0.27012049733088E+08
 0.27012049725867E+08
 0.27012049717274E+08
 0.27012049709516E+08
 0.27012049699232E+08
 0.27012049680620E+08
 0.27012049661292E+08
 0.27012049639757E+08
 0.27012049618630E+08
 0.27012049600663E+08
 0.27012049594967E+08
 0.27012049636531E+08
 0.27012049602935E+08
 0.27012049056305E+08
 0.27012049101421E+08
 0.27012049139498E+08
 0.27012049164078E+08
 0.27012049186131E+08
 0.27012049200184E+08
 0.27012049243002E+08
 0.27012049262607E+08
 0.27012049279970E+08
 0.27012049296349E+08
 0.27012049303748E+08
 0.27012049317694E+08
 0.27012049061295E+08
 0.27012049060391E+08
 0.27012049055762E+08
 0.27012049617363E+08
 0.27012049629494E+08
 0.27012049648456E+08
 0.27012049644558E+08
 0.27012049665113E+08
 0.27012049695043E+08
 0.27012049727172E+08
 0.27012049756159E+08
 0.27012049772000E+08
 0.27012049769903E+08
 0.27012049752042E+08
 0.27012049735212E+08
 0.27012049726549E+08
 0.27012049007953E+08
 0.27012049615690E+08
 0.27012049627338E+08
 0.27012049667820E+08
 0.27012049683608E+08
 0.27012049687235E+08
 0.27012049719190E+08
 0.27012049735186E+08
 0.27012049737602E+08
 0.27012049735719E+08
 0.27012049735008E+08
 0.27012049718229E+08
 0.27012049711053E+08
 0.27012049706072E+08
 0.27012049702007E+08
 0.27012049695458E+08
 0.27012049691595E+08
 0.27012049682444E+08
 0.27012049673419E+08
 0.27012049662897E+08
 0.27012049648797E+08
 0.27012049627983E+08
 0.27012049605691E+08
 0.27012049587027E+08
 0.27012049562268E+08
 0.27012049612568E+08
 0.27012049608355E+08
 0.27012049573394E+08
 0.27012049024906E+08
 0.27012049057705E+08
 0.27012049103868E+08
 0.27012049148318E+08
 0.27012049206784E+08
 0.27012049241029E+08
 0.27012049276161E+08
 0.27012049293715E+08
 0.27012049324396E+08
 0.27012049347879E+08
 0.27012049368947E+08
 0.27012049379870E+08
 0.27012049402092E+08
 0.27012049416434E+08
 0.27012049423607E+08
 0.27012049434560E+08
 0.27012049310881E+08
 0.27012049319007E+08
 0.27012049321974E+08
 0.27012049324350E+08
 0.27012049326077E+08
 0.27012049324373E+08
 0.27012049315458E+08
 0.27012049307712E+08
 0.27012049292465E+08
 0.27012049274386E+08
 0.27012049239508E+08
 0.27012049197537E+08
 0.27012049110683E+08
 0.27012049036774E+08
 0.27012049572015E+08
 0.27012049624860E+08
 0.27012049670208E+08
 0.27012049371545E+08
 0.27012049330668E+08
 0.27012049270440E+08
 0.27012049191641E+08
 0.27012049064846E+08
 0.27012048905498E+08
 0.27012049499810E+08
 0.27012049531319E+08
 0.27012049680660E+08
 0.27012049683763E+08
 0.27012049676142E+08
 0.27012049673662E+08
 0.27012049674738E+08
 0.27012049665937E+08
 0.27012049665075E+08
 0.27012049657130E+08
 0.27012049654921E+08
 0.27012049648949E+08
 0.27012049636913E+08
 0.27012049718743E+08
 0.27012049704249E+08
 0.27012049676275E+08
 0.27012049646167E+08
 0.27012049629884E+08
 0.27012049599343E+08
 0.27012049571659E+08
 0.27012049567494E+08
 0.27012048976608E+08
 0.27012049018250E+08
 0.27012049064043E+08
 0.27012049096376E+08
 0.27012049142060E+08
 0.27012049198722E+08
 0.27012049228961E+08
 0.27012049252491E+08
 0.27012049285544E+08
 0.27012049314235E+08
 0.27012049339837E+08
 0.27012049366772E+08
 0.27012049384748E+08
 0.27012049397191E+08
 0.27012049411975E+08
 0.27012049537812E+08
 0.27012049550668E+08
 0.27012049485961E+08
 0.27012049492102E+08
 0.27012049505230E+08
 0.27012049501491E+08
 0.27012049518474E+08
 0.27012049515315E+08
 0.27012049521062E+08
 0.27012049515753E+08
 0.27012049521198E+08
 0.27012049516851E+08
 0.27012049507858E+08
 0.27012049497991E+08
 0.27012049476944E+08
 0.27012049445122E+08
 0.27012049397139E+08
 0.27012049345651E+08
 0.27012049260701E+08
 0.27012049150752E+08
 0.27012049558475E+08
 0.27012049532687E+08
 0.27012049518620E+08
 0.27012049482135E+08
 0.27012049449337E+08
 0.27012049401889E+08
 0.27012049323615E+08
 0.27012049249629E+08
 0.27012049162511E+08
 0.27012049383946E+08
 0.27012049621305E+08
 0.27012049618646E+08
 0.27012049616559E+08
 0.27012049615841E+08
 0.27012049486202E+08
 0.27012049456928E+08
 0.27012049432923E+08
 0.27012049574069E+08
 0.27012049558205E+08
 0.27012049552607E+08
 0.27012049532365E+08
 0.27012049544842E+08
 0.27012049524399E+08
 0.27012049524028E+08
 0.27012049508315E+08
 0.27012048952485E+08
 0.27012048989186E+08
 0.27012049016641E+08
 0.27012049046293E+08
 0.27012049326685E+08
 0.27012049350903E+08
 0.27012049382820E+08
 0.27012049400736E+08
 0.27012049440892E+08
 0.27012049443985E+08
 0.27012049465365E+08
 0.27012049477304E+08
 0.27012049504663E+08
 0.27012049511058E+08
 0.27012049530316E+08
 0.27012049547551E+08
 0.27012049558943E+08
 0.27012049561947E+08
 0.27012049578490E+08
 0.27012049586559E+08
 0.27012049506753E+08
 0.27012049520709E+08
 0.27012049592162E+08
 0.27012049600165E+08
 0.27012049601275E+08
 0.27012049597961E+08
 0.27012049604490E+08
 0.27012049602846E+08
 0.27012049597613E+08
 0.27012049594352E+08
 0.27012049596737E+08
 0.27012049599774E+08
 0.27012049587609E+08
 0.27012049578182E+08
 0.27012049565849E+08
 0.27012049548780E+08
 0.27012049535515E+08
 0.27012049502692E+08
 0.27012049616701E+08
 0.27012049606937E+08
 0.27012049598789E+08
 0.27012049592779E+08
 0.27012049585762E+08
 0.27012049570285E+08
 0.27012049564916E+08
 0.27012049541198E+08
 0.27012049721516E+08
 0.27012049717160E+08
 0.27012049722056E+08
 0.27012049725569E+08
 0.27012049713678E+08
 0.27012049709128E+08
 0.27012049717982E+08
 0.27012049717218E+08
 0.27012049707092E+08
 0.27012049713161E+08
 0.27012049624394E+08
 0.27012049616288E+08
 0.27012049596851E+08
 0.27012049577068E+08
 0.27012049453330E+08
 0.27012049463918E+08
 0.27012049363626E+08
 0.27012049373193E+08
 0.27012049400211E+08
 0.27012049404771E+08
 0.27012049413586E+08
 0.27012049427448E+08
 0.27012049436285E+08
 0.27012049445321E+08
 0.27012049457230E+08
 0.27012049479470E+08
 0.27012049483928E+08
 0.27012049498963E+08
 0.27012049497958E+08
 0.27012049574439E+08
 0.27012049590308E+08
 0.27012049598123E+08
 0.27012049604965E+08
 0.27012049596235E+08
 0.27012049608576E+08
 0.27012049610172E+08
 0.27012049620087E+08
 0.27012049594018E+08
 0.27012049602323E+08
 0.27012049606224E+08
 0.27012049600054E+08
 0.27012049606850E+08
 0.27012049599588E+08
 0.27012049609078E+08
 0.27012049597586E+08
 0.27012049601599E+08
 0.27012049608805E+08
 0.27012049600390E+08
 0.27012049611860E+08
 0.27012049618389E+08
 0.27012049605686E+08
 0.27012049597836E+08
 0.27012049610112E+08
 0.27012049611598E+08
 0.27012049603444E+08
 0.27012049551528E+08
 0.27012049532597E+08
 0.27012049586122E+08
 0.27012049586848E+08
 0.27012049652655E+08
 0.27012049647419E+08
 0.27012049672057E+08
 0.27012049653422E+08
 0.27012049671052E+08
 0.27012049674880E+08
 0.27012049665421E+08
 0.27012049613632E+08
 0.27012049606891E+08
 0.27012049601834E+08
 0.27012049581014E+08
 0.27012049606548E+08
 0.27012049653076E+08
 0.27012049663675E+08
 0.27012049652448E+08
 0.27012049659279E+08
 0.27012049647569E+08
 0.27012049642610E+08
 0.27012049667470E+08
 0.27012049652440E+08
 0.27012049647435E+08
 0.27012049636944E+08
 0.27012049648999E+08
 0.27012049642072E+08
 0.27012049660813E+08
 0.27012049571727E+08
 0.27012049561946E+08
 0.27012049555126E+08
 0.27012049546057E+08
 0.27012049532250E+08
 0.27012049547291E+08
 0.27012049559218E+08
 0.27012049544459E+08
 0.27012049571946E+08
 0.27012049549796E+08
 0.27012049556465E+08
 0.27012049558169E+08
 0.27012049572434E+08
 0.27012049557626E+08
 0.27012049568632E+08
 0.27012049552751E+08
 0.27012049551627E+08
 0.27012049553464E+08
 0.27012049551766E+08
 0.27012049564265E+08
 0.27012049541539E+08
 0.27012049557094E+08
 0.27012049550101E+08
 0.27012049540937E+08
 0.27012049546004E+08
 0.27012049540407E+08
 0.27012049528366E+08
 0.27012049548339E+08
 0.27012049526797E+08
 0.27012049537104E+08
 0.27012049537162E+08
 0.27012049538625E+08
 0.27012049528854E+08
 0.27012049538276E+08
 0.27012049556920E+08
 0.27012049586751E+08
 0.27012049573685E+08
 0.27012049558479E+08
 0.27012049559329E+08
 0.27012049587241E+08
 0.27012049570528E+08
 0.27012049547031E+08
 0.27012049544623E+08
 0.27012086565079E+08
 0.27012088250669E+08
 0.27012092580604E+08
 0.27012089643685E+08
 0.27012079994026E+08
 0.27012086727887E+08
 0.27012089611379E+08
 0.27012085839766E+08
 0.27012086058389E+08
 0.27012093268972E+08
 0.27012082497256E+08
 0.27012082377746E+08
 0.27012084621760E+08
 0.27012091041277E+08
 0.27012094043536E+08
 0.27012085046022E+08
 0.27012087176871E+08
 0.27012077137667E+08
 0.27012079590082E+08
 0.27012086187888E+08
 0.27012088623747E+08
 0.27012085010990E+08
 0.27012082133130E+08
 0.27012079098473E+08
 0.27012081927696E+08
 0.27012076507354E+08
 0.27012075225698E+08
 0.27012083866446E+08
 0.27012074686715E+08
 0.27012089266679E+08
 0.27012082605249E+08
 0.27012095850918E+08
 0.27012085367764E+08
 0.27012075361160E+08
 0.27012083894468E+08
 0.27012077587307E+08
 0.27012083872492E+08
 0.27012081950074E+08
 0.27012086607934E+08
 0.27012076939816E+08
 0.27012077522512E+08
 0.27012086029695E+08
 0.27012073993053E+08
 0.27012074684598E+08
 0.27012085765389E+08
 0.27012085697949E+08
 0.27012084165690E+08
 0.27012087043311E+08
 0.27012088535893E+08
 0.27012084407763E+08
 0.27012085055918E+08
 0.27012088145859E+08
 0.27012088120286E+08
 0.27012086300973E+08
 0.27012087682559E+08
 0.27012086793124E+08
 0.27012086182863E+08
 0.27012086013293E+08
 0.27012084886575E+08
 0.27012081976222E+08
 0.27012046105748E+08
 0.27012046100718E+08
 0.27012046104648E+08
 0.27012046179626E+08
 0.27012046256650E+08
 0.27012046394694E+08
 0.27012046478056E+08
 0.27012046479874E+08
 0.27012046529124E+08
 0.27012046531688E+08
 0.27012046513437E+08
 0.27012046507285E+08
 0.27012046525923E+08
 0.27012046522025E+08
 0.27012046518390E+08
 0.27012046512137E+08
 0.27012046505881E+08
 0.27012046492008E+08
 0.27012046473145E+08
 0.27012046460574E+08
 0.27012046448239E+08
 0.27012046426925E+08
 0.27012046413521E+08
 0.27012046400773E+08
 0.27012046391637E+08
 0.27012046377615E+08
 0.27012046366463E+08
 0.27012046344565E+08
 0.27012046327453E+08
 0.27012046296847E+08
 0.27012046269910E+08
 0.27012046221792E+08
 0.27012046203911E+08
 0.27012046159732E+08
 0.27012046135678E+08
 0.27012046101422E+08
 0.27012046104702E+08
 0.27012046082159E+08
 0.27012046101492E+08
 0.27012046107126E+08
 0.27012046086110E+08
 0.27012046106922E+08
 0.27012046123609E+08
 0.27012046232193E+08
 0.27012046285730E+08
 0.27012046322191E+08
 0.27012046328584E+08
 0.27012046334903E+08
 0.27012046330048E+08
 0.27012046341478E+08
 0.27012046557719E+08
 0.27012046642907E+08
 0.27012046702390E+08
 0.27012046737910E+08
 0.27012046736518E+08
 0.27012046734243E+08
 0.27012046736637E+08
 0.27012046933230E+08
 0.27012046991514E+08
 0.27012047022064E+08
 0.27012047037456E+08
 0.27012047042628E+08
 0.27012047052230E+08
 0.27012047259437E+08
 0.27012047296036E+08
 0.27012047334756E+08
 0.27012047357761E+08
 0.27012047361456E+08
 0.27012047372021E+08
 0.27012047571663E+08
 0.27012047612720E+08
 0.27012047617367E+08
 0.27012047652086E+08
 0.27012047644465E+08
 0.27012047841375E+08
 0.27012047867818E+08
 0.27012047898662E+08
 0.27012047924846E+08
 0.27012047931549E+08
 0.27012048061160E+08
 0.27012048113753E+08
 0.27012048140551E+08
 0.27012048160826E+08
 0.27012048171039E+08
 0.27012048174602E+08
 0.27012048362693E+08
 0.27012048375178E+08
 0.27012048397613E+08
 0.27012048422373E+08
 0.27012048425668E+08
 0.27012048573166E+08
 0.27012048618267E+08
 0.27012048631339E+08
 0.27012048642827E+08
 0.27012048672321E+08
 0.27012048791524E+08
 0.27012048832827E+08
 0.27012048880228E+08
 0.27012048890780E+08
 0.27012048897316E+08
 0.27012049037407E+08
 0.27012049063298E+08
 0.27012049091877E+08
 0.27012049126225E+08
 0.27012049128406E+08
 0.27012049132448E+08
 0.27012049282491E+08
 0.27012049332974E+08
 0.27012049334448E+08
 0.27012049355334E+08
 0.27012049360741E+08
 0.27012049492280E+08
 0.27012049518480E+08
 0.27012049552050E+08
 0.27012049591636E+08
 0.27012049585734E+08
 0.27012049578753E+08
 0.27012049695131E+08
