 0.12976454238693E+04
 0.13997998181739E+05
 0.26120190115592E+05
 0.37629109838151E+05
 0.48572722692223E+05
 0.58816571043406E+05
 0.68270364683575E+05
 0.77032585364784E+05
 0.84986967886406E+05
 0.92126151689666E+05
 0.98454979206134E+05
 0.10393071923870E+06
 0.10856703772950E+06
 0.11217423537256E+06
 0.11499199541797E+06
 0.11718894865407E+06
 0.11945726614139E+06
 0.11963584854081E+06
 0.10293665673716E+06
 0.78976674776848E+05
 0.63709582943515E+03
 0.89117298941028E+05
 0.25635076097334E+05
 0.46453109320666E+05
 0.32073602794629E+05
 0.62454422959792E+05
 0.80587894085003E+05
 0.88031073304278E+05
 0.51904813610440E+05
 0.18019345976705E+05
-0.80072888493651E+03
-0.24990258289698E+04
-0.28064271285914E+04
-0.30211239970022E+04
-0.32076978701775E+04
-0.33843623687352E+04
-0.35592431012715E+04
-0.37372613399709E+04
-0.39222962570379E+04
-0.41181884065810E+04
-0.43294917002208E+04
-0.45624111504251E+04
-0.48264809134781E+04
-0.51383783040173E+04
-0.55329028177442E+04
-0.61078615778016E+04
-0.74426638833618E+04
-0.55821843911641E+05
-0.99276855255911E+05
-0.99976430582094E+05
-0.14445728694087E+06
-0.16597969799341E+06
-0.25696861617803E+06
-0.33776343956452E+06
-0.34679403263523E+06
-0.34722558527284E+06
-0.60876625183415E+06
-0.88371746898354E+06
-0.10454541196210E+07
-0.10606185001671E+07
-0.87416361649896E+06
-0.13795798530230E+07
-0.16260633578967E+07
-0.15654063563048E+07
-0.13836846797386E+07
-0.15800409160956E+07
-0.15246419205596E+07
-0.15475100290022E+07
-0.14908713945167E+07
-0.14257555687320E+07
-0.14439125642693E+07
-0.13040171678611E+07
-0.14819345118034E+07
-0.15786866493587E+07
-0.16257098145399E+07
-0.16092669841995E+07
-0.16379944631803E+07
-0.16609597417827E+07
-0.17470406646283E+07
-0.17780873009634E+07
-0.19291891854744E+07
-0.20298603429536E+07
-0.20419862681230E+07
-0.21109186631605E+07
-0.21761693903272E+07
-0.21881724349814E+07
-0.22987773261105E+07
-0.24445030862477E+07
-0.24511147520481E+07
-0.25698426766053E+07
-0.26338870750696E+07
-0.27644164124377E+07
-0.28782000504631E+07
-0.28051432035998E+07
-0.30310673927865E+07
-0.30587477300681E+07
-0.31577580396681E+07
-0.31794576066939E+07
-0.33894592309042E+07
-0.34371046870976E+07
-0.35591827373110E+07
-0.36456235569141E+07
-0.36031818945380E+07
-0.38254692836676E+07
-0.39747003525371E+07
-0.39464165691447E+07
-0.41541019191399E+07
-0.42459045171914E+07
-0.43615789695137E+07
-0.44116407453945E+07
-0.45647242925300E+07
-0.46358083364636E+07
-0.47710168017657E+07
-0.46541348276199E+07
-0.49167087560776E+07
-0.50573255244418E+07
-0.51716670365675E+07
-0.52629254106941E+07
-0.52013050230789E+07
-0.55017968369337E+07
-0.55995770144291E+07
-0.55969708449380E+07
-0.57346193520842E+07
-0.58789985354039E+07
-0.60173124341994E+07
-0.61472169649626E+07
-0.61915077140219E+07
-0.63441136756865E+07
-0.64111403202355E+07
-0.65653733745234E+07
-0.66609468388611E+07
-0.66540359916980E+07
-0.67618145607286E+07
-0.69553660527146E+07
-0.69843156777913E+07
-0.70261635130272E+07
-0.73134796912030E+07
-0.74468593333782E+07
-0.74821342257999E+07
-0.73840459158225E+07
-0.74471048742872E+07
-0.78529799623731E+07
-0.79336781346760E+07
-0.80352460643216E+07
-0.81885405889371E+07
-0.81902093579590E+07
-0.82369122300131E+07
-0.83775614087805E+07
-0.85951810524633E+07
-0.84965304875883E+07
-0.88131119350692E+07
-0.88907272155636E+07
-0.90008196700172E+07
-0.90707115254257E+07
-0.87490666881907E+07
-0.92344839085026E+07
-0.94680371981062E+07
-0.95497016109952E+07
-0.95508489125062E+07
-0.97599870161422E+07
-0.98040705548240E+07
-0.98832467719359E+07
-0.10090404117910E+08
-0.10085117168731E+08
-0.98945776248236E+07
-0.10386542739524E+08
-0.10409443776211E+08
-0.10616216439456E+08
-0.10676084472066E+08
-0.10771413805649E+08
-0.10762095968388E+08
-0.10945935135620E+08
-0.11108847459153E+08
-0.11224822142408E+08
-0.11198491511098E+08
-0.11418657713702E+08
-0.11526589722921E+08
-0.11537320050879E+08
-0.11772357389509E+08
-0.11788391597238E+08
-0.11968882800475E+08
-0.11714112443203E+08
-0.11863547555153E+08
-0.11992874013149E+08
-0.12291544819142E+08
-0.12115871074719E+08
-0.12540924378352E+08
-0.12666697297455E+08
-0.12776780621971E+08
-0.12856055447813E+08
-0.12950750821810E+08
-0.12989990078406E+08
-0.13155646474251E+08
-0.13297008050835E+08
-0.13369017615032E+08
-0.13464186674919E+08
-0.13588833160602E+08
-0.13666965105735E+08
-0.13800265454188E+08
-0.13923237583406E+08
-0.14040022373445E+08
