-0.83161108687002E+09
-0.83161335628530E+09
-0.83161897917585E+09
-0.83162770645633E+09
-0.83163948377553E+09
-0.83165399241009E+09
-0.83167133261054E+09
-0.83169137434917E+09
-0.83171399513660E+09
-0.83173923995904E+09
-0.83176702921906E+09
-0.83179712915430E+09
-0.83182968447292E+09
-0.83186452150339E+09
-0.83190169119411E+09
-0.83194089272861E+09
-0.83198292109871E+09
-0.83203257746097E+09
-0.83207779981600E+09
-0.83209551179164E+09
-0.83212657672190E+09
-0.83230899231283E+09
-0.83232379633752E+09
-0.83238859193310E+09
-0.83246556857654E+09
-0.83244169509414E+09
-0.83253786796994E+09
-0.83254705889930E+09
-0.83260996596995E+09
-0.83268767199213E+09
-0.83273331595981E+09
-0.83278121551947E+09
-0.83284087568215E+09
-0.83290574595932E+09
-0.83297478108377E+09
-0.83304762999634E+09
-0.83312418437859E+09
-0.83320446074265E+09
-0.83328856137945E+09
-0.83337666445662E+09
-0.83346903078867E+09
-0.83356602680992E+09
-0.83366817240226E+09
-0.83377623979247E+09
-0.83389148485215E+09
-0.83401634032493E+09
-0.83415806950498E+09
-0.83431270500933E+09
-0.83443402811195E+09
-0.83452521608111E+09
-0.83473730091175E+09
-0.83484264568236E+09
-0.83502976434323E+09
-0.83521598846478E+09
-0.83538138164996E+09
-0.83560673794762E+09
-0.83531759159817E+09
-0.83553670669275E+09
-0.83571037440207E+09
-0.83562562889634E+09
-0.83614830921509E+09
-0.83619881413006E+09
-0.83593177510996E+09
-0.83612048209020E+09
-0.83611402619001E+09
-0.83615618697077E+09
-0.83612654710756E+09
-0.83613035854975E+09
-0.83622739516859E+09
-0.83654238791699E+09
-0.83657517757496E+09
-0.83662622852256E+09
-0.83687190836689E+09
-0.83707236078985E+09
-0.83721823582712E+09
-0.83730153896763E+09
-0.83741393119274E+09
-0.83764285711225E+09
-0.83766635576882E+09
-0.83794320948304E+09
-0.83800721157558E+09
-0.83809307902615E+09
-0.83835904100677E+09
-0.83845754560902E+09
-0.83852912441410E+09
-0.83872562213411E+09
-0.83881552887351E+09
-0.83902891931577E+09
-0.83920848775946E+09
-0.83934337650096E+09
-0.83938228300425E+09
-0.83969959456241E+09
-0.83979195653583E+09
-0.83991984211900E+09
-0.84007917847577E+09
-0.84020244235359E+09
-0.84052577266745E+09
-0.84049101781106E+09
-0.84063398424026E+09
-0.84097052000349E+09
-0.84098175092036E+09
-0.84101143177443E+09
-0.84112183589955E+09
-0.84141995973369E+09
-0.84152958560603E+09
-0.84165732806387E+09
-0.84192351026255E+09
-0.84195663603404E+09
-0.84210278358113E+09
-0.84232782189708E+09
-0.84244506848521E+09
-0.84254464324200E+09
-0.84272294298583E+09
-0.84278103371067E+09
-0.84314063126027E+09
-0.84316753385287E+09
-0.84334405610475E+09
-0.84336015181754E+09
-0.84364051971792E+09
-0.84375818619311E+09
-0.84387010214095E+09
-0.84403946084221E+09
-0.84418954338241E+09
-0.84446809496060E+09
-0.84452000664955E+09
-0.84465525062446E+09
-0.84464716261103E+09
-0.84487312411022E+09
-0.84506626517820E+09
-0.84530561764623E+09
-0.84541294056802E+09
-0.84542560827465E+09
-0.84573102120548E+09
-0.84585589852865E+09
-0.84584729798138E+09
-0.84610631728736E+09
-0.84633926807260E+09
-0.84638858054863E+09
-0.84658844598854E+09
-0.84657538511713E+09
-0.84669881948791E+09
-0.84704428248695E+09
-0.84717696438212E+09
-0.84748636330637E+09
-0.84741862329675E+09
-0.84765114735695E+09
-0.84785952733127E+09
-0.84795502067659E+09
-0.84811635333242E+09
-0.84820108172799E+09
-0.84847961541035E+09
-0.84864345927232E+09
-0.84862168489471E+09
-0.84875149829468E+09
-0.84891805130487E+09
-0.84895353910492E+09
-0.84937760121861E+09
-0.84949605276216E+09
-0.84986616453683E+09
-0.84979521421214E+09
-0.85010037511039E+09
-0.85023866117553E+09
-0.85030113900050E+09
-0.85032509090591E+09
-0.85084938857229E+09
-0.85082528157388E+09
-0.85091001974861E+09
-0.85109082759104E+09
-0.85132155484542E+09
-0.85156727819302E+09
-0.85145872269095E+09
-0.85193387486298E+09
-0.85187467417446E+09
-0.85214653257556E+09
-0.85235271536306E+09
-0.85254880086374E+09
-0.85272190493483E+09
-0.85279061976200E+09
-0.85291871489363E+09
-0.85325616713370E+09
-0.85337874075081E+09
-0.85351273174582E+09
-0.85384677938937E+09
-0.85405502838258E+09
-0.85415665154540E+09
-0.85432997303208E+09
-0.85448997711690E+09
-0.85465995922813E+09
-0.85484574025888E+09
-0.85486710401204E+09
-0.85518406319210E+09
-0.85552077974469E+09
-0.85556832593020E+09
-0.85572700550500E+09
-0.85583817770757E+09
-0.85616617280805E+09
-0.85638291398274E+09
-0.85655808060118E+09
-0.85691725292171E+09
-0.85693661258998E+09
-0.85713971479550E+09
