-0.84546634407537E+01
-0.93008319853054E+02
-0.17759711121558E+03
-0.26225309188404E+03
-0.34700852984017E+03
-0.43189601040192E+03
-0.51694854225068E+03
-0.60219966656875E+03
-0.68768357012011E+03
-0.77343520315794E+03
-0.85949040310491E+03
-0.94588602502821E+03
-0.10326600800219E+04
-0.11198518827166E+04
-0.12075022092623E+04
-0.12956534672789E+04
-0.13843498794395E+04
-0.14736376825556E+04
-0.15635653442647E+04
-0.16541837996952E+04
-0.17455467108019E+04
-0.18377107514352E+04
-0.19307359216435E+04
-0.20246858952111E+04
-0.21196284050359E+04
-0.22156356716435E+04
-0.23127848809641E+04
-0.24111587184668E+04
-0.25108459679011E+04
-0.26119421842605E+04
-0.27145504522109E+04
-0.28187822431741E+04
-0.29247583865832E+04
-0.30326101736308E+04
-0.31424806152110E+04
-0.32545258798501E+04
-0.33689169423959E+04
-0.34858414803134E+04
-0.36055060618723E+04
-0.37281386796800E+04
-0.38539916943365E+04
-0.39833452670627E+04
-0.41165113777179E+04
-0.42538385466649E+04
-0.43957174067458E+04
-0.45425873069102E+04
-0.46949441740526E+04
-0.48533499174269E+04
-0.50184437347197E+04
-0.51909557761040E+04
-0.53717237500559E+04
-0.55617132230891E+04
-0.57620425897649E+04
-0.59740139904756E+04
-0.61991518626509E+04
-0.64392513696406E+04
-0.66964397239709E+04
-0.69732545017264E+04
-0.72727445730108E+04
-0.75986014636192E+04
-0.79553321457478E+04
-0.83484889507507E+04
-0.87849793384611E+04
-0.92734890114317E+04
-0.98250686206446E+04
-0.10453961024267E+05
-0.11178789768661E+05
-0.12024303169646E+05
-0.13023997284253E+05
-0.14224177025967E+05
-0.15690473338597E+05
-0.17518805055641E+05
-0.19855115673353E+05
-0.22935248069128E+05
-0.27187800224952E+05
-0.33784335565700E+05
-0.96886294295525E+05
-0.16512693183259E+06
-0.14866308357296E+06
-0.40119214728123E+06
-0.59727022102395E+06
-0.17549558559285E+07
-0.18306488499590E+07
-0.59892674340463E+07
-0.38375539092573E+09
 0.18478533362520E+10
 0.21640789713947E+07
-0.63455256124232E+06
-0.10919912751341E+08
-0.56739734221365E+07
 0.42099202772878E+07
 0.71709167431286E+06
-0.34931996316459E+07
-0.19680917338621E+07
-0.17025810803816E+07
 0.58096248658726E+06
-0.74039008147963E+07
 0.25300845007987E+06
-0.43209202553207E+07
 0.29332718462641E+07
-0.52241067399240E+07
-0.86013767059948E+07
-0.94666383396386E+07
-0.59257277183178E+07
-0.39092346653068E+07
-0.17467340129530E+07
-0.43553850244124E+07
-0.39315459454390E+07
-0.40460226764648E+07
-0.40773506956061E+07
-0.42843141507397E+07
-0.44041532563472E+07
-0.45987177407032E+07
-0.45853181339308E+07
-0.48595630580513E+07
-0.50144765923255E+07
-0.51307587061149E+07
-0.52292941885470E+07
-0.51562561013100E+07
-0.54527437704703E+07
-0.55529321856240E+07
-0.55407711378775E+07
-0.56601235209120E+07
-0.58032850819402E+07
-0.59410424503033E+07
-0.60657604715033E+07
-0.61071045819489E+07
-0.62499902345537E+07
-0.63139243847946E+07
-0.64502099374815E+07
-0.65487009139925E+07
-0.65341546973375E+07
-0.66317429676528E+07
-0.68193327756107E+07
-0.68504717713467E+07
-0.68701384904791E+07
-0.71619382747958E+07
-0.72937747328177E+07
-0.73286857802428E+07
-0.72120014752169E+07
-0.72905820913720E+07
-0.76960675302667E+07
-0.77744315758351E+07
-0.78610505697676E+07
-0.80187532673916E+07
-0.79968527884613E+07
-0.80514384089267E+07
-0.81997705229586E+07
-0.84311070598763E+07
-0.83210329996026E+07
-0.86436195465744E+07
-0.87188865113773E+07
-0.88227881480124E+07
-0.89108109589261E+07
-0.85569269194588E+07
-0.90565065496455E+07
-0.92816144277138E+07
-0.93747988907613E+07
-0.93744474598508E+07
-0.95868250830398E+07
-0.96247390816607E+07
-0.97137575365802E+07
-0.99208457434067E+07
-0.99188431714729E+07
-0.97149623426472E+07
-0.10199890027081E+08
-0.10239742705956E+08
-0.10456552975615E+08
-0.10547560681319E+08
-0.10605432855397E+08
-0.10600965916107E+08
-0.10805172342015E+08
-0.10979381830676E+08
-0.11077899088271E+08
-0.11057483757702E+08
-0.11306336743356E+08
-0.11412592899773E+08
-0.11401899949300E+08
-0.11620132223004E+08
-0.11676953286583E+08
-0.11836604095889E+08
-0.11613852663943E+08
-0.11775667982089E+08
-0.11903196651325E+08
-0.12194686365565E+08
-0.12024826425642E+08
-0.12438239061277E+08
-0.12594309969413E+08
-0.12700297797770E+08
-0.12760745549892E+08
-0.12915259106994E+08
-0.12922902568488E+08
-0.13105273189670E+08
-0.13228284737227E+08
-0.13326045620615E+08
-0.13435365034496E+08
-0.13518027083097E+08
-0.13636093182334E+08
-0.13724531727334E+08
-0.13879670824746E+08
-0.13983815161143E+08
