 0.10391335335250E+02
 0.10391335335250E+02
 0.10391335335250E+02
 0.10391335335250E+02
 0.10391335335250E+02
 0.10391335335250E+02
 0.10391335335250E+02
 0.10391335335250E+02
 0.10391335335250E+02
 0.10391335335250E+02
 0.10391335335250E+02
 0.10391335335250E+02
 0.10391335335250E+02
 0.10391335335250E+02
 0.10391335335250E+02
 0.10391335335250E+02
 0.10391335335250E+02
 0.10391335335250E+02
 0.10391335335250E+02
 0.10391335335250E+02
 0.10391335335250E+02
 0.10391335335250E+02
 0.10391335335250E+02
 0.10391335335250E+02
 0.10391335335250E+02
 0.10391335335250E+02
 0.10391335335250E+02
 0.10391335335250E+02
 0.10391335335250E+02
 0.10391335335250E+02
 0.10391335335250E+02
 0.10391335335250E+02
 0.10391335335250E+02
 0.10391335335250E+02
 0.10391335335250E+02
 0.10391335335250E+02
 0.10391335335250E+02
 0.10391335335250E+02
 0.10391335335250E+02
 0.10391335335250E+02
 0.10391335335250E+02
 0.10391335335250E+02
 0.10391335335250E+02
 0.10391335335250E+02
 0.10391335335250E+02
 0.10391335335250E+02
 0.10391335335250E+02
 0.10391335335250E+02
 0.10391335335250E+02
 0.10391335335250E+02
 0.10391335335250E+02
 0.10391335335250E+02
 0.10391335335250E+02
 0.10391335335250E+02
 0.10391335335250E+02
 0.10391335335250E+02
 0.10391335335250E+02
 0.10391335335250E+02
 0.10391335335250E+02
 0.10391335335250E+02
 0.10391335335250E+02
 0.10391335335250E+02
 0.10391335335250E+02
 0.10391335335250E+02
 0.10391335335250E+02
 0.10391335335250E+02
 0.10391335335250E+02
 0.10391335335250E+02
 0.10391335335250E+02
 0.10391335335250E+02
 0.10391335335250E+02
 0.10391335335250E+02
 0.10391335335250E+02
 0.10391335335250E+02
 0.10391335335250E+02
 0.10391335450422E+02
 0.10391335484771E+02
 0.10391335559436E+02
 0.10391335571411E+02
 0.10391335575234E+02
 0.10391335615879E+02
 0.10391335721344E+02
 0.10391335652597E+02
 0.10391335658723E+02
 0.10391335626098E+02
 0.10391335586726E+02
 0.10391335665807E+02
 0.10391335672180E+02
 0.10391335676789E+02
 0.10391335678604E+02
 0.10391335680486E+02
 0.10391335679752E+02
 0.10391335682060E+02
 0.10391335669341E+02
 0.10391335666450E+02
 0.10391335653400E+02
 0.10391335646785E+02
 0.10391335625058E+02
 0.10391335612050E+02
 0.10391335576859E+02
 0.10391335565888E+02
 0.10391335469842E+02
 0.10391335434028E+02
 0.10391335415047E+02
 0.10391335360385E+02
 0.10391335349703E+02
 0.10391335342005E+02
 0.10391335301414E+02
 0.10391335283074E+02
 0.10391335250873E+02
 0.10391335181329E+02
 0.10391334877795E+02
 0.10391334999566E+02
 0.10391334986676E+02
 0.10391335097002E+02
 0.10391335196294E+02
 0.10391335163114E+02
 0.10391335139853E+02
 0.10391335110468E+02
 0.10391335115741E+02
 0.10391335123835E+02
 0.10391335027039E+02
 0.10391335088464E+02
 0.10391334985105E+02
 0.10391335064265E+02
 0.10391334823679E+02
 0.10391335063795E+02
 0.10391335016673E+02
 0.10391335029789E+02
 0.10391334959986E+02
 0.10391334923689E+02
 0.10391335001460E+02
 0.10391334886494E+02
 0.10391334976575E+02
 0.10391334956019E+02
 0.10391334956892E+02
 0.10391334955104E+02
 0.10391334915839E+02
 0.10391334719413E+02
 0.10391334681900E+02
 0.10391334903295E+02
 0.10391334910303E+02
 0.10391334811615E+02
 0.10391334873630E+02
 0.10391334816837E+02
 0.10391334638505E+02
 0.10391334679239E+02
 0.10391334732280E+02
 0.10391334838464E+02
 0.10391334798546E+02
 0.10391334736053E+02
 0.10391334752674E+02
 0.10391334809353E+02
 0.10391334849985E+02
 0.10391334803862E+02
 0.10391334753532E+02
 0.10391334766687E+02
 0.10391334764728E+02
 0.10391334872456E+02
 0.10391334847500E+02
 0.10391334755196E+02
 0.10391334818170E+02
 0.10391334899777E+02
 0.10391334914654E+02
 0.10391334851044E+02
 0.10391334619552E+02
 0.10391334922135E+02
 0.10391334783261E+02
 0.10391334897456E+02
 0.10391334921106E+02
 0.10391334903207E+02
 0.10391334859859E+02
 0.10391334827456E+02
 0.10391334866821E+02
 0.10391334627644E+02
 0.10391334668419E+02
 0.10391334737523E+02
 0.10391334950449E+02
 0.10391334926677E+02
 0.10391334659699E+02
 0.10391334926147E+02
 0.10391334958415E+02
 0.10391334904060E+02
 0.10391334978204E+02
 0.10391334637422E+02
 0.10391334657308E+02
 0.10391334939733E+02
 0.10391334970986E+02
 0.10391334970652E+02
 0.10391334806102E+02
 0.10391334941999E+02
 0.10391334767827E+02
 0.10391334982985E+02
 0.10391334841191E+02
 0.10391335006414E+02
 0.10391334858127E+02
 0.10391334936768E+02
 0.10391334989116E+02
 0.10391334702959E+02
 0.10391335010800E+02
 0.10391334991855E+02
