 0.63050165004287E+01
 0.63050165004287E+01
 0.63050165004287E+01
 0.63050165004287E+01
 0.63050165004287E+01
 0.63050165004287E+01
 0.63050165004287E+01
 0.63050165004287E+01
 0.63050165004287E+01
 0.63050165004287E+01
 0.63050165004287E+01
 0.63050165004287E+01
 0.63050165004287E+01
 0.63050165004287E+01
 0.63050165004287E+01
 0.63050165004287E+01
 0.63050165004287E+01
 0.63050165004287E+01
 0.63050165004287E+01
 0.63050165004287E+01
 0.63050165004287E+01
 0.63050165004287E+01
 0.63050165004287E+01
 0.63050165004287E+01
 0.63050165004287E+01
 0.63050165004287E+01
 0.63050165004287E+01
 0.63050165004287E+01
 0.63050165004287E+01
 0.63050165004287E+01
 0.63050165004287E+01
 0.63050165004287E+01
 0.63050165004287E+01
 0.63050165004287E+01
 0.63050165004287E+01
 0.63050165004287E+01
 0.63050165004287E+01
 0.63050165004287E+01
 0.63050165004287E+01
 0.63050165004287E+01
 0.63050165004287E+01
 0.63050165004287E+01
 0.63050165004287E+01
 0.63050165004287E+01
 0.63050165004287E+01
 0.63050165004287E+01
 0.63050165004287E+01
 0.63050165004287E+01
 0.63050165004287E+01
 0.63050165004287E+01
 0.63050165004287E+01
 0.63050165004287E+01
 0.63050165004287E+01
 0.63050165004287E+01
 0.63050165004287E+01
 0.63050165004287E+01
 0.63050165004287E+01
 0.63050165004287E+01
 0.63050165004287E+01
 0.63050165004287E+01
 0.63050165004287E+01
 0.63050165004287E+01
 0.63050165004287E+01
 0.63050165004287E+01
 0.63050165004287E+01
 0.63050165004287E+01
 0.63050165004287E+01
 0.63050165004287E+01
 0.63050165004287E+01
 0.63050165004287E+01
 0.63050165004287E+01
 0.63050165004287E+01
 0.63050165004287E+01
 0.63050165004287E+01
 0.63050165004287E+01
 0.63050164727614E+01
 0.63050164307884E+01
 0.63050164494612E+01
 0.63050164463621E+01
 0.63050164449038E+01
 0.63050164336761E+01
 0.63050163870894E+01
 0.63050163480831E+01
 0.63050162585554E+01
 0.63050162417343E+01
 0.63050162086246E+01
 0.63050162008041E+01
 0.63050162044932E+01
 0.63050162072526E+01
 0.63050162089554E+01
 0.63050162114271E+01
 0.63050162128748E+01
 0.63050162147973E+01
 0.63050162174317E+01
 0.63050162183902E+01
 0.63050162207924E+01
 0.63050162205046E+01
 0.63050162205599E+01
 0.63050162207099E+01
 0.63050162277697E+01
 0.63050162298837E+01
 0.63050161949568E+01
 0.63050161910492E+01
 0.63050161887776E+01
 0.63050162011078E+01
 0.63050162029994E+01
 0.63050162044552E+01
 0.63050161841159E+01
 0.63050161784283E+01
 0.63050161811414E+01
 0.63050161978981E+01
 0.63050162870881E+01
 0.63050163518014E+01
 0.63050164662537E+01
 0.63050164565865E+01
 0.63050164135727E+01
 0.63050164009628E+01
 0.63050163784018E+01
 0.63050163695560E+01
 0.63050163645762E+01
 0.63050163607295E+01
 0.63050163787468E+01
 0.63050163442151E+01
 0.63050163548856E+01
 0.63050163300475E+01
 0.63050163849967E+01
 0.63050163239166E+01
 0.63050163126685E+01
 0.63050163001634E+01
 0.63050163071377E+01
 0.63050163132393E+01
 0.63050162915030E+01
 0.63050162957333E+01
 0.63050162708499E+01
 0.63050162675843E+01
 0.63050162635214E+01
 0.63050162636431E+01
 0.63050162467911E+01
 0.63050162899530E+01
 0.63050162938874E+01
 0.63050162417592E+01
 0.63050162374517E+01
 0.63050162392177E+01
 0.63050162223838E+01
 0.63050162326838E+01
 0.63050162732700E+01
 0.63050162616304E+01
 0.63050162339046E+01
 0.63050162031469E+01
 0.63050162111294E+01
 0.63050162406011E+01
 0.63050162287760E+01
 0.63050161951122E+01
 0.63050162100168E+01
 0.63050162171347E+01
 0.63050162383473E+01
 0.63050162617816E+01
 0.63050162494747E+01
 0.63050162234476E+01
 0.63050162210394E+01
 0.63050163310207E+01
 0.63050162677802E+01
 0.63050162624013E+01
 0.63050162691122E+01
 0.63050162434219E+01
 0.63050163125955E+01
 0.63050162540373E+01
 0.63050163391637E+01
 0.63050162456478E+01
 0.63050162549778E+01
 0.63050162553263E+01
 0.63050162683503E+01
 0.63050162802070E+01
 0.63050163096840E+01
 0.63050163320927E+01
 0.63050163383572E+01
 0.63050163813310E+01
 0.63050163012368E+01
 0.63050162596584E+01
 0.63050163234074E+01
 0.63050162669551E+01
 0.63050162821790E+01
 0.63050163227239E+01
 0.63050162875139E+01
 0.63050163344981E+01
 0.63050163378375E+01
 0.63050162693809E+01
 0.63050162834684E+01
 0.63050162828736E+01
 0.63050163672815E+01
 0.63050162800992E+01
 0.63050163859334E+01
 0.63050162972251E+01
 0.63050163762673E+01
 0.63050163057155E+01
 0.63050162976036E+01
 0.63050162879363E+01
 0.63050162924827E+01
 0.63050163479944E+01
 0.63050163193753E+01
 0.63050162990954E+01
