 0.83176336774615E+02
 0.83176336774615E+02
 0.83176336774615E+02
 0.83176336774615E+02
 0.83176336774615E+02
 0.83176336774615E+02
 0.83176336774615E+02
 0.83176336774615E+02
 0.83176336774615E+02
 0.83176336774615E+02
 0.83176336774615E+02
 0.83176336774615E+02
 0.83176336774615E+02
 0.83176336774615E+02
 0.83176336774615E+02
 0.83176336774615E+02
 0.83176336774615E+02
 0.83176336774615E+02
 0.83176336774615E+02
 0.83176336774615E+02
 0.83176336774615E+02
 0.83176336774615E+02
 0.83176336774615E+02
 0.83176336774615E+02
 0.83176336774615E+02
 0.83176336774615E+02
 0.83176336774615E+02
 0.83176336774615E+02
 0.83176336774615E+02
 0.83176336774615E+02
 0.83176336774615E+02
 0.83176336774615E+02
 0.83176336774615E+02
 0.83176336774615E+02
 0.83176336774615E+02
 0.83176336774615E+02
 0.83176336774615E+02
 0.83176336774615E+02
 0.83176336774615E+02
 0.83176336774615E+02
 0.83176336774615E+02
 0.83176336774615E+02
 0.83176336774615E+02
 0.83176336774615E+02
 0.83176336774615E+02
 0.83176336774615E+02
 0.83176336774615E+02
 0.83176336774615E+02
 0.83176336774615E+02
 0.83176336774615E+02
 0.83176336774615E+02
 0.83176336774615E+02
 0.83176336774615E+02
 0.83176336774615E+02
 0.83176336774615E+02
 0.83176336774615E+02
 0.83176336774615E+02
 0.83176336774615E+02
 0.83176336774615E+02
 0.83176336774615E+02
 0.83176336774615E+02
 0.83176336774615E+02
 0.83176336774615E+02
 0.83176336774615E+02
 0.83176336774615E+02
 0.83176336774615E+02
 0.83176336774615E+02
 0.83176336774615E+02
 0.83176336774615E+02
 0.83176336774615E+02
 0.83176336774615E+02
 0.83176336774615E+02
 0.83176336774615E+02
 0.83176336774615E+02
 0.83176336774615E+02
 0.83176336896958E+02
 0.83176336381111E+02
 0.83176337083799E+02
 0.83176337129213E+02
 0.83176337141256E+02
 0.83176337255628E+02
 0.83176337255179E+02
 0.83176336290348E+02
 0.83176335280471E+02
 0.83176334930398E+02
 0.83176334166578E+02
 0.83176334235067E+02
 0.83176334208512E+02
 0.83176334186970E+02
 0.83176334169780E+02
 0.83176334150396E+02
 0.83176334139139E+02
 0.83176334131186E+02
 0.83176334109926E+02
 0.83176334103867E+02
 0.83176334087556E+02
 0.83176334085449E+02
 0.83176334068027E+02
 0.83176334063256E+02
 0.83176334038231E+02
 0.83176334031681E+02
 0.83176333979690E+02
 0.83176333948781E+02
 0.83176333921106E+02
 0.83176333840492E+02
 0.83176333799919E+02
 0.83176333775699E+02
 0.83176333743480E+02
 0.83176333704779E+02
 0.83176333644568E+02
 0.83176333486035E+02
 0.83176332962635E+02
 0.83176334500025E+02
 0.83176335125711E+02
 0.83176335656768E+02
 0.83176336214045E+02
 0.83176336381065E+02
 0.83176336478362E+02
 0.83176336413681E+02
 0.83176336511736E+02
 0.83176336548863E+02
 0.83176336352859E+02
 0.83176336545247E+02
 0.83176336267012E+02
 0.83176336507125E+02
 0.83176335933602E+02
 0.83176336555616E+02
 0.83176336549972E+02
 0.83176336604886E+02
 0.83176336401434E+02
 0.83176336320557E+02
 0.83176336554394E+02
 0.83176336409949E+02
 0.83176336611478E+02
 0.83176336594705E+02
 0.83176336563126E+02
 0.83176336608227E+02
 0.83176336520437E+02
 0.83176336065495E+02
 0.83176335978291E+02
 0.83176336566972E+02
 0.83176336561449E+02
 0.83176336322372E+02
 0.83176336567835E+02
 0.83176336350586E+02
 0.83176335949201E+02
 0.83176336072147E+02
 0.83176336293710E+02
 0.83176336549480E+02
 0.83176336376930E+02
 0.83176336203509E+02
 0.83176336347432E+02
 0.83176336513668E+02
 0.83176336528158E+02
 0.83176336377531E+02
 0.83176336245248E+02
 0.83176336213348E+02
 0.83176336326313E+02
 0.83176336561208E+02
 0.83176336471215E+02
 0.83176336050939E+02
 0.83176336292839E+02
 0.83176336530843E+02
 0.83176336539916E+02
 0.83176336404747E+02
 0.83176335792508E+02
 0.83176336589157E+02
 0.83176336091613E+02
 0.83176336514325E+02
 0.83176336546736E+02
 0.83176336492832E+02
 0.83176336362769E+02
 0.83176336295372E+02
 0.83176336384085E+02
 0.83176335764803E+02
 0.83176335844800E+02
 0.83176335868240E+02
 0.83176336539122E+02
 0.83176336552741E+02
 0.83176335847963E+02
 0.83176336509481E+02
 0.83176336597908E+02
 0.83176336414832E+02
 0.83176336616788E+02
 0.83176335764514E+02
 0.83176335800303E+02
 0.83176336546361E+02
 0.83176336605965E+02
 0.83176336582732E+02
 0.83176336057083E+02
 0.83176336496077E+02
 0.83176335922892E+02
 0.83176336596638E+02
 0.83176336100684E+02
 0.83176336623694E+02
 0.83176336303671E+02
 0.83176336461387E+02
 0.83176336610865E+02
 0.83176335859232E+02
 0.83176336597982E+02
 0.83176336569558E+02
