 0.13708341720025E+03
 0.13708341720025E+03
 0.13708341720025E+03
 0.13708341720025E+03
 0.13708341720025E+03
 0.13708341720025E+03
 0.13708341720025E+03
 0.13708341720025E+03
 0.13708341720025E+03
 0.13708341720025E+03
 0.13708341720025E+03
 0.13708341720025E+03
 0.13708341720025E+03
 0.13708341720025E+03
 0.13708341720025E+03
 0.13708341720025E+03
 0.13708341720025E+03
 0.13708341720025E+03
 0.13708341720025E+03
 0.13708341720025E+03
 0.13708341720025E+03
 0.13708341720025E+03
 0.13708341720025E+03
 0.13708341720025E+03
 0.13708341720025E+03
 0.13708341720025E+03
 0.13708341720025E+03
 0.13708341720025E+03
 0.13708341720025E+03
 0.13708341720025E+03
 0.13708341720025E+03
 0.13708341720025E+03
 0.13708341720025E+03
 0.13708341720025E+03
 0.13708341720025E+03
 0.13708341720025E+03
 0.13708341720025E+03
 0.13708341720025E+03
 0.13708341720025E+03
 0.13708341720025E+03
 0.13708341720025E+03
 0.13708341720025E+03
 0.13708341720025E+03
 0.13708341720025E+03
 0.13708341720025E+03
 0.13708341720025E+03
 0.13708341720025E+03
 0.13708341720025E+03
 0.13708341720025E+03
 0.13708341720025E+03
 0.13708341720025E+03
 0.13708341720025E+03
 0.13708341720025E+03
 0.13708341720025E+03
 0.13708341720025E+03
 0.13708341720025E+03
 0.13708341720025E+03
 0.13708341720025E+03
 0.13708341720025E+03
 0.13708341720025E+03
 0.13708341720025E+03
 0.13708341720025E+03
 0.13708341720025E+03
 0.13708341720025E+03
 0.13708341720025E+03
 0.13708341720025E+03
 0.13708341720025E+03
 0.13708341720025E+03
 0.13708341720025E+03
 0.13708341720025E+03
 0.13708341720025E+03
 0.13708341720025E+03
 0.13708341720025E+03
 0.13708341720025E+03
 0.13708341720025E+03
 0.13708341952278E+03
 0.13708342003832E+03
 0.13708342177543E+03
 0.13708342207563E+03
 0.13708342217761E+03
 0.13708342314642E+03
 0.13708342554987E+03
 0.13708342390089E+03
 0.13708342426383E+03
 0.13708342362221E+03
 0.13708342256382E+03
 0.13708342388997E+03
 0.13708342385006E+03
 0.13708342381537E+03
 0.13708342377396E+03
 0.13708342371310E+03
 0.13708342365338E+03
 0.13708342362893E+03
 0.13708342336882E+03
 0.13708342329986E+03
 0.13708342304860E+03
 0.13708342296411E+03
 0.13708342264758E+03
 0.13708342246485E+03
 0.13708342180586E+03
 0.13708342160438E+03
 0.13708342101102E+03
 0.13708342057257E+03
 0.13708342032596E+03
 0.13708341920391E+03
 0.13708341895499E+03
 0.13708341878187E+03
 0.13708341863550E+03
 0.13708341845345E+03
 0.13708341787042E+03
 0.13708341632739E+03
 0.13708340952135E+03
 0.13708341225455E+03
 0.13708341062730E+03
 0.13708341316815E+03
 0.13708341633166E+03
 0.13708341644338E+03
 0.13708341678740E+03
 0.13708341648547E+03
 0.13708341682492E+03
 0.13708341707652E+03
 0.13708341508480E+03
 0.13708341696299E+03
 0.13708341490892E+03
 0.13708341688896E+03
 0.13708341157520E+03
 0.13708341709598E+03
 0.13708341670959E+03
 0.13708341724500E+03
 0.13708341583721E+03
 0.13708341509242E+03
 0.13708341697637E+03
 0.13708341512969E+03
 0.13708341719120E+03
 0.13708341696339E+03
 0.13708341701119E+03
 0.13708341705929E+03
 0.13708341676301E+03
 0.13708341248352E+03
 0.13708341175938E+03
 0.13708341678362E+03
 0.13708341696063E+03
 0.13708341522630E+03
 0.13708341681496E+03
 0.13708341548375E+03
 0.13708341158723E+03
 0.13708341258030E+03
 0.13708341424799E+03
 0.13708341673905E+03
 0.13708341575451E+03
 0.13708341400351E+03
 0.13708341471707E+03
 0.13708341647068E+03
 0.13708341670653E+03
 0.13708341569506E+03
 0.13708341435188E+03
 0.13708341396334E+03
 0.13708341439125E+03
 0.13708341676543E+03
 0.13708341634024E+03
 0.13708341203870E+03
 0.13708341464310E+03
 0.13708341622886E+03
 0.13708341629417E+03
 0.13708341579081E+03
 0.13708341022395E+03
 0.13708341680178E+03
 0.13708341229892E+03
 0.13708341653528E+03
 0.13708341669784E+03
 0.13708341636530E+03
 0.13708341529592E+03
 0.13708341449959E+03
 0.13708341452422E+03
 0.13708340986112E+03
 0.13708341039467E+03
 0.13708341041059E+03
 0.13708341606663E+03
 0.13708341667946E+03
 0.13708341060988E+03
 0.13708341644254E+03
 0.13708341668296E+03
 0.13708341478264E+03
 0.13708341685914E+03
 0.13708340993734E+03
 0.13708341018606E+03
 0.13708341662979E+03
 0.13708341683404E+03
 0.13708341680427E+03
 0.13708341193199E+03
 0.13708341634379E+03
 0.13708341080037E+03
 0.13708341667785E+03
 0.13708341227138E+03
 0.13708341684692E+03
 0.13708341453965E+03
 0.13708341604720E+03
 0.13708341688530E+03
 0.13708341066458E+03
 0.13708341656543E+03
 0.13708341670957E+03
