 0.84038686354544E+09
 0.84038686354544E+09
 0.84038686354544E+09
 0.84038686354544E+09
 0.84038686354544E+09
 0.84038686354544E+09
 0.84038686354544E+09
 0.84038686354544E+09
 0.84038686354544E+09
 0.84038686354544E+09
 0.84038686354544E+09
 0.84038686354544E+09
 0.84038686354544E+09
 0.84038686354544E+09
 0.84038686354544E+09
 0.84038686354544E+09
 0.84038686354544E+09
 0.84038686354544E+09
 0.84038686354544E+09
 0.84038686354544E+09
 0.84038686354544E+09
 0.84038686354544E+09
 0.84038686354544E+09
 0.84038686354544E+09
 0.84038686354544E+09
 0.84038686354544E+09
 0.84038686354544E+09
 0.84038686354544E+09
 0.84038686354544E+09
 0.84038686354544E+09
 0.84038686354544E+09
 0.84038686354544E+09
 0.84038686354544E+09
 0.84038686354544E+09
 0.84038686354544E+09
 0.84038686354544E+09
 0.84038686354544E+09
 0.84038686354544E+09
 0.84038686354544E+09
 0.84038686354544E+09
 0.84038686354544E+09
 0.84038686354544E+09
 0.84038686354544E+09
 0.84038686354544E+09
 0.84038686354544E+09
 0.84038686354544E+09
 0.84038686354544E+09
 0.84038686354544E+09
 0.84038686354544E+09
 0.84038686354544E+09
 0.84038686354544E+09
 0.84038686354544E+09
 0.84038686354544E+09
 0.84038686354544E+09
 0.84038686354544E+09
 0.84038686354544E+09
 0.84038686354544E+09
 0.84038686354544E+09
 0.84038686354544E+09
 0.84038686354544E+09
 0.84038686354544E+09
 0.84038686354544E+09
 0.84038686354544E+09
 0.84038686354544E+09
 0.84038686354544E+09
 0.84038686354544E+09
 0.84038686354544E+09
 0.84038686354544E+09
 0.84038686354544E+09
 0.84038686354544E+09
 0.84038686354544E+09
 0.84038686354544E+09
 0.84038686354544E+09
 0.84038686354544E+09
 0.84038686354544E+09
 0.84038686354871E+09
 0.84038686354801E+09
 0.84038686355150E+09
 0.84038686355185E+09
 0.84038686355194E+09
 0.84038686355253E+09
 0.84038686355244E+09
 0.84038686355083E+09
 0.84038686354797E+09
 0.84038686354678E+09
 0.84038686354317E+09
 0.84038686354506E+09
 0.84038686354513E+09
 0.84038686354514E+09
 0.84038686354509E+09
 0.84038686354501E+09
 0.84038686354492E+09
 0.84038686354482E+09
 0.84038686354448E+09
 0.84038686354432E+09
 0.84038686354395E+09
 0.84038686354376E+09
 0.84038686354322E+09
 0.84038686354293E+09
 0.84038686354199E+09
 0.84038686354170E+09
 0.84038686354013E+09
 0.84038686353935E+09
 0.84038686353893E+09
 0.84038686353742E+09
 0.84038686353715E+09
 0.84038686353698E+09
 0.84038686353678E+09
 0.84038686353658E+09
 0.84038686353621E+09
 0.84038686353591E+09
 0.84038686353648E+09
 0.84038686354149E+09
 0.84038686354300E+09
 0.84038686354344E+09
 0.84038686354379E+09
 0.84038686354337E+09
 0.84038686354328E+09
 0.84038686354277E+09
 0.84038686354326E+09
 0.84038686354321E+09
 0.84038686354261E+09
 0.84038686354312E+09
 0.84038686354240E+09
 0.84038686354287E+09
 0.84038686354197E+09
 0.84038686354259E+09
 0.84038686354285E+09
 0.84038686354281E+09
 0.84038686354222E+09
 0.84038686354208E+09
 0.84038686354259E+09
 0.84038686354253E+09
 0.84038686354280E+09
 0.84038686354290E+09
 0.84038686354249E+09
 0.84038686354304E+09
 0.84038686354259E+09
 0.84038686354177E+09
 0.84038686354187E+09
 0.84038686354246E+09
 0.84038686354258E+09
 0.84038686354159E+09
 0.84038686354242E+09
 0.84038686354153E+09
 0.84038686354134E+09
 0.84038686354162E+09
 0.84038686354110E+09
 0.84038686354215E+09
 0.84038686354132E+09
 0.84038686354205E+09
 0.84038686354222E+09
 0.84038686354319E+09
 0.84038686354277E+09
 0.84038686354213E+09
 0.84038686354130E+09
 0.84038686354216E+09
 0.84038686354180E+09
 0.84038686354268E+09
 0.84038686354204E+09
 0.84038686354236E+09
 0.84038686354287E+09
 0.84038686354215E+09
 0.84038686354330E+09
 0.84038686354164E+09
 0.84038686354233E+09
 0.84038686354222E+09
 0.84038686354090E+09
 0.84038686354157E+09
 0.84038686354479E+09
 0.84038686354366E+09
 0.84038686354199E+09
 0.84038686354222E+09
 0.84038686353903E+09
 0.84038686353643E+09
 0.84038686353969E+09
 0.84038686354113E+09
 0.84038686354162E+09
 0.84038686354200E+09
 0.84038686353537E+09
 0.84038686354144E+09
 0.84038686354388E+09
 0.84038686354541E+09
 0.84038686353979E+09
 0.84038686354574E+09
 0.84038686354774E+09
 0.84038686354613E+09
 0.84038686354346E+09
 0.84038686353857E+09
 0.84038686352913E+09
 0.84038686354078E+09
 0.84038686353950E+09
 0.84038686353395E+09
 0.84038686352946E+09
 0.84038686353537E+09
 0.84038686351545E+09
 0.84038686351631E+09
 0.84038686351858E+09
 0.84038686353196E+09
 0.84038686352896E+09
 0.84038686353148E+09
