 0.30964638233675E+03
 0.30964638233675E+03
 0.30964638233675E+03
 0.30964638233675E+03
 0.30964638233675E+03
 0.30964638233675E+03
 0.30964638233675E+03
 0.30964638233675E+03
 0.30964638233675E+03
 0.30964638233675E+03
 0.30964638233675E+03
 0.30964638233675E+03
 0.30964638233675E+03
 0.30964638233675E+03
 0.30964638233675E+03
 0.30964638233675E+03
 0.30964638233675E+03
 0.30964638233675E+03
 0.30964638233675E+03
 0.30964638233675E+03
 0.30964638233675E+03
 0.30964638233675E+03
 0.30964638233675E+03
 0.30964638233675E+03
 0.30964638233675E+03
 0.30964638233675E+03
 0.30964638233675E+03
 0.30964638233675E+03
 0.30964638233675E+03
 0.30964638233675E+03
 0.30964638233675E+03
 0.30964638233675E+03
 0.30964638233675E+03
 0.30964638233675E+03
 0.30964638233675E+03
 0.30964638233675E+03
 0.30964638233675E+03
 0.30964638233675E+03
 0.30964638233675E+03
 0.30964638233675E+03
 0.30964638233675E+03
 0.30964638233675E+03
 0.30964638233675E+03
 0.30964638233675E+03
 0.30964638233675E+03
 0.30964638233675E+03
 0.30964638233675E+03
 0.30964638233675E+03
 0.30964638233675E+03
 0.30964638233675E+03
 0.30964638233675E+03
 0.30964638233675E+03
 0.30964638233675E+03
 0.30964638233675E+03
 0.30964638233675E+03
 0.30964638233675E+03
 0.30964638233675E+03
 0.30964638233675E+03
 0.30964638233675E+03
 0.30964638233675E+03
 0.30964638233675E+03
 0.30964638233675E+03
 0.30964638233675E+03
 0.30964638233675E+03
 0.30964638233675E+03
 0.30964638233675E+03
 0.30964638233675E+03
 0.30964638233675E+03
 0.30964638233675E+03
 0.30964638233675E+03
 0.30964638233675E+03
 0.30964638233675E+03
 0.30964638233675E+03
 0.30964638233675E+03
 0.30964638233675E+03
 0.30964637981312E+03
 0.30964637164927E+03
 0.30964637604937E+03
 0.30964637520988E+03
 0.30964637490227E+03
 0.30964637162190E+03
 0.30964635393468E+03
 0.30964634108412E+03
 0.30964631448163E+03
 0.30964630955989E+03
 0.30964629549208E+03
 0.30964629306884E+03
 0.30964629258393E+03
 0.30964629230567E+03
 0.30964629221496E+03
 0.30964629203957E+03
 0.30964629203545E+03
 0.30964629182364E+03
 0.30964629205374E+03
 0.30964629202546E+03
 0.30964629223218E+03
 0.30964629217851E+03
 0.30964629234582E+03
 0.30964629241632E+03
 0.30964629309367E+03
 0.30964629329121E+03
 0.30964629275225E+03
 0.30964629309510E+03
 0.30964629344096E+03
 0.30964629516749E+03
 0.30964629596400E+03
 0.30964629648182E+03
 0.30964629645417E+03
 0.30964629726753E+03
 0.30964629913330E+03
 0.30964630586410E+03
 0.30964633933462E+03
 0.30964635244308E+03
 0.30964638124748E+03
 0.30964637621572E+03
 0.30964636987053E+03
 0.30964637454673E+03
 0.30964637485673E+03
 0.30964637564382E+03
 0.30964637544688E+03
 0.30964637476298E+03
 0.30964638318800E+03
 0.30964637539376E+03
 0.30964638344616E+03
 0.30964637499125E+03
 0.30964639991434E+03
 0.30964637509103E+03
 0.30964637727053E+03
 0.30964637492359E+03
 0.30964638019599E+03
 0.30964638354612E+03
 0.30964637563116E+03
 0.30964638374733E+03
 0.30964637516967E+03
 0.30964637625248E+03
 0.30964637521497E+03
 0.30964637581977E+03
 0.30964637559900E+03
 0.30964639520591E+03
 0.30964639853935E+03
 0.30964637650604E+03
 0.30964637503860E+03
 0.30964638169529E+03
 0.30964637596805E+03
 0.30964638046407E+03
 0.30964639884511E+03
 0.30964639407203E+03
 0.30964638609453E+03
 0.30964637581273E+03
 0.30964637887893E+03
 0.30964638743332E+03
 0.30964638430669E+03
 0.30964637671412E+03
 0.30964637570970E+03
 0.30964637943368E+03
 0.30964638605101E+03
 0.30964638843583E+03
 0.30964638644984E+03
 0.30964637650252E+03
 0.30964637728759E+03
 0.30964639906952E+03
 0.30964638592303E+03
 0.30964638005138E+03
 0.30964638003775E+03
 0.30964638029490E+03
 0.30964640611366E+03
 0.30964637739134E+03
 0.30964639843547E+03
 0.30964637776301E+03
 0.30964637747355E+03
 0.30964637856738E+03
 0.30964638317875E+03
 0.30964638710662E+03
 0.30964638826678E+03
 0.30964640918003E+03
 0.30964640691030E+03
 0.30964640813699E+03
 0.30964638214054E+03
 0.30964637783187E+03
 0.30964640537176E+03
 0.30964637894426E+03
 0.30964637935388E+03
 0.30964638774088E+03
 0.30964637859692E+03
 0.30964640845296E+03
 0.30964640743218E+03
 0.30964637835680E+03
 0.30964637876375E+03
 0.30964637859465E+03
 0.30964640160862E+03
 0.30964637985497E+03
 0.30964640690570E+03
 0.30964638023411E+03
 0.30964640040884E+03
 0.30964637975458E+03
 0.30964638841954E+03
 0.30964638157787E+03
 0.30964637927171E+03
 0.30964640620904E+03
 0.30964638130482E+03
 0.30964637923203E+03
