 0.51033005131542E+03
 0.51033005131542E+03
 0.51033005131542E+03
 0.51033005131542E+03
 0.51033005131542E+03
 0.51033005131542E+03
 0.51033005131542E+03
 0.51033005131542E+03
 0.51033005131542E+03
 0.51033005131542E+03
 0.51033005131542E+03
 0.51033005131542E+03
 0.51033005131542E+03
 0.51033005131542E+03
 0.51033005131542E+03
 0.51033005131542E+03
 0.51033005131542E+03
 0.51033005131542E+03
 0.51033005131542E+03
 0.51033005131542E+03
 0.51033005131542E+03
 0.51033005131542E+03
 0.51033005131542E+03
 0.51033005131542E+03
 0.51033005131542E+03
 0.51033005131542E+03
 0.51033005131542E+03
 0.51033005131542E+03
 0.51033005131542E+03
 0.51033005131542E+03
 0.51033005131542E+03
 0.51033005131542E+03
 0.51033005131542E+03
 0.51033005131542E+03
 0.51033005131542E+03
 0.51033005131542E+03
 0.51033005131542E+03
 0.51033005131542E+03
 0.51033005131542E+03
 0.51033005131542E+03
 0.51033005131542E+03
 0.51033005131542E+03
 0.51033005131542E+03
 0.51033005131542E+03
 0.51033005131542E+03
 0.51033005131542E+03
 0.51033005131542E+03
 0.51033005131542E+03
 0.51033005131542E+03
 0.51033005131542E+03
 0.51033005131542E+03
 0.51033005131542E+03
 0.51033005131542E+03
 0.51033005131542E+03
 0.51033005131542E+03
 0.51033005131542E+03
 0.51033005131542E+03
 0.51033005131542E+03
 0.51033005131542E+03
 0.51033005131542E+03
 0.51033005131542E+03
 0.51033005131542E+03
 0.51033005131542E+03
 0.51033005131542E+03
 0.51033005131542E+03
 0.51033005131542E+03
 0.51033005131542E+03
 0.51033005131542E+03
 0.51033005131542E+03
 0.51033005131542E+03
 0.51033005131542E+03
 0.51033005131542E+03
 0.51033005131542E+03
 0.51033005131542E+03
 0.51033005131542E+03
 0.51033005505180E+03
 0.51033004668115E+03
 0.51033005608848E+03
 0.51033005554385E+03
 0.51033005534264E+03
 0.51033005284116E+03
 0.51033003264098E+03
 0.51033001124288E+03
 0.51032997494639E+03
 0.51032996659412E+03
 0.51032994415517E+03
 0.51032994467814E+03
 0.51032994389333E+03
 0.51032994343776E+03
 0.51032994323958E+03
 0.51032994284284E+03
 0.51032994268284E+03
 0.51032994229150E+03
 0.51032994183284E+03
 0.51032994156669E+03
 0.51032994107208E+03
 0.51032994068202E+03
 0.51032993988627E+03
 0.51032993935149E+03
 0.51032993816811E+03
 0.51032993778379E+03
 0.51032993500557E+03
 0.51032993412805E+03
 0.51032993394976E+03
 0.51032993311277E+03
 0.51032993374777E+03
 0.51032993410529E+03
 0.51032993371252E+03
 0.51032993461272E+03
 0.51032993588665E+03
 0.51032994220807E+03
 0.51032997524504E+03
 0.51032999759157E+03
 0.51033003516746E+03
 0.51033003307528E+03
 0.51033003097559E+03
 0.51033003807360E+03
 0.51033003926827E+03
 0.51033003983831E+03
 0.51033004017579E+03
 0.51033003975750E+03
 0.51033004743071E+03
 0.51033004039663E+03
 0.51033004772813E+03
 0.51033003969158E+03
 0.51033006450444E+03
 0.51033004032919E+03
 0.51033004251741E+03
 0.51033004030572E+03
 0.51033004500258E+03
 0.51033004824750E+03
 0.51033004078160E+03
 0.51033004816938E+03
 0.51033004047052E+03
 0.51033004150994E+03
 0.51033004017174E+03
 0.51033004107083E+03
 0.51033004014263E+03
 0.51033005931668E+03
 0.51033006264978E+03
 0.51033004142877E+03
 0.51033003970311E+03
 0.51033004568440E+03
 0.51033004065348E+03
 0.51033004444053E+03
 0.51033006269130E+03
 0.51033005776738E+03
 0.51033004946865E+03
 0.51033004022750E+03
 0.51033004267440E+03
 0.51033005131838E+03
 0.51033004793876E+03
 0.51033004093375E+03
 0.51033004006746E+03
 0.51033004336367E+03
 0.51033005008101E+03
 0.51033005276072E+03
 0.51033005038752E+03
 0.51033004139060E+03
 0.51033004165377E+03
 0.51033006411763E+03
 0.51033005066226E+03
 0.51033004542829E+03
 0.51033004559329E+03
 0.51033004497254E+03
 0.51033007055683E+03
 0.51033004281931E+03
 0.51033006379187E+03
 0.51033004289890E+03
 0.51033004282814E+03
 0.51033004372363E+03
 0.51033004814062E+03
 0.51033005206315E+03
 0.51033005352257E+03
 0.51033007442981E+03
 0.51033007218451E+03
 0.51033007412168E+03
 0.51033004821669E+03
 0.51033004331342E+03
 0.51033007043060E+03
 0.51033004453016E+03
 0.51033004555774E+03
 0.51033005342925E+03
 0.51033004485025E+03
 0.51033007351705E+03
 0.51033007254102E+03
 0.51033004403281E+03
 0.51033004509814E+03
 0.51033004485121E+03
 0.51033006786739E+03
 0.51033004574572E+03
 0.51033007320812E+03
 0.51033004699725E+03
 0.51033006688599E+03
 0.51033004667034E+03
 0.51033005432518E+03
 0.51033004769398E+03
 0.51033004609609E+03
 0.51033007194501E+03
 0.51033004833510E+03
 0.51033004562993E+03
