 0.86497379817492E+07
 0.86486033841534E+07
 0.86455774159181E+07
 0.86406590540646E+07
 0.86338466325817E+07
 0.86251378370836E+07
 0.86145296974422E+07
 0.86020185782087E+07
 0.85876001668502E+07
 0.85712694596655E+07
 0.85530207452931E+07
 0.85328475856671E+07
 0.85107427943122E+07
 0.84866984117365E+07
 0.84607056778272E+07
 0.84327550009278E+07
 0.84028359234004E+07
 0.83709370833590E+07
 0.83370461722572E+07
 0.83011498879371E+07
 0.82632338827240E+07
 0.82232827060936E+07
 0.81812797413323E+07
 0.81372071356103E+07
 0.80910457227085E+07
 0.80427749376372E+07
 0.79923727221936E+07
 0.79398154204012E+07
 0.78850776626746E+07
 0.78281322372295E+07
 0.77689499472474E+07
 0.77074994518737E+07
 0.76437470889972E+07
 0.75776566772757E+07
 0.75091892945974E+07
 0.74383030296651E+07
 0.73649527026958E+07
 0.72890895508256E+07
 0.72106608726701E+07
 0.71296096258452E+07
 0.70458739697570E+07
 0.69593867448432E+07
 0.68700748774401E+07
 0.67778586974947E+07
 0.66826511536163E+07
 0.65843569066843E+07
 0.64828712792550E+07
 0.63780790328378E+07
 0.62698529387210E+07
 0.61580520999984E+07
 0.60425199719692E+07
 0.59230820149482E+07
 0.57995428962253E+07
 0.56716831356214E+07
 0.55392550595872E+07
 0.54019778898699E+07
 0.52595317405198E+07
 0.51115502265467E+07
 0.49576112911841E+07
 0.47972257257054E+07
 0.46298226696070E+07
 0.44547311152070E+07
 0.42711560613233E+07
 0.40781474062757E+07
 0.38745588458501E+07
 0.36589927912360E+07
 0.34297253826603E+07
 0.31846025904880E+07
 0.29208933437254E+07
 0.26350770488060E+07
 0.23225276248808E+07
 0.19770274088571E+07
 0.15899848190960E+07
 0.11490869788780E+07
 0.63566442021014E+06
 0.17281159210843E+05
-0.75323944204702E+06
-0.17092656014307E+07
-0.29045647201943E+07
-0.44852346254027E+07
-0.71109114451348E+07
-0.11585383448868E+08
-0.21335969633159E+08
-0.53840729796551E+08
-0.79581778663692E+09
 0.17137908924538E+10
-0.24357681215048E+08
-0.82927990141718E+07
-0.61180048388256E+07
 0.71642035468106E+07
 0.13356201259127E+08
 0.79128902498187E+07
 0.24565281081501E+06
-0.67455319452406E+07
 0.84935168694721E+07
 0.54907868724537E+07
 0.10652680372994E+07
 0.58124720206461E+07
 0.41111564376472E+07
-0.43016440485875E+07
 0.33646685792812E+07
-0.91419791861575E+07
-0.57452763415150E+07
-0.21698955878273E+07
 0.31276171791892E+07
-0.25907365538488E+07
-0.11102744975176E+07
-0.14792734114467E+07
-0.15395306907427E+07
-0.18020569150135E+07
-0.19716148352983E+07
-0.21267815905376E+07
-0.23376838582822E+07
-0.23275282644772E+07
-0.27003452785866E+07
-0.26763764622729E+07
-0.28435864099093E+07
-0.28300542265622E+07
-0.30971155412185E+07
-0.32149208570358E+07
-0.33173198601444E+07
-0.34631604431162E+07
-0.36234447527271E+07
-0.39049284360006E+07
-0.39573692817632E+07
-0.40931456350017E+07
-0.40676443236635E+07
-0.43030399077309E+07
-0.45039778515205E+07
-0.47375335789178E+07
-0.48647926739677E+07
-0.48669536451989E+07
-0.51781198383464E+07
-0.53088125733523E+07
-0.52952600090227E+07
-0.55573399828993E+07
-0.58082790963042E+07
-0.58598250429021E+07
-0.60692090073106E+07
-0.60403947907043E+07
-0.61902568942385E+07
-0.65464644096929E+07
-0.66844049652707E+07
-0.69980881265439E+07
-0.69294809137859E+07
-0.71645263500487E+07
-0.73844942459070E+07
-0.74937830278214E+07
-0.76572915101079E+07
-0.77448016669814E+07
-0.80263910096454E+07
-0.81987302300543E+07
-0.81938275009354E+07
-0.83337341374951E+07
-0.84913765515270E+07
-0.85375127227512E+07
-0.89516751048390E+07
-0.90830544459287E+07
-0.94549574023867E+07
-0.93989919370185E+07
-0.97089501528218E+07
-0.98510445542213E+07
-0.99203716208286E+07
-0.99317549347471E+07
-0.10460661069674E+08
-0.10432210037048E+08
-0.10533131260006E+08
-0.10731951171713E+08
-0.10975988960802E+08
-0.11197574559207E+08
-0.11099732010693E+08
-0.11593980858372E+08
-0.11537700467264E+08
-0.11825471074157E+08
-0.12010322617075E+08
-0.12214535168599E+08
-0.12387329003797E+08
-0.12458281087637E+08
-0.12588233247409E+08
-0.12950585820692E+08
-0.13050098314936E+08
-0.13199651854368E+08
-0.13512704770519E+08
-0.13731813219108E+08
-0.13849283694155E+08
-0.14024661836254E+08
-0.14171337822485E+08
-0.14365089692390E+08
-0.14503486415779E+08
-0.14546785809726E+08
-0.14879050953668E+08
-0.15189491847803E+08
-0.15278105767914E+08
-0.15425971111625E+08
-0.15533562578931E+08
-0.15847550881669E+08
-0.16064905162504E+08
-0.16257603888581E+08
-0.16616218392450E+08
-0.16640569858464E+08
-0.16826563936965E+08
