 0.77828119149937E+07
 0.77828119149937E+07
 0.77828119149937E+07
 0.77828119149937E+07
 0.77828119149937E+07
 0.77828119149937E+07
 0.77828119149937E+07
 0.77828119149937E+07
 0.77828119149937E+07
 0.77828119149937E+07
 0.77828119149937E+07
 0.77828119149937E+07
 0.77828119149937E+07
 0.77828119149937E+07
 0.77828119149937E+07
 0.77828119149937E+07
 0.77828119149937E+07
 0.77828119149937E+07
 0.77828119149937E+07
 0.77828119149937E+07
 0.77828119149937E+07
 0.77828119149937E+07
 0.77828119149937E+07
 0.77828119149937E+07
 0.77828119149937E+07
 0.77828119149937E+07
 0.77828119149937E+07
 0.77828119149937E+07
 0.77828119149937E+07
 0.77828119149937E+07
 0.77828119149937E+07
 0.77828119149937E+07
 0.77828119149937E+07
 0.77828119149937E+07
 0.77828119149937E+07
 0.77828119149937E+07
 0.77828119149937E+07
 0.77828119149937E+07
 0.77828119149937E+07
 0.77828119149937E+07
 0.77828119149937E+07
 0.77828119149937E+07
 0.77828119149937E+07
 0.77828119149937E+07
 0.77828119149937E+07
 0.77828119149937E+07
 0.77828119149937E+07
 0.77828119149937E+07
 0.77828119149937E+07
 0.77828119149937E+07
 0.77828119149937E+07
 0.77828119149937E+07
 0.77828119149937E+07
 0.77828119149937E+07
 0.77828119149937E+07
 0.77828119149937E+07
 0.77828119149937E+07
 0.77828119149937E+07
 0.77828119149937E+07
 0.77828119149937E+07
 0.77828119149937E+07
 0.77828119149937E+07
 0.77828119149937E+07
 0.77828119149937E+07
 0.77828119149937E+07
 0.77828119149937E+07
 0.77828119149937E+07
 0.77828119149937E+07
 0.77828119149937E+07
 0.77828119149937E+07
 0.77828119149937E+07
 0.77828119149937E+07
 0.77828119149937E+07
 0.77828119149937E+07
 0.77828119149937E+07
 0.77828117425039E+07
 0.77828116910442E+07
 0.77828115792325E+07
 0.77828115612981E+07
 0.77828115555728E+07
 0.77828114946939E+07
 0.77828113367132E+07
 0.77828114396759E+07
 0.77828114304736E+07
 0.77828114793325E+07
 0.77828115382761E+07
 0.77828114198355E+07
 0.77828114102904E+07
 0.77828114033854E+07
 0.77828114006660E+07
 0.77828113978471E+07
 0.77828113989459E+07
 0.77828113954876E+07
 0.77828114145370E+07
 0.77828114188655E+07
 0.77828114384096E+07
 0.77828114483175E+07
 0.77828114808577E+07
 0.77828115003402E+07
 0.77828115530461E+07
 0.77828115694774E+07
 0.77828117133347E+07
 0.77828117669746E+07
 0.77828117954029E+07
 0.77828118772688E+07
 0.77828118932680E+07
 0.77828119047975E+07
 0.77828119655989E+07
 0.77828119930684E+07
 0.77828120413005E+07
 0.77828121454704E+07
 0.77828126001534E+07
 0.77828124177937E+07
 0.77828124371150E+07
 0.77828122718571E+07
 0.77828121231278E+07
 0.77828121728256E+07
 0.77828122076674E+07
 0.77828122516803E+07
 0.77828122437857E+07
 0.77828122316611E+07
 0.77828123766512E+07
 0.77828122846447E+07
 0.77828124394626E+07
 0.77828123208903E+07
 0.77828126812655E+07
 0.77828123215912E+07
 0.77828123921805E+07
 0.77828123725334E+07
 0.77828124770890E+07
 0.77828125314581E+07
 0.77828124149655E+07
 0.77828125871780E+07
 0.77828124522450E+07
 0.77828124830366E+07
 0.77828124817249E+07
 0.77828124844090E+07
 0.77828125432216E+07
 0.77828128374486E+07
 0.77828128936418E+07
 0.77828125620106E+07
 0.77828125515137E+07
 0.77828126993339E+07
 0.77828126064466E+07
 0.77828126915114E+07
 0.77828129586401E+07
 0.77828128976254E+07
 0.77828128181680E+07
 0.77828126591203E+07
 0.77828127189077E+07
 0.77828128125255E+07
 0.77828127876304E+07
 0.77828127027364E+07
 0.77828126418682E+07
 0.77828127109524E+07
 0.77828127863363E+07
 0.77828127666392E+07
 0.77828127695702E+07
 0.77828126082070E+07
 0.77828126455841E+07
 0.77828127838528E+07
 0.77828126895259E+07
 0.77828125672780E+07
 0.77828125450035E+07
 0.77828126402715E+07
 0.77828129870394E+07
 0.77828125337869E+07
 0.77828127417994E+07
 0.77828125707483E+07
 0.77828125353521E+07
 0.77828125621533E+07
 0.77828126270712E+07
 0.77828126756104E+07
 0.77828126166149E+07
 0.77828129748642E+07
 0.77828129138158E+07
 0.77828128103158E+07
 0.77828124913681E+07
 0.77828125269817E+07
 0.77828129268384E+07
 0.77828125277694E+07
 0.77828124794565E+07
 0.77828125608916E+07
 0.77828124497758E+07
 0.77828129603032E+07
 0.77828129305337E+07
 0.77828125074629E+07
 0.77828124606222E+07
 0.77828124610769E+07
 0.77828127074771E+07
 0.77828125040179E+07
 0.77828127649070E+07
 0.77828124425613E+07
 0.77828126549182E+07
 0.77828124074789E+07
 0.77828126294189E+07
 0.77828125116277E+07
 0.77828124332340E+07
 0.77828128620057E+07
 0.77828124008486E+07
 0.77828124292516E+07
