 0.21140088456486E+08
 0.21140088456486E+08
 0.21140088456486E+08
 0.21140088456486E+08
 0.21140088456486E+08
 0.21140088456486E+08
 0.21140088456486E+08
 0.21140088456486E+08
 0.21140088456486E+08
 0.21140088456486E+08
 0.21140088456486E+08
 0.21140088456486E+08
 0.21140088456486E+08
 0.21140088456486E+08
 0.21140088456486E+08
 0.21140088456486E+08
 0.21140088456486E+08
 0.21140088456486E+08
 0.21140088456486E+08
 0.21140088456486E+08
 0.21140088456486E+08
 0.21140088456486E+08
 0.21140088456486E+08
 0.21140088456486E+08
 0.21140088456486E+08
 0.21140088456486E+08
 0.21140088456486E+08
 0.21140088456486E+08
 0.21140088456486E+08
 0.21140088456486E+08
 0.21140088456486E+08
 0.21140088456486E+08
 0.21140088456486E+08
 0.21140088456486E+08
 0.21140088456486E+08
 0.21140088456486E+08
 0.21140088456486E+08
 0.21140088456486E+08
 0.21140088456486E+08
 0.21140088456486E+08
 0.21140088456486E+08
 0.21140088456486E+08
 0.21140088456486E+08
 0.21140088456486E+08
 0.21140088456486E+08
 0.21140088456486E+08
 0.21140088456486E+08
 0.21140088456486E+08
 0.21140088456486E+08
 0.21140088456486E+08
 0.21140088456486E+08
 0.21140088456486E+08
 0.21140088456486E+08
 0.21140088456486E+08
 0.21140088456486E+08
 0.21140088456486E+08
 0.21140088456486E+08
 0.21140088456486E+08
 0.21140088456486E+08
 0.21140088456486E+08
 0.21140088456486E+08
 0.21140088456486E+08
 0.21140088456486E+08
 0.21140088456486E+08
 0.21140088456486E+08
 0.21140088456486E+08
 0.21140088456486E+08
 0.21140088456486E+08
 0.21140088456486E+08
 0.21140088456486E+08
 0.21140088456486E+08
 0.21140088456486E+08
 0.21140088456486E+08
 0.21140088456486E+08
 0.21140088456486E+08
 0.21140088642100E+08
 0.21140088923545E+08
 0.21140088798417E+08
 0.21140088819207E+08
 0.21140088828988E+08
 0.21140088904294E+08
 0.21140089216693E+08
 0.21140089478221E+08
 0.21140090078504E+08
 0.21140090191273E+08
 0.21140090413208E+08
 0.21140090465699E+08
 0.21140090440962E+08
 0.21140090422459E+08
 0.21140090411039E+08
 0.21140090394462E+08
 0.21140090384752E+08
 0.21140090371858E+08
 0.21140090354183E+08
 0.21140090347752E+08
 0.21140090331633E+08
 0.21140090333559E+08
 0.21140090333174E+08
 0.21140090332161E+08
 0.21140090284796E+08
 0.21140090270612E+08
 0.21140090504786E+08
 0.21140090530970E+08
 0.21140090546192E+08
 0.21140090463470E+08
 0.21140090450778E+08
 0.21140090441012E+08
 0.21140090577398E+08
 0.21140090615534E+08
 0.21140090597330E+08
 0.21140090484956E+08
 0.21140089886880E+08
 0.21140089453052E+08
 0.21140088685595E+08
 0.21140088750433E+08
 0.21140089038883E+08
 0.21140089123432E+08
 0.21140089274720E+08
 0.21140089334025E+08
 0.21140089367431E+08
 0.21140089393225E+08
 0.21140089272389E+08
 0.21140089503965E+08
 0.21140089432392E+08
 0.21140089598964E+08
 0.21140089230463E+08
 0.21140089640069E+08
 0.21140089715503E+08
 0.21140089799359E+08
 0.21140089752575E+08
 0.21140089711656E+08
 0.21140089857428E+08
 0.21140089829059E+08
 0.21140089995929E+08
 0.21140090017830E+08
 0.21140090045065E+08
 0.21140090044262E+08
 0.21140090157257E+08
 0.21140089867801E+08
 0.21140089841421E+08
 0.21140090190997E+08
 0.21140090219885E+08
 0.21140090208018E+08
 0.21140090320923E+08
 0.21140090251831E+08
 0.21140089979664E+08
 0.21140090057724E+08
 0.21140090243634E+08
 0.21140090449915E+08
 0.21140090396366E+08
 0.21140090198753E+08
 0.21140090278054E+08
 0.21140090503821E+08
 0.21140090403863E+08
 0.21140090356115E+08
 0.21140090213847E+08
 0.21140090056723E+08
 0.21140090139242E+08
 0.21140090313797E+08
 0.21140090329929E+08
 0.21140089592425E+08
 0.21140090016515E+08
 0.21140090052567E+08
 0.21140090007594E+08
 0.21140090179826E+08
 0.21140089715979E+08
 0.21140090108657E+08
 0.21140089537783E+08
 0.21140090164898E+08
 0.21140090102414E+08
 0.21140090100049E+08
 0.21140090012671E+08
 0.21140089933167E+08
 0.21140089735421E+08
 0.21140089585087E+08
 0.21140089543160E+08
 0.21140089255023E+08
 0.21140089792131E+08
 0.21140090070957E+08
 0.21140089643302E+08
 0.21140090022013E+08
 0.21140089919985E+08
 0.21140089648138E+08
 0.21140089884108E+08
 0.21140089569191E+08
 0.21140089546848E+08
 0.21140090005864E+08
 0.21140089911328E+08
 0.21140089915194E+08
 0.21140089348934E+08
 0.21140089933854E+08
 0.21140089224119E+08
 0.21140089818839E+08
 0.21140089288686E+08
 0.21140089761940E+08
 0.21140089815836E+08
 0.21140089880685E+08
 0.21140089850255E+08
 0.21140089478341E+08
 0.21140089670180E+08
 0.21140089806236E+08
