 0.18199685457344E+05
 0.27532284278862E+04
 0.77194705921535E+03
 0.29844334309081E+03
 0.12720171031102E+03
 0.47514334116903E+02
 0.30998884307901E+01
-0.25401655842787E+02
-0.45873097175549E+02
-0.61937756822586E+02
-0.75420946470468E+02
-0.87310768368844E+02
-0.98174073016189E+02
-0.10835199161051E+03
-0.11805823505327E+03
-0.12743135218701E+03
-0.13656385747626E+03
-0.14551913873234E+03
-0.15434162345008E+03
-0.16306308336486E+03
-0.17170665235984E+03
-0.18028945010279E+03
-0.18882433299333E+03
-0.19732108589325E+03
-0.20578724782231E+03
-0.21422869340401E+03
-0.22265004843523E+03
-0.23105499097684E+03
-0.23944647225827E+03
-0.24782688064408E+03
-0.25619816465557E+03
-0.26456192620125E+03
-0.27291949189281E+03
-0.28127196807623E+03
-0.28962028364483E+03
-0.29796522360376E+03
-0.30630745557422E+03
-0.31464755086550E+03
-0.32298600133606E+03
-0.33132323296729E+03
-0.33965961685391E+03
-0.34799547815139E+03
-0.35633110339788E+03
-0.36466674653577E+03
-0.37300263388684E+03
-0.38133896828162E+03
-0.38967593250114E+03
-0.39801369215763E+03
-0.40635239811471E+03
-0.41469218852876E+03
-0.42303319057660E+03
-0.43137552192306E+03
-0.43971929197145E+03
-0.44806460293278E+03
-0.45641155074261E+03
-0.46476022584966E+03
-0.47311071389611E+03
-0.48146309630608E+03
-0.48981745079600E+03
-0.49817385181860E+03
-0.50653237094978E+03
-0.51489307722704E+03
-0.52325603744573E+03
-0.53162131641943E+03
-0.53998897720903E+03
-0.54835908132492E+03
-0.55673168890572E+03
-0.56510685887670E+03
-0.57348464909044E+03
-0.58186511645211E+03
-0.59024831703102E+03
-0.59863430616056E+03
-0.60702313852746E+03
-0.61541486825213E+03
-0.62380954896072E+03
-0.63220723385020E+03
-0.64060797574705E+03
-0.64901182716045E+03
-0.65741884033043E+03
-0.66582906727172E+03
-0.67424255981364E+03
-0.68265936963654E+03
-0.69107954830508E+03
-0.69950314729889E+03
-0.70793021804055E+03
-0.71636081192155E+03
-0.72479498032612E+03
-0.73323277465343E+03
-0.74167424633803E+03
-0.75011944686904E+03
-0.75856842780786E+03
-0.76702124080495E+03
-0.77547793761531E+03
-0.78393857011329E+03
-0.79240319030635E+03
-0.80087185034816E+03
-0.80934460255099E+03
-0.81782149939754E+03
-0.82630259355208E+03
-0.83478793787126E+03
-0.84327758541431E+03
-0.85177158945299E+03
-0.86027000348101E+03
-0.86877288122329E+03
-0.87728027664482E+03
-0.88579224395927E+03
-0.89430883763738E+03
-0.90283011241521E+03
-0.91135612330205E+03
-0.91988692558833E+03
-0.92842257485324E+03
-0.93696312697241E+03
-0.94550863812525E+03
-0.95405916480240E+03
-0.96261476381298E+03
-0.97117549229183E+03
-0.97974140770667E+03
-0.98831256786524E+03
-0.99688903092237E+03
-0.10054708553871E+04
-0.10140581001297E+04
-0.10226508243887E+04
-0.10312490877781E+04
-0.10398529502942E+04
-0.10484624723229E+04
-0.10570777146469E+04
-0.10656987384525E+04
-0.10743256053370E+04
-0.10829583773161E+04
-0.10915971168310E+04
-0.11002418867555E+04
-0.11088927504041E+04
-0.11175497715388E+04
-0.11262130143768E+04
-0.11348825435985E+04
-0.11435584243547E+04
-0.11522407222746E+04
-0.11609295034739E+04
-0.11696248345623E+04
-0.11783267826519E+04
-0.11870354153653E+04
-0.11957508008440E+04
-0.12044730077565E+04
-0.12132021053070E+04
-0.12219381632442E+04
-0.12306812518696E+04
-0.12394314420468E+04
-0.12481888052105E+04
-0.12569534133752E+04
-0.12657253391450E+04
-0.12745046557229E+04
-0.12832914369204E+04
-0.12920857571669E+04
-0.13008876915202E+04
-0.13096973156763E+04
-0.13185147059793E+04
-0.13273399394325E+04
-0.13361730937083E+04
-0.13450142471596E+04
-0.13538634788302E+04
-0.13627208684664E+04
-0.13715864965281E+04
-0.13804604442003E+04
-0.13893427934052E+04
-0.13982336268140E+04
-0.14071330278588E+04
-0.14160410807456E+04
-0.14249578704665E+04
-0.14338834828130E+04
-0.14428180043887E+04
-0.14517615226231E+04
-0.14607141257849E+04
-0.14696759029964E+04
-0.14786469442471E+04
-0.14876273404087E+04
-0.14966171832495E+04
-0.15056165654499E+04
-0.15146255806171E+04
-0.15236443233015E+04
-0.15326728890120E+04
-0.15417113742330E+04
-0.15507598764405E+04
-0.15598184941196E+04
-0.15688873267813E+04
-0.15779664749808E+04
-0.15870560403352E+04
-0.15961561255421E+04
-0.16052668343988E+04
-0.16143882718212E+04
-0.16235205438636E+04
-0.16326637577389E+04
-0.16418180218396E+04
-0.16509834457580E+04
-0.16601601403087E+04
-0.16693482175499E+04
-0.16785477908063E+04
-0.16877589746919E+04
-0.16969818851339E+04
-0.17062166393964E+04
-0.17154633561055E+04
-0.17247221552742E+04
-0.17339931583285E+04
-0.17432764881338E+04
-0.17525722690218E+04
-0.17618806268187E+04
-0.17712016888732E+04
-0.17805355840860E+04
-0.17898824429394E+04
-0.17992423975278E+04
-0.18086155815896E+04
-0.18180021305386E+04
-0.18274021814978E+04
-0.18368158733324E+04
-0.18462433466850E+04
-0.18556847440111E+04
-0.18651402096155E+04
-0.18746098896899E+04
-0.18840939323513E+04
-0.18935924876816E+04
-0.19031057077680E+04
-0.19126337467448E+04
-0.19221767608363E+04
-0.19317349084006E+04
-0.19413083499752E+04
-0.19508972483227E+04
-0.19605017684798E+04
-0.19701220778053E+04
-0.19797583460315E+04
-0.19894107453159E+04
-0.19990794502950E+04
-0.20087646381392E+04
-0.20184664886097E+04
-0.20281851841173E+04
-0.20379209097824E+04
-0.20476738534970E+04
-0.20574442059893E+04
-0.20672321608891E+04
-0.20770379147963E+04
-0.20868616673514E+04
-0.20967036213072E+04
-0.21065639826048E+04
-0.21164429604498E+04
-0.21263407673932E+04
-0.21362576194130E+04
-0.21461937360001E+04
-0.21561493402463E+04
-0.21661246589355E+04
-0.21761199226381E+04
-0.21861353658084E+04
-0.21961712268862E+04
-0.22062277484012E+04
-0.22163051770817E+04
-0.22264037639667E+04
-0.22365237645229E+04
-0.22466654387656E+04
-0.22568290513841E+04
-0.22670148718721E+04
-0.22772231746630E+04
-0.22874542392705E+04
-0.22977083504349E+04
-0.23079857982750E+04
-0.23182868784462E+04
-0.23286118923055E+04
-0.23389611470824E+04
-0.23493349560579E+04
-0.23597336387510E+04
-0.23701575211121E+04
-0.23806069357267E+04
-0.23910822220262E+04
-0.24015837265099E+04
-0.24121118029752E+04
-0.24226668127602E+04
-0.24332491249964E+04
-0.24438591168735E+04
-0.24544971739174E+04
-0.24651636902816E+04
-0.24758590690519E+04
-0.24865837225683E+04
-0.24973380727612E+04
-0.25081225515066E+04
-0.25189376009986E+04
-0.25297836741428E+04
-0.25406612349699E+04
-0.25515707590731E+04
-0.25625127340685E+04
-0.25734876600831E+04
-0.25844960502698E+04
-0.25955384313530E+04
-0.26066153442068E+04
-0.26177273444680E+04
-0.26288750031867E+04
-0.26400589075189E+04
-0.26512796614619E+04
-0.26625378866383E+04
-0.26738342231326E+04
-0.26851693303828E+04
-0.26965438881353E+04
-0.27079585974655E+04
-0.27194141818720E+04
-0.27309113884513E+04
-0.27424509891595E+04
-0.27540337821701E+04
-0.27656605933384E+04
-0.27773322777813E+04
-0.27890497215858E+04
-0.28008138436600E+04
-0.28126255977404E+04
-0.28244859745750E+04
-0.28363960042994E+04
-0.28483567590310E+04
-0.28603693557039E+04
-0.28724349591770E+04
-0.28845547856460E+04
-0.28967301064001E+04
-0.29089622519670E+04
-0.29212526166984E+04
-0.29336026638571E+04
-0.29460139312750E+04
-0.29584880376655E+04
-0.29710266896886E+04
-0.29836316898818E+04
-0.29963049455960E+04
-0.30090484790990E+04
-0.30218644390428E+04
-0.30347551135320E+04
-0.30477229450805E+04
-0.30607705478073E+04
-0.30739007273037E+04
-0.30871165037030E+04
-0.31004211386214E+04
-0.31138181668013E+04
-0.31273114335190E+04
-0.31409051391066E+04
-0.31546038923356E+04
-0.31684127749403E+04
-0.31823374202856E+04
-0.31963841101966E+04
-0.32105598953905E+04
-0.32248727469905E+04
-0.32393317495826E+04
-0.32539473507079E+04
-0.32687316884440E+04
-0.32836990292845E+04
-0.32988663655115E+04
-0.33142542494759E+04
-0.33298879909072E+04
-0.33457994312153E+04
-0.33620296756185E+04
-0.33786335013968E+04
-0.33956868974340E+04
-0.34133009626181E+04
-0.34316502287785E+04
-0.34510391917158E+04
-0.34720969990482E+04
-0.34966201972092E+04
-0.35334574181344E+04
-0.35974141599794E+04
-0.36839301306688E+04
-0.37872494889531E+04
-0.39045797625241E+04
-0.40346158765129E+04
-0.41752376379666E+04
-0.43257847136073E+04
-0.44855237601505E+04
-0.46534082539196E+04
-0.48293318177913E+04
-0.50131513944503E+04
-0.52042688872091E+04
-0.54025115348770E+04
-0.56077087015654E+04
-0.58197099144558E+04
-0.60386102027502E+04
-0.62642801831594E+04
-0.64966017323402E+04
-0.67355042711706E+04
-0.69812814878312E+04
-0.72335126905533E+04
-0.74923221244668E+04
-0.77580975142587E+04
-0.80308265180086E+04
-0.83104478223456E+04
-0.85971494989339E+04
-0.88908515423042E+04
-0.91918712417143E+04
-0.95000771042300E+04
-0.98157352545068E+04
-0.10138953231064E+05
-0.10469205406115E+05
-0.10807827066620E+05
-0.11154005069294E+05
-0.11507823335074E+05
-0.11870611597491E+05
-0.12241629507505E+05
-0.12620951897352E+05
-0.13008995386780E+05
-0.13405491013697E+05
-0.13811143690521E+05
-0.14225969754215E+05
-0.14650004588718E+05
-0.15083429202187E+05
-0.15526405589820E+05
-0.15979281230343E+05
-0.16442433719910E+05
-0.16915942360237E+05
-0.17399593066179E+05
-0.17893666924226E+05
-0.18397496011333E+05
-0.18913702680559E+05
-0.19439175478301E+05
-0.19977256830710E+05
-0.20526964964463E+05
-0.21090259665598E+05
-0.21664630914924E+05
-0.22248396485340E+05
-0.22847739612662E+05
-0.23459104169965E+05
-0.24083873860153E+05
-0.24722595063467E+05
-0.25377022398576E+05
-0.26038325379813E+05
-0.26717587279980E+05
-0.27412638879565E+05
-0.28121786217923E+05
-0.28845640847937E+05
-0.29584474284314E+05
-0.30338047907499E+05
-0.31107800682211E+05
-0.31894588601743E+05
-0.32698729780741E+05
-0.33517170442624E+05
-0.34354081579474E+05
-0.35208281211439E+05
-0.36080363866573E+05
-0.36970758174029E+05
-0.37880324439484E+05
-0.38807488945815E+05
-0.39754976284242E+05
-0.40718395536385E+05
-0.41706218961544E+05
-0.42717272534546E+05
-0.43744634703900E+05
-0.44789675291036E+05
-0.45859124500452E+05
-0.46957467858401E+05
-0.48073952299240E+05
-0.49213423235567E+05
-0.50376268977853E+05
-0.51563003714024E+05
-0.52774034398677E+05
-0.54009938261599E+05
-0.55270839210271E+05
-0.56555122744065E+05
-0.57869043507788E+05
-0.59212837894788E+05
-0.60579919525655E+05
-0.61979068576948E+05
-0.63412878299533E+05
-0.64873363385577E+05
-0.66358963608470E+05
-0.67871485084734E+05
-0.69417030687198E+05
-0.71001495374164E+05
-0.72613721006970E+05
-0.74258915728579E+05
-0.75938000007956E+05
-0.77651706708480E+05
-0.79400776997544E+05
-0.81181389941942E+05
-0.83002778966328E+05
-0.84861648884093E+05
-0.86758757661117E+05
-0.88692733490492E+05
-0.90668514705119E+05
-0.92685531989141E+05
-0.94743793043988E+05
-0.96844420920482E+05
-0.98988241430739E+05
-0.10117636933763E+06
-0.10340640165457E+06
-0.10568511378755E+06
-0.10801075412671E+06
-0.11038444682052E+06
-0.11280802486614E+06
-0.11528129057927E+06
-0.11780538977786E+06
-0.12038136004776E+06
-0.12301040431360E+06
-0.12569363737611E+06
-0.12843218461561E+06
-0.13122719325032E+06
-0.13407983431914E+06
-0.13699129359135E+06
-0.13996259508692E+06
-0.14299415542021E+06
-0.14609603843784E+06
-0.14925060463598E+06
-0.15247270866828E+06
-0.15576104874983E+06
-0.15912073750239E+06
-0.16255316938633E+06
-0.16604695018769E+06
-0.16962607704060E+06
-0.17326540717592E+06
-0.17697634702321E+06
-0.18077542006904E+06
-0.18464843162212E+06
-0.18860134716582E+06
-0.19263545286114E+06
-0.19675690716339E+06
-0.20095910430552E+06
-0.20524545862208E+06
-0.20961748964267E+06
-0.21406542886296E+06
-0.21863836174097E+06
-0.22325856063509E+06
-0.22800152365162E+06
-0.23284518829900E+06
-0.23778705455899E+06
-0.24282906113687E+06
-0.24799184968306E+06
-0.25327209174725E+06
-0.25861097746782E+06
-0.26405610039427E+06
-0.26962137659578E+06
-0.27529068093833E+06
-0.28107990883222E+06
-0.28698558258992E+06
-0.29301019313328E+06
-0.29913967028418E+06
-0.30540159902216E+06
-0.31178704886690E+06
-0.31830242355511E+06
-0.32493778646262E+06
-0.33170471628909E+06
-0.33860236814530E+06
-0.34563239281534E+06
-0.35279729743168E+06
-0.36009919075055E+06
-0.36753917722027E+06
-0.37511963669397E+06
-0.38283953729946E+06
-0.39071227102834E+06
-0.39871569972313E+06
-0.40686905536868E+06
-0.41516975598785E+06
-0.42362793715851E+06
-0.43224813373476E+06
-0.44100198256648E+06
-0.44986563858286E+06
-0.45892333703501E+06
-0.46816503004070E+06
-0.47755729993195E+06
-0.48713774777837E+06
-0.49689435079561E+06
-0.50670564639224E+06
-0.51671614516850E+06
-0.52686935812337E+06
-0.53719404534979E+06
-0.54767866167790E+06
-0.55831803890506E+06
-0.56912127503623E+06
-0.58002358060444E+06
-0.59121026010345E+06
-0.60245791672838E+06
-0.61387963340409E+06
-0.62545874473686E+06
-0.63716085728411E+06
-0.64915271615605E+06
-0.66093654726783E+06
-0.67309402321463E+06
-0.68538355726906E+06
-0.69788848031333E+06
-0.71038451793196E+06
-0.72313798650520E+06
-0.73584821261163E+06
-0.74871792396402E+06
-0.76166636341768E+06
-0.77473184422706E+06
-0.78788645656015E+06
-0.80112325577818E+06
-0.81440173978456E+06
-0.82776668151561E+06
-0.84118458075051E+06
-0.85464658096888E+06
-0.86813650061542E+06
-0.88166803618485E+06
-0.89506245436365E+06
-0.90870767693385E+06
-0.92222350934199E+06
-0.93570804330208E+06
-0.94914862794538E+06
-0.96252346142595E+06
-0.97583312412074E+06
-0.98910555263764E+06
-0.10022322762926E+07
-0.10151008249800E+07
-0.10279573689949E+07
-0.10407138847885E+07
-0.10533156440171E+07
-0.10659726020196E+07
-0.10780164811983E+07
-0.10899605324540E+07
-0.11016772550467E+07
-0.11130839103863E+07
-0.11242590920786E+07
-0.11351270847232E+07
-0.11457099669547E+07
-0.11560122726448E+07
-0.11657265620804E+07
-0.11753854022852E+07
-0.11848684956792E+07
-0.11935478038866E+07
-0.12019300785513E+07
-0.12099165011634E+07
-0.12174541616583E+07
-0.12245595197228E+07
-0.12311397264918E+07
-0.12373864877400E+07
-0.12430197196130E+07
-0.12482300561440E+07
-0.12529506162849E+07
-0.12571770458157E+07
-0.12608818608553E+07
-0.12641041413417E+07
-0.12668814497582E+07
-0.12688319409722E+07
-0.12706817698031E+07
-0.12722684902198E+07
-0.12728419167235E+07
-0.12730552743024E+07
-0.12728068157413E+07
-0.12720621207940E+07
-0.12708743389967E+07
-0.12691590540224E+07
-0.12670548419032E+07
-0.12645273423368E+07
-0.12615876187394E+07
-0.12582148815312E+07
-0.12545127459609E+07
-0.12505211448557E+07
-0.12457786301725E+07
-0.12411999649819E+07
-0.12366092720950E+07
-0.12311321900451E+07
-0.12258448941490E+07
-0.12199081177061E+07
-0.12137131487405E+07
-0.12074736384643E+07
-0.12010671467980E+07
-0.11945197598348E+07
-0.11877685312205E+07
-0.11809585709089E+07
-0.11740854088845E+07
-0.11671011464660E+07
-0.11601858065001E+07
-0.11531847175228E+07
-0.11461524847859E+07
-0.11391798033383E+07
-0.11322291989270E+07
-0.11254206809082E+07
-0.11181253834986E+07
-0.11115658915850E+07
-0.11053906198074E+07
-0.10990714977273E+07
-0.10925687736850E+07
-0.10862225256571E+07
-0.10802407945226E+07
-0.10742225990794E+07
-0.10684627830457E+07
-0.10628907583596E+07
-0.10575160866122E+07
-0.10523461023298E+07
-0.10472911200158E+07
-0.10425261168698E+07
-0.10379768349017E+07
-0.10336497267088E+07
-0.10294963801907E+07
-0.10256559603760E+07
-0.10220218754470E+07
-0.10186427312732E+07
-0.10154938573253E+07
-0.10125746313228E+07
-0.10098843132127E+07
-0.10073776754566E+07
-0.10048289836903E+07
-0.10029957398686E+07
-0.10013710441813E+07
-0.10001271989746E+07
-0.99920340619945E+06
-0.99801069840392E+06
-0.99705141161351E+06
-0.99641397798354E+06
-0.99600136614951E+06
-0.99571065892516E+06
-0.99582871567429E+06
-0.99605518034136E+06
-0.99649213532407E+06
-0.99697061626225E+06
-0.99776339821749E+06
-0.99874407292658E+06
-0.99990831327573E+06
-0.10012519500707E+07
-0.10027060572542E+07
-0.10044229975138E+07
-0.10062972282564E+07
-0.10084730655578E+07
-0.10099744286169E+07
-0.10125822003688E+07
-0.10156101189125E+07
-0.10185318680365E+07
-0.10211536460515E+07
-0.10239232308589E+07
-0.10272392323023E+07
-0.10301515794030E+07
-0.10334159866429E+07
-0.10368158219182E+07
-0.10403308458923E+07
-0.10439638220958E+07
-0.10477155143565E+07
-0.10514393516231E+07
-0.10553675775266E+07
-0.10593931761865E+07
-0.10635100025082E+07
-0.10677197328762E+07
-0.10719731383158E+07
-0.10763843932830E+07
-0.10810208067561E+07
-0.10848832610684E+07
-0.10898145312405E+07
-0.10949683070090E+07
-0.10992632770856E+07
-0.11042581058443E+07
-0.11095365281708E+07
-0.11149811355632E+07
-0.11200079863002E+07
-0.11248282293495E+07
-0.11299659687559E+07
-0.11351688272057E+07
-0.11404296183174E+07
-0.11457523409345E+07
-0.11511485457779E+07
-0.11563821574610E+07
-0.11618157681266E+07
-0.11672943373499E+07
-0.11727394233359E+07
-0.11783488076845E+07
-0.11839783287686E+07
-0.11894192591451E+07
-0.11949801023372E+07
-0.12009909245345E+07
-0.12062551098967E+07
-0.12122947627266E+07
-0.12183056084466E+07
-0.12245855545892E+07
-0.12309953690284E+07
-0.12369048947827E+07
-0.12425389385455E+07
-0.12484928085570E+07
-0.12544884646613E+07
-0.12605177048506E+07
-0.12665989749359E+07
-0.12726671108129E+07
-0.12786860989412E+07
-0.12848247073918E+07
-0.12909875801727E+07
-0.12971687576447E+07
-0.13033608528503E+07
-0.13084523000594E+07
-0.13157874451886E+07
-0.13215814988967E+07
-0.13273831690948E+07
-0.13339025737147E+07
-0.13403779866723E+07
-0.13478842317924E+07
-0.13539833782505E+07
-0.13602947770782E+07
-0.13663286072412E+07
-0.13726755306190E+07
-0.13790558177025E+07
-0.13854615442054E+07
-0.13918467473260E+07
-0.13982500577976E+07
-0.14046051353548E+07
-0.14110831825283E+07
-0.14175676435730E+07
-0.14240504598361E+07
-0.14299514572623E+07
-0.14364017654922E+07
-0.14425787208698E+07
-0.14494098369568E+07
-0.14561829157736E+07
-0.14630779221936E+07
-0.14703220023516E+07
-0.14768605096443E+07
-0.14830572955629E+07
-0.14896242197562E+07
-0.14962115068008E+07
-0.15027955960979E+07
-0.15093828189436E+07
-0.15160875467146E+07
-0.15226044465692E+07
-0.15292948228440E+07
-0.15359825469728E+07
-0.15426578243227E+07
-0.15480901012737E+07
-0.15554251250048E+07
-0.15627861661490E+07
-0.15700231648316E+07
-0.15764467259219E+07
-0.15834842926556E+07
-0.15899519264524E+07
-0.15966759088236E+07
-0.16034029068500E+07
-0.16101369733261E+07
-0.16168798742802E+07
-0.16236386004440E+07
-0.16304052985578E+07
-0.16371911826941E+07
-0.16440037983624E+07
-0.16508577936180E+07
-0.16577145332352E+07
-0.16645599936050E+07
-0.16713659533703E+07
-0.16770638472846E+07
-0.16844525944227E+07
-0.16916384795891E+07
-0.16980582019807E+07
-0.17052109089874E+07
-0.17123529550584E+07
-0.17199801171084E+07
-0.17277716272303E+07
-0.17343358071835E+07
-0.17412590367325E+07
-0.17479481711910E+07
-0.17548821986529E+07
-0.17618278864474E+07
-0.17687845000181E+07
-0.17757515707431E+07
-0.17827287941367E+07
-0.17897130704154E+07
-0.17967031421778E+07
-0.18038266765727E+07
-0.18108536939806E+07
-0.18178901277740E+07
-0.18249357197601E+07
-0.18319914698887E+07
-0.18390557612708E+07
-0.18461275206947E+07
-0.18532070641177E+07
-0.18603265534395E+07
-0.18674474904917E+07
-0.18745460354348E+07
-0.18814859815136E+07
-0.18878440171083E+07
-0.18953874311650E+07
-0.19028147452918E+07
-0.19108254663652E+07
-0.19186060292665E+07
-0.19245428229635E+07
-0.19324942699780E+07
-0.19406637657409E+07
-0.19475241179980E+07
-0.19547376173733E+07
-0.19619701989467E+07
-0.19689376116886E+07
-0.19761799527957E+07
-0.19834338248913E+07
-0.19906985633871E+07
-0.19979742323711E+07
-0.20052607837528E+07
-0.20125573945869E+07
-0.20198641623156E+07
-0.20271809871117E+07
-0.20345083515492E+07
-0.20418448977541E+07
-0.20491829469934E+07
-0.20565284269861E+07
-0.20638817605055E+07
-0.20714116857446E+07
-0.20788083316076E+07
-0.20862138210461E+07
-0.20936277515643E+07
-0.21010398418033E+07
-0.21084527341750E+07
-0.21158887537506E+07
-0.21233266489621E+07
-0.21307396140506E+07
-0.21380927580513E+07
-0.21447496751909E+07
-0.21526449205570E+07
-0.21604129519886E+07
-0.21681936923386E+07
-0.21769364013683E+07
-0.21839502037167E+07
-0.21924893044662E+07
-0.22000320377849E+07
-0.22075900617752E+07
-0.22148402524187E+07
-0.22224058751006E+07
-0.22304985664543E+07
-0.22378087154206E+07
-0.22454295120225E+07
-0.22530619340973E+07
-0.22607056609935E+07
-0.22683604460764E+07
-0.22760260969234E+07
-0.22837024616007E+07
-0.22913894169411E+07
-0.22990868620539E+07
-0.23067947086829E+07
-0.23145132578257E+07
-0.23222427629260E+07
-0.23299818297331E+07
-0.23377302802378E+07
-0.23454879408536E+07
-0.23532546637906E+07
-0.23610303378194E+07
-0.23688148022383E+07
-0.23765895292071E+07
-0.23843594270624E+07
-0.23921436316195E+07
-0.23998270698278E+07
-0.24080224406535E+07
-0.24158650962870E+07
-0.24237205804370E+07
-0.24315891040665E+07
-0.24393788433000E+07
-0.24466485329161E+07
-0.24544220815935E+07
-0.24621157272171E+07
-0.24700958623182E+07
-0.24783830673787E+07
-0.24865963007118E+07
-0.24947803609430E+07
-0.25030103553479E+07
-0.25125040440634E+07
-0.25199623693009E+07
-0.25295439447965E+07
-0.25370065243278E+07
-0.25450235676977E+07
-0.25530601096386E+07
-0.25607504669944E+07
-0.25687960991980E+07
-0.25768538510845E+07
-0.25849205729007E+07
-0.25929913388196E+07
-0.26013492489854E+07
-0.26094640393619E+07
-0.26175899959504E+07
-0.26257269234553E+07
-0.26338746572722E+07
-0.26420330576503E+07
-0.26502020078556E+07
-0.26583814000356E+07
-0.26665711455824E+07
-0.26747712063485E+07
-0.26829827737991E+07
-0.26912043930891E+07
-0.26994356141694E+07
-0.27076764910920E+07
-0.27159267434799E+07
-0.27241865796777E+07
-0.27324557167908E+07
-0.27407340468794E+07
-0.27490214579546E+07
-0.27573178398265E+07
-0.27656231031315E+07
-0.27739310603542E+07
-0.27822642265820E+07
-0.27906071792270E+07
-0.27989517428174E+07
-0.28068789397394E+07
-0.28152313020871E+07
-0.28235966134545E+07
-0.28319756032733E+07
-0.28403064351770E+07
-0.28486278892185E+07
-0.28569478743804E+07
-0.28652985230913E+07
-0.28736772051255E+07
-0.28820754841358E+07
-0.28904817922233E+07
-0.28988878189230E+07
-0.29076647195642E+07
-0.29164015070128E+07
-0.29251331461560E+07
-0.29338822224649E+07
-0.29426621997258E+07
-0.29514950135189E+07
-0.29616173187911E+07
-0.29699794068397E+07
-0.29782330438404E+07
-0.29866526778062E+07
-0.29950857508447E+07
-0.30059312985445E+07
-0.30138558608395E+07
-0.30224755404432E+07
-0.30311095275195E+07
-0.30397569951799E+07
-0.30484171314173E+07
-0.30570891338402E+07
-0.30657722007165E+07
-0.30740071441111E+07
-0.30826967182417E+07
-0.30914178357372E+07
-0.31001484984681E+07
-0.31088822593423E+07
-0.31176256365077E+07
-0.31263789311054E+07
-0.31351422526643E+07
-0.31439150470761E+07
-0.31526972682909E+07
-0.31614888682903E+07
-0.31702898001559E+07
-0.31791000189119E+07
-0.31879194668179E+07
-0.31967481180129E+07
-0.32055859172333E+07
-0.32144328140826E+07
-0.32232887653826E+07
-0.32321537229366E+07
-0.32410276402019E+07
-0.32499104698212E+07
-0.32588021634723E+07
-0.32677026722826E+07
-0.32766119476642E+07
-0.32855299413201E+07
-0.32943327792125E+07
-0.33032581701382E+07
-0.33121922405470E+07
-0.33211349822154E+07
-0.33300863838607E+07
-0.33390464389087E+07
-0.33480151410861E+07
-0.33569924896199E+07
-0.33659784880290E+07
-0.33749646682513E+07
-0.33839323997434E+07
-0.33929066875359E+07
-0.34018907816452E+07
-0.34108849010016E+07
-0.34198893112601E+07
-0.34289043455692E+07
-0.34379303985276E+07
-0.34469679858856E+07
-0.34560177560167E+07
-0.34650234420024E+07
-0.34740155961572E+07
-0.34830165698568E+07
-0.34920261651316E+07
-0.35010442095359E+07
-0.35100704896185E+07
-0.35191008811200E+07
-0.35281327062363E+07
-0.35371750244977E+07
-0.35462329884129E+07
-0.35557582723673E+07
-0.35652937469080E+07
-0.35748117068889E+07
-0.35844004097267E+07
-0.35939870657383E+07
-0.36051669409099E+07
-0.36138052188487E+07
-0.36225740404989E+07
-0.36347398028522E+07
-0.36429921956916E+07
-0.36522245040807E+07
-0.36614738315780E+07
-0.36707371570351E+07
-0.36794573063131E+07
-0.36888078070245E+07
-0.36980714199770E+07
-0.37073473118983E+07
-0.37166242734292E+07
-0.37259076735279E+07
-0.37349653265601E+07
-0.37442604289066E+07
-0.37535623646051E+07
-0.37628711590846E+07
-0.37721868522319E+07
-0.37815095037686E+07
-0.37908391942842E+07
-0.38001760347422E+07
-0.38094914511767E+07
-0.38188014170206E+07
-0.38281209567880E+07
-0.38374506434899E+07
-0.38475066607817E+07
-0.38569280260490E+07
-0.38663565068673E+07
-0.38757681297200E+07
-0.38851859639577E+07
-0.38946113532909E+07
-0.39040443667213E+07
-0.39134850878102E+07
-0.39229336140365E+07
-0.39323900600151E+07
-0.39418545615591E+07
-0.39513272824966E+07
-0.39608084139935E+07
-0.39702981887892E+07
-0.39797968910624E+07
-0.39893048626692E+07
-0.39987572352644E+07
-0.40082162373910E+07
-0.40176825170788E+07
-0.40271559965099E+07
-0.40366260518029E+07
-0.40461033497775E+07
-0.40555879843778E+07
-0.40650801183877E+07
-0.40745800231778E+07
-0.40840881336248E+07
-0.40936051394723E+07
-0.41031321550086E+07
-0.41126710406939E+07
-0.41223202456538E+07
-0.41322987818739E+07
-0.41423325947836E+07
-0.41524864036915E+07
-0.41627222559183E+07
-0.41749340526858E+07
-0.41840148808729E+07
-0.41931141008998E+07
-0.42061841145336E+07
-0.42147021272124E+07
-0.42243508675428E+07
-0.42340187851654E+07
-0.42437017315136E+07
-0.42528386625338E+07
-0.42625023244127E+07
-0.42721729170195E+07
-0.42818499279175E+07
-0.42915329730908E+07
-0.43012217575325E+07
-0.43109160524952E+07
-0.43209446517268E+07
-0.43305549796345E+07
-0.43402662346128E+07
-0.43499826963456E+07
-0.43597042799491E+07
-0.43694309447811E+07
-0.43791626773430E+07
-0.43888995144317E+07
-0.43986415204017E+07
-0.44083656412537E+07
-0.44180656710333E+07
-0.44277730967617E+07
-0.44374884162442E+07
-0.44472121981617E+07
-0.44569378547989E+07
-0.44672513493920E+07
-0.44770527666638E+07
-0.44868589711461E+07
-0.44966661618056E+07
-0.45064795564400E+07
-0.45162993232205E+07
-0.45261256416709E+07
-0.45359586894140E+07
-0.45457985252942E+07
-0.45556444913959E+07
-0.45654416026280E+07
-0.45752331160956E+07
-0.45850388155967E+07
-0.45948419752617E+07
-0.46046502123284E+07
-0.46144644474760E+07
-0.46242849969681E+07
-0.46341121171188E+07
-0.46439461379232E+07
-0.46537875266411E+07
-0.46636369741605E+07
-0.46734955190909E+07
-0.46833647682773E+07
-0.46932472957215E+07
-0.47032117554790E+07
-0.47134461472125E+07
-0.47238838395500E+07
-0.47343561102157E+07
-0.47448917399854E+07
-0.47580048927360E+07
-0.47676273785442E+07
-0.47769132654336E+07
-0.47907897861753E+07
-0.47994655087372E+07
-0.48093995091594E+07
-0.48193554965457E+07
-0.48293281030968E+07
-0.48393124985618E+07
-0.48486732548844E+07
-0.48586315944313E+07
-0.48685954618700E+07
-0.48785643996597E+07
-0.48885379962732E+07
-0.48985159987897E+07
-0.49084982583831E+07
-0.49184847113536E+07
-0.49284753699353E+07
-0.49384703183291E+07
-0.49484697164977E+07
-0.49584168549284E+07
-0.49683663655576E+07
-0.49787741148672E+07
-0.49887284517798E+07
-0.49986900189757E+07
-0.50086596446481E+07
-0.50186344615433E+07
-0.50286005610627E+07
-0.50385742162328E+07
-0.50492026614503E+07
-0.50592620185705E+07
-0.50693269377427E+07
-0.50793982818430E+07
-0.50894698200302E+07
-0.50995392657022E+07
-0.51096138461286E+07
-0.51196938374078E+07
-0.51297795700881E+07
-0.51398395364424E+07
-0.51498568784505E+07
-0.51598788806757E+07
-0.51699054791735E+07
-0.51799366393047E+07
-0.51899723205262E+07
-0.52000125448648E+07
-0.52100573774968E+07
-0.52201069280056E+07
-0.52301614040026E+07
-0.52402252810108E+07
-0.52503119083630E+07
-0.52604092006383E+07
-0.52705194690401E+07
-0.52807684779804E+07
-0.52910056958991E+07
-0.53013419438791E+07
-0.53120932155945E+07
-0.53253268518890E+07
-0.53359571500185E+07
-0.53435971616645E+07
-0.53560837464432E+07
-0.53707841518347E+07
-0.53813147228822E+07
-0.53896188877182E+07
-0.54018422378409E+07
-0.54102105647596E+07
-0.54203464224753E+07
-0.54305072159323E+07
-0.54406822881692E+07
-0.54501267282847E+07
-0.54602632437076E+07
-0.54703859655691E+07
-0.54805639914922E+07
-0.54907226774606E+07
-0.55008814797481E+07
-0.55110425603051E+07
-0.55212062026520E+07
-0.55313724878404E+07
-0.55414771584809E+07
-0.55515768163068E+07
-0.55616817164539E+07
-0.55717926420698E+07
-0.55819104648186E+07
-0.55920361483719E+07
-0.56028995266611E+07
-0.56131004267843E+07
-0.56233047589720E+07
-0.56335127375661E+07
-0.56437245847861E+07
-0.56539405575859E+07
-0.56641609368147E+07
-0.56750929069629E+07
-0.56853089219809E+07
-0.56955285065515E+07
-0.57057518856978E+07
-0.57159793709093E+07
-0.57262112056970E+07
-0.57364477080812E+07
-0.57466892377028E+07
-0.57569362114821E+07
-0.57671890975949E+07
-0.57768795508089E+07
-0.57871223881660E+07
-0.57973860825611E+07
-0.58076780329068E+07
-0.58178979715924E+07
-0.58280979207236E+07
-0.58383039405172E+07
-0.58485895739591E+07
-0.58588077504102E+07
-0.58690350543464E+07
-0.58794406068139E+07
-0.58898577861989E+07
-0.59030230410928E+07
-0.59136365678517E+07
-0.59214953316795E+07
-0.59339281015784E+07
-0.59446952183112E+07
-0.59552314086728E+07
-0.59627531607802E+07
-0.59724093455516E+07
-0.59893139673466E+07
-0.60005491971282E+07
-0.60107648167486E+07
-0.60210102916665E+07
-0.60299297972829E+07
-0.60401715204139E+07
-0.60504160404133E+07
-0.60606628263190E+07
-0.60711196008063E+07
-0.60813690940875E+07
-0.60915957405074E+07
-0.61017634984873E+07
-0.61122626532845E+07
-0.61224332598368E+07
-0.61326072237669E+07
-0.61440488219499E+07
-0.61543736629853E+07
-0.61646963847665E+07
-0.61749691475061E+07
-0.61852428444831E+07
-0.61954052113976E+07
-0.62056817685986E+07
-0.62159599238208E+07
-0.62262398507664E+07
-0.62365217767560E+07
-0.62464289960322E+07
-0.62567211388681E+07
-0.62670167061059E+07
-0.62773160457083E+07
-0.62876195231306E+07
-0.62982591341352E+07
-0.63085622177731E+07
-0.63188695374421E+07
-0.63291657212593E+07
-0.63393997118540E+07
-0.63496256900152E+07
-0.63598812666760E+07
-0.63701546319786E+07
-0.63804278100384E+07
-0.63907119851589E+07
-0.64010079669441E+07
-0.64113192371911E+07
-0.64216513821543E+07
-0.64317078055120E+07
-0.64419750121179E+07
-0.64533578056311E+07
-0.64627298831535E+07
-0.64732813848843E+07
-0.64856247570347E+07
-0.64954779008197E+07
-0.65066290785988E+07
-0.65179029667629E+07
-0.65283856046124E+07
-0.65403114243817E+07
-0.65488369232226E+07
-0.65597008478047E+07
-0.65703063543979E+07
-0.65842661809161E+07
-0.65924358508488E+07
-0.66026723015586E+07
-0.66129547109639E+07
-0.66260814121712E+07
-0.66363416330380E+07
-0.66466079834894E+07
-0.66568783393200E+07
-0.66671697552022E+07
-0.66777500917414E+07
-0.66880992356458E+07
-0.66989885054956E+07
-0.67093356069510E+07
-0.67196834826903E+07
-0.67300318129212E+07
-0.67402511393784E+07
-0.67505714921213E+07
-0.67608660312005E+07
-0.67711604667352E+07
-0.67814550115616E+07
-0.67917498823392E+07
-0.68020453084244E+07
-0.68123415038211E+07
-0.68226386747306E+07
-0.68329360376952E+07
-0.68432361789904E+07
-0.68535380553192E+07
-0.68638419393666E+07
-0.68734547218284E+07
-0.68837512243609E+07
-0.68946496374526E+07
-0.69049356102391E+07
-0.69152702192303E+07
-0.69256139604346E+07
-0.69358812500996E+07
-0.69464058394315E+07
-0.69580234231165E+07
-0.69683010069427E+07
-0.69807497445046E+07
-0.69911933713052E+07
-0.70029465986384E+07
-0.70134243125955E+07
-0.70239115127766E+07
-0.70344103154697E+07
-0.70449199427660E+07
-0.70554392660325E+07
-0.70659666890134E+07
-0.70764995995235E+07
-0.70870310522840E+07
-0.70975702954823E+07
-0.71078362902004E+07
-0.71188006908503E+07
-0.71296831466278E+07
-0.71412580925069E+07
-0.71518986913866E+07
-0.71606587787448E+07
-0.71687701030751E+07
-0.71787457982294E+07
-0.71889732647577E+07
-0.71992232413368E+07
-0.72094846549437E+07
-0.72197365656866E+07
-0.72313748988640E+07
-0.72416908367291E+07
-0.72520146182445E+07
-0.72623472489671E+07
-0.72726876141309E+07
-0.72830344241596E+07
-0.72933865959832E+07
-0.73037431435791E+07
-0.73141032350974E+07
-0.73244661235710E+07
-0.73347857663759E+07
-0.73451028487311E+07
-0.73554199995149E+07
-0.73657375813364E+07
-0.73760598233067E+07
-0.73863780082421E+07
-0.73966954115011E+07
-0.74070146529803E+07
-0.74228065247653E+07
-0.74331158262212E+07
-0.74434265326034E+07
-0.74537388712762E+07
-0.74640531403236E+07
-0.74746896147664E+07
-0.74850035205600E+07
-0.74953197312729E+07
-0.75041633516446E+07
-0.75146601005718E+07
-0.75291061790338E+07
-0.75395483503902E+07
-0.75500079164560E+07
-0.75604844726839E+07
-0.75709776546419E+07
-0.75814869815639E+07
-0.75920134513620E+07
-0.76025290009788E+07
-0.76130587317739E+07
-0.76236087961778E+07
-0.76346076558172E+07
-0.76450348675220E+07
-0.76554923042370E+07
-0.76659757761310E+07
-0.76752688286360E+07
-0.76863016623222E+07
-0.76965039796414E+07
-0.77075284221851E+07
-0.77185209819588E+07
-0.77295661827469E+07
-0.77424114570952E+07
-0.77537389737468E+07
-0.77613330993680E+07
-0.77718350367768E+07
-0.77819591048015E+07
-0.77925550978053E+07
-0.78056453376479E+07
-0.78160451687186E+07
-0.78266522074786E+07
-0.78348378276922E+07
-0.78453732585247E+07
-0.78584952322643E+07
-0.78665370446928E+07
-0.78747377423813E+07
-0.78838856078244E+07
-0.78941880777185E+07
-0.79052065986554E+07
-0.79155013191126E+07
-0.79257916950081E+07
-0.79360632122305E+07
-0.79463365237620E+07
-0.79566110715323E+07
-0.79668864497535E+07
-0.79771623204050E+07
-0.79874385707608E+07
-0.79977150799697E+07
-0.80096081741649E+07
-0.80200437256123E+07
-0.80304913248220E+07
-0.80408478219127E+07
-0.80507794342436E+07
-0.80612197099445E+07
-0.80716366509023E+07
-0.80820518293880E+07
-0.80924792067256E+07
-0.81029197635966E+07
-0.81133860037768E+07
-0.81238795386545E+07
-0.81343956193026E+07
-0.81449339950434E+07
-0.81554945781479E+07
-0.81660775203249E+07
-0.81766830516552E+07
-0.81916012535133E+07
-0.82021263620198E+07
-0.82126677363244E+07
-0.82232240634266E+07
-0.82337937371914E+07
-0.82442035443577E+07
-0.82547732941426E+07
-0.82627600694096E+07
-0.82738908013399E+07
-0.82848642530492E+07
-0.82965997390586E+07
-0.83076232128110E+07
-0.83151076937025E+07
-0.83258592205593E+07
-0.83366253540975E+07
-0.83474076034544E+07
-0.83582092241779E+07
-0.83690373024480E+07
-0.83790675249987E+07
-0.83898889333297E+07
-0.84007844783795E+07
-0.84118978890100E+07
-0.84227552174237E+07
-0.84335246751875E+07
-0.84441732720898E+07
-0.84572344344576E+07
-0.84676212864662E+07
-0.84727499374338E+07
-0.84833944859106E+07
-0.84939861209755E+07
-0.85024791641198E+07
-0.85131474139688E+07
-0.85236702565282E+07
-0.85339366299687E+07
-0.85442265525008E+07
-0.85545370094697E+07
-0.85645148761747E+07
-0.85749089148966E+07
-0.85853117258410E+07
-0.85956442962866E+07
-0.86059363991294E+07
-0.86162321088633E+07
-0.86265124386724E+07
-0.86368172625589E+07
-0.86471424175953E+07
-0.86574822275334E+07
-0.86678367032260E+07
-0.86782065224034E+07
-0.86885920608682E+07
-0.86989935724528E+07
-0.87094293840180E+07
-0.87198991116263E+07
-0.87407539720284E+07
-0.87512324929929E+07
-0.87617374771565E+07
-0.87722687308643E+07
-0.87828260162269E+07
-0.87934094307778E+07
-0.88040191677950E+07
-0.88146554856409E+07
-0.88253177565269E+07
-0.88359951211215E+07
-0.88436599429730E+07
-0.88590889995438E+07
-0.88669746663232E+07
-0.88775646574365E+07
-0.88881663127686E+07
-0.88953731247490E+07
-0.89063171049672E+07
-0.89170441760593E+07
-0.89268623231918E+07
-0.89378107751278E+07
-0.89485417931945E+07
-0.89634176353128E+07
-0.89741650558011E+07
-0.89849619896755E+07
-0.89957922344754E+07
-0.90066536703800E+07
-0.90194667676138E+07
-0.90302096451262E+07
-0.90403979002820E+07
-0.90511310830165E+07
-0.90568569158131E+07
-0.90677716117287E+07
-0.90786748486139E+07
-0.90894648485897E+07
-0.91001225987658E+07
-0.91117377438890E+07
-0.91184002998849E+07
-0.91288536664257E+07
-0.91394397904977E+07
-0.91497374236497E+07
-0.91600001876504E+07
-0.91702865577509E+07
-0.91805935261812E+07
-0.91909099481712E+07
-0.92012404953177E+07
-0.92115900685960E+07
-0.92218146116297E+07
-0.92320255731535E+07
-0.92422472110238E+07
-0.92524796702376E+07
-0.92627233859313E+07
-0.92729788050566E+07
-0.92835332798081E+07
-0.92937895302690E+07
-0.93040581200642E+07
-0.93143613954015E+07
-0.93246929379931E+07
-0.93350433540977E+07
-0.93454124461012E+07
-0.93558351949012E+07
-0.93662924133584E+07
-0.93767835834276E+07
-0.93873053099675E+07
-0.93978572966459E+07
-0.94083528584122E+07
-0.94188380020679E+07
-0.94287784674398E+07
-0.94392416153435E+07
-0.94497173692223E+07
-0.94602057471075E+07
-0.94706679255443E+07
-0.94810987713824E+07
-0.94915405663014E+07
-0.95019933855928E+07
-0.95124574660949E+07
-0.95229332063148E+07
-0.95286822660736E+07
-0.95396577890667E+07
-0.95506393345108E+07
-0.95616282358358E+07
-0.95726245762671E+07
-0.95836136998219E+07
-0.95946469557772E+07
-0.96057052257986E+07
-0.96167715925950E+07
-0.96278623307238E+07
-0.96387727414808E+07
-0.96549019081145E+07
-0.96659913576099E+07
-0.96769779817332E+07
-0.96784702044196E+07
-0.96936518010951E+07
-0.97045627292288E+07
-0.97152965518335E+07
-0.97255364058328E+07
-0.97362436476408E+07
-0.97478121653998E+07
-0.97579298565533E+07
-0.97681042317048E+07
-0.97784929100747E+07
-0.97850495626796E+07
-0.97952734774385E+07
-0.98055179782865E+07
-0.98157955169758E+07
-0.98261015879708E+07
-0.98362554862017E+07
-0.98464169865115E+07
-0.98565922647281E+07
-0.98667812129729E+07
-0.98769838380062E+07
-0.98872030576114E+07
-0.98974335970359E+07
-0.99076385464164E+07
-0.99178569266775E+07
-0.99280892902370E+07
-0.99383572514375E+07
-0.99486558453446E+07
-0.99589931331974E+07
-0.99693628922008E+07
-0.99801983800213E+07
-0.99904831714980E+07
-0.10000773819243E+08
-0.10011080372728E+08
-0.10021326219051E+08
-0.10031693208831E+08
-0.10042073739937E+08
-0.10052467938410E+08
-0.10062875768761E+08
-0.10073297028877E+08
-0.10083733277572E+08
-0.10094185754687E+08
-0.10104424149206E+08
-0.10114851105221E+08
-0.10125293674161E+08
-0.10135752061519E+08
-0.10139076305537E+08
-0.10150096018971E+08
-0.10161116803788E+08
-0.10172140015607E+08
-0.10183167359558E+08
-0.10194200169432E+08
-0.10205240386343E+08
-0.10216289834675E+08
-0.10227350442262E+08
-0.10238424913558E+08
-0.10249515584652E+08
-0.10261084871861E+08
-0.10268909000348E+08
-0.10285084645717E+08
-0.10290201084197E+08
-0.10305428094857E+08
-0.10316097263116E+08
-0.10322939660894E+08
-0.10333659915530E+08
-0.10344460010287E+08
-0.10354484904403E+08
-0.10372429487650E+08
-0.10382454860651E+08
-0.10392517596383E+08
-0.10402650683326E+08
-0.10409285350394E+08
-0.10419093787783E+08
-0.10429003341305E+08
-0.10439087129281E+08
-0.10449187700073E+08
-0.10459304184054E+08
-0.10469436061021E+08
-0.10479582766615E+08
-0.10489744671668E+08
-0.10499921823097E+08
-0.10510114840741E+08
-0.10521633710498E+08
-0.10531919944246E+08
-0.10542145823073E+08
-0.10552465208650E+08
-0.10562699888234E+08
-0.10573613286356E+08
-0.10583833801355E+08
-0.10594060922956E+08
-0.10603614034254E+08
-0.10613885809627E+08
-0.10624164601637E+08
-0.10634450673725E+08
-0.10644744471636E+08
-0.10655045985345E+08
-0.10665908297644E+08
-0.10676183863442E+08
-0.10686466579134E+08
-0.10696757327721E+08
-0.10707055476270E+08
-0.10717259648638E+08
-0.10727651735730E+08
-0.10738061155911E+08
-0.10748487980877E+08
-0.10758931697720E+08
-0.10760889222229E+08
-0.10771989548020E+08
-0.10783088198637E+08
-0.10794187115237E+08
-0.10805287755375E+08
-0.10816391449948E+08
-0.10827500028502E+08
-0.10838615536603E+08
-0.10849739838086E+08
-0.10860874834127E+08
-0.10872023478981E+08
-0.10883188301694E+08
-0.10894493832112E+08
-0.10904768216658E+08
-0.10916107870564E+08
-0.10928836783983E+08
-0.10933439952482E+08
-0.10944354175423E+08
-0.10955253843483E+08
-0.10966203036043E+08
-0.10976316202058E+08
-0.10987258341458E+08
-0.10998213790557E+08
-0.11010509903964E+08
-0.11026461762323E+08
-0.11036252098284E+08
-0.11046047203254E+08
-0.11058756013994E+08
-0.11068873572982E+08
-0.11078940853945E+08
-0.11083196534831E+08
-0.11092903176483E+08
-0.11108902954460E+08
-0.11118944979768E+08
-0.11129003223536E+08
-0.11139717276352E+08
-0.11149779666964E+08
-0.11162703884020E+08
-0.11172899459715E+08
-0.11183108772345E+08
-0.11193791789352E+08
-0.11203999264712E+08
-0.11214220676843E+08
-0.11217033101620E+08
-0.11226949236899E+08
-0.11236850331884E+08
-0.11247031135324E+08
-0.11257285672909E+08
-0.11268360634801E+08
-0.11278356774410E+08
-0.11288611326575E+08
-0.11298872861540E+08
-0.11309141342622E+08
-0.11318958271223E+08
-0.11329260883253E+08
-0.11339569889153E+08
-0.11349883257082E+08
-0.11360203905426E+08
-0.11370543522177E+08
-0.11380988618774E+08
-0.11381994074779E+08
-0.11393230579087E+08
-0.11404458640541E+08
-0.11415680447161E+08
-0.11426894860612E+08
-0.11438105164686E+08
-0.11449314104542E+08
-0.11460568939706E+08
-0.11471905046787E+08
-0.11483245256287E+08
-0.11494592618261E+08
-0.11505950353399E+08
-0.11517322567984E+08
-0.11528712727265E+08
-0.11540125969807E+08
-0.11551567420217E+08
-0.11563043708711E+08
-0.11568356737666E+08
-0.11579324023953E+08
-0.11590353585545E+08
-0.11601365432061E+08
-0.11612381011894E+08
-0.11623408361154E+08
-0.11634478105104E+08
-0.11645595206457E+08
-0.11656750470198E+08
-0.11667961100240E+08
-0.11678050135802E+08
-0.11689142855024E+08
-0.11707572088638E+08
-0.11707469868249E+08
-0.11718348834982E+08
-0.11729242471382E+08
-0.11740153342095E+08
-0.11751086145647E+08
-0.11762045354412E+08
-0.11772899366836E+08
-0.11791213402506E+08
-0.11801163825002E+08
-0.11811137950506E+08
-0.11821100036699E+08
-0.11831092352756E+08
-0.11841113360223E+08
-0.11851160135867E+08
-0.11861238995257E+08
-0.11871395852939E+08
-0.11881560561133E+08
-0.11891733804606E+08
-0.11901914268945E+08
-0.11913134095948E+08
-0.11923306378830E+08
-0.11933487330236E+08
-0.11943675966174E+08
-0.11949381343728E+08
-0.11959263087004E+08
-0.11969127015087E+08
-0.11978973346632E+08
-0.11988801855366E+08
-0.11999023596763E+08
-0.12009366693919E+08
-0.12019718248938E+08
-0.12030079211164E+08
-0.12024112743424E+08
-0.12035309910504E+08
-0.12046510160354E+08
-0.12057778006488E+08
-0.12069061287748E+08
-0.12080360182485E+08
-0.12091613034849E+08
-0.12102813390308E+08
-0.12117975803268E+08
-0.12129464281794E+08
-0.12140944094739E+08
-0.12152410136899E+08
-0.12163905214054E+08
-0.12175412146679E+08
-0.12186925547878E+08
-0.12198455502407E+08
-0.12210008205995E+08
-0.12221587189494E+08
-0.12233219399330E+08
-0.12237692656664E+08
-0.12248803577752E+08
-0.12259915486864E+08
-0.12271030518185E+08
-0.12282150189955E+08
-0.12293285866681E+08
-0.12307496911220E+08
-0.12313908905697E+08
-0.12325072010084E+08
-0.12332085709605E+08
-0.12343135985670E+08
-0.12354048194741E+08
-0.12364962840299E+08
-0.12375880897665E+08
-0.12386801477181E+08
-0.12397726065336E+08
-0.12408656484305E+08
-0.12419617315536E+08
-0.12428086432149E+08
-0.12439178207954E+08
-0.12450291281464E+08
-0.12461432400868E+08
-0.12472538405897E+08
-0.12483585335093E+08
-0.12494694072634E+08
-0.12512708686807E+08
-0.12523378641485E+08
-0.12538948088280E+08
-0.12548863448895E+08
-0.12558782956444E+08
-0.12568747622637E+08
-0.12578750646970E+08
-0.12588788631251E+08
-0.12598882032224E+08
-0.12609077202103E+08
-0.12619282582957E+08
-0.12629498775113E+08
-0.12639726615615E+08
-0.12649966812281E+08
-0.12657019180877E+08
-0.12666938918564E+08
-0.12677832995440E+08
-0.12687741357044E+08
-0.12697553454965E+08
-0.12707322264215E+08
-0.12717061837342E+08
-0.12726770835636E+08
-0.12717696443145E+08
-0.12728774466777E+08
-0.12740193402830E+08
-0.12751676450266E+08
-0.12763134870559E+08
-0.12774570220783E+08
-0.12785980913308E+08
-0.12797456003574E+08
-0.12808898880525E+08
-0.12820291313106E+08
-0.12831629444952E+08
-0.12842894939471E+08
-0.12854096277081E+08
-0.12869688252547E+08
-0.12881367342194E+08
-0.12893055460354E+08
-0.12900620217026E+08
-0.12912525699463E+08
-0.12924473800138E+08
-0.12928573708773E+08
-0.12939529232138E+08
-0.12950145962061E+08
-0.12965780473485E+08
-0.12977095570348E+08
-0.12988420232587E+08
-0.12995528322396E+08
-0.13006985928755E+08
-0.13018461139531E+08
-0.13029957320598E+08
-0.13041474652232E+08
-0.13053017170075E+08
-0.13060432926790E+08
-0.13068069153137E+08
-0.13079213156456E+08
-0.13090364234172E+08
-0.13101521756733E+08
-0.13112686693937E+08
-0.13123861221462E+08
-0.13135045628955E+08
-0.13146243263385E+08
-0.13157453813337E+08
-0.13168679476084E+08
-0.13179917897823E+08
-0.13191182814775E+08
-0.13202807391913E+08
-0.13214149710141E+08
-0.13225533293615E+08
-0.13236774423866E+08
-0.13246034019940E+08
-0.13257421556501E+08
-0.13276017389833E+08
-0.13286911282346E+08
-0.13297811141403E+08
-0.13308671867207E+08
-0.13319551766637E+08
 0.66569428081147E+03
 0.72573535840266E+04
 0.13757581235365E+05
 0.20167081735027E+05
 0.26473071583209E+05
 0.32706287546882E+05
 0.38780609869141E+05
 0.44863356357259E+05
 0.50828863323129E+05
 0.56648103941259E+05
 0.62360201085684E+05
 0.67983465793820E+05
 0.73460731077397E+05
 0.78785788910740E+05
 0.84019174739754E+05
 0.89299741506957E+05
 0.94424650284298E+05
 0.99214487367713E+05
 0.10381441439421E+06
 0.10838298109245E+06
 0.11286214875980E+06
 0.11703951975566E+06
 0.12112043469502E+06
 0.12502505566937E+06
 0.12859071977609E+06
 0.13197211594971E+06
 0.13508444291376E+06
 0.13810954202844E+06
 0.14101344838210E+06
 0.14334050186766E+06
 0.14549927910770E+06
 0.14734457201699E+06
 0.14909338060485E+06
 0.15022152224573E+06
 0.15125380268777E+06
 0.15191146122791E+06
 0.15248796474169E+06
 0.15243940549771E+06
 0.15267354444127E+06
 0.15166178277499E+06
 0.15068779071004E+06
 0.14938706131473E+06
 0.14737320794696E+06
 0.14504858103085E+06
 0.14272002309669E+06
 0.14072739874763E+06
 0.13115162521194E+06
 0.10742050219294E+06
 0.28056128271044E+06
 0.31829357150325E+05
 0.71072119424688E+05
 0.13849627144505E+06
 0.20255167012880E+06
 0.74373099970957E+05
 0.21105590093670E+06
 0.17344954737557E+05
 0.10206970394638E+06
 0.56932980371957E+05
 0.72093144198231E+05
 0.49227696744054E+05
-0.56867616787021E+04
-0.92688426485477E+04
-0.10634866724731E+05
-0.12513743107065E+05
-0.16765502555049E+05
-0.14165981466022E+06
-0.34831199792164E+06
-0.64111931528669E+06
-0.77224272194639E+06
-0.91930409194390E+06
-0.69988049714651E+06
-0.60798655757876E+07
-0.19830486030209E+07
-0.46479479889916E+07
 0.35130695678345E+07
-0.16480417330794E+07
-0.71706392577433E+07
 0.21556108242398E+07
-0.83146643226439E+07
-0.54951205646976E+06
 0.93088200497406E+06
-0.68806156374389E+07
-0.29682686313609E+07
-0.27094114265149E+07
-0.24628242256195E+07
-0.29366865947059E+07
-0.33003765330298E+07
-0.32706428579518E+07
-0.27758148146188E+07
-0.37048599532402E+07
-0.34396106227531E+07
-0.40029620575503E+07
-0.30615107692742E+07
-0.40996102526740E+07
-0.42181211936850E+07
-0.27113116639168E+07
-0.36288187297751E+07
-0.43956651976291E+07
-0.47206564701355E+07
-0.41845327976210E+07
-0.46021028999030E+07
-0.54029666372641E+07
-0.44925096257047E+07
-0.47690814878284E+07
-0.52514225483242E+07
-0.47637174904376E+07
-0.51411280590584E+07
-0.56466678970000E+07
-0.53096949310080E+07
-0.59286057418242E+07
-0.56478241324911E+07
-0.60061025567570E+07
-0.52315919258668E+07
-0.56716037300200E+07
-0.59120926293852E+07
-0.62650516099076E+07
-0.64974289324125E+07
-0.66889924198936E+07
-0.71405910008861E+07
-0.67447625485233E+07
-0.65669363633178E+07
-0.64151358902352E+07
-0.68978116931990E+07
-0.73213664201320E+07
-0.76741460492933E+07
-0.77026547842990E+07
-0.79680419860338E+07
-0.66603583397374E+07
-0.80964080031231E+07
-0.84345359604114E+07
-0.81140757188177E+07
-0.79106476697313E+07
-0.83288480804684E+07
-0.75696763056655E+07
-0.86250740590557E+07
-0.89125468333314E+07
-0.85561791818740E+07
-0.82588972167525E+07
-0.96104412444402E+07
-0.93144254571406E+07
-0.96158009441358E+07
-0.93044692848091E+07
-0.99432462065690E+07
-0.98551264539779E+07
-0.99864462534296E+07
-0.94141224625192E+07
-0.10084749135490E+08
-0.10480810169794E+08
-0.98657269051256E+07
-0.10691502128935E+08
-0.10996152836620E+08
-0.11179662727648E+08
-0.10014526265808E+08
-0.10216218815260E+08
-0.11587797984767E+08
-0.10326171108313E+08
-0.11211420934827E+08
-0.11858918758198E+08
-0.11863973226482E+08
-0.11592162070658E+08
-0.10862701302194E+08
-0.12282003311234E+08
-0.11811290499342E+08
-0.11542823562164E+08
-0.12524100426965E+08
-0.11493790256685E+08
-0.11892538342671E+08
-0.12816411913544E+08
-0.13070473507151E+08
-0.11907348127197E+08
-0.13083926176027E+08
-0.12831651458574E+08
