-0.83046078197374E+09
-0.83045978789020E+09
-0.83045745722305E+09
-0.83045658193227E+09
-0.83045621530549E+09
-0.83045606931053E+09
-0.83045603923160E+09
-0.83045608017229E+09
-0.83045617037755E+09
-0.83045629828899E+09
-0.83045645731209E+09
-0.83045664346401E+09
-0.83045685422507E+09
-0.83045708793870E+09
-0.83045734347987E+09
-0.83045762006309E+09
-0.83045791712666E+09
-0.83045823426048E+09
-0.83045857115964E+09
-0.83045892759377E+09
-0.83045930338634E+09
-0.83045969840036E+09
-0.83046011252834E+09
-0.83046054568510E+09
-0.83046099780258E+09
-0.83046146882592E+09
-0.83046195871070E+09
-0.83046246742069E+09
-0.83046299492621E+09
-0.83046354120291E+09
-0.83046410623071E+09
-0.83046468999308E+09
-0.83046529247637E+09
-0.83046591366936E+09
-0.83046655356286E+09
-0.83046721214937E+09
-0.83046788942286E+09
-0.83046858537849E+09
-0.83046930001251E+09
-0.83047003332209E+09
-0.83047078530517E+09
-0.83047155596039E+09
-0.83047234528700E+09
-0.83047315328481E+09
-0.83047397995407E+09
-0.83047482529549E+09
-0.83047568931015E+09
-0.83047657199949E+09
-0.83047747336524E+09
-0.83047839340944E+09
-0.83047933213440E+09
-0.83048028954265E+09
-0.83048126563697E+09
-0.83048226042033E+09
-0.83048327389592E+09
-0.83048430606711E+09
-0.83048535693743E+09
-0.83048642651060E+09
-0.83048751479047E+09
-0.83048862178108E+09
-0.83048974748659E+09
-0.83049089191130E+09
-0.83049205505965E+09
-0.83049323693622E+09
-0.83049443754571E+09
-0.83049565689294E+09
-0.83049689498287E+09
-0.83049815182055E+09
-0.83049942741118E+09
-0.83050072176004E+09
-0.83050203487255E+09
-0.83050336675424E+09
-0.83050471741073E+09
-0.83050608684776E+09
-0.83050747507118E+09
-0.83050888208696E+09
-0.83051030790114E+09
-0.83051175251990E+09
-0.83051321594950E+09
-0.83051469819633E+09
-0.83051619926686E+09
-0.83051771916767E+09
-0.83051925790546E+09
-0.83052081548701E+09
-0.83052239191921E+09
-0.83052398720905E+09
-0.83052560136364E+09
-0.83052723439018E+09
-0.83052888629597E+09
-0.83053055708841E+09
-0.83053224677502E+09
-0.83053395536340E+09
-0.83053568286127E+09
-0.83053742927646E+09
-0.83053919461688E+09
-0.83054097889057E+09
-0.83054278210565E+09
-0.83054460427036E+09
-0.83054644539305E+09
-0.83054830548215E+09
-0.83055018454623E+09
-0.83055208259395E+09
-0.83055399963406E+09
-0.83055593567545E+09
-0.83055789072709E+09
-0.83055986479808E+09
-0.83056185789761E+09
-0.83056387003499E+09
-0.83056590121964E+09
-0.83056795146108E+09
-0.83057002076895E+09
-0.83057210915301E+09
-0.83057421662312E+09
-0.83057634318924E+09
-0.83057848886147E+09
-0.83058065365000E+09
-0.83058283756516E+09
-0.83058504061738E+09
-0.83058726281720E+09
-0.83058950417529E+09
-0.83059176470243E+09
-0.83059404440952E+09
-0.83059634330757E+09
-0.83059866140774E+09
-0.83060099872126E+09
-0.83060335525953E+09
-0.83060573103405E+09
-0.83060812605643E+09
-0.83061054033844E+09
-0.83061297389193E+09
-0.83061542672891E+09
-0.83061789886151E+09
-0.83062039030197E+09
-0.83062290106267E+09
-0.83062543115612E+09
-0.83062798059496E+09
-0.83063054939196E+09
-0.83063313756001E+09
-0.83063574511216E+09
-0.83063837206156E+09
-0.83064101842151E+09
-0.83064368420547E+09
-0.83064636942699E+09
-0.83064907409980E+09
-0.83065179823773E+09
-0.83065454185479E+09
-0.83065730496511E+09
-0.83066008758295E+09
-0.83066288972274E+09
-0.83066571139904E+09
-0.83066855262656E+09
-0.83067141342016E+09
-0.83067429379482E+09
-0.83067719376572E+09
-0.83068011334815E+09
-0.83068305255757E+09
-0.83068601140959E+09
-0.83068898991997E+09
-0.83069198810463E+09
-0.83069500597965E+09
-0.83069804356127E+09
-0.83070110086587E+09
-0.83070417791003E+09
-0.83070727471045E+09
-0.83071039128403E+09
-0.83071352764781E+09
-0.83071668381902E+09
-0.83071985981505E+09
-0.83072305565345E+09
-0.83072627135195E+09
-0.83072950692846E+09
-0.83073276240107E+09
-0.83073603778802E+09
-0.83073933310777E+09
-0.83074264837892E+09
-0.83074598362028E+09
-0.83074933885083E+09
-0.83075271408975E+09
-0.83075610935640E+09
-0.83075952467032E+09
-0.83076296005126E+09
-0.83076641551916E+09
-0.83076989109414E+09
-0.83077338679654E+09
-0.83077690264688E+09
-0.83078043866591E+09
-0.83078399487455E+09
-0.83078757129395E+09
-0.83079116794546E+09
-0.83079478485065E+09
-0.83079842203129E+09
-0.83080207950937E+09
-0.83080575730710E+09
-0.83080945544691E+09
-0.83081317395145E+09
-0.83081691284361E+09
-0.83082067214648E+09
-0.83082445188341E+09
-0.83082825207797E+09
-0.83083207275396E+09
-0.83083591393542E+09
-0.83083977564665E+09
-0.83084365791217E+09
-0.83084756075675E+09
-0.83085148420543E+09
-0.83085542828349E+09
-0.83085939301647E+09
-0.83086337843015E+09
-0.83086738455060E+09
-0.83087141140415E+09
-0.83087545901739E+09
-0.83087952741717E+09
-0.83088361663066E+09
-0.83088772668526E+09
-0.83089185760869E+09
-0.83089600942893E+09
-0.83090018217426E+09
-0.83090437587327E+09
-0.83090859055483E+09
-0.83091282624811E+09
-0.83091708298260E+09
-0.83092136078809E+09
-0.83092565969469E+09
-0.83092997973282E+09
-0.83093432093324E+09
-0.83093868332702E+09
-0.83094306694558E+09
-0.83094747182065E+09
-0.83095189798434E+09
-0.83095634546907E+09
-0.83096081430763E+09
-0.83096530453318E+09
-0.83096981617920E+09
-0.83097434927959E+09
-0.83097890386858E+09
-0.83098347998080E+09
-0.83098807765127E+09
-0.83099269691538E+09
-0.83099733780893E+09
-0.83100200036812E+09
-0.83100668462955E+09
-0.83101139063025E+09
-0.83101611840767E+09
-0.83102086799967E+09
-0.83102563944457E+09
-0.83103043278111E+09
-0.83103524804850E+09
-0.83104008528640E+09
-0.83104494453492E+09
-0.83104982583466E+09
-0.83105472922671E+09
-0.83105965475263E+09
-0.83106460245447E+09
-0.83106957237482E+09
-0.83107456455675E+09
-0.83107957904389E+09
-0.83108461588036E+09
-0.83108967511087E+09
-0.83109475678065E+09
-0.83109986093551E+09
-0.83110498762183E+09
-0.83111013688658E+09
-0.83111530877732E+09
-0.83112050334223E+09
-0.83112572063009E+09
-0.83113096069034E+09
-0.83113622357305E+09
-0.83114150932894E+09
-0.83114681800941E+09
-0.83115214966656E+09
-0.83115750435318E+09
-0.83116288212275E+09
-0.83116828302953E+09
-0.83117370712848E+09
-0.83117915447535E+09
-0.83118462512666E+09
-0.83119011913973E+09
-0.83119563657269E+09
-0.83120117748452E+09
-0.83120674193503E+09
-0.83121232998491E+09
-0.83121794169577E+09
-0.83122357713011E+09
-0.83122923635137E+09
-0.83123491942396E+09
-0.83124062641328E+09
-0.83124635738575E+09
-0.83125211240882E+09
-0.83125789155099E+09
-0.83126369488189E+09
-0.83126952247225E+09
-0.83127537439398E+09
-0.83128125072016E+09
-0.83128715152512E+09
-0.83129307688441E+09
-0.83129902687493E+09
-0.83130500157488E+09
-0.83131100106387E+09
-0.83131702542290E+09
-0.83132307473447E+09
-0.83132914908258E+09
-0.83133524855282E+09
-0.83134137323238E+09
-0.83134752321015E+09
-0.83135369857674E+09
-0.83135989942459E+09
-0.83136612584799E+09
-0.83137237794319E+09
-0.83137865580844E+09
-0.83138495954411E+09
-0.83139128925276E+09
-0.83139764503920E+09
-0.83140402701066E+09
-0.83141043527684E+09
-0.83141686995003E+09
-0.83142333114525E+09
-0.83142981898038E+09
-0.83143633357631E+09
-0.83144287505705E+09
-0.83144944354997E+09
-0.83145603918592E+09
-0.83146266209947E+09
-0.83146931242912E+09
-0.83147599031752E+09
-0.83148269591177E+09
-0.83148942936369E+09
-0.83149619083013E+09
-0.83150298047339E+09
-0.83150979846156E+09
-0.83151664496901E+09
-0.83152352017690E+09
-0.83153042427374E+09
-0.83153735745609E+09
-0.83154431992929E+09
-0.83155131190834E+09
-0.83155833361894E+09
-0.83156538529866E+09
-0.83157246719836E+09
-0.83157957958386E+09
-0.83158672273799E+09
-0.83159389696297E+09
-0.83160110258352E+09
-0.83160833995057E+09
-0.83161560944610E+09
-0.83162291148929E+09
-0.83163024654470E+09
-0.83163761513331E+09
-0.83164501784795E+09
-0.83165245537539E+09
-0.83165992852992E+09
-0.83166743830652E+09
-0.83167498597213E+09
-0.83168257323804E+09
-0.83169020263431E+09
-0.83169787848377E+09
-0.83170560723458E+09
-0.83171337870831E+09
-0.83172118046160E+09
-0.83172900958711E+09
-0.83173686593244E+09
-0.83174474994599E+09
-0.83175266010037E+09
-0.83176059830523E+09
-0.83176856440173E+09
-0.83177655808537E+09
-0.83178457996193E+09
-0.83179263050123E+09
-0.83180070997277E+09
-0.83180881844657E+09
-0.83181695625774E+09
-0.83182512395706E+09
-0.83183332124861E+09
-0.83184154894156E+09
-0.83184980714656E+09
-0.83185809572368E+09
-0.83186641558354E+09
-0.83187476669530E+09
-0.83188314847027E+09
-0.83189156202174E+09
-0.83190000745323E+09
-0.83190848490752E+09
-0.83191699457955E+09
-0.83192553665626E+09
-0.83193411154733E+09
-0.83194271875092E+09
-0.83195135914586E+09
-0.83196003325609E+09
-0.83196874011727E+09
-0.83197748037958E+09
-0.83198625460598E+09
-0.83199506176866E+09
-0.83200390378042E+09
-0.83201277999685E+09
-0.83202169072408E+09
-0.83203063619183E+09
-0.83203961618622E+09
-0.83204863112506E+09
-0.83205768140737E+09
-0.83206676684672E+09
-0.83207588771085E+09
-0.83208504426158E+09
-0.83209423665327E+09
-0.83210346560059E+09
-0.83211273063953E+09
-0.83212203126729E+09
-0.83213137012797E+09
-0.83214074544594E+09
-0.83215015581345E+09
-0.83215960226906E+09
-0.83216908711820E+09
-0.83217860937008E+09
-0.83218817315256E+09
-0.83219776998113E+09
-0.83220740261492E+09
-0.83221707805899E+09
-0.83222678977280E+09
-0.83223654132274E+09
-0.83224633181974E+09
-0.83225616113387E+09
-0.83226602530623E+09
-0.83227593233776E+09
-0.83228587717431E+09
-0.83229586276529E+09
-0.83230588784954E+09
-0.83231595256262E+09
-0.83232605622004E+09
-0.83233620081925E+09
-0.83234638823814E+09
-0.83235661516894E+09
-0.83236688135168E+09
-0.83237718957169E+09
-0.83238753889836E+09
-0.83239792941524E+09
-0.83240836230050E+09
-0.83241883692084E+09
-0.83242935265955E+09
-0.83243991025263E+09
-0.83245051124197E+09
-0.83246115625168E+09
-0.83247184952232E+09
-0.83248256788707E+09
-0.83249333911828E+09
-0.83250415104464E+09
-0.83251501108788E+09
-0.83252591262297E+09
-0.83253685788610E+09
-0.83254784687569E+09
-0.83255887988007E+09
-0.83256995714204E+09
-0.83258107872450E+09
-0.83259224511012E+09
-0.83260345758199E+09
-0.83261471261511E+09
-0.83262601766933E+09
-0.83263736014382E+09
-0.83264875555592E+09
-0.83266020053736E+09
-0.83267168167268E+09
-0.83268320873369E+09
-0.83269477961790E+09
-0.83270639952190E+09
-0.83271807197227E+09
-0.83272978572627E+09
-0.83274154609724E+09
-0.83275335325363E+09
-0.83276520731203E+09
-0.83277710840871E+09
-0.83278905302974E+09
-0.83280104726692E+09
-0.83281308854314E+09
-0.83282517690082E+09
-0.83283731093192E+09
-0.83284949524513E+09
-0.83286172636398E+09
-0.83287400505945E+09
-0.83288633142922E+09
-0.83289870576445E+09
-0.83291112898503E+09
-0.83292358899085E+09
-0.83293610513912E+09
-0.83294866893790E+09
-0.83296128053926E+09
-0.83297393985687E+09
-0.83298664715539E+09
-0.83299940101738E+09
-0.83301220225937E+09
-0.83302505073139E+09
-0.83303794629654E+09
-0.83305088881205E+09
-0.83306387812206E+09
-0.83307691405464E+09
-0.83308999641919E+09
-0.83310312506511E+09
-0.83311629799833E+09
-0.83312952803824E+09
-0.83314278609607E+09
-0.83315609298517E+09
-0.83316944261067E+09
-0.83318284810779E+09
-0.83319629544671E+09
-0.83320978196553E+09
-0.83322331331639E+09
-0.83323688097262E+09
-0.83325048392115E+09
-0.83326415378952E+09
-0.83327785034935E+09
-0.83329158784860E+09
-0.83330535891168E+09
-0.83331918221913E+09
-0.83333303828987E+09
-0.83334692895095E+09
-0.83336085421176E+09
-0.83337481380864E+09
-0.83338880824132E+09
-0.83340284135443E+09
-0.83341690022568E+09
-0.83343100205520E+09
-0.83344513265647E+09
-0.83345928526355E+09
-0.83347351832455E+09
-0.83348771612751E+09
-0.83350190002386E+09
-0.83351614463950E+09
-0.83353040884550E+09
-0.83354468858226E+09
-0.83355899420505E+09
-0.83357331838015E+09
-0.83358765764752E+09
-0.83360197299407E+09
-0.83361632577857E+09
-0.83363068555835E+09
-0.83364505163710E+09
-0.83365941326770E+09
-0.83367377719789E+09
-0.83368813713583E+09
-0.83370249017674E+09
-0.83371683463341E+09
-0.83373116514117E+09
-0.83374547979821E+09
-0.83375977560839E+09
-0.83377404301311E+09
-0.83378830007085E+09
-0.83380250338578E+09
-0.83381667635082E+09
-0.83383080478853E+09
-0.83384491756935E+09
-0.83385898052697E+09
-0.83387298202309E+09
-0.83388694284267E+09
-0.83390080369557E+09
-0.83391465364623E+09
-0.83392839835716E+09
-0.83394219644862E+09
-0.83395568274144E+09
-0.83396914337769E+09
-0.83398255355441E+09
-0.83399581487381E+09
-0.83400900975214E+09
-0.83402209454705E+09
-0.83403505143740E+09
-0.83404788369157E+09
-0.83406064309162E+09
-0.83407316595308E+09
-0.83408556798228E+09
-0.83409784990035E+09
-0.83410998211863E+09
-0.83412191688255E+09
-0.83413386117929E+09
-0.83414524570585E+09
-0.83415667208900E+09
-0.83416789113525E+09
-0.83417898343352E+09
-0.83418981682353E+09
-0.83420023293072E+09
-0.83421051467199E+09
-0.83422057367732E+09
-0.83423036756886E+09
-0.83423993969676E+09
-0.83424925243550E+09
-0.83425829952002E+09
-0.83426698306295E+09
-0.83427545347840E+09
-0.83428363135005E+09
-0.83429151146667E+09
-0.83429907336601E+09
-0.83430633752069E+09
-0.83431328136673E+09
-0.83431989441527E+09
-0.83432619077237E+09
-0.83433214730077E+09
-0.83433776202782E+09
-0.83434301823234E+09
-0.83434795383473E+09
-0.83435258205451E+09
-0.83435683483340E+09
-0.83436081767161E+09
-0.83436423905001E+09
-0.83436747769049E+09
-0.83437038210303E+09
-0.83437293916607E+09
-0.83437497708238E+09
-0.83437679932807E+09
-0.83437830730540E+09
-0.83437933597643E+09
-0.83438016455551E+09
-0.83438064425241E+09
-0.83438086237139E+09
-0.83438084754144E+09
-0.83438047439572E+09
-0.83437999962388E+09
-0.83437916159030E+09
-0.83437795085558E+09
-0.83437663733687E+09
-0.83437514126503E+09
-0.83437338036761E+09
-0.83437150629243E+09
-0.83436929622132E+09
-0.83436728043750E+09
-0.83436482051381E+09
-0.83436244227780E+09
-0.83436000171053E+09
-0.83435752336232E+09
-0.83435498216879E+09
-0.83435249346185E+09
-0.83435010907097E+09
-0.83434764994893E+09
-0.83434552348327E+09
-0.83434357131681E+09
-0.83434115807915E+09
-0.83433923779454E+09
-0.83433753745454E+09
-0.83433592898161E+09
-0.83433463065178E+09
-0.83433336832264E+09
-0.83433254292839E+09
-0.83433200425268E+09
-0.83433177684678E+09
-0.83433180183910E+09
-0.83433227504635E+09
-0.83433318098265E+09
-0.83433427861173E+09
-0.83433604652537E+09
-0.83433835531442E+09
-0.83434074616448E+09
-0.83434369000771E+09
-0.83434679368904E+09
-0.83435009904173E+09
-0.83435422635377E+09
-0.83435881763684E+09
-0.83436388275601E+09
-0.83436918312506E+09
-0.83437512393375E+09
-0.83438152943298E+09
-0.83438829904911E+09
-0.83439569820698E+09
-0.83440345399531E+09
-0.83441159350857E+09
-0.83442026124149E+09
-0.83442934285953E+09
-0.83443894487989E+09
-0.83444861079690E+09
-0.83445923893998E+09
-0.83447045338565E+09
-0.83448155124685E+09
-0.83449265986230E+09
-0.83450439602326E+09
-0.83451668142448E+09
-0.83452910807704E+09
-0.83454196076850E+09
-0.83455513545755E+09
-0.83456862140680E+09
-0.83458241284052E+09
-0.83459619129128E+09
-0.83461046518819E+09
-0.83462499075750E+09
-0.83463975627993E+09
-0.83465463296276E+09
-0.83466989376261E+09
-0.83468523956926E+09
-0.83470086106157E+09
-0.83471664794277E+09
-0.83473258877179E+09
-0.83474867453332E+09
-0.83476491309441E+09
-0.83478116166403E+09
-0.83479790220692E+09
-0.83481464567276E+09
-0.83483202602421E+09
-0.83484848838582E+09
-0.83486492731301E+09
-0.83488172826735E+09
-0.83489873362330E+09
-0.83491582376630E+09
-0.83493267045092E+09
-0.83495005445049E+09
-0.83496726833830E+09
-0.83498452974690E+09
-0.83500140269778E+09
-0.83501864097997E+09
-0.83503589428158E+09
-0.83505315642076E+09
-0.83507042065562E+09
-0.83508755448692E+09
-0.83510487695404E+09
-0.83512217002555E+09
-0.83513960349263E+09
-0.83515643079230E+09
-0.83517413554673E+09
-0.83519185203181E+09
-0.83520908204423E+09
-0.83522575354914E+09
-0.83524269905102E+09
-0.83526034330649E+09
-0.83527680899951E+09
-0.83529381306155E+09
-0.83531078844044E+09
-0.83532773478936E+09
-0.83534465451207E+09
-0.83536155438676E+09
-0.83537802635884E+09
-0.83539477931090E+09
-0.83541149368440E+09
-0.83542816498259E+09
-0.83544479091697E+09
-0.83546128345628E+09
-0.83547788771132E+09
-0.83549460587910E+09
-0.83551070611283E+09
-0.83552766958639E+09
-0.83554501813695E+09
-0.83556028815209E+09
-0.83557674911494E+09
-0.83559389167569E+09
-0.83560973056730E+09
-0.83562582840108E+09
-0.83564129386545E+09
-0.83565737029552E+09
-0.83567341252361E+09
-0.83568943173385E+09
-0.83570543328336E+09
-0.83572144294243E+09
-0.83573686258817E+09
-0.83575268265891E+09
-0.83576846407007E+09
-0.83578404288983E+09
-0.83579984915386E+09
-0.83581558409384E+09
-0.83583120470394E+09
-0.83584711011593E+09
-0.83586244141772E+09
-0.83587778844263E+09
-0.83589374538677E+09
-0.83590947648930E+09
-0.83592592813663E+09
-0.83594093593014E+09
-0.83595625329916E+09
-0.83597090103363E+09
-0.83598623782617E+09
-0.83600156206959E+09
-0.83601689352357E+09
-0.83603224888897E+09
-0.83604746251628E+09
-0.83606249279129E+09
-0.83607768383671E+09
-0.83609282840885E+09
-0.83610793779642E+09
-0.83612302587026E+09
-0.83613731759704E+09
-0.83615315430377E+09
-0.83616783989324E+09
-0.83618275595404E+09
-0.83619822477522E+09
-0.83621334251455E+09
-0.83622936097869E+09
-0.83624389091907E+09
-0.83625867283080E+09
-0.83627293150839E+09
-0.83628783762402E+09
-0.83630276477096E+09
-0.83631769208756E+09
-0.83633249823118E+09
-0.83634729222563E+09
-0.83636193664790E+09
-0.83637676608542E+09
-0.83639156343734E+09
-0.83640634251305E+09
-0.83642074373573E+09
-0.83643595904009E+09
-0.83645005960574E+09
-0.83646537556816E+09
-0.83648037196392E+09
-0.83649611095420E+09
-0.83651033056229E+09
-0.83652486579097E+09
-0.83653874114583E+09
-0.83655342963366E+09
-0.83656813959846E+09
-0.83658277069920E+09
-0.83659737967060E+09
-0.83661221677087E+09
-0.83662660256964E+09
-0.83664130154987E+09
-0.83665596315378E+09
-0.83667060496593E+09
-0.83668431915581E+09
-0.83670003091343E+09
-0.83671599189041E+09
-0.83672969340416E+09
-0.83674363817024E+09
-0.83675880940406E+09
-0.83677282705258E+09
-0.83678741909902E+09
-0.83680196956508E+09
-0.83681650406204E+09
-0.83683104065165E+09
-0.83684557632517E+09
-0.83686010800906E+09
-0.83687463462055E+09
-0.83688918778087E+09
-0.83690380330410E+09
-0.83691840430097E+09
-0.83693299335579E+09
-0.83694756162716E+09
-0.83696132439267E+09
-0.83697674199133E+09
-0.83699178004828E+09
-0.83700550058878E+09
-0.83702051964772E+09
-0.83703543414588E+09
-0.83705142352946E+09
-0.83706526016431E+09
-0.83707936436710E+09
-0.83709376667740E+09
-0.83710779842290E+09
-0.83712230609137E+09
-0.83713681901706E+09
-0.83715133619142E+09
-0.83716585704240E+09
-0.83718038118641E+09
-0.83719490624813E+09
-0.83720943090578E+09
-0.83722404138730E+09
-0.83723858052369E+09
-0.83725312147324E+09
-0.83726765795278E+09
-0.83728219332007E+09
-0.83729672961708E+09
-0.83731126975220E+09
-0.83732581443092E+09
-0.83734043745031E+09
-0.83735506332580E+09
-0.83736969012455E+09
-0.83738421770344E+09
-0.83739844217723E+09
-0.83741370146691E+09
-0.83742873173377E+09
-0.83744492885836E+09
-0.83745830314020E+09
-0.83747265027296E+09
-0.83748877106283E+09
-0.83750267105371E+09
-0.83751667892670E+09
-0.83753116792054E+09
-0.83754563785417E+09
-0.83755966195963E+09
-0.83757423495340E+09
-0.83758881455333E+09
-0.83760340006412E+09
-0.83761799199290E+09
-0.83763258835936E+09
-0.83764718984053E+09
-0.83766179623275E+09
-0.83767640727382E+09
-0.83769101600217E+09
-0.83770562126810E+09
-0.83772022652266E+09
-0.83773483874002E+09
-0.83774945958507E+09
-0.83776418412769E+09
-0.83777881935298E+09
-0.83779345927969E+09
-0.83780810396412E+09
-0.83782275333798E+09
-0.83783742622600E+09
-0.83785209373342E+09
-0.83786680894875E+09
-0.83788157819941E+09
-0.83789629569471E+09
-0.83791055809360E+09
-0.83792589309339E+09
-0.83794103632352E+09
-0.83795609937373E+09
-0.83797187361357E+09
-0.83798691161329E+09
-0.83800050875426E+09
-0.83801508132845E+09
-0.83802959378457E+09
-0.83804364310772E+09
-0.83805831545004E+09
-0.83807384427394E+09
-0.83808787678545E+09
-0.83810257727463E+09
-0.83811728429565E+09
-0.83813199741564E+09
-0.83814671631239E+09
-0.83816144074548E+09
-0.83817617053941E+09
-0.83819090555806E+09
-0.83820564568791E+09
-0.83822039083599E+09
-0.83823513759691E+09
-0.83824988002898E+09
-0.83826462724856E+09
-0.83827937942377E+09
-0.83829413676873E+09
-0.83830889927230E+09
-0.83832366671817E+09
-0.83833844043467E+09
-0.83835322090961E+09
-0.83836801106750E+09
-0.83838281602056E+09
-0.83839760323808E+09
-0.83841244601259E+09
-0.83842725691666E+09
-0.83844207574499E+09
-0.83845690234729E+09
-0.83847171151488E+09
-0.83848576957489E+09
-0.83850077231131E+09
-0.83851575074763E+09
-0.83853097643385E+09
-0.83854637365495E+09
-0.83856165899011E+09
-0.83857685815003E+09
-0.83859216906658E+09
-0.83860826374984E+09
-0.83862348643381E+09
-0.83863747755995E+09
-0.83865166356029E+09
-0.83866640398640E+09
-0.83868112705043E+09
-0.83869512253940E+09
-0.83870995820470E+09
-0.83872480161963E+09
-0.83873965009936E+09
-0.83875450043764E+09
-0.83876956903380E+09
-0.83878443583243E+09
-0.83879930797600E+09
-0.83881418520780E+09
-0.83882906731741E+09
-0.83884395413507E+09
-0.83885884552426E+09
-0.83887374137653E+09
-0.83888864160756E+09
-0.83890354587219E+09
-0.83891844442375E+09
-0.83893334339741E+09
-0.83894824970550E+09
-0.83896315990949E+09
-0.83897807747649E+09
-0.83899299564043E+09
-0.83900791791135E+09
-0.83902284440743E+09
-0.83903777526753E+09
-0.83905271066104E+09
-0.83906765080517E+09
-0.83908259607074E+09
-0.83909755248577E+09
-0.83911251305175E+09
-0.83912747687095E+09
-0.83914122497575E+09
-0.83915625875721E+09
-0.83917129669833E+09
-0.83918633835425E+09
-0.83920142821957E+09
-0.83921652637339E+09
-0.83923163780278E+09
-0.83924677511987E+09
-0.83926194667686E+09
-0.83927714791406E+09
-0.83929235409692E+09
-0.83930760098525E+09
-0.83932309935156E+09
-0.83933854223480E+09
-0.83935396737534E+09
-0.83936939143416E+09
-0.83938481269777E+09
-0.83939990652725E+09
-0.83941610868899E+09
-0.83943064175094E+09
-0.83944673820312E+09
-0.83946155414919E+09
-0.83947642269278E+09
-0.83949059232970E+09
-0.83950485116094E+09
-0.83951981035012E+09
-0.83953476413134E+09
-0.83954971204328E+09
-0.83956465375942E+09
-0.83957958888723E+09
-0.83959451694534E+09
-0.83960858448681E+09
-0.83962360691339E+09
-0.83963865052349E+09
-0.83965369647071E+09
-0.83966873973147E+09
-0.83968378562231E+09
-0.83969883213782E+09
-0.83971387821861E+09
-0.83972892662776E+09
-0.83974397733683E+09
-0.83975903031939E+09
-0.83977408554872E+09
-0.83978914300666E+09
-0.83980420303050E+09
-0.83981926489193E+09
-0.83983432886943E+09
-0.83984939506007E+09
-0.83986446340602E+09
-0.83987953389375E+09
-0.83989460652098E+09
-0.83990968129071E+09
-0.83992475819081E+09
-0.83993983722202E+09
-0.83995491838665E+09
-0.83997000168846E+09
-0.83998351881244E+09
-0.83999864462999E+09
-0.84001377328814E+09
-0.84002890479200E+09
-0.84004403915266E+09
-0.84005917638065E+09
-0.84007431649144E+09
-0.84008945950410E+09
-0.84010460544236E+09
-0.84011975929227E+09
-0.84013492553531E+09
-0.84015009687439E+09
-0.84016527250480E+09
-0.84018045241903E+09
-0.84019563659476E+09
-0.84021082497767E+09
-0.84022601748145E+09
-0.84024121395933E+09
-0.84025641418223E+09
-0.84027164659489E+09
-0.84028689958778E+09
-0.84030216316796E+09
-0.84031743835058E+09
-0.84033272619994E+09
-0.84034802803575E+09
-0.84036335875421E+09
-0.84037873949725E+09
-0.84039415295140E+09
-0.84040960940233E+09
-0.84042534024473E+09
-0.84044104547606E+09
-0.84045669749239E+09
-0.84047207423984E+09
-0.84048738043229E+09
-0.84050396956628E+09
-0.84052009674947E+09
-0.84053468957190E+09
-0.84054854191448E+09
-0.84056280907328E+09
-0.84057781121244E+09
-0.84059279572783E+09
-0.84060776162175E+09
-0.84062143149467E+09
-0.84063469995362E+09
-0.84064986659335E+09
-0.84066501364663E+09
-0.84068017020376E+09
-0.84069533454669E+09
-0.84071049953517E+09
-0.84072568964240E+09
-0.84074088518856E+09
-0.84075608606772E+09
-0.84077129222285E+09
-0.84078650365161E+09
-0.84080172037788E+09
-0.84081694247705E+09
-0.84083217669269E+09
-0.84084742113843E+09
-0.84086267282786E+09
-0.84087793178755E+09
-0.84089285326966E+09
-0.84090806495209E+09
-0.84092327905877E+09
-0.84093850090572E+09
-0.84095372607598E+09
-0.84096895433946E+09
-0.84098418572381E+09
-0.84099942026498E+09
-0.84101465799020E+09
-0.84102989892585E+09
-0.84104514308625E+09
-0.84106039048857E+09
-0.84107564112756E+09
-0.84109089498401E+09
-0.84110615202313E+09
-0.84112141219025E+09
-0.84113670523750E+09
-0.84115200584001E+09
-0.84116731416322E+09
-0.84118263076973E+09
-0.84119797473256E+09
-0.84121333052815E+09
-0.84122869955734E+09
-0.84124408356004E+09
-0.84125948473739E+09
-0.84127490592632E+09
-0.84129035087697E+09
-0.84130582467975E+09
-0.84132133449614E+09
-0.84133693276022E+09
-0.84135261081738E+09
-0.84136811444109E+09
-0.84138364670000E+09
-0.84139914039548E+09
-0.84141635381230E+09
-0.84143078667026E+09
-0.84144572996333E+09
-0.84146103426946E+09
-0.84147493900276E+09
-0.84148995156132E+09
-0.84150494007585E+09
-0.84151990357999E+09
-0.84153174768148E+09
-0.84154692076877E+09
-0.84156210390495E+09
-0.84157729607807E+09
-0.84159249649953E+09
-0.84160770455509E+09
-0.84162291976465E+09
-0.84163819955861E+09
-0.84165338265978E+09
-0.84166860380382E+09
-0.84168383159047E+09
-0.84169906579894E+09
-0.84171430627911E+09
-0.84172955293972E+09
-0.84174480574388E+09
-0.84176006470258E+09
-0.84177533365144E+09
-0.84179061569425E+09
-0.84180590665323E+09
-0.84182120662841E+09
-0.84183651572035E+09
-0.84185184094797E+09
-0.84186688504137E+09
-0.84188216169413E+09
-0.84189744310360E+09
-0.84191273289130E+09
-0.84192802660449E+09
-0.84194332426363E+09
-0.84195862584327E+09
-0.84197393123624E+09
-0.84198924011311E+09
-0.84200455146092E+09
-0.84201988653794E+09
-0.84203527705803E+09
-0.84205064337726E+09
-0.84206602343126E+09
-0.84208141680820E+09
-0.84209682375040E+09
-0.84211224533461E+09
-0.84212768312987E+09
-0.84214313920081E+09
-0.84215861619780E+09
-0.84217411757999E+09
-0.84218964795892E+09
-0.84220521366291E+09
-0.84222082374164E+09
-0.84223629275041E+09
-0.84225183026796E+09
-0.84226744716613E+09
-0.84228303131772E+09
-0.84229858167964E+09
-0.84231658264439E+09
-0.84233151960846E+09
-0.84234634554988E+09
-0.84236146925420E+09
-0.84237521811409E+09
-0.84239027382190E+09
-0.84240531882600E+09
-0.84242035249731E+09
-0.84243537452610E+09
-0.84244665407014E+09
-0.84246186605923E+09
-0.84247708977026E+09
-0.84249232233249E+09
-0.84250756461222E+09
-0.84252281616990E+09
-0.84253807656457E+09
-0.84255334546817E+09
-0.84256862266350E+09
-0.84258390801933E+09
-0.84259920148132E+09
-0.84261451150693E+09
-0.84262983348778E+09
-0.84264503590468E+09
-0.84266035319218E+09
-0.84267568204147E+09
-0.84269102251266E+09
-0.84270637360275E+09
-0.84272173027147E+09
-0.84273709869523E+09
-0.84275218436411E+09
-0.84276751255577E+09
-0.84278284559114E+09
-0.84279818285827E+09
-0.84281352386879E+09
-0.84282886831481E+09
-0.84284421793593E+09
-0.84285957279958E+09
-0.84287493295994E+09
-0.84289031052728E+09
-0.84290571520031E+09
-0.84292113096535E+09
-0.84293655859967E+09
-0.84295199903315E+09
-0.84296745341707E+09
-0.84298292313005E+09
-0.84299840985930E+09
-0.84301391572112E+09
-0.84302944337029E+09
-0.84304500033037E+09
-0.84306060147787E+09
-0.84307623275372E+09
-0.84309190810507E+09
-0.84310735101514E+09
-0.84312279883229E+09
-0.84313836254811E+09
-0.84315409587290E+09
-0.84317286311122E+09
-0.84318815830957E+09
-0.84319976489472E+09
-0.84321911294307E+09
-0.84323430386019E+09
-0.84324879607385E+09
-0.84326285747544E+09
-0.84327964105920E+09
-0.84329357745411E+09
-0.84330866619889E+09
-0.84332369501727E+09
-0.84333870796202E+09
-0.84334912353605E+09
-0.84336436078816E+09
-0.84337964132836E+09
-0.84339491988761E+09
-0.84341020043776E+09
-0.84342549580908E+09
-0.84344080365307E+09
-0.84345612298007E+09
-0.84347145331124E+09
-0.84348680017040E+09
-0.84350216236600E+09
-0.84351753935928E+09
-0.84353293124343E+09
-0.84354833811731E+09
-0.84356376010321E+09
-0.84357892241598E+09
-0.84359430056954E+09
-0.84360968535918E+09
-0.84362507686628E+09
-0.84364047519237E+09
-0.84365588043246E+09
-0.84367129267337E+09
-0.84368640056473E+09
-0.84370179549773E+09
-0.84371719738297E+09
-0.84373260631552E+09
-0.84374802044885E+09
-0.84376344188287E+09
-0.84377887073006E+09
-0.84379430707986E+09
-0.84380975101079E+09
-0.84382520258656E+09
-0.84384119394444E+09
-0.84385674683677E+09
-0.84387231498112E+09
-0.84388789811795E+09
-0.84390349460651E+09
-0.84391911410074E+09
-0.84393476110472E+09
-0.84395031851588E+09
-0.84396601900961E+09
-0.84398176186153E+09
-0.84399728636883E+09
-0.84401277787938E+09
-0.84403222896027E+09
-0.84404798253454E+09
-0.84405953961240E+09
-0.84407851690617E+09
-0.84409370301748E+09
-0.84410990829888E+09
-0.84412129160035E+09
-0.84413744798074E+09
-0.84415179713743E+09
-0.84417012943851E+09
-0.84418525867717E+09
-0.84420037617576E+09
-0.84420938706224E+09
-0.84422472525481E+09
-0.84424007961601E+09
-0.84425544906537E+09
-0.84427087440316E+09
-0.84428625742272E+09
-0.84430165483518E+09
-0.84431707000446E+09
-0.84433250362564E+09
-0.84434793403047E+09
-0.84436338270990E+09
-0.84437885948096E+09
-0.84439427046436E+09
-0.84440968946583E+09
-0.84442511615452E+09
-0.84444055109930E+09
-0.84445599273212E+09
-0.84447144893212E+09
-0.84448691366743E+09
-0.84450238704148E+09
-0.84451786915186E+09
-0.84453348207524E+09
-0.84454899897840E+09
-0.84456452514767E+09
-0.84458006067374E+09
-0.84459560564914E+09
-0.84461095288762E+09
-0.84462649941654E+09
-0.84464205522704E+09
-0.84465762720171E+09
-0.84467324176725E+09
-0.84468887016703E+09
-0.84470456246868E+09
-0.84472022628609E+09
-0.84473591190856E+09
-0.84475161846918E+09
-0.84476734805547E+09
-0.84478310193318E+09
-0.84479888169458E+09
-0.84481466585378E+09
-0.84483052808530E+09
-0.84484560328533E+09
-0.84486222225247E+09
-0.84487785724467E+09
-0.84489756833161E+09
-0.84491311655542E+09
-0.84492858388482E+09
-0.84494387117653E+09
-0.84496039533456E+09
-0.84497313555688E+09
-0.84499057100194E+09
-0.84500664189060E+09
-0.84502329386367E+09
-0.84503371736308E+09
-0.84504717305351E+09
-0.84506239815056E+09
-0.84507765087918E+09
-0.84509200813022E+09
-0.84510738416204E+09
-0.84512278722768E+09
-0.84513821402255E+09
-0.84515365142209E+09
-0.84516927639377E+09
-0.84518477279517E+09
-0.84520058629527E+09
-0.84521607091874E+09
-0.84523156544739E+09
-0.84524706940779E+09
-0.84526253429231E+09
-0.84527807682480E+09
-0.84529362988664E+09
-0.84530919491051E+09
-0.84532477140998E+09
-0.84534035928419E+09
-0.84535595942328E+09
-0.84537157188894E+09
-0.84538719711518E+09
-0.84540288915300E+09
-0.84541852461192E+09
-0.84543417152912E+09
-0.84544982968666E+09
-0.84546563179212E+09
-0.84548132451004E+09
-0.84549674603226E+09
-0.84551242797307E+09
-0.84552815382068E+09
-0.84554389531851E+09
-0.84555968231917E+09
-0.84557533562091E+09
-0.84559078804287E+09
-0.84560656627037E+09
-0.84562704204153E+09
-0.84564278754431E+09
-0.84565813517646E+09
-0.84567386005162E+09
-0.84568959382275E+09
-0.84570533338754E+09
-0.84572107814163E+09
-0.84573682755941E+09
-0.84575258121561E+09
-0.84576833881834E+09
-0.84578410213897E+09
-0.84579987991880E+09
-0.84582036540453E+09
-0.84583558801070E+09
-0.84585077917991E+09
-0.84586592868718E+09
-0.84588267823677E+09
-0.84589317212425E+09
-0.84590647866119E+09
-0.84591676351221E+09
-0.84593222305544E+09
-0.84594775048671E+09
-0.84596333245254E+09
-0.84597900120561E+09
-0.84599553822616E+09
-0.84601106401820E+09
-0.84602662730707E+09
-0.84604222276805E+09
-0.84605784697785E+09
-0.84607349733500E+09
-0.84608917171152E+09
-0.84610486829826E+09
-0.84612058556050E+09
-0.84613632214428E+09
-0.84615209925055E+09
-0.84616789671463E+09
-0.84618371237117E+09
-0.84619954616235E+09
-0.84621540061388E+09
-0.84623128961648E+09
-0.84624720345934E+09
-0.84626313205566E+09
-0.84628192672254E+09
-0.84629772980830E+09
-0.84631354563844E+09
-0.84632937431342E+09
-0.84634521583522E+09
-0.84636106031864E+09
-0.84637691125335E+09
-0.84639277534247E+09
-0.84641201224233E+09
-0.84642809889991E+09
-0.84644672892416E+09
-0.84646259361832E+09
-0.84647846974691E+09
-0.84649435617022E+09
-0.84651025173499E+09
-0.84652615521464E+09
-0.84654206534482E+09
-0.84655794053036E+09
-0.84657385847976E+09
-0.84658978113239E+09
-0.84660553304676E+09
-0.84662149404354E+09
-0.84663745272310E+09
-0.84665340873341E+09
-0.84667413061019E+09
-0.84668978680179E+09
-0.84670590961706E+09
-0.84672154868202E+09
-0.84673711858013E+09
-0.84675276225633E+09
-0.84676906335518E+09
-0.84678585264535E+09
-0.84678987515789E+09
-0.84681654417214E+09
-0.84683260998977E+09
-0.84684811485426E+09
-0.84686407767402E+09
-0.84688085485715E+09
-0.84689758026556E+09
-0.84690787871294E+09
-0.84691753654535E+09
-0.84694569261255E+09
-0.84695579122634E+09
-0.84697346613352E+09
-0.84697868768604E+09
-0.84699453817391E+09
-0.84701033019430E+09
-0.84702618336926E+09
-0.84704207634895E+09
-0.84705801106456E+09
-0.84707397596087E+09
-0.84708996955319E+09
-0.84710598989595E+09
-0.84712203526036E+09
-0.84713810404737E+09
-0.84715419496990E+09
-0.84717607125503E+09
-0.84719217833104E+09
-0.84720832329365E+09
-0.84722452609836E+09
-0.84724143161160E+09
-0.84725773171101E+09
-0.84727402456095E+09
-0.84729035916622E+09
-0.84730670615458E+09
-0.84732306410396E+09
-0.84733950830403E+09
-0.84735598934954E+09
-0.84737246706566E+09
-0.84738894181375E+09
-0.84740541375166E+09
-0.84742188303016E+09
-0.84743834960379E+09
-0.84745590813134E+09
-0.84747204559204E+09
-0.84748818490965E+09
-0.84750432369377E+09
-0.84752045930576E+09
-0.84753675155740E+09
-0.84755289673783E+09
-0.84757413787823E+09
-0.84759014991813E+09
-0.84760618933469E+09
-0.84762248542460E+09
-0.84763790693998E+09
-0.84765532800432E+09
-0.84767150617146E+09
-0.84768767480726E+09
-0.84770383211427E+09
-0.84771997562683E+09
-0.84773610169376E+09
-0.84775258098892E+09
-0.84776872521048E+09
-0.84778484690761E+09
-0.84780135790486E+09
-0.84781713726890E+09
-0.84783286677201E+09
-0.84784853639463E+09
-0.84786495173183E+09
-0.84788187490644E+09
-0.84789592687617E+09
-0.84791171438235E+09
-0.84792747445285E+09
-0.84793889012089E+09
-0.84795494539748E+09
-0.84797139456946E+09
-0.84798754323283E+09
-0.84800373438763E+09
-0.84801996385881E+09
-0.84803600585365E+09
-0.84805238054755E+09
-0.84806877594950E+09
-0.84808520408386E+09
-0.84810166112361E+09
-0.84811814019354E+09
-0.84813465446813E+09
-0.84815124080600E+09
-0.84816787889462E+09
-0.84818454381194E+09
-0.84820122127806E+09
-0.84821791307324E+09
-0.84823461820812E+09
-0.84825133587271E+09
-0.84826815591997E+09
-0.84828501760046E+09
-0.84831771906134E+09
-0.84833459802351E+09
-0.84835147328908E+09
-0.84836834512394E+09
-0.84838521387607E+09
-0.84840207958403E+09
-0.84841894209504E+09
-0.84843580075257E+09
-0.84845265382026E+09
-0.84846949833826E+09
-0.84849243612032E+09
-0.84850832912923E+09
-0.84851873650464E+09
-0.84853550566704E+09
-0.84855227891027E+09
-0.84857520098422E+09
-0.84859186824416E+09
-0.84860851625293E+09
-0.84862504814072E+09
-0.84864173243794E+09
-0.84865838281004E+09
-0.84867429350763E+09
-0.84869087785886E+09
-0.84870742691594E+09
-0.84872396845042E+09
-0.84874049652544E+09
-0.84875563157428E+09
-0.84877157881936E+09
-0.84878889521616E+09
-0.84880484536676E+09
-0.84882083666025E+09
-0.84883698729835E+09
-0.84885312260532E+09
-0.84886922633662E+09
-0.84888529545733E+09
-0.84890268522788E+09
-0.84891319313167E+09
-0.84893009776907E+09
-0.84894699576523E+09
-0.84896358682665E+09
-0.84898015641084E+09
-0.84899676745651E+09
-0.84901341599337E+09
-0.84903009224720E+09
-0.84904680177761E+09
-0.84906354687632E+09
-0.84908034438561E+09
-0.84909717950583E+09
-0.84911404686620E+09
-0.84913094461869E+09
-0.84914787110489E+09
-0.84916482499666E+09
-0.84918152461658E+09
-0.84919849565158E+09
-0.84921549273493E+09
-0.84923258190987E+09
-0.84924972229263E+09
-0.84926687919866E+09
-0.84928405091244E+09
-0.84930138556240E+09
-0.84931872046065E+09
-0.84933604688012E+09
-0.84935336917662E+09
-0.84937068780470E+09
-0.84938799782725E+09
-0.84940530699045E+09
-0.84942025791378E+09
-0.84943746995439E+09
-0.84945468540916E+09
-0.84947190440513E+09
-0.84948912362482E+09
-0.84950634421996E+09
-0.84952357055420E+09
-0.84954080287928E+09
-0.84955804155610E+09
-0.84957528680541E+09
-0.84959919393221E+09
-0.84961635443023E+09
-0.84963351349064E+09
-0.84965066975154E+09
-0.84966782044144E+09
-0.84968496402594E+09
-0.84970215578067E+09
-0.84971928431222E+09
-0.84973640663725E+09
-0.84975351644859E+09
-0.84977074106264E+09
-0.84978601673756E+09
-0.84980246421853E+09
-0.84981885683781E+09
-0.84983450018676E+09
-0.84984989430236E+09
-0.84986635027853E+09
-0.84988276374467E+09
-0.84990031951939E+09
-0.84991672909461E+09
-0.84993423003486E+09
-0.84995213690469E+09
-0.84997006792603E+09
-0.84998729655486E+09
-0.84999769680468E+09
-0.85001466849033E+09
-0.85003168302389E+09
-0.85004875138725E+09
-0.85006586694987E+09
-0.85008304572906E+09
-0.85010026864438E+09
-0.85011753191422E+09
-0.85013483260036E+09
-0.85015216874492E+09
-0.85016953969885E+09
-0.85018694139879E+09
-0.85020436574513E+09
-0.85022181873837E+09
-0.85023929923371E+09
-0.85025689313058E+09
-0.85027459000491E+09
-0.85029241061275E+09
-0.85031022804407E+09
-0.85032556068941E+09
-0.85034301032458E+09
-0.85036047600507E+09
-0.85037800281312E+09
-0.85039618118664E+09
-0.85041387109777E+09
-0.85043156563171E+09
-0.85044926494930E+09
-0.85046696942482E+09
-0.85048467966584E+09
-0.85050239290271E+09
-0.85052010782343E+09
-0.85053668581318E+09
-0.85055442949117E+09
-0.85057217557051E+09
-0.85058992430415E+09
-0.85061455686679E+09
-0.85063223650943E+09
-0.85064991756766E+09
-0.85066759974083E+09
-0.85068528247157E+09
-0.85070296519030E+09
-0.85072064750842E+09
-0.85073832848248E+09
-0.85075600698298E+09
-0.85077368181882E+09
-0.85079135093119E+09
-0.85080908712887E+09
-0.85082198155685E+09
-0.85084464762307E+09
-0.85085692870589E+09
-0.85087975587298E+09
-0.85089736958970E+09
-0.85090917394423E+09
-0.85092670161113E+09
-0.85094417511311E+09
-0.85096253337364E+09
-0.85097568620196E+09
-0.85099418972754E+09
-0.85101270478722E+09
-0.85103124795160E+09
-0.85104166697817E+09
-0.85105913103510E+09
-0.85107666198792E+09
-0.85109424380531E+09
-0.85111187853940E+09
-0.85112956212905E+09
-0.85114729085518E+09
-0.85116506142879E+09
-0.85118287152296E+09
-0.85120071884822E+09
-0.85121860117935E+09
-0.85123577707537E+09
-0.85125352954329E+09
-0.85127130258105E+09
-0.85128906291330E+09
-0.85130687227122E+09
-0.85132451512463E+09
-0.85134230820485E+09
-0.85136012455056E+09
-0.85137838802796E+09
-0.85139630787001E+09
-0.85141424712895E+09
-0.85143220464866E+09
-0.85145018100399E+09
-0.85146817542704E+09
-0.85148534732541E+09
-0.85150332184963E+09
-0.85152131567136E+09
-0.85153932802144E+09
-0.85155735938887E+09
-0.85157612235875E+09
-0.85159441221782E+09
-0.85161270645095E+09
-0.85163100507547E+09
-0.85164930900817E+09
-0.85167515549018E+09
-0.85169337956363E+09
-0.85171160522135E+09
-0.85172983218452E+09
-0.85174806055135E+09
-0.85176628995088E+09
-0.85178451955515E+09
-0.85180274946518E+09
-0.85182097861996E+09
-0.85183920644188E+09
-0.85185743194236E+09
-0.85187565360651E+09
-0.85189389711189E+09
-0.85191190772988E+09
-0.85193015115332E+09
-0.85194853297130E+09
-0.85196088542186E+09
-0.85197886452136E+09
-0.85199683924088E+09
-0.85201484982670E+09
-0.85203299705871E+09
-0.85205097629268E+09
-0.85206894697052E+09
-0.85208665644977E+09
-0.85209942546129E+09
-0.85211858826059E+09
-0.85213777121692E+09
-0.85215795746854E+09
-0.85217696958029E+09
-0.85219519793675E+09
-0.85220395404313E+09
-0.85222207892353E+09
-0.85224642081988E+09
-0.85226529675257E+09
-0.85228419601840E+09
-0.85230192362083E+09
-0.85232084680276E+09
-0.85234074250966E+09
-0.85235902324236E+09
-0.85237735170229E+09
-0.85239552483943E+09
-0.85241386577990E+09
-0.85243225287200E+09
-0.85244094531226E+09
-0.85245930262955E+09
-0.85247769835459E+09
-0.85249608637602E+09
-0.85251448884713E+09
-0.85253262526266E+09
-0.85255106000337E+09
-0.85256948432872E+09
-0.85258793274117E+09
-0.85260640382955E+09
-0.85262538167848E+09
-0.85264393796253E+09
-0.85266254774050E+09
-0.85268125802573E+09
-0.85269998392883E+09
-0.85271884911973E+09
-0.85273722525185E+09
-0.85276443354439E+09
-0.85278325613266E+09
-0.85280208062784E+09
-0.85282090631173E+09
-0.85283972686296E+09
-0.85285854545006E+09
-0.85287736539108E+09
-0.85289620555245E+09
-0.85291507690054E+09
-0.85293394557083E+09
-0.85295281055354E+09
-0.85297167095293E+09
-0.85299052628426E+09
-0.85300937503232E+09
-0.85302821435028E+09
-0.85304704206973E+09
-0.85306585419855E+09
-0.85307808801630E+09
-0.85309664078265E+09
-0.85311519508937E+09
-0.85313372248698E+09
-0.85315224832466E+09
-0.85317076758413E+09
-0.85318929565805E+09
-0.85320782336982E+09
-0.85322633117848E+09
-0.85324481042992E+09
-0.85326357215224E+09
-0.85328216350351E+09
-0.85329387488844E+09
-0.85331996004595E+09
-0.85333859633249E+09
-0.85335723171517E+09
-0.85337586396309E+09
-0.85339449120542E+09
-0.85341311016734E+09
-0.85343182196363E+09
-0.85344399972603E+09
-0.85346351750902E+09
-0.85348304748495E+09
-0.85350258811990E+09
-0.85352214618511E+09
-0.85354172420866E+09
-0.85356131671589E+09
-0.85358086966075E+09
-0.85359975861146E+09
-0.85361870085484E+09
-0.85363769506061E+09
-0.85365673864104E+09
-0.85367521951827E+09
-0.85369423261278E+09
-0.85371329533788E+09
-0.85373240681031E+09
-0.85374210749825E+09
-0.85376111202205E+09
-0.85378016155741E+09
-0.85379925725643E+09
-0.85381840134971E+09
-0.85383750654800E+09
-0.85385661345970E+09
-0.85387574423625E+09
-0.85389489817515E+09
-0.85392128312758E+09
-0.85394070967076E+09
-0.85396015614333E+09
-0.85397967074387E+09
-0.85399919696015E+09
-0.85401873240898E+09
-0.85403827176462E+09
-0.85405781893673E+09
-0.85407801842115E+09
-0.85409753409934E+09
-0.85411703399133E+09
-0.85413652316104E+09
-0.85415604451223E+09
-0.85417552362557E+09
-0.85419500214032E+09
-0.85421447606747E+09
-0.85423394234891E+09
-0.85425339898560E+09
-0.85427285699980E+09
-0.85428477043677E+09
-0.85430390749272E+09
-0.85432304402372E+09
-0.85434217814046E+09
-0.85436130955728E+09
-0.85438044287310E+09
-0.85440726101059E+09
-0.85441886008008E+09
-0.85443802930010E+09
-0.85445735345443E+09
-0.85447657026296E+09
-0.85449579709906E+09
-0.85451502891794E+09
-0.85453426544108E+09
-0.85455350618838E+09
-0.85457274997582E+09
-0.85459199894255E+09
-0.85461127062999E+09
-0.85463129488524E+09
-0.85465063311973E+09
-0.85466997215197E+09
-0.85468930999923E+09
-0.85470869672245E+09
-0.85472816541102E+09
-0.85474763244636E+09
-0.85476553350041E+09
-0.85478510589903E+09
-0.85479780359773E+09
-0.85481807190407E+09
-0.85483835150714E+09
-0.85485864517413E+09
-0.85487895337719E+09
-0.85489925802504E+09
-0.85491952446387E+09
-0.85493907658831E+09
-0.85495868712632E+09
-0.85497835247490E+09
-0.85499807108208E+09
-0.85501784172710E+09
-0.85502759400460E+09
-0.85504711962060E+09
-0.85506660365458E+09
-0.85508616681127E+09
-0.85510578937922E+09
-0.85512550751401E+09
-0.85514526522846E+09
-0.85516509587086E+09
-0.85519183866075E+09
-0.85521169369812E+09
-0.85523179717190E+09
-0.85525195403149E+09
-0.85527211606093E+09
-0.85529228326364E+09
-0.85531245760043E+09
-0.85533264174621E+09
-0.85535282741295E+09
-0.85537301437091E+09
-0.85539320607488E+09
-0.85541340689581E+09
-0.85543364823641E+09
-0.85545437590628E+09
-0.85547453274444E+09
-0.85549467963549E+09
-0.85551483065492E+09
-0.85553513504830E+09
-0.85555543752101E+09
-0.85557176427045E+09
-0.85559189342201E+09
-0.85561163390342E+09
-0.85563218258611E+09
-0.85565225199375E+09
-0.85567232770777E+09
-0.85569233283918E+09
-0.85571252304428E+09
-0.85573271794692E+09
-0.85575291851951E+09
-0.85577312169115E+09
-0.85579332764969E+09
-0.85580429271790E+09
-0.85582413131064E+09
-0.85584407604806E+09
-0.85586402599627E+09
-0.85588398425636E+09
-0.85590394661545E+09
-0.85592391357737E+09
-0.85594388641774E+09
-0.85596386335341E+09
-0.85598384398736E+09
-0.85600382644644E+09
-0.85602380965351E+09
-0.85604381829870E+09
-0.85606380951992E+09
-0.85608378661890E+09
-0.85610375731614E+09
-0.85612388801069E+09
-0.85614370843586E+09
-0.85616370927140E+09
-0.85618382270995E+09
-0.85620402552507E+09
-0.85622421808127E+09
-0.85624451009093E+09
-0.85626474808894E+09
-0.83498930488882E+09
-0.83499073646172E+09
-0.83499446830028E+09
-0.83500045383242E+09
-0.83500867080856E+09
-0.83501913975981E+09
-0.83503182864905E+09
-0.83504675635439E+09
-0.83506387880750E+09
-0.83508313323547E+09
-0.83510470007419E+09
-0.83512845290072E+09
-0.83515440875626E+09
-0.83518263964522E+09
-0.83521307872528E+09
-0.83524584375545E+09
-0.83528090069919E+09
-0.83531812608141E+09
-0.83535751220844E+09
-0.83539936499579E+09
-0.83544342976594E+09
-0.83548992224539E+09
-0.83553864034516E+09
-0.83558975397867E+09
-0.83564321471698E+09
-0.83569903116240E+09
-0.83575726097994E+09
-0.83581793365728E+09
-0.83588118120599E+09
-0.83594669457693E+09
-0.83601471143714E+09
-0.83608520546478E+09
-0.83615835222470E+09
-0.83623388372327E+09
-0.83631206029819E+09
-0.83639278707400E+09
-0.83647635452924E+09
-0.83656235694534E+09
-0.83665149997248E+09
-0.83674287518309E+09
-0.83683713171735E+09
-0.83693475518613E+09
-0.83703543023118E+09
-0.83713998214041E+09
-0.83724907015554E+09
-0.83736426784609E+09
-0.83748481748206E+09
-0.83763764581535E+09
-0.83787073967815E+09
-0.83784174897636E+09
-0.83775634815587E+09
-0.83799076385810E+09
-0.83828622405231E+09
-0.83839915287937E+09
-0.83857526620904E+09
-0.83857364242055E+09
-0.83872342877879E+09
-0.83904926236426E+09
-0.83917738482923E+09
-0.83933620898950E+09
-0.83952785776786E+09
-0.83970549227314E+09
-0.83991660733841E+09
-0.84015903313437E+09
-0.84045608183622E+09
-0.84085990114708E+09
-0.84123517642353E+09
-0.84107499019761E+09
-0.84141339897596E+09
-0.84150990031330E+09
-0.84121891275848E+09
-0.84431269321167E+09
-0.84327024005234E+09
-0.83575722911205E+09
-0.84418029699531E+09
-0.83702398590465E+09
-0.84344563211073E+09
-0.83531271874393E+09
-0.84844411453174E+09
-0.84417735271826E+09
-0.84884397063370E+09
-0.84583295788555E+09
-0.84280702211400E+09
-0.84272045618150E+09
-0.84360565033440E+09
-0.84355026041436E+09
-0.84342088422464E+09
-0.84321716034069E+09
-0.84421118595478E+09
-0.84448257303074E+09
-0.84388259397137E+09
-0.84331729379609E+09
-0.84512116729848E+09
-0.84454416125281E+09
-0.84417491845973E+09
-0.84281676660027E+09
-0.84534653348915E+09
-0.84466608980271E+09
-0.84475581661785E+09
-0.84556597924401E+09
-0.84507378747438E+09
-0.84533889307413E+09
-0.84578526496160E+09
-0.84636179037091E+09
-0.84580335264403E+09
-0.84631589878059E+09
-0.84620214419211E+09
-0.84590431087637E+09
-0.84664778557134E+09
-0.84686734168793E+09
-0.84678013739008E+09
-0.84689350728953E+09
-0.84600020235952E+09
-0.84766759980841E+09
-0.84649838432513E+09
-0.84749353100456E+09
-0.84812598745919E+09
-0.84711022599147E+09
-0.84754327355084E+09
-0.84723753546360E+09
-0.84752977351131E+09
-0.84804469188785E+09
-0.84791538835331E+09
-0.84784876014545E+09
-0.84853695630725E+09
-0.84931423922541E+09
-0.84938712710419E+09
-0.84962801286176E+09
-0.84844762800758E+09
-0.84936129516310E+09
-0.84911346042218E+09
-0.84938799740453E+09
-0.84929351227491E+09
-0.84957034430364E+09
-0.85027973352076E+09
-0.85038824373420E+09
-0.85051834591614E+09
-0.85054390382049E+09
-0.85059446121838E+09
-0.85128166379164E+09
-0.85093488068476E+09
-0.85146251239535E+09
-0.85093062054535E+09
-0.85135665362994E+09
-0.85105805526709E+09
-0.85125827434886E+09
-0.85130030711396E+09
-0.85179823064495E+09
-0.85129718102946E+09
-0.85177150290173E+09
-0.85159685605479E+09
-0.85236433141681E+09
-0.85116735841926E+09
-0.85191587693467E+09
-0.85268427248905E+09
-0.85219001312283E+09
-0.85186833060860E+09
-0.85334150140608E+09
-0.85289452655301E+09
-0.85283813305878E+09
-0.85287016017554E+09
-0.85315683003289E+09
-0.85297487643740E+09
-0.85450989214800E+09
-0.85418214416561E+09
-0.85375303575349E+09
-0.85413989662839E+09
-0.85487836866921E+09
-0.85475921725345E+09
-0.85490139506575E+09
-0.85479185589176E+09
-0.85538116729346E+09
