 0.53966105134846E+04
 0.58707150633317E+05
 0.11071711797042E+06
 0.16131029704503E+06
 0.20962207719234E+06
 0.25594800291945E+06
 0.30010135556915E+06
 0.34126320120549E+06
 0.38003663904135E+06
 0.41574888196846E+06
 0.44837169131834E+06
 0.47693492758665E+06
 0.50366605237992E+06
 0.52543819809281E+06
 0.54265825587839E+06
 0.55596400236367E+06
 0.56592439111804E+06
 0.57109552355561E+06
 0.57222458184685E+06
 0.56750509011593E+06
 0.55798261884239E+06
 0.54366759044306E+06
 0.52374636594401E+06
 0.49909824850538E+06
 0.46748118809289E+06
 0.42753035936725E+06
 0.38805661929180E+06
 0.33404000908858E+06
 0.27979585362153E+06
 0.22005459493426E+06
 0.13158219917822E+05
-0.68046651424212E+05
-0.88913985724803E+05
-0.10812523596303E+06
-0.10847501529437E+06
-0.11756101475573E+06
-0.14161397674058E+06
-0.15629872937008E+06
-0.17230441695770E+06
-0.16039065268660E+06
-0.16600618020127E+06
-0.21295662116865E+06
-0.20911461437110E+06
-0.25725261256794E+06
-0.22750001569220E+06
-0.28436713727114E+06
-0.24960580488826E+06
-0.34606965704740E+06
-0.30441613285361E+06
-0.38219788154276E+06
-0.40071853899144E+06
-0.35484792521323E+06
-0.46082168031492E+06
-0.46742653557955E+06
-0.46500210314790E+06
-0.44970507553156E+06
-0.53660650842652E+06
-0.58308157407660E+06
-0.55344214522617E+06
-0.63429823976338E+06
-0.66035892752048E+06
-0.70689496153353E+06
-0.73561247085117E+06
-0.73430683147343E+06
-0.80289819512098E+06
-0.83846966085642E+06
-0.89585752977179E+06
-0.88522298925058E+06
-0.94490404019842E+06
-0.10132801850079E+07
-0.10417558084973E+07
-0.10940723723024E+07
-0.11252765034223E+07
-0.12030405300894E+07
-0.12193309841631E+07
-0.13219342579342E+07
-0.13091125315381E+07
-0.14405723150502E+07
-0.14453194639224E+07
-0.15259688227115E+07
-0.15005073573368E+07
-0.16126184163141E+07
-0.17246286665041E+07
-0.17224441546295E+07
-0.18680084968826E+07
-0.19054096025658E+07
-0.19790073644051E+07
-0.20490015602230E+07
-0.19664869900251E+07
-0.21744518739450E+07
-0.21647996331424E+07
-0.23675166961996E+07
-0.24441088561709E+07
-0.22685065827074E+07
-0.25789279033660E+07
-0.26336560222638E+07
-0.27396933609183E+07
-0.28066543643027E+07
-0.29050842974111E+07
-0.30022339444077E+07
-0.30846911481683E+07
-0.31088830961384E+07
-0.30863162575760E+07
-0.33470817566938E+07
-0.34797800317269E+07
-0.34870446838707E+07
-0.36742175186785E+07
-0.37510303201323E+07
-0.38840468231885E+07
-0.39461694527428E+07
-0.40788755272546E+07
-0.41421190831884E+07
-0.43040193675032E+07
-0.41914754068206E+07
-0.44525038453756E+07
-0.46053082223538E+07
-0.47350838388045E+07
-0.48233648062743E+07
-0.48008940101314E+07
-0.50699744653011E+07
-0.51904522339755E+07
-0.52009542933285E+07
-0.53539785551666E+07
-0.55039076659456E+07
-0.56457595128940E+07
-0.57895949140949E+07
-0.58390488725515E+07
-0.60039101546839E+07
-0.60982073313582E+07
-0.62537898681743E+07
-0.63727612105187E+07
-0.63600049907192E+07
-0.65211273087689E+07
-0.67052692604851E+07
-0.67526263840031E+07
-0.68106315455164E+07
-0.71080637017116E+07
-0.72576458559037E+07
-0.73213517899546E+07
-0.72365779038805E+07
-0.73121186753045E+07
-0.77239465216816E+07
-0.78242817889523E+07
-0.79366862728358E+07
-0.81020088059139E+07
-0.81290493633503E+07
-0.81859525017504E+07
-0.83579509182265E+07
-0.85820201275668E+07
-0.85155187092952E+07
-0.88254332469547E+07
-0.89296176493699E+07
-0.90496467905872E+07
-0.91376664762489E+07
-0.88258707354585E+07
-0.93376165268493E+07
-0.95603922081157E+07
-0.96683354362131E+07
-0.96850739530895E+07
-0.98947752187610E+07
-0.99417807418651E+07
-0.10042097735573E+08
-0.10253400769880E+08
-0.10271855866977E+08
-0.10078766010879E+08
-0.10570856936617E+08
-0.10611696017593E+08
-0.10840884488653E+08
-0.10913314468423E+08
-0.10989371944674E+08
-0.11009814694075E+08
-0.11200393772487E+08
-0.11367825419155E+08
-0.11502905049818E+08
-0.11471703536950E+08
-0.11708546168244E+08
-0.11828494234742E+08
-0.11802548791577E+08
-0.12038359110742E+08
-0.12076603880302E+08
-0.12257670461392E+08
-0.12023486164940E+08
-0.12167049851994E+08
-0.12314025104294E+08
-0.12588319344883E+08
-0.12428609081853E+08
-0.12845202020121E+08
-0.12984110558571E+08
-0.13065477836641E+08
-0.13153624641637E+08
-0.13259532903738E+08
-0.13291059155806E+08
-0.13451195474521E+08
-0.13617702087742E+08
-0.13694244524293E+08
-0.13800831711498E+08
-0.13858328121758E+08
-0.13957536145862E+08
-0.14084614018157E+08
-0.14195746345632E+08
-0.14279306096513E+08
