 0.11117147224107E+04
 0.11117198948321E+04
 0.11117198800418E+04
 0.11117198800418E+04
 0.11117198800418E+04
 0.11117198800418E+04
 0.11117198800418E+04
 0.11117198823785E+04
 0.11117207414189E+04
 0.11117183025152E+04
 0.11117183028995E+04
 0.11117183036211E+04
 0.11117183036211E+04
 0.11117183036211E+04
 0.11117183036211E+04
 0.11117183036211E+04
 0.11117183036211E+04
 0.11117183036211E+04
 0.11117183036211E+04
 0.11117183036211E+04
 0.11117183036211E+04
 0.11117183036211E+04
 0.11117183036211E+04
 0.11117183036211E+04
 0.11117183036211E+04
 0.11117183036211E+04
 0.11117183036211E+04
 0.11117183036211E+04
 0.11117183036211E+04
 0.11117183036211E+04
 0.11117183036211E+04
 0.11117183036211E+04
 0.11117183036211E+04
 0.11117183036211E+04
 0.11117183036211E+04
 0.11117183036211E+04
 0.11117183036211E+04
 0.11117183036211E+04
 0.11117183036211E+04
 0.11117183036211E+04
 0.11117183036211E+04
 0.11117183036446E+04
 0.11117183037542E+04
 0.11117183037343E+04
 0.11117183038512E+04
 0.11117183038387E+04
 0.11117183038076E+04
 0.11117183037779E+04
 0.11117183036544E+04
 0.11117183036237E+04
 0.11117183035863E+04
 0.11117183033936E+04
 0.11117183033550E+04
 0.11117183033384E+04
 0.11117183031384E+04
 0.11117183030608E+04
 0.11117183030416E+04
 0.11117183030374E+04
 0.11117183030452E+04
 0.11117183028033E+04
 0.11117183027778E+04
 0.11117183027920E+04
 0.11117183027897E+04
 0.11117183028078E+04
 0.11117183026619E+04
 0.11117183026102E+04
 0.11117183026430E+04
 0.11117183026250E+04
 0.11117183026413E+04
 0.11117183026722E+04
 0.11117183026913E+04
 0.11117183026232E+04
 0.11117183025525E+04
 0.11117183025622E+04
 0.11117183025942E+04
 0.11117183026359E+04
 0.11117183026821E+04
 0.11117183027005E+04
 0.11117183026962E+04
 0.11117183026205E+04
 0.11117183026213E+04
 0.11117183026200E+04
 0.11117183026510E+04
 0.11117183026841E+04
 0.11117183027217E+04
 0.11117183027624E+04
 0.11117183027887E+04
 0.11117183027756E+04
 0.11117183027912E+04
 0.11117183027734E+04
 0.11117183027981E+04
 0.11117183028340E+04
 0.11117183028355E+04
 0.11117183028426E+04
 0.11117183028593E+04
 0.11117183028838E+04
 0.11117183029108E+04
 0.11117183029398E+04
 0.11117183029702E+04
 0.11117183029999E+04
 0.11117183030048E+04
 0.11117183031714E+04
 0.11117183032197E+04
 0.11117183032164E+04
 0.11117183032484E+04
 0.11117183032772E+04
 0.11117183033137E+04
 0.11117183033282E+04
 0.11117183033610E+04
 0.11117183033857E+04
 0.11117183034085E+04
 0.11117183034298E+04
 0.11117183034492E+04
 0.11117183034604E+04
 0.11117183034810E+04
 0.11117183034826E+04
 0.11117183039759E+04
 0.11117183040961E+04
 0.11117183041829E+04
 0.11117183042507E+04
 0.11117183043025E+04
 0.11117183043425E+04
 0.11117183043838E+04
 0.11117183044114E+04
 0.11117183044345E+04
 0.11117183044543E+04
 0.11117183044716E+04
 0.11117183044873E+04
 0.11117183045016E+04
 0.11117183045148E+04
 0.11117183045167E+04
 0.11117183045290E+04
 0.11117183045417E+04
 0.11117183057391E+04
 0.11117183059872E+04
 0.11117183061789E+04
 0.11117183063263E+04
 0.11117183064394E+04
 0.11117183065260E+04
 0.11117183065921E+04
 0.11117183066426E+04
 0.11117183066751E+04
 0.11117183067034E+04
 0.11117183067255E+04
 0.11117183067429E+04
 0.11117183067627E+04
 0.11117183067684E+04
 0.11117183067781E+04
 0.11117183067863E+04
 0.11117183068014E+04
 0.11117183068064E+04
 0.11117183068107E+04
 0.11117183068140E+04
 0.11117183091328E+04
 0.11117183095684E+04
 0.11117183099158E+04
 0.11117183101879E+04
 0.11117183104019E+04
 0.11117183105713E+04
 0.11117183107045E+04
 0.11117183108087E+04
 0.11117183108899E+04
 0.11117183109525E+04
 0.11117183110004E+04
 0.11117183110366E+04
 0.11117183110635E+04
 0.11117183110832E+04
 0.11117183110972E+04
 0.11117183111065E+04
 0.11117183111121E+04
 0.11117183111149E+04
 0.11117183111153E+04
 0.11117183111134E+04
 0.11117183111100E+04
 0.11117183111058E+04
 0.11117183111009E+04
 0.11117183110918E+04
 0.11117183110840E+04
 0.11117183136543E+04
 0.11117183140924E+04
 0.11117183144506E+04
 0.11117183147416E+04
 0.11117183149764E+04
 0.11117183151641E+04
 0.11117183153126E+04
 0.11117183154284E+04
 0.11117183155170E+04
 0.11117183155829E+04
 0.11117183156302E+04
 0.11117183156618E+04
 0.11117183156833E+04
 0.11117183157112E+04
 0.11117183157313E+04
 0.11117183157448E+04
 0.11117183157530E+04
 0.11117183157566E+04
 0.11117183157566E+04
 0.11117183157530E+04
 0.11117183157466E+04
 0.11117183157354E+04
 0.11117183157215E+04
 0.11117183157053E+04
 0.11117183156867E+04
 0.11117183156653E+04
 0.11117183156651E+04
 0.11117183156449E+04
 0.11117183156230E+04
 0.11117183155993E+04
 0.11117183171640E+04
 0.11117183173908E+04
 0.11117183175752E+04
 0.11117183177234E+04
 0.11117183178405E+04
 0.11117183179312E+04
 0.11117183179993E+04
 0.11117183180479E+04
 0.11117183180800E+04
 0.11117183180980E+04
 0.11117183181039E+04
 0.11117183180996E+04
 0.11117183180863E+04
 0.11117183180656E+04
 0.11117183180385E+04
 0.11117183180058E+04
 0.11117183179686E+04
 0.11117183179273E+04
 0.11117183178829E+04
 0.11117183177816E+04
 0.11117183177238E+04
 0.11117183176632E+04
 0.11117183176008E+04
 0.11117183175391E+04
 0.11117183174791E+04
 0.11117183174221E+04
 0.11117183173713E+04
 0.11117183174331E+04
 0.11117183174073E+04
 0.11117183172905E+04
 0.11117183173231E+04
 0.11117183172475E+04
 0.11117183176454E+04
 0.11117183176439E+04
 0.11117183176272E+04
 0.11117183176393E+04
 0.11117183176795E+04
 0.11117183177065E+04
 0.11117183177221E+04
 0.11117183177271E+04
 0.11117183177230E+04
 0.11117183177102E+04
 0.11117183176894E+04
 0.11117183173090E+04
 0.11117183173171E+04
 0.11117183173189E+04
 0.11117183173134E+04
 0.11117183172979E+04
 0.11117183172611E+04
 0.11117183170218E+04
 0.11117183171538E+04
 0.11117183171652E+04
 0.11117183171314E+04
 0.11117183170869E+04
 0.11117183170291E+04
 0.11117183169634E+04
 0.11117183167011E+04
 0.11117183166595E+04
 0.11117183166233E+04
 0.11117183168209E+04
 0.11117183161329E+04
 0.11117183157586E+04
 0.11117183161153E+04
 0.11117183164532E+04
 0.11117183160058E+04
 0.11117183159608E+04
 0.11117183159106E+04
 0.11117183158577E+04
 0.11117183158041E+04
 0.11117183157494E+04
 0.11117183156908E+04
 0.11117183156264E+04
 0.11117183155553E+04
 0.11117183154780E+04
 0.11117183153941E+04
 0.11117183153044E+04
 0.11117183152076E+04
 0.11117183151029E+04
 0.11117183149870E+04
 0.11117183148533E+04
 0.11117183146857E+04
 0.11117183144458E+04
 0.11117183140239E+04
 0.11117183133896E+04
 0.11117183137540E+04
 0.11117183136328E+04
 0.11117183134419E+04
 0.11117183133507E+04
 0.11117183132912E+04
 0.11117183129775E+04
 0.11117183128047E+04
 0.11117183126404E+04
 0.11117183124753E+04
 0.11117183123114E+04
 0.11117183121569E+04
 0.11117183120139E+04
 0.11117183118844E+04
 0.11117183117720E+04
 0.11117183114485E+04
 0.11117183108125E+04
 0.11117183106232E+04
 0.11117183105616E+04
 0.11117183104988E+04
 0.11117183104350E+04
 0.11117183103697E+04
 0.11117183103020E+04
 0.11117183102317E+04
 0.11117183101592E+04
 0.11117183100834E+04
 0.11117183100043E+04
 0.11117183099219E+04
 0.11117183098359E+04
 0.11117183097464E+04
 0.11117183096530E+04
 0.11117183095552E+04
 0.11117183094533E+04
 0.11117183093473E+04
 0.11117183092365E+04
 0.11117183091208E+04
 0.11117183089998E+04
 0.11117183091217E+04
 0.11117183090167E+04
 0.11117183089069E+04
 0.11117183087920E+04
 0.11117183086718E+04
 0.11117183085454E+04
 0.11117183084130E+04
 0.11117183082735E+04
 0.11117183081199E+04
 0.11117183075664E+04
 0.11117183072709E+04
 0.11117183073989E+04
 0.11117183072070E+04
 0.11117183071205E+04
 0.11117183066551E+04
 0.11117183062157E+04
 0.11117183060534E+04
 0.11117183058920E+04
 0.11117183057302E+04
 0.11117183055670E+04
 0.11117183054002E+04
 0.11117183052211E+04
 0.11117183049977E+04
 0.11117183048775E+04
 0.11117183047448E+04
 0.11117183045866E+04
 0.11117183044260E+04
 0.11117183042638E+04
 0.11117183041934E+04
 0.11117183041278E+04
 0.11117183040489E+04
 0.11117183037157E+04
 0.11117183039433E+04
 0.11117183038747E+04
 0.11117183036205E+04
 0.11117183035794E+04
 0.11117183035349E+04
 0.11117183034931E+04
 0.11117183034516E+04
 0.11117183034043E+04
 0.11117183022158E+04
 0.11117183029297E+04
 0.11117183029135E+04
 0.11117183026741E+04
 0.11117183021290E+04
 0.11117183023271E+04
 0.11117183026463E+04
 0.11117183026328E+04
 0.11117183024170E+04
 0.11117183015311E+04
 0.11117183013411E+04
 0.11117183011444E+04
 0.11117183009345E+04
 0.11117183006989E+04
 0.11117183004499E+04
 0.11117183003889E+04
 0.11117183003450E+04
 0.11117183003229E+04
 0.11117183003293E+04
 0.11117183003421E+04
 0.11117183002784E+04
 0.11117183002182E+04
 0.11117183001549E+04
 0.11117183000919E+04
 0.11117183000413E+04
 0.11117182999980E+04
 0.11117182999492E+04
 0.11117182998557E+04
 0.11117182997967E+04
 0.11117182997901E+04
 0.11117182997362E+04
 0.11117182996833E+04
 0.11117182995584E+04
 0.11117182994965E+04
 0.11117182994336E+04
 0.11117182993699E+04
 0.11117182993113E+04
 0.11117182992434E+04
 0.11117182991751E+04
 0.11117182991067E+04
 0.11117182990404E+04
 0.11117182972370E+04
 0.11117182970100E+04
 0.11117182967928E+04
 0.11117182965857E+04
 0.11117182963913E+04
 0.11117182962056E+04
 0.11117182960275E+04
 0.11117182958714E+04
 0.11117182958047E+04
 0.11117182957432E+04
 0.11117182956870E+04
 0.11117182956343E+04
 0.11117182955862E+04
 0.11117182955705E+04
 0.11117182955246E+04
 0.11117182954820E+04
 0.11117182954417E+04
 0.11117182954030E+04
 0.11117182953654E+04
 0.11117182953286E+04
 0.11117182952939E+04
 0.11117182952596E+04
 0.11117182952258E+04
 0.11117182951922E+04
 0.11117182951589E+04
 0.11117182951249E+04
 0.11117182950908E+04
 0.11117182950568E+04
 0.11117182950221E+04
 0.11117182949878E+04
 0.11117182949529E+04
 0.11117182947073E+04
 0.11117182944636E+04
 0.11117182942336E+04
 0.11117182940144E+04
 0.11117182938072E+04
 0.11117182936093E+04
 0.11117182934210E+04
 0.11117182932429E+04
 0.11117182930738E+04
 0.11117182929115E+04
 0.11117182927560E+04
 0.11117182926466E+04
 0.11117182925975E+04
 0.11117182925542E+04
 0.11117182925145E+04
 0.11117182924789E+04
 0.11117182924477E+04
 0.11117182924174E+04
 0.11117182923908E+04
 0.11117182923678E+04
 0.11117182923461E+04
 0.11117182923261E+04
 0.11117182923074E+04
 0.11117182922908E+04
 0.11117182922741E+04
 0.11117182922596E+04
 0.11117182922452E+04
 0.11117182922304E+04
 0.11117182922159E+04
 0.11117182922026E+04
 0.11117182921884E+04
 0.11117182921740E+04
 0.11117182921608E+04
 0.11117182921455E+04
 0.11117182921367E+04
 0.11117182921276E+04
 0.11117182921190E+04
 0.11117182921092E+04
 0.11117182920978E+04
 0.11117182920869E+04
 0.11117182920743E+04
 0.11117182920079E+04
 0.11117182919760E+04
 0.11117182919439E+04
 0.11117182919129E+04
 0.11117182918810E+04
 0.11117182918498E+04
 0.11117182918193E+04
 0.11117182917898E+04
 0.11117182917900E+04
 0.11117182918356E+04
 0.11117182918773E+04
 0.11117182919179E+04
 0.11117182919560E+04
 0.11117182919901E+04
 0.11117182918442E+04
 0.11117182919079E+04
 0.11117182919633E+04
 0.11117182920185E+04
 0.11117182920709E+04
 0.11117182921105E+04
 0.11117182919933E+04
 0.11117182920601E+04
 0.11117182921172E+04
 0.11117182921654E+04
 0.11117182922170E+04
 0.11117182922694E+04
 0.11117182924069E+04
 0.11117182921962E+04
 0.11117182922478E+04
 0.11117182922800E+04
 0.11117182922634E+04
 0.11117182921824E+04
 0.11117182919648E+04
 0.11117182924279E+04
 0.11117182924234E+04
 0.11117182924748E+04
 0.11117182924096E+04
 0.11117182924948E+04
 0.11117182924969E+04
 0.11117182923732E+04
 0.11117182923748E+04
 0.11117182923420E+04
 0.11117182923134E+04
 0.11117182922899E+04
 0.11117182922707E+04
 0.11117182920353E+04
 0.11117182919871E+04
 0.11117182919991E+04
 0.11117182920334E+04
 0.11117182920670E+04
 0.11117182921002E+04
 0.11117182921248E+04
 0.11117182921555E+04
 0.11117182921887E+04
 0.11117182922175E+04
 0.11117182922451E+04
 0.11117182922725E+04
 0.11117182922968E+04
 0.11117182923209E+04
 0.11117182923428E+04
 0.11117182923620E+04
 0.11117182923814E+04
 0.11117182923994E+04
 0.11117182924148E+04
 0.11117182924304E+04
 0.11117182924438E+04
 0.11117182924562E+04
 0.11117182924679E+04
 0.11117182924797E+04
 0.11117182924908E+04
 0.11117182924997E+04
 0.11117182925096E+04
 0.11117182925186E+04
 0.11117182925285E+04
 0.11117182925383E+04
 0.11117182924812E+04
 0.11117182924749E+04
 0.11117182924700E+04
 0.11117182924649E+04
 0.11117182924614E+04
 0.11117182924573E+04
 0.11117182924560E+04
 0.11117182924580E+04
 0.11117182924615E+04
 0.11117182924730E+04
 0.11117182924967E+04
 0.11117182927115E+04
 0.11117182926945E+04
 0.11117182926865E+04
 0.11117182926811E+04
 0.11117182926889E+04
 0.11117182926981E+04
 0.11117182929067E+04
 0.11117182928816E+04
 0.11117182928604E+04
 0.11117182932887E+04
 0.11117182932131E+04
 0.11117182931694E+04
 0.11117182932803E+04
 0.11117182934006E+04
 0.11117182933901E+04
 0.11117182932777E+04
 0.11117182933120E+04
 0.11117182933224E+04
 0.11117182928229E+04
 0.11117182928535E+04
 0.11117182929338E+04
 0.11117182930069E+04
 0.11117182930046E+04
 0.11117182930109E+04
 0.11117182930320E+04
 0.11117182930615E+04
 0.11117182930659E+04
 0.11117182930594E+04
 0.11117182930614E+04
 0.11117182930620E+04
 0.11117182930669E+04
 0.11117182930701E+04
 0.11117182930641E+04
 0.11117182930611E+04
 0.11117182930577E+04
 0.11117182930526E+04
 0.11117182930482E+04
 0.11117182929864E+04
 0.11117182929742E+04
 0.11117182929499E+04
 0.11117182929361E+04
 0.11117182929894E+04
 0.11117182930424E+04
 0.11117182930973E+04
 0.11117182931491E+04
 0.11117182932074E+04
 0.11117182932622E+04
 0.11117182933157E+04
 0.11117182933641E+04
 0.11117182934064E+04
 0.11117182934476E+04
 0.11117182934834E+04
 0.11117182935141E+04
 0.11117182936554E+04
 0.11117182936914E+04
 0.11117182937341E+04
 0.11117182937756E+04
 0.11117182938106E+04
 0.11117182938435E+04
 0.11117182938728E+04
 0.11117182938957E+04
 0.11117182939179E+04
 0.11117182938162E+04
 0.11117182938690E+04
 0.11117182939130E+04
 0.11117182939511E+04
 0.11117182939850E+04
 0.11117182940152E+04
 0.11117182939804E+04
 0.11117182940284E+04
 0.11117182938923E+04
 0.11117182939058E+04
 0.11117182939149E+04
 0.11117182939280E+04
 0.11117182939364E+04
 0.11117182939458E+04
 0.11117182939541E+04
 0.11117182939643E+04
 0.11117182939502E+04
 0.11117182939655E+04
 0.11117182939801E+04
 0.11117182939916E+04
 0.11117182940038E+04
 0.11117182940086E+04
 0.11117182940236E+04
 0.11117182940407E+04
 0.11117182940541E+04
 0.11117182940713E+04
 0.11117182940889E+04
 0.11117182941133E+04
 0.11117182941499E+04
 0.11117182942224E+04
 0.11117182944723E+04
 0.11117182942735E+04
 0.11117182943864E+04
 0.11117182943699E+04
 0.11117182943739E+04
 0.11117182944189E+04
 0.11117182944724E+04
 0.11117182945220E+04
 0.11117182945670E+04
 0.11117182947563E+04
 0.11117182948220E+04
 0.11117182948645E+04
 0.11117182949030E+04
 0.11117182949397E+04
 0.11117182949723E+04
 0.11117182950091E+04
 0.11117182950447E+04
 0.11117182950773E+04
 0.11117182951075E+04
 0.11117182951297E+04
 0.11117182952024E+04
 0.11117182952455E+04
 0.11117182952915E+04
 0.11117182953340E+04
 0.11117182953753E+04
 0.11117182954180E+04
 0.11117182954422E+04
 0.11117182950853E+04
 0.11117182950858E+04
 0.11117182950897E+04
 0.11117182950931E+04
 0.11117182950903E+04
 0.11117182950904E+04
 0.11117182950920E+04
 0.11117182950964E+04
 0.11117182951064E+04
 0.11117182951167E+04
 0.11117182951287E+04
 0.11117182951404E+04
 0.11117182951631E+04
 0.11117182951921E+04
 0.11117182954490E+04
 0.11117182954792E+04
 0.11117182955048E+04
 0.11117182955337E+04
 0.11117182955591E+04
 0.11117182955844E+04
 0.11117182956075E+04
 0.11117182956334E+04
 0.11117182956573E+04
 0.11117182956846E+04
 0.11117182956601E+04
 0.11117182956946E+04
 0.11117182957245E+04
 0.11117182957470E+04
 0.11117182957233E+04
 0.11117182957516E+04
 0.11117182957730E+04
 0.11117182957676E+04
 0.11117182957199E+04
 0.11117182955608E+04
 0.11117182955672E+04
 0.11117182955906E+04
 0.11117182956366E+04
 0.11117182956835E+04
 0.11117182957295E+04
 0.11117182957873E+04
 0.11117182958358E+04
 0.11117182958794E+04
 0.11117182959206E+04
 0.11117182959635E+04
 0.11117182960026E+04
 0.11117182960457E+04
 0.11117182960866E+04
 0.11117182961312E+04
 0.11117182958793E+04
 0.11117182959057E+04
 0.11117182959264E+04
 0.11117182959447E+04
 0.11117182959731E+04
 0.11117182960015E+04
 0.11117182960242E+04
 0.11117182960565E+04
 0.11117182960840E+04
 0.11117182961144E+04
 0.11117182961467E+04
 0.11117182961870E+04
 0.11117182962190E+04
 0.11117182963005E+04
 0.11117182963428E+04
 0.11117182963844E+04
 0.11117182964330E+04
 0.11117182964816E+04
 0.11117182965332E+04
 0.11117182965850E+04
 0.11117182966413E+04
 0.11117182967021E+04
 0.11117182967560E+04
 0.11117182968189E+04
 0.11117182968841E+04
 0.11117182969476E+04
 0.11117182970173E+04
 0.11117182970823E+04
 0.11117182970153E+04
 0.11117182970931E+04
 0.11117182971764E+04
 0.11117182972626E+04
 0.11117182973516E+04
 0.11117182974378E+04
 0.11117182975188E+04
 0.11117182975078E+04
 0.11117182976016E+04
 0.11117182976690E+04
 0.11117182977148E+04
 0.11117182978029E+04
 0.11117182979399E+04
 0.11117182985324E+04
 0.11117182973435E+04
 0.11117182974440E+04
 0.11117182972474E+04
 0.11117182973099E+04
 0.11117182973775E+04
 0.11117206642745E+04
 0.11117206640481E+04
 0.11117206641177E+04
 0.11117206631438E+04
 0.11117206653397E+04
 0.11117206671185E+04
 0.11117206644870E+04
 0.11117206648151E+04
 0.11117206646953E+04
 0.11117206645040E+04
 0.11117206644927E+04
 0.11117206646142E+04
 0.11117206647162E+04
 0.11117206648232E+04
 0.11117206649275E+04
 0.11117206650341E+04
 0.11117206661488E+04
 0.11117206658611E+04
 0.11117206658264E+04
 0.11117206658023E+04
 0.11117206657851E+04
 0.11117206657802E+04
 0.11117206657811E+04
 0.11117206657914E+04
 0.11117206658176E+04
 0.11117206658521E+04
 0.11117206658929E+04
 0.11117206659552E+04
 0.11117206660064E+04
 0.11117206657440E+04
 0.11117206655156E+04
 0.11117206652701E+04
 0.11117206650187E+04
 0.11117206648004E+04
 0.11117206646205E+04
 0.11117206644675E+04
 0.11117206643299E+04
 0.11117206642130E+04
 0.11117206649785E+04
 0.11117206647063E+04
 0.11117206644849E+04
 0.11117206642993E+04
 0.11117206641496E+04
 0.11117206640311E+04
 0.11117206639384E+04
 0.11117206638684E+04
 0.11117206638187E+04
 0.11117206637733E+04
 0.11117206637376E+04
 0.11117206638449E+04
 0.11117206630464E+04
 0.11117206630415E+04
 0.11117206630345E+04
 0.11117206630390E+04
 0.11117206630400E+04
 0.11117206630469E+04
 0.11117206630474E+04
 0.11117206630620E+04
 0.11117206630302E+04
 0.11117206630083E+04
 0.11117206630344E+04
 0.11117206630485E+04
 0.11117206630443E+04
 0.11117206629306E+04
 0.11117204340469E+04
 0.11117204340332E+04
 0.11117204340444E+04
 0.11117204342457E+04
 0.11117204346504E+04
 0.11117204356321E+04
 0.11117204387729E+04
 0.11117204363664E+04
 0.11117204363429E+04
 0.11117204364485E+04
 0.11117204386377E+04
 0.11117204382842E+04
 0.11117204363300E+04
 0.11117204360324E+04
 0.11117204357700E+04
 0.11117204349769E+04
 0.11117204348515E+04
 0.11117204347345E+04
 0.11117204346240E+04
 0.11117204345372E+04
 0.11117204344438E+04
 0.11117204343756E+04
 0.11117204343138E+04
 0.11117204342530E+04
 0.11117204342046E+04
 0.11117204341749E+04
 0.11117204341340E+04
 0.11117204341100E+04
 0.11117204340865E+04
 0.11117204340715E+04
 0.11117204340925E+04
 0.11117204341126E+04
 0.11117193704838E+04
 0.11117193705032E+04
 0.11117193705258E+04
 0.11117193705446E+04
 0.11117193705829E+04
 0.11117193706106E+04
 0.11117193706395E+04
 0.11117193706602E+04
 0.11117193706982E+04
 0.11117193707277E+04
 0.11117193707652E+04
 0.11117193708016E+04
 0.11117193708202E+04
 0.11117193708734E+04
 0.11117193708957E+04
 0.11117193709215E+04
 0.11117193709395E+04
 0.11117193710015E+04
 0.11117193710675E+04
 0.11117193711503E+04
 0.11117193712247E+04
 0.11117193712958E+04
 0.11117193713351E+04
 0.11117193712984E+04
 0.11117193712382E+04
 0.11117193711860E+04
 0.11117193711932E+04
 0.11117193709694E+04
 0.11117193710360E+04
 0.11117193710279E+04
 0.11117193709674E+04
 0.11117193708103E+04
 0.11117193705070E+04
 0.11117193709680E+04
 0.11117193705801E+04
 0.11117193706115E+04
 0.11117193705500E+04
 0.11117193704798E+04
 0.11117193704280E+04
 0.11117193703632E+04
 0.11117193704850E+04
 0.11117193705332E+04
 0.11117193705696E+04
 0.11117193706290E+04
 0.11117193701094E+04
 0.11117193701163E+04
 0.11117193701690E+04
 0.11117193702089E+04
 0.11117193704570E+04
 0.11117193705517E+04
 0.11117193706109E+04
 0.11117193706941E+04
 0.11117193707674E+04
 0.11117193708514E+04
 0.11117193709357E+04
 0.11117193710223E+04
 0.11117193711038E+04
 0.11117193711825E+04
 0.11117193712807E+04
 0.11117193713721E+04
 0.11117193714938E+04
 0.11117193716383E+04
 0.11117193717702E+04
 0.11117193719185E+04
 0.11117193720598E+04
 0.11117193722300E+04
 0.11117193732398E+04
 0.11117193727967E+04
 0.11117193724194E+04
 0.11117193721007E+04
 0.11117193718399E+04
 0.11117193715936E+04
 0.11117193714006E+04
 0.11117193712025E+04
 0.11117193710459E+04
 0.11117193709098E+04
 0.11117193707953E+04
 0.11117193706776E+04
 0.11117193705864E+04
 0.11117193705317E+04
 0.11117193704826E+04
 0.11117193704593E+04
 0.11117193704453E+04
 0.11117193704416E+04
 0.11117193704484E+04
 0.11117193704540E+04
 0.11117193705540E+04
 0.11117193709263E+04
 0.11117193692687E+04
 0.11117193691947E+04
 0.11117193691044E+04
 0.11117193690719E+04
 0.11117193690812E+04
 0.11117193690607E+04
 0.11117193691023E+04
 0.11117193690692E+04
 0.11117193690866E+04
 0.11117193690522E+04
 0.11117193692845E+04
 0.11117193692370E+04
 0.11117240023988E+04
 0.11117240024401E+04
 0.11117240024815E+04
 0.11117240025272E+04
 0.11117240025701E+04
 0.11117240025953E+04
 0.11117240026378E+04
 0.11117240020538E+04
 0.11117240020239E+04
 0.11117240020056E+04
 0.11117240020172E+04
 0.11117240020379E+04
 0.11117240020384E+04
 0.11117240020320E+04
 0.11117240019716E+04
 0.11117240019613E+04
 0.11117240019188E+04
 0.11117240019407E+04
 0.11117240019777E+04
 0.11117240019925E+04
 0.11117240020188E+04
 0.11117240020202E+04
 0.11117240020087E+04
 0.11117240020088E+04
 0.11117240019593E+04
 0.11117240019298E+04
 0.11117240019317E+04
 0.11117240019801E+04
 0.11117240017628E+04
 0.11117240018200E+04
 0.11117240018389E+04
 0.11117240018528E+04
 0.11117240020656E+04
 0.11117240020867E+04
 0.11117240020928E+04
 0.11117240021730E+04
 0.11117240022414E+04
 0.11117240023295E+04
 0.11117240024233E+04
 0.11117240025139E+04
 0.11117240026077E+04
 0.11117240026574E+04
 0.11117240028213E+04
 0.11117240028771E+04
 0.11117240030442E+04
 0.11117240030931E+04
 0.11117240032309E+04
 0.11117240034857E+04
 0.11117240036572E+04
 0.11117240037697E+04
 0.11117240039571E+04
 0.11117240040873E+04
 0.11117240042999E+04
 0.11117240044737E+04
 0.11117240046701E+04
 0.11117240053169E+04
 0.11117240048727E+04
 0.11117205080144E+04
 0.11117205077426E+04
 0.11117205076151E+04
 0.11117205074123E+04
 0.11117205073136E+04
 0.11117205071993E+04
 0.11117205070368E+04
 0.11117205071046E+04
 0.11117205070597E+04
 0.11117205068414E+04
 0.11117205069030E+04
 0.11117205069183E+04
 0.11117205068877E+04
 0.11117205069005E+04
 0.11117205068294E+04
 0.11117176670177E+04
 0.11117176670229E+04
 0.11117176672942E+04
 0.11117176672820E+04
 0.11117176673232E+04
 0.11117176672665E+04
 0.11117176672257E+04
 0.11117219023494E+04
 0.11117219024160E+04
 0.11117219025136E+04
 0.11117219026435E+04
 0.11117219026701E+04
 0.11117219027463E+04
 0.11117219029176E+04
 0.11117219029808E+04
 0.11117219030636E+04
 0.11117219031137E+04
 0.11117219031772E+04
 0.11117219033287E+04
 0.11117219034756E+04
 0.11117219034798E+04
 0.11117219036216E+04
 0.11117219037530E+04
 0.11117219038257E+04
 0.11117219038629E+04
 0.11117219039820E+04
 0.11117219041484E+04
 0.11117219042029E+04
 0.11117219043067E+04
 0.11117219043834E+04
 0.11117219043798E+04
 0.11117219042296E+04
 0.11117219043554E+04
 0.11117219043155E+04
 0.11117219043022E+04
 0.11117219043105E+04
 0.11117219042595E+04
 0.11117219041170E+04
 0.11117219040957E+04
 0.11117219040294E+04
 0.11117219038723E+04
 0.11117219038110E+04
 0.11117219038744E+04
 0.11117219038857E+04
 0.11117219038012E+04
 0.11117219039072E+04
 0.11117219039197E+04
 0.11117219040365E+04
 0.11117219040130E+04
 0.11117182449267E+04
 0.11117182450660E+04
 0.11117182450757E+04
 0.11117182452344E+04
 0.11117182452951E+04
 0.11117182453970E+04
 0.11117182452959E+04
 0.11117182454406E+04
 0.11117182454493E+04
 0.11117182456516E+04
 0.11117182457106E+04
 0.11117182458823E+04
 0.11117182459690E+04
 0.11117182461058E+04
 0.11117182461942E+04
 0.11117182463409E+04
 0.11117182463854E+04
 0.11117182465773E+04
 0.11117182466059E+04
 0.11117182467515E+04
 0.11117182468562E+04
 0.11117182470273E+04
 0.11117182471263E+04
 0.11117182472655E+04
 0.11117182474134E+04
 0.11117182476290E+04
 0.11117182477072E+04
 0.11117182478998E+04
 0.11117182506264E+04
 0.11117182487580E+04
 0.11117182484997E+04
 0.11117182482433E+04
 0.11117182479851E+04
 0.11117182478241E+04
 0.11117182476995E+04
 0.11117182475569E+04
 0.11117182474083E+04
 0.11117182474301E+04
 0.11117182475659E+04
 0.11117182478556E+04
 0.11117182481459E+04
 0.11117240073211E+04
 0.11117240072859E+04
 0.11117240072295E+04
 0.11117240071798E+04
 0.11117240071978E+04
 0.11117240072331E+04
 0.11117240073199E+04
 0.11117240073599E+04
 0.11117240074376E+04
 0.11117240097182E+04
 0.11117240099483E+04
 0.11117240101980E+04
 0.11117240104707E+04
 0.11117240106097E+04
 0.11117240106659E+04
 0.11117240109069E+04
 0.11117240110796E+04
 0.11117240113504E+04
 0.11117240114380E+04
 0.11117240114650E+04
 0.11117240117462E+04
 0.11117240117970E+04
 0.11117240118610E+04
 0.11117240120153E+04
 0.11117240121719E+04
 0.11117240121474E+04
 0.11117240122462E+04
 0.11117240123842E+04
 0.11117236262866E+04
 0.11117236264937E+04
 0.11117236264556E+04
 0.11117236265974E+04
 0.11117236264639E+04
 0.11117236265636E+04
 0.11117236266535E+04
 0.11117236266510E+04
 0.11117236265840E+04
 0.11117236267591E+04
 0.11117236268246E+04
 0.11117236268546E+04
 0.11117236268321E+04
 0.11117236271199E+04
 0.11117236272567E+04
 0.11117236270636E+04
 0.11117236270807E+04
 0.11117236270764E+04
 0.11117236270378E+04
 0.11117236269453E+04
 0.11117236270638E+04
 0.11117236271708E+04
 0.11117236273197E+04
 0.11117236272092E+04
 0.11117236273934E+04
 0.11117236275418E+04
 0.11117236275161E+04
 0.11117236276110E+04
 0.11117236276196E+04
 0.11117236277726E+04
 0.11117236278607E+04
 0.11117236280103E+04
 0.11117236281840E+04
 0.11117236282449E+04
 0.11117236282616E+04
 0.11117236286108E+04
 0.11117236285110E+04
 0.11117236287670E+04
 0.11117236287319E+04
 0.11117236290596E+04
 0.11117236289661E+04
 0.11117236291556E+04
 0.11117236293960E+04
 0.11117236294622E+04
 0.11117236295680E+04
 0.11117236296460E+04
 0.11117236297997E+04
 0.11117236301885E+04
 0.11117236301590E+04
 0.11117236302912E+04
 0.11117236305250E+04
 0.11117236331907E+04
 0.11117236312834E+04
 0.11117236310027E+04
 0.11117236309712E+04
 0.11117236309123E+04
 0.11117236308053E+04
 0.11117236308194E+04
 0.11117236308639E+04
 0.11117236309834E+04
 0.11117236313362E+04
 0.11117236333306E+04
 0.11117236305739E+04
 0.11117236317768E+04
 0.11117236316701E+04
 0.11117236318815E+04
 0.11117236319524E+04
 0.11117236318413E+04
 0.11117236320701E+04
 0.11117236319757E+04
 0.11117236321130E+04
 0.11117236323241E+04
 0.11117236322584E+04
 0.11117236323903E+04
 0.11117236326590E+04
 0.11117236327032E+04
 0.11117236328045E+04
 0.11117236329668E+04
 0.11117236331152E+04
 0.11117236332390E+04
 0.11117236334211E+04
 0.11117236336449E+04
 0.11117236336411E+04
 0.11117236336496E+04
 0.11117236362806E+04
 0.11117236355074E+04
 0.11117236354592E+04
 0.11117236346191E+04
 0.11117236346478E+04
 0.11117236365783E+04
 0.11117236362130E+04
 0.11117236350110E+04
 0.11117236346510E+04
 0.11117236343349E+04
 0.11117236340986E+04
 0.11117236341609E+04
 0.11117236340233E+04
 0.11117236338722E+04
 0.11117236339120E+04
 0.11117236336700E+04
 0.11117236337524E+04
 0.11117236338229E+04
 0.11117236335684E+04
 0.11117236335291E+04
 0.11117236335814E+04
 0.11117236336455E+04
 0.11117236338391E+04
 0.11117236337930E+04
 0.11117236338812E+04
 0.11117236338735E+04
 0.11117236341084E+04
 0.11117236341599E+04
 0.11117236343259E+04
 0.11117236343851E+04
 0.11117236344351E+04
 0.11117236345666E+04
 0.11117236345319E+04
 0.11117236347259E+04
 0.11117236348139E+04
 0.11117236349500E+04
 0.11117236349734E+04
 0.11117236350528E+04
 0.11117236351360E+04
 0.11117236353345E+04
 0.11117236354041E+04
 0.11117236352545E+04
 0.11117236353488E+04
 0.11117236352028E+04
 0.11117236352144E+04
 0.11117236352299E+04
 0.11117236351133E+04
 0.11117236352187E+04
 0.11117236350567E+04
 0.11117236350047E+04
 0.11117236382903E+04
 0.11117236386748E+04
 0.11117236385140E+04
 0.11117236387730E+04
 0.11117236387181E+04
 0.11117236388181E+04
 0.11117236389871E+04
 0.11117236390400E+04
 0.11117236390828E+04
 0.11117236390853E+04
 0.11117236390598E+04
 0.11117236389508E+04
 0.11117236394291E+04
 0.11117236392781E+04
 0.11117236393778E+04
 0.11117236393515E+04
 0.11117236394952E+04
 0.11117236392077E+04
 0.11117236391186E+04
 0.11117236390322E+04
 0.11117236390951E+04
 0.11117236393094E+04
 0.11117236395533E+04
 0.11117236395068E+04
 0.11117236397263E+04
 0.11117236398482E+04
 0.11117236401369E+04
 0.11117236400954E+04
 0.11117236406994E+04
 0.11117236405893E+04
 0.11117236408028E+04
 0.11117236410080E+04
 0.11117236411233E+04
 0.11117236410128E+04
 0.11117236412452E+04
 0.11117236416233E+04
 0.11117236418319E+04
 0.11117236420172E+04
 0.11117236431783E+04
 0.11117236424945E+04
 0.11117236420605E+04
 0.11117236415436E+04
 0.11117236412232E+04
 0.11117236409386E+04
 0.11117236404888E+04
 0.11117236405087E+04
 0.11117236403241E+04
 0.11117236402087E+04
 0.11117236400543E+04
 0.11117236397781E+04
 0.11117236398885E+04
 0.11117236396857E+04
 0.11117236396286E+04
 0.11117236395175E+04
 0.11117226565139E+04
 0.11117226564301E+04
 0.11117226565555E+04
 0.11117226565674E+04
 0.11117226567101E+04
 0.11117226566353E+04
 0.11117226567006E+04
 0.11117226571038E+04
 0.11117226571484E+04
 0.11117226573993E+04
 0.11117226591599E+04
 0.11117226592555E+04
 0.11117226594542E+04
 0.11117226595287E+04
 0.11117226595347E+04
 0.11117226598366E+04
 0.11117226596488E+04
 0.11117223611761E+04
 0.11117223613889E+04
 0.11117223613437E+04
 0.11117223613282E+04
 0.11117223624813E+04
 0.11117223624584E+04
 0.11117223621692E+04
 0.11117223628762E+04
 0.11117223629042E+04
 0.11117225879069E+04
 0.11117225880355E+04
 0.11117225880929E+04
 0.11117225883391E+04
 0.11117225871396E+04
 0.11117225873549E+04
 0.11117225875159E+04
 0.11117225886496E+04
 0.11117225876056E+04
 0.11117225871434E+04
 0.11117225873053E+04
 0.11117225873370E+04
 0.11117225875419E+04
 0.11117225873147E+04
 0.11117225877408E+04
 0.11117225872578E+04
 0.11117225883602E+04
 0.11117225875525E+04
 0.11117225888507E+04
 0.11117225919118E+04
 0.11117225892091E+04
 0.11117225885814E+04
 0.11117225886041E+04
 0.11117225893656E+04
 0.11117225896754E+04
 0.11117225887934E+04
 0.11117225881653E+04
 0.11117225878054E+04
 0.11117225873546E+04
 0.11117225871938E+04
 0.11117225871101E+04
 0.11117225867286E+04
 0.11117225869346E+04
 0.11117225866985E+04
 0.11117225870051E+04
 0.11117225872315E+04
 0.11117225869530E+04
 0.11117225869535E+04
 0.11117225870048E+04
 0.11117225871362E+04
 0.11117225872103E+04
 0.11117225870672E+04
 0.11117225872596E+04
 0.11117225875392E+04
 0.11117225872953E+04
 0.11117225872159E+04
 0.11117225871216E+04
 0.11117225877082E+04
 0.11117225876012E+04
 0.11117225872912E+04
 0.11117225871470E+04
 0.11117225897159E+04
 0.11117225900799E+04
 0.11117225905139E+04
 0.11117225908530E+04
 0.11117225907075E+04
 0.11117225905389E+04
 0.11117225910594E+04
 0.11117225913191E+04
 0.11117225910870E+04
 0.11117225910243E+04
 0.11117225912439E+04
 0.11117225905710E+04
 0.11117225910427E+04
 0.11117225908205E+04
 0.11117225908690E+04
 0.11117225907989E+04
 0.11117225909230E+04
 0.11117225904843E+04
 0.11117225908820E+04
 0.11117225907850E+04
 0.11117225910193E+04
 0.11117225908904E+04
 0.11117216749644E+04
 0.11117166935230E+04
 0.11117166936231E+04
 0.11117213035682E+04
 0.11117213036523E+04
 0.11117213039651E+04
 0.11117213064445E+04
 0.11117213068991E+04
 0.11117213045919E+04
 0.11117213043073E+04
 0.11117213045272E+04
 0.11117213046603E+04
 0.11117213049597E+04
 0.11117213042962E+04
 0.11117213044629E+04
 0.11117213042974E+04
 0.11117213045171E+04
 0.11117174682177E+04
 0.11117174682396E+04
 0.11117174681635E+04
 0.11117174680003E+04
 0.11117174679630E+04
 0.11117174680196E+04
 0.11117174676388E+04
 0.11117174681064E+04
 0.11117174680677E+04
 0.11117174679846E+04
 0.11117174680688E+04
 0.11117174677786E+04
 0.11117174679670E+04
 0.11117174679695E+04
 0.11117174675390E+04
 0.11117174679897E+04
 0.11117174682575E+04
 0.11117174700169E+04
 0.11117174699379E+04
 0.11117174699422E+04
 0.11117174700459E+04
 0.11117174700032E+04
 0.11117174700507E+04
 0.11117174702763E+04
 0.11117189780546E+04
 0.11117189782702E+04
 0.11117189777413E+04
 0.11117189782770E+04
 0.11117189783056E+04
 0.11117189778015E+04
 0.11117189789153E+04
 0.11117189782400E+04
 0.11117183401179E+04
 0.11117183401090E+04
 0.11117183400472E+04
 0.11117183399859E+04
 0.11117183397910E+04
 0.11117183400115E+04
 0.11117183394064E+04
 0.11117183396447E+04
 0.11117183395443E+04
 0.11117183399567E+04
 0.11117183395939E+04
 0.11117183395502E+04
 0.11117183397566E+04
 0.11117190288004E+04
 0.11117190269725E+04
 0.11117190307035E+04
 0.11117190301809E+04
 0.11117190304405E+04
 0.11117190303956E+04
 0.11117190298503E+04
 0.11117190303101E+04
 0.11117190299723E+04
 0.11117190300693E+04
 0.11117190299742E+04
 0.11117190300554E+04
 0.11117190306076E+04
 0.11117190301794E+04
 0.11117190302782E+04
 0.11117190301539E+04
 0.11117190302610E+04
 0.11117190301802E+04
 0.11117190303132E+04
 0.11117190306824E+04
 0.11117190301604E+04
 0.11117190299666E+04
 0.11117190301033E+04
 0.11117190300086E+04
 0.11117190301664E+04
 0.11117190324368E+04
 0.11117190308702E+04
 0.11117190305981E+04
 0.11117190299798E+04
 0.11117190301985E+04
 0.11117190299705E+04
 0.11117190294319E+04
 0.11117190309349E+04
 0.11117190303874E+04
 0.11117190306577E+04
 0.11117190302776E+04
 0.11117190298917E+04
 0.11117190296700E+04
 0.11117190299625E+04
 0.11117190297904E+04
 0.11117190294454E+04
 0.11117190291039E+04
 0.11117190286408E+04
 0.11117190291249E+04
 0.11117190288670E+04
 0.11117190290252E+04
 0.11117190283967E+04
 0.11117190277473E+04
 0.11117190282433E+04
 0.11117190283598E+04
 0.11117190273735E+04
 0.11117190277685E+04
 0.11117190273160E+04
 0.11117190272073E+04
 0.11117190267877E+04
 0.11117190268313E+04
 0.11117190266016E+04
 0.11117190266163E+04
 0.11117190263225E+04
 0.11117190259088E+04
 0.11117190260840E+04
 0.11117190249140E+04
 0.11117190242599E+04
 0.11117190240850E+04
 0.11117190238162E+04
 0.11117256348540E+04
 0.11117256344547E+04
 0.11117256346924E+04
 0.11117256351890E+04
 0.11117256355484E+04
 0.11117231956761E+04
 0.11117231983359E+04
 0.11117231977141E+04
 0.11117231978946E+04
 0.11117231973276E+04
 0.11117231972047E+04
 0.11117231974237E+04
 0.11117231969350E+04
 0.11117231974926E+04
 0.11117231978854E+04
 0.11117231977797E+04
 0.11117231975138E+04
 0.11117231980190E+04
 0.11117231975558E+04
 0.11117231983089E+04
 0.11117231980013E+04
 0.11117231982787E+04
 0.11117231981001E+04
 0.11117231979285E+04
 0.11117231981051E+04
 0.11117231985227E+04
 0.11117231989441E+04
 0.11117231986616E+04
 0.11117216740485E+04
 0.11117216732594E+04
 0.11117216734205E+04
 0.11117216730722E+04
 0.11117216731534E+04
 0.11117216731878E+04
 0.11117216734650E+04
 0.11117216731983E+04
 0.11117216752539E+04
 0.11117216755035E+04
 0.11117216758753E+04
 0.11117216759510E+04
 0.11117216765102E+04
 0.11117216759099E+04
 0.11117216767361E+04
 0.11117216758354E+04
 0.11117216756709E+04
 0.11117216764446E+04
 0.11117228248625E+04
 0.11117228246220E+04
 0.11117228246703E+04
 0.11117228251885E+04
 0.11117228251756E+04
 0.11117228248117E+04
 0.11117228276570E+04
 0.11117228271868E+04
 0.11117228282971E+04
 0.11117228253145E+04
 0.11117228246065E+04
 0.11117228244599E+04
 0.11117228224741E+04
 0.11117228221754E+04
 0.11117228222501E+04
 0.11117228229070E+04
 0.11117228226169E+04
 0.11117228230909E+04
 0.11117228227860E+04
 0.11117228217710E+04
 0.11117228215959E+04
 0.11117228192336E+04
 0.11117228197818E+04
 0.11117228182483E+04
 0.11117228190021E+04
 0.11117228228707E+04
 0.11117228220166E+04
 0.11117228217328E+04
 0.11117228190192E+04
 0.11117228195918E+04
 0.11117228186136E+04
 0.11117228185882E+04
 0.11117228176821E+04
 0.11117228184096E+04
 0.11117228182525E+04
 0.11117228191629E+04
 0.11117228192700E+04
 0.11117228190163E+04
 0.11117228186986E+04
 0.11117228189435E+04
 0.11117228187153E+04
 0.11117228183140E+04
 0.11117228191650E+04
 0.11117228224894E+04
 0.11117228226429E+04
 0.11117228223246E+04
 0.11117228228871E+04
 0.11117228225582E+04
 0.11117228229604E+04
 0.11117228231030E+04
 0.11117228214395E+04
 0.11117228221740E+04
 0.11117228226268E+04
 0.11117228225108E+04
 0.11117228226295E+04
 0.11117228232270E+04
 0.11117228231011E+04
 0.11117228224315E+04
 0.11117228227620E+04
 0.11117228231972E+04
 0.11117228242814E+04
 0.11117228241115E+04
 0.11117228233663E+04
 0.11117228231636E+04
 0.11117228233820E+04
 0.11117228229851E+04
 0.11117228233639E+04
 0.11117228229756E+04
 0.11117228216919E+04
 0.11117228221197E+04
 0.11117228241146E+04
 0.11117228237210E+04
 0.11117228221316E+04
 0.11117228233139E+04
 0.11117228216021E+04
 0.11117228226155E+04
 0.11117228213110E+04
 0.11117228220632E+04
 0.11117228216243E+04
 0.11117228227388E+04
 0.11117228219100E+04
 0.11117228210260E+04
 0.11117228221912E+04
 0.11117228216270E+04
 0.11117228212414E+04
 0.11117228211186E+04
 0.11117228207245E+04
 0.11117228197631E+04
 0.11117228200215E+04
 0.11117228218453E+04
 0.11117228222263E+04
 0.11117228214164E+04
 0.11117228215963E+04
 0.11117228206204E+04
 0.11117228202694E+04
 0.11117190084429E+04
 0.11117190052427E+04
 0.11117190040204E+04
 0.11117190047915E+04
 0.11117190032727E+04
 0.11117190043699E+04
 0.11117190055053E+04
 0.11117190056136E+04
 0.11117190055387E+04
 0.11117190060190E+04
 0.11117190045228E+04
 0.11117190070658E+04
 0.11117190065288E+04
 0.11117190043397E+04
 0.11117190078114E+04
 0.11117190072670E+04
 0.11117190093294E+04
 0.11117190084557E+04
 0.11117190082931E+04
 0.11117190092042E+04
 0.11117190077300E+04
 0.11117190079514E+04
 0.11117190088348E+04
 0.11117190072989E+04
 0.11117190077865E+04
 0.11117190089081E+04
 0.11117190081052E+04
 0.11117190101388E+04
 0.11117190090910E+04
 0.11117190095785E+04
 0.11117190100627E+04
 0.11117190099185E+04
 0.11117190076376E+04
 0.11117190089016E+04
 0.11117190088783E+04
 0.11117190088793E+04
 0.11117190080411E+04
 0.11117190079376E+04
 0.11117190103122E+04
 0.11117190103032E+04
 0.11117231061254E+04
 0.11117175673102E+04
 0.11117175665784E+04
 0.11117175678852E+04
 0.11117175673660E+04
 0.11117175679510E+04
 0.11117206511003E+04
 0.11117206521013E+04
 0.11117206522092E+04
 0.11117206539924E+04
 0.11117206523627E+04
 0.11117206517223E+04
 0.11117206515808E+04
 0.11117206513215E+04
 0.11117206511766E+04
 0.11117206521589E+04
 0.11117206527849E+04
 0.11117206503198E+04
 0.11117206500085E+04
 0.11117238354211E+04
 0.11117238351676E+04
 0.11117238337883E+04
 0.11117238343985E+04
 0.11117140312438E+04
 0.11117224031071E+04
 0.11117195883473E+04
 0.11117195891050E+04
 0.11117195869218E+04
 0.11117209268327E+04
 0.11117194564806E+04
 0.11117180832924E+04
 0.11117180846087E+04
 0.11117180835659E+04
 0.11117180861190E+04
 0.11117180850991E+04
 0.11117180810823E+04
 0.11117180782309E+04
 0.11117180805810E+04
 0.11117180792574E+04
 0.11117180791919E+04
 0.11117180810519E+04
 0.11117180790903E+04
 0.11117180789643E+04
 0.11117180784584E+04
 0.11117180791994E+04
 0.11117180818667E+04
 0.11117180801086E+04
 0.11117180815440E+04
 0.11117180815544E+04
 0.11117180802396E+04
 0.11117180816864E+04
 0.11117180815567E+04
 0.11117180807923E+04
 0.11117180807638E+04
 0.11117180808277E+04
 0.11117180812070E+04
 0.11117180814735E+04
 0.11117180830848E+04
 0.11117180816660E+04
 0.11117180819184E+04
 0.11117180850306E+04
 0.11117180827104E+04
 0.11117180807248E+04
 0.11117180810575E+04
 0.11117180826121E+04
 0.11117180824312E+04
 0.11117180830536E+04
 0.11117180814722E+04
 0.11117180812440E+04
 0.11117180836191E+04
 0.11117180821647E+04
 0.11117180820051E+04
 0.11117180812591E+04
 0.11117180830231E+04
 0.11117180829784E+04
 0.11117180832737E+04
 0.11117180807985E+04
 0.11117180825850E+04
 0.11117180831430E+04
 0.11117180826780E+04
 0.11117180803613E+04
 0.11117180805971E+04
 0.11117180822338E+04
 0.11117180827940E+04
 0.11117180819970E+04
 0.11117180812345E+04
 0.11117180839793E+04
 0.11117180845074E+04
 0.11117180818941E+04
 0.11117180817428E+04
 0.11117180823095E+04
 0.11117180820298E+04
 0.11117180818497E+04
 0.11117180819141E+04
 0.11117180827269E+04
 0.11117180844075E+04
 0.11117180845560E+04
 0.11117180833760E+04
 0.11117180850095E+04
 0.11117180842412E+04
 0.11117180832749E+04
 0.11117180846946E+04
 0.11117180860522E+04
 0.11117180841714E+04
 0.11117180847278E+04
 0.11117180810817E+04
 0.11117180829783E+04
 0.11117180786761E+04
 0.11117180799989E+04
 0.11117180817576E+04
 0.11117180793351E+04
 0.11117180812127E+04
 0.11117180785067E+04
 0.11117180800917E+04
 0.11117180791154E+04
 0.11117180805424E+04
 0.11117180824906E+04
 0.11117180798109E+04
 0.11117180807367E+04
 0.11117180794294E+04
 0.11117180791557E+04
 0.11117180812008E+04
 0.11117180822668E+04
 0.11117180818926E+04
 0.11117180830062E+04
 0.11117180822139E+04
 0.11117180822380E+04
 0.11117180821808E+04
 0.11117180816593E+04
 0.11117180806483E+04
 0.11117180819757E+04
 0.11117180836708E+04
 0.11117180823309E+04
 0.11117180812479E+04
 0.11117180830417E+04
 0.11117180817720E+04
 0.11117180810022E+04
 0.11117180798150E+04
 0.11117180821113E+04
 0.11117180821406E+04
 0.11117180841746E+04
 0.11117180839948E+04
 0.11117180832184E+04
 0.11117180839112E+04
 0.11117180827698E+04
 0.11117180816231E+04
 0.11117180835199E+04
 0.11117180821784E+04
 0.11117180794288E+04
 0.11117180816761E+04
 0.11117180816311E+04
 0.11117180831683E+04
 0.11117180836079E+04
 0.11117180783404E+04
 0.11117180816627E+04
 0.11117180804195E+04
 0.11117180814239E+04
 0.11117212411009E+04
 0.11117212414121E+04
 0.11117212463776E+04
 0.11117212412991E+04
 0.11117212414557E+04
 0.11117212398249E+04
 0.11117212458545E+04
 0.11117212468117E+04
 0.11117208196393E+04
 0.11117208240890E+04
 0.11117208213768E+04
 0.11117208225158E+04
 0.11117208214218E+04
 0.11117208216738E+04
 0.11117208222055E+04
 0.11117208281659E+04
 0.11117208235790E+04
 0.11117208226050E+04
 0.11117208272428E+04
 0.11117208213214E+04
 0.11117208215191E+04
 0.11117208259134E+04
 0.11117208199038E+04
 0.11117208262092E+04
 0.11117208218078E+04
 0.11117208252641E+04
 0.11117208218174E+04
 0.11117208209596E+04
 0.11117208234756E+04
 0.11117208208173E+04
 0.11117208234007E+04
 0.11117208219377E+04
 0.11117208271526E+04
 0.11117208208756E+04
 0.11117208081939E+04
 0.11117208063917E+04
 0.11117208062942E+04
 0.11117208108049E+04
 0.11117208098885E+04
 0.11117208104285E+04
 0.11117221419798E+04
 0.11117221409149E+04
 0.11117221428867E+04
 0.11117221412728E+04
 0.11117221371602E+04
 0.11117221376679E+04
 0.11117221370530E+04
 0.11117221423058E+04
 0.11117221397689E+04
 0.11117221406705E+04
 0.11117221432007E+04
 0.11117202215742E+04
 0.11117202175033E+04
 0.11117202191331E+04
 0.11117202179876E+04
 0.11117202197172E+04
 0.11117202184601E+04
 0.11117202160526E+04
 0.11117202186697E+04
 0.11117200524176E+04
 0.11117200530684E+04
 0.11117200542623E+04
 0.11117200526043E+04
 0.11117200499762E+04
 0.11117200516160E+04
 0.11117200494978E+04
 0.11117200518908E+04
 0.11117200544364E+04
 0.11117200478921E+04
 0.11117200494351E+04
 0.11117200502669E+04
 0.11117200513906E+04
 0.11117200538526E+04
 0.11117200537914E+04
 0.11117200521770E+04
 0.11117200531616E+04
 0.11117200537721E+04
 0.11117200515266E+04
 0.11117200479457E+04
 0.11117205173489E+04
 0.11117205212898E+04
 0.11117205186249E+04
 0.11117164118900E+04
 0.11117149334315E+04
 0.11117141290117E+04
 0.11117139076656E+04
 0.11117145472651E+04
 0.11117145780559E+04
 0.11117142034258E+04
 0.11117145183140E+04
 0.11117140733744E+04
 0.11117144164705E+04
 0.11117141251043E+04
 0.11117138481019E+04
 0.11117143773893E+04
 0.11117146623936E+04
 0.11117147515569E+04
 0.11117143615327E+04
 0.11117138912511E+04
 0.11117147667431E+04
 0.11117143218065E+04
 0.11117148052500E+04
 0.11117140127794E+04
 0.11117151126136E+04
 0.11117149059271E+04
 0.11117146551169E+04
 0.11117149617713E+04
 0.11117149116912E+04
 0.11117147507372E+04
 0.11117131170534E+04
 0.11117130961390E+04
 0.11117233966036E+04
 0.11117166597776E+04
 0.11117166723264E+04
 0.11117166716929E+04
 0.11117166709554E+04
 0.11117166705882E+04
 0.11117166705644E+04
 0.11117166700717E+04
 0.11117166698057E+04
 0.11117166698458E+04
 0.11117166700111E+04
 0.11117166688115E+04
 0.11117166684487E+04
 0.11117166679348E+04
 0.11117166668322E+04
 0.11117166663914E+04
 0.11117166661171E+04
 0.11117166628707E+04
 0.11117166616150E+04
 0.11117166605334E+04
 0.11117166597580E+04
 0.11117166595022E+04
 0.11117166587893E+04
 0.11117166579619E+04
 0.11117166559817E+04
 0.11117166553775E+04
 0.11117166541801E+04
 0.11117166527619E+04
 0.11117166502870E+04
 0.11117166486994E+04
 0.11117166481687E+04
 0.11117166450816E+04
 0.11117166444117E+04
 0.11117166439564E+04
 0.11117166433615E+04
 0.11117166428004E+04
 0.11117166414535E+04
 0.11117223949718E+04
 0.11117223949041E+04
 0.11117223948129E+04
 0.11117223948021E+04
 0.11117223942455E+04
 0.11117223942827E+04
 0.11117223942483E+04
 0.11117223942519E+04
 0.11117223938698E+04
 0.11117223938924E+04
 0.11117223944621E+04
 0.11117223944687E+04
 0.11117223945919E+04
 0.11117189687738E+04
 0.11117189685380E+04
 0.11117189687958E+04
 0.11117189694502E+04
 0.11117189698263E+04
 0.11117189694964E+04
 0.11117219952758E+04
 0.11117219962066E+04
 0.11117219962820E+04
 0.11117219959230E+04
 0.11117219961891E+04
 0.11117219963099E+04
 0.11117219966541E+04
 0.11117219969828E+04
 0.11117219962361E+04
 0.11117219966785E+04
 0.11117219971172E+04
 0.11117226706448E+04
 0.11117226711108E+04
 0.11117226723185E+04
 0.11117190166798E+04
 0.11117190155636E+04
 0.11117190169287E+04
 0.11117190169031E+04
 0.11117190190576E+04
 0.11117219362208E+04
 0.11117219380243E+04
 0.11117220947862E+04
 0.11117220961966E+04
 0.11117220960067E+04
 0.11117220959026E+04
 0.11117220986241E+04
 0.11117220958187E+04
 0.11117220977860E+04
 0.11117220962483E+04
 0.11117220967539E+04
 0.11117219808241E+04
 0.11117219809038E+04
 0.11117219813771E+04
 0.11117177325014E+04
 0.11117177315168E+04
 0.11117177318206E+04
 0.11117177312213E+04
 0.11117177315365E+04
 0.11117177355000E+04
 0.11117177352173E+04
 0.11117177362856E+04
 0.11117177378698E+04
 0.11117177369696E+04
 0.11117189311836E+04
 0.11117189288897E+04
 0.11117189312092E+04
 0.11117189335799E+04
 0.11117189326304E+04
 0.11117189352525E+04
 0.11117189350144E+04
 0.11117189346277E+04
 0.11117189341292E+04
 0.11117189377621E+04
 0.11117189377222E+04
 0.11117189382396E+04
 0.11117189388106E+04
 0.11117189398397E+04
 0.11117189393233E+04
 0.11117189401326E+04
 0.11117189429578E+04
 0.11117189429813E+04
 0.11117189433337E+04
 0.11117189443026E+04
 0.11117189450955E+04
 0.11117189452173E+04
 0.11117189496820E+04
 0.11117177127056E+04
 0.11117177119357E+04
 0.11117177125763E+04
 0.11117177122857E+04
 0.11117177165281E+04
 0.11117234178421E+04
 0.11117234195247E+04
 0.11117234201859E+04
 0.11117234206689E+04
 0.11117234211506E+04
 0.11117190854577E+04
 0.11117190890336E+04
 0.11117190902162E+04
 0.11117190891273E+04
 0.11117241067430E+04
 0.11117241053523E+04
 0.11117241053507E+04
 0.11117241072551E+04
 0.11117241080139E+04
 0.11117241069783E+04
 0.11117241095328E+04
 0.11117176232606E+04
 0.11117176214906E+04
 0.11117176195076E+04
 0.11117213069818E+04
 0.11117202032269E+04
 0.11117201962441E+04
 0.11117201924024E+04
 0.11117201946934E+04
 0.11117180846893E+04
 0.11117180865701E+04
 0.11117180840784E+04
 0.11117213915036E+04
 0.11117213895567E+04
 0.11117184631344E+04
 0.11117184660399E+04
 0.11117184569928E+04
 0.11117184595884E+04
 0.11117184633713E+04
 0.11117184632087E+04
 0.11117184627847E+04
 0.11117184655664E+04
 0.11117184551308E+04
 0.11117184631863E+04
 0.11117190483476E+04
 0.11117190502920E+04
 0.11117190490120E+04
 0.11117190489480E+04
 0.11117190463045E+04
 0.11117190470932E+04
