 0.84037294476583E+09
 0.84037279745126E+09
 0.84037279753318E+09
 0.84037279753318E+09
 0.84037279753318E+09
 0.84037279753318E+09
 0.84037279753318E+09
 0.84037279753223E+09
 0.84037273812966E+09
 0.84037283886743E+09
 0.84037283886763E+09
 0.84037283886745E+09
 0.84037283886745E+09
 0.84037283886745E+09
 0.84037283886745E+09
 0.84037283886745E+09
 0.84037283886745E+09
 0.84037283886745E+09
 0.84037283886745E+09
 0.84037283886745E+09
 0.84037283886745E+09
 0.84037283886745E+09
 0.84037283886745E+09
 0.84037283886745E+09
 0.84037283886745E+09
 0.84037283886745E+09
 0.84037283886745E+09
 0.84037283886745E+09
 0.84037283886745E+09
 0.84037283886745E+09
 0.84037283886745E+09
 0.84037283886745E+09
 0.84037283886745E+09
 0.84037283886745E+09
 0.84037283886745E+09
 0.84037283886745E+09
 0.84037283886745E+09
 0.84037283886745E+09
 0.84037283886745E+09
 0.84037283886745E+09
 0.84037283886745E+09
 0.84037283886745E+09
 0.84037283886745E+09
 0.84037283886745E+09
 0.84037283886745E+09
 0.84037283886745E+09
 0.84037283886745E+09
 0.84037283886745E+09
 0.84037283886745E+09
 0.84037283886745E+09
 0.84037283886745E+09
 0.84037283886745E+09
 0.84037283886745E+09
 0.84037283886745E+09
 0.84037283886745E+09
 0.84037283886745E+09
 0.84037283886745E+09
 0.84037283886745E+09
 0.84037283886745E+09
 0.84037283886745E+09
 0.84037283886745E+09
 0.84037283886745E+09
 0.84037283886745E+09
 0.84037283886745E+09
 0.84037283886745E+09
 0.84037283886745E+09
 0.84037283886745E+09
 0.84037283886745E+09
 0.84037283886745E+09
 0.84037283886745E+09
 0.84037283886745E+09
 0.84037283886745E+09
 0.84037283886745E+09
 0.84037283886745E+09
 0.84037283886745E+09
 0.84037283886745E+09
 0.84037283886745E+09
 0.84037283886745E+09
 0.84037283886745E+09
 0.84037283886746E+09
 0.84037283886746E+09
 0.84037283886746E+09
 0.84037283886746E+09
 0.84037283886746E+09
 0.84037283886746E+09
 0.84037283886746E+09
 0.84037283886746E+09
 0.84037283886746E+09
 0.84037283886746E+09
 0.84037283886747E+09
 0.84037283886747E+09
 0.84037283886747E+09
 0.84037283886747E+09
 0.84037283886747E+09
 0.84037283886747E+09
 0.84037283886748E+09
 0.84037283886748E+09
 0.84037283886748E+09
 0.84037283886747E+09
 0.84037283886747E+09
 0.84037283886747E+09
 0.84037283886749E+09
 0.84037283886750E+09
 0.84037283886751E+09
 0.84037283886751E+09
 0.84037283886751E+09
 0.84037283886751E+09
 0.84037283886751E+09
 0.84037283886751E+09
 0.84037283886751E+09
 0.84037283886751E+09
 0.84037283886751E+09
 0.84037283886751E+09
 0.84037283886751E+09
 0.84037283886751E+09
 0.84037283886751E+09
 0.84037283886756E+09
 0.84037283886757E+09
 0.84037283886758E+09
 0.84037283886759E+09
 0.84037283886759E+09
 0.84037283886759E+09
 0.84037283886759E+09
 0.84037283886759E+09
 0.84037283886760E+09
 0.84037283886760E+09
 0.84037283886760E+09
 0.84037283886759E+09
 0.84037283886759E+09
 0.84037283886759E+09
 0.84037283886759E+09
 0.84037283886759E+09
 0.84037283886759E+09
 0.84037283886770E+09
 0.84037283886772E+09
 0.84037283886774E+09
 0.84037283886775E+09
 0.84037283886776E+09
 0.84037283886776E+09
 0.84037283886777E+09
 0.84037283886777E+09
 0.84037283886777E+09
 0.84037283886777E+09
 0.84037283886778E+09
 0.84037283886778E+09
 0.84037283886778E+09
 0.84037283886778E+09
 0.84037283886777E+09
 0.84037283886778E+09
 0.84037283886777E+09
 0.84037283886777E+09
 0.84037283886777E+09
 0.84037283886777E+09
 0.84037283886798E+09
 0.84037283886801E+09
 0.84037283886804E+09
 0.84037283886807E+09
 0.84037283886809E+09
 0.84037283886810E+09
 0.84037283886811E+09
 0.84037283886813E+09
 0.84037283886813E+09
 0.84037283886814E+09
 0.84037283886814E+09
 0.84037283886814E+09
 0.84037283886814E+09
 0.84037283886815E+09
 0.84037283886815E+09
 0.84037283886815E+09
 0.84037283886815E+09
 0.84037283886815E+09
 0.84037283886814E+09
 0.84037283886814E+09
 0.84037283886814E+09
 0.84037283886814E+09
 0.84037283886814E+09
 0.84037283886814E+09
 0.84037283886814E+09
 0.84037283886841E+09
 0.84037283886846E+09
 0.84037283886850E+09
 0.84037283886853E+09
 0.84037283886855E+09
 0.84037283886857E+09
 0.84037283886859E+09
 0.84037283886860E+09
 0.84037283886861E+09
 0.84037283886862E+09
 0.84037283886862E+09
 0.84037283886863E+09
 0.84037283886863E+09
 0.84037283886863E+09
 0.84037283886864E+09
 0.84037283886864E+09
 0.84037283886864E+09
 0.84037283886864E+09
 0.84037283886864E+09
 0.84037283886864E+09
 0.84037283886864E+09
 0.84037283886864E+09
 0.84037283886864E+09