 0.23134034558614E+03
 0.23134126003033E+03
 0.23134125838417E+03
 0.23134125838417E+03
 0.23134125838417E+03
 0.23134125838417E+03
 0.23134125838417E+03
 0.23134125927875E+03
 0.23134146375546E+03
 0.23134095168530E+03
 0.23134095138565E+03
 0.23134095161383E+03
 0.23134095161383E+03
 0.23134095161383E+03
 0.23134095161383E+03
 0.23134095161383E+03
 0.23134095161383E+03
 0.23134095161383E+03
 0.23134095161383E+03
 0.23134095161383E+03
 0.23134095161383E+03
 0.23134095161383E+03
 0.23134095161383E+03
 0.23134095161383E+03
 0.23134095161383E+03
 0.23134095161383E+03
 0.23134095161383E+03
 0.23134095161383E+03
 0.23134095161383E+03
 0.23134095161383E+03
 0.23134095161383E+03
 0.23134095161383E+03
 0.23134095161383E+03
 0.23134095161383E+03
 0.23134095161383E+03
 0.23134095161383E+03
 0.23134095161383E+03
 0.23134095161383E+03
 0.23134095161383E+03
 0.23134095161383E+03
 0.23134095161383E+03
 0.23134095160139E+03
 0.23134095154073E+03
 0.23134095155257E+03
 0.23134095155051E+03
 0.23134095157157E+03
 0.23134095164979E+03
 0.23134095166448E+03
 0.23134095175064E+03
 0.23134095176136E+03
 0.23134095176732E+03
 0.23134095180544E+03
 0.23134095180400E+03
 0.23134095179797E+03
 0.23134095176839E+03
 0.23134095175111E+03
 0.23134095174050E+03
 0.23134095171981E+03
 0.23134095171383E+03
 0.23134095163236E+03
 0.23134095159869E+03
 0.23134095157578E+03
 0.23134095157900E+03
 0.23134095156161E+03
 0.23134095148829E+03
 0.23134095145542E+03
 0.23134095142385E+03
 0.23134095143174E+03
 0.23134095142209E+03
 0.23134095141340E+03
 0.23134095141218E+03
 0.23134095134796E+03
 0.23134095134077E+03
 0.23134095132978E+03
 0.23134095132508E+03
 0.23134095132505E+03
 0.23134095132860E+03
 0.23134095133408E+03
 0.23134095133608E+03
 0.23134095131017E+03
 0.23134095130572E+03
 0.23134095130074E+03
 0.23134095130460E+03
 0.23134095131127E+03
 0.23134095132027E+03
 0.23134095133121E+03
 0.23134095133987E+03
 0.23134095133829E+03
 0.23134095134277E+03
 0.23134095133220E+03
 0.23134095133647E+03
 0.23134095134665E+03
 0.23134095134873E+03
 0.23134095135050E+03
 0.23134095135538E+03
 0.23134095136345E+03
 0.23134095137277E+03
 0.23134095138309E+03
 0.23134095139416E+03
 0.23134095140505E+03
 0.23134095140672E+03
 0.23134095142423E+03
 0.23134095142565E+03
 0.23134095141291E+03
 0.23134095141728E+03
 0.23134095142316E+03
 0.23134095143393E+03
 0.23134095143746E+03
 0.23134095144876E+03
 0.23134095145734E+03
 0.23134095146542E+03
 0.23134095147300E+03
 0.23134095147987E+03
 0.23134095148374E+03
 0.23134095149088E+03
 0.23134095149125E+03
 0.23134095148821E+03
 0.23134095149226E+03
 0.23134095149543E+03
 0.23134095149984E+03
 0.23134095150439E+03
 0.23134095150894E+03
 0.23134095151694E+03
 0.23134095152202E+03
 0.23134095152685E+03
 0.23134095153145E+03
 0.23134095153581E+03
 0.23134095153995E+03
 0.23134095154387E+03
 0.23134095154755E+03
 0.23134095154794E+03
 0.23134095155143E+03
 0.23134095155502E+03
 0.23134095156281E+03
 0.23134095156678E+03
 0.23134095157056E+03
 0.23134095157408E+03
 0.23134095157737E+03
 0.23134095158040E+03
 0.23134095158322E+03
 0.23134095158582E+03
 0.23134095158640E+03
 0.23134095158836E+03
 0.23134095159029E+03
 0.23134095159221E+03
 0.23134095159572E+03
 0.23134095159598E+03
 0.23134095159782E+03
 0.23134095159963E+03
 0.23134095160385E+03
 0.23134095160544E+03
 0.23134095160689E+03
 0.23134095160818E+03
 0.23134095164242E+03
 0.23134095164973E+03
 0.23134095165560E+03
 0.23134095165891E+03
 0.23134095166096E+03
 0.23134095166279E+03
 0.23134095166439E+03
 0.23134095166580E+03
 0.23134095166698E+03
 0.23134095166815E+03
 0.23134095166918E+03
 0.23134095167009E+03
 0.23134095167092E+03
 0.23134095167169E+03
 0.23134095167239E+03
 0.23134095167307E+03
 0.23134095167367E+03
 0.23134095167425E+03
 0.23134095167481E+03
 0.23134095167539E+03
 0.23134095167594E+03
 0.23134095167646E+03
 0.23134095167693E+03
 0.23134095167766E+03
 0.23134095167811E+03
 0.23134095171841E+03
 0.23134095172550E+03
 0.23134095173125E+03
 0.23134095173590E+03
 0.23134095173963E+03
 0.23134095174260E+03
 0.23134095174493E+03
 0.23134095174675E+03
 0.23134095174812E+03
 0.23134095174916E+03
 0.23134095174989E+03
 0.23134095175042E+03
 0.23134095175073E+03
 0.23134095175090E+03
 0.23134095175102E+03
 0.23134095175111E+03
 0.23134095175120E+03
 0.23134095175126E+03
 0.23134095175129E+03
 0.23134095175132E+03
 0.23134095175133E+03
 0.23134095175139E+03
 0.23134095175143E+03
 0.23134095175146E+03
 0.23134095175145E+03
 0.23134095175142E+03
 0.23134095175163E+03
 0.23134095175162E+03
 0.23134095175159E+03
 0.23134095175153E+03
 0.23134095177690E+03
 0.23134095178059E+03
 0.23134095178356E+03
 0.23134095178593E+03
 0.23134095178776E+03
 0.23134095178916E+03
 0.23134095179020E+03
 0.23134095179090E+03
 0.23134095179135E+03
 0.23134095179157E+03
 0.23134095179162E+03
 0.23134095179153E+03
 0.23134095179132E+03
 0.23134095179100E+03
 0.23134095179060E+03
 0.23134095179013E+03
 0.23134095178960E+03
 0.23134095178902E+03
 0.23134095178842E+03
 0.23134095178709E+03
 0.23134095178634E+03
 0.23134095178556E+03
 0.23134095178486E+03
 0.23134095178416E+03
 0.23134095178352E+03
 0.23134095178290E+03
 0.23134095178237E+03
 0.23134095178336E+03
 0.23134095178318E+03
 0.23134095178179E+03
 0.23134095178242E+03
 0.23134095178158E+03
 0.23134095178589E+03
 0.23134095178563E+03
 0.23134095178515E+03
 0.23134095178505E+03
 0.23134095178536E+03
 0.23134095178547E+03
 0.23134095178544E+03
 0.23134095178527E+03
 0.23134095178498E+03
 0.23134095178457E+03
 0.23134095178407E+03
 0.23134095177845E+03
 0.23134095177842E+03
 0.23134095177833E+03
 0.23134095177814E+03
 0.23134095177784E+03
 0.23134095177724E+03
 0.23134095177375E+03
 0.23134095177564E+03
 0.23134095177579E+03
 0.23134095177532E+03
 0.23134095177471E+03
 0.23134095177395E+03
 0.23134095177314E+03
 0.23134095176954E+03
 0.23134095176910E+03
 0.23134095176873E+03
 0.23134095177155E+03
 0.23134095176198E+03
 0.23134095175669E+03
 0.23134095176183E+03
 0.23134095176693E+03
 0.23134095175153E+03
 0.23134095174941E+03
 0.23134095174734E+03
 0.23134095174535E+03
 0.23134095174346E+03
 0.23134095174165E+03
 0.23134095173990E+03
 0.23134095173814E+03
 0.23134095173637E+03
 0.23134095173457E+03
 0.23134095173275E+03
 0.23134095173091E+03
 0.23134095172904E+03
 0.23134095172709E+03
 0.23134095172506E+03
 0.23134095172280E+03
 0.23134095172007E+03
 0.23134095171631E+03
 0.23134095170989E+03
 0.23134095170023E+03
 0.23134095170545E+03
 0.23134095170356E+03
 0.23134095170066E+03
 0.23134095169924E+03
 0.23134095169836E+03
 0.23134095169375E+03
 0.23134095169125E+03
 0.23134095168887E+03
 0.23134095168649E+03
 0.23134095168412E+03
 0.23134095168191E+03
 0.23134095167985E+03
 0.23134095167802E+03
 0.23134095167644E+03
 0.23134095167165E+03
 0.23134095163895E+03
 0.23134095163335E+03
 0.23134095162996E+03
 0.23134095162680E+03
 0.23134095162382E+03
 0.23134095162104E+03
 0.23134095161840E+03
 0.23134095161588E+03
 0.23134095161346E+03
 0.23134095161113E+03
 0.23134095160888E+03
 0.23134095160670E+03
 0.23134095160455E+03
 0.23134095160244E+03
 0.23134095160035E+03
 0.23134095159829E+03
 0.23134095159621E+03
 0.23134095159413E+03
 0.23134095159204E+03
 0.23134095158991E+03
 0.23134095158775E+03
 0.23134095158951E+03
 0.23134095158769E+03
 0.23134095158582E+03
 0.23134095158391E+03
 0.23134095158202E+03
 0.23134095158008E+03
 0.23134095157803E+03
 0.23134095157588E+03
 0.23134095157350E+03
 0.23134095156461E+03
 0.23134095155989E+03
 0.23134095156211E+03
 0.23134095155912E+03
 0.23134095155785E+03
 0.23134095151088E+03
 0.23134095149917E+03
 0.23134095149252E+03
 0.23134095148626E+03
 0.23134095148033E+03
 0.23134095147469E+03
 0.23134095146928E+03
 0.23134095146392E+03
 0.23134095145803E+03
 0.23134095145413E+03
 0.23134095145021E+03
 0.23134095144604E+03
 0.23134095144196E+03
 0.23134095143802E+03
 0.23134095143568E+03
 0.23134095143352E+03
 0.23134095143128E+03
 0.23134095142496E+03
 0.23134095142793E+03
 0.23134095142614E+03
 0.23134095142137E+03
 0.23134095142017E+03
 0.23134095141898E+03
 0.23134095141792E+03
 0.23134095141690E+03
 0.23134095141585E+03
 0.23134095139549E+03
 0.23134095140753E+03
 0.23134095140724E+03
 0.23134095140315E+03
 0.23134095139381E+03
 0.23134095139755E+03
 0.23134095140295E+03
 0.23134095140280E+03
 0.23134095139926E+03
 0.23134095131003E+03
 0.23134095129865E+03
 0.23134095128787E+03
 0.23134095127747E+03
 0.23134095126723E+03
 0.23134095125725E+03
 0.23134095125101E+03
 0.23134095124549E+03
 0.23134095124079E+03
 0.23134095123696E+03
 0.23134095123380E+03
 0.23134095122948E+03
 0.23134095122554E+03
 0.23134095122179E+03
 0.23134095121831E+03
 0.23134095121529E+03
 0.23134095121264E+03
 0.23134095121005E+03
 0.23134095120687E+03
 0.23134095120445E+03
 0.23134095120312E+03
 0.23134095120109E+03
 0.23134095119921E+03
 0.23134095119624E+03
 0.23134095119444E+03
 0.23134095119274E+03
 0.23134095119110E+03
 0.23134095118963E+03
 0.23134095118809E+03
 0.23134095118662E+03
 0.23134095118521E+03
 0.23134095118399E+03
 0.23134095088114E+03
 0.23134095085302E+03
 0.23134095082689E+03
 0.23134095080258E+03
 0.23134095078021E+03
 0.23134095075944E+03
 0.23134095074015E+03
 0.23134095072247E+03
 0.23134095070736E+03
 0.23134095069344E+03
 0.23134095068061E+03
 0.23134095066880E+03
 0.23134095065795E+03
 0.23134095064857E+03
 0.23134095063934E+03
 0.23134095063085E+03
 0.23134095062307E+03
 0.23134095061590E+03
 0.23134095060931E+03
 0.23134095060326E+03
 0.23134095059770E+03
 0.23134095059260E+03
 0.23134095058793E+03
 0.23134095058365E+03
 0.23134095057971E+03
 0.23134095057610E+03
 0.23134095057278E+03
 0.23134095056973E+03
 0.23134095056693E+03
 0.23134095056436E+03
 0.23134095056199E+03
 0.23134095048040E+03
 0.23134095039941E+03
 0.23134095032353E+03
 0.23134095025245E+03
 0.23134095018589E+03
 0.23134095012358E+03
 0.23134095006528E+03
 0.23134095001079E+03
 0.23134094996018E+03
 0.23134094991287E+03
 0.23134094986863E+03
 0.23134094982792E+03
 0.23134094979080E+03
 0.23134094975625E+03
 0.23134094972408E+03
 0.23134094969413E+03
 0.23134094966631E+03
 0.23134094964041E+03
 0.23134094961636E+03
 0.23134094959404E+03
 0.23134094957332E+03
 0.23134094955408E+03
 0.23134094953625E+03
 0.23134094951973E+03
 0.23134094950440E+03
 0.23134094949022E+03
 0.23134094947710E+03
 0.23134094946497E+03
 0.23134094945374E+03
 0.23134094944336E+03
 0.23134094943378E+03
 0.23134094942494E+03
 0.23134094941680E+03
 0.23134094940928E+03
 0.23134094940442E+03
 0.23134094940072E+03
 0.23134094939718E+03
 0.23134094939379E+03
 0.23134094939054E+03
 0.23134094938746E+03
 0.23134094938448E+03
 0.23134094938067E+03
 0.23134094937758E+03
 0.23134094937467E+03
 0.23134094937192E+03
 0.23134094936933E+03
 0.23134094936690E+03
 0.23134094936464E+03
 0.23134094936256E+03
 0.23134094936110E+03
 0.23134094936051E+03
 0.23134094936004E+03
 0.23134094935975E+03
 0.23134094935964E+03
 0.23134094935980E+03
 0.23134094935491E+03
 0.23134094935534E+03
 0.23134094935558E+03
 0.23134094935596E+03
 0.23134094935639E+03
 0.23134094935651E+03
 0.23134094935197E+03
 0.23134094935298E+03
 0.23134094935383E+03
 0.23134094935449E+03
 0.23134094935536E+03
 0.23134094935640E+03
 0.23134094935689E+03
 0.23134094935285E+03
 0.23134094935398E+03
 0.23134094935453E+03
 0.23134094935365E+03
 0.23134094935114E+03
 0.23134094934631E+03
 0.23134094935764E+03
 0.23134094935792E+03
 0.23134094936028E+03
 0.23134094935855E+03
 0.23134094936214E+03
 0.23134094936288E+03
 0.23134094935953E+03
 0.23134094936041E+03
 0.23134094936032E+03
 0.23134094936045E+03
 0.23134094936079E+03
 0.23134094936130E+03
 0.23134094913817E+03
 0.23134094912120E+03
 0.23134094910438E+03
 0.23134094909093E+03
 0.23134094907850E+03
 0.23134094906705E+03
 0.23134094905656E+03
 0.23134094904687E+03
 0.23134094903792E+03
 0.23134094902969E+03
 0.23134094902216E+03
 0.23134094901527E+03
 0.23134094900895E+03
 0.23134094900322E+03
 0.23134094899801E+03
 0.23134094899326E+03
 0.23134094898900E+03
 0.23134094898514E+03
 0.23134094898166E+03
 0.23134094897857E+03
 0.23134094897582E+03
 0.23134094897340E+03
 0.23134094897128E+03
 0.23134094896945E+03
 0.23134094896790E+03
 0.23134094896658E+03
 0.23134094896551E+03
 0.23134094896467E+03
 0.23134094896407E+03
 0.23134094896367E+03
 0.23134094896159E+03
 0.23134094896145E+03
 0.23134094896183E+03
 0.23134094896231E+03
 0.23134094896288E+03
 0.23134094896351E+03
 0.23134094896426E+03
 0.23134094896514E+03
 0.23134094896612E+03
 0.23134094896733E+03
 0.23134094896892E+03
 0.23134094897648E+03
 0.23134094897701E+03
 0.23134094897792E+03
 0.23134094897904E+03
 0.23134094898067E+03
 0.23134094898241E+03
 0.23134094899188E+03
 0.23134094899231E+03
 0.23134094899304E+03
 0.23134094901452E+03
 0.23134094901218E+03
 0.23134094901167E+03
 0.23134094901886E+03
 0.23134094902330E+03
 0.23134094901434E+03
 0.23134094900404E+03
 0.23134094900642E+03
 0.23134094900792E+03
 0.23134094893618E+03
 0.23134094893469E+03
 0.23134094893582E+03
 0.23134094893569E+03
 0.23134094892947E+03
 0.23134094892248E+03
 0.23134094891425E+03
 0.23134094890383E+03
 0.23134094890080E+03
 0.23134094890010E+03
 0.23134094889845E+03
 0.23134094889725E+03
 0.23134094889619E+03
 0.23134094889551E+03
 0.23134094889540E+03
 0.23134094889538E+03
 0.23134094889553E+03
 0.23134094889581E+03
 0.23134094889626E+03
 0.23134094889838E+03
 0.23134094889911E+03
 0.23134094890036E+03
 0.23134094890131E+03
 0.23134094890341E+03
 0.23134094890563E+03
 0.23134094890795E+03
 0.23134094891035E+03
 0.23134094891312E+03
 0.23134094891592E+03
 0.23134094891873E+03
 0.23134094892167E+03
 0.23134094892453E+03
 0.23134094892730E+03
 0.23134094892989E+03
 0.23134094893234E+03
 0.23134094894077E+03
 0.23134094894378E+03
 0.23134094894722E+03
 0.23134094895064E+03
 0.23134094895389E+03
 0.23134094895695E+03
 0.23134094895980E+03
 0.23134094896228E+03
 0.23134094896479E+03
 0.23134094895960E+03
 0.23134094896381E+03
 0.23134094896766E+03
 0.23134094897128E+03
 0.23134094897476E+03
 0.23134094897803E+03
 0.23134094897809E+03
 0.23134094898226E+03
 0.23134094893190E+03
 0.23134094893107E+03
 0.23134094893048E+03
 0.23134094893017E+03
 0.23134094893006E+03
 0.23134094893015E+03
 0.23134094893045E+03
 0.23134094893095E+03
 0.23134094892731E+03
 0.23134094892874E+03
 0.23134094893033E+03
 0.23134094893202E+03
 0.23134094893303E+03
 0.23134094893186E+03
 0.23134094893384E+03
 0.23134094893593E+03
 0.23134094893827E+03
 0.23134094894051E+03
 0.23134094894277E+03
 0.23134094894566E+03
 0.23134094895082E+03
 0.23134094896395E+03
 0.23134094901775E+03
 0.23134094900018E+03
 0.23134094901031E+03
 0.23134094900936E+03
 0.23134094901030E+03
 0.23134094901491E+03
 0.23134094902037E+03
 0.23134094902580E+03
 0.23134094903113E+03
 0.23134094905197E+03
 0.23134094906047E+03
 0.23134094906624E+03
 0.23134094907188E+03
 0.23134094907737E+03
 0.23134094908264E+03
 0.23134094908827E+03
 0.23134094909412E+03
 0.23134094909950E+03
 0.23134094910434E+03
 0.23134094910850E+03
 0.23134094912218E+03
 0.23134094912991E+03
 0.23134094913853E+03
 0.23134094914662E+03
 0.23134094915481E+03
 0.23134094916281E+03
 0.23134094916832E+03
 0.23134094908432E+03
 0.23134094908468E+03
 0.23134094908564E+03
 0.23134094908631E+03
 0.23134094908720E+03
 0.23134094908880E+03
 0.23134094909111E+03
 0.23134094909385E+03
 0.23134094909705E+03
 0.23134094910087E+03
 0.23134094910536E+03
 0.23134094911059E+03
 0.23134094911674E+03
 0.23134094912393E+03
 0.23134094915168E+03
 0.23134094916138E+03
 0.23134094917092E+03
 0.23134094918043E+03
 0.23134094918984E+03
 0.23134094919910E+03
 0.23134094920816E+03
 0.23134094921751E+03
 0.23134094922676E+03
 0.23134094923597E+03
 0.23134094921770E+03
 0.23134094923242E+03
 0.23134094924371E+03
 0.23134094925046E+03
 0.23134094923235E+03
 0.23134094924174E+03
 0.23134094924732E+03
 0.23134094923886E+03
 0.23134094921333E+03
 0.23134094917968E+03
 0.23134094919153E+03
 0.23134094921162E+03
 0.23134094922704E+03
 0.23134094923225E+03
 0.23134094924174E+03
 0.23134094923796E+03
 0.23134094924723E+03
 0.23134094925751E+03
 0.23134094926801E+03
 0.23134094927876E+03
 0.23134094928977E+03
 0.23134094930112E+03
 0.23134094931285E+03
 0.23134094932477E+03
 0.23134094927343E+03
 0.23134094928101E+03
 0.23134094928906E+03
 0.23134094929759E+03
 0.23134094930667E+03
 0.23134094931621E+03
 0.23134094932612E+03
 0.23134094933655E+03
 0.23134094934736E+03
 0.23134094935879E+03
 0.23134094937063E+03
 0.23134094938288E+03
 0.23134094939538E+03
 0.23134094943209E+03
 0.23134094944815E+03
 0.23134094946476E+03
 0.23134094948195E+03
 0.23134094949963E+03
 0.23134094951780E+03
 0.23134094953663E+03
 0.23134094955594E+03
 0.23134094957573E+03
 0.23134094959581E+03
 0.23134094961655E+03
 0.23134094963855E+03
 0.23134094966062E+03
 0.23134094968261E+03
 0.23134094970453E+03
 0.23134094966660E+03
 0.23134094969336E+03
 0.23134094972173E+03
 0.23134094975027E+03
 0.23134094977830E+03
 0.23134094980542E+03
 0.23134094983179E+03
 0.23134094982430E+03
 0.23134094985446E+03
 0.23134094987610E+03
 0.23134094989575E+03
 0.23134094992626E+03
 0.23134094998303E+03
 0.23134095021126E+03
 0.23134094981709E+03
 0.23134094984599E+03
 0.23134094980155E+03
 0.23134094982021E+03
 0.23134094983979E+03
 0.23134144617669E+03
 0.23134144611635E+03
 0.23134144613762E+03
 0.23134144612630E+03
 0.23134144663155E+03
 0.23134144726005E+03
 0.23134144632932E+03
 0.23134144645085E+03
 0.23134144641256E+03
 0.23134144635129E+03
 0.23134144635157E+03
 0.23134144639611E+03
 0.23134144643732E+03
 0.23134144647906E+03
 0.23134144652085E+03
 0.23134144656229E+03
 0.23134144737172E+03
 0.23134144730140E+03
 0.23134144731377E+03
 0.23134144732868E+03
 0.23134144734626E+03
 0.23134144736676E+03
 0.23134144739038E+03
 0.23134144741746E+03
 0.23134144744845E+03
 0.23134144748375E+03
 0.23134144752391E+03
 0.23134144756982E+03
 0.23134144760974E+03
 0.23134144750788E+03
 0.23134144742087E+03
 0.23134144732654E+03
 0.23134144723072E+03
 0.23134144714710E+03
 0.23134144707870E+03
 0.23134144701904E+03
 0.23134144696481E+03
 0.23134144691780E+03
 0.23134144716193E+03
 0.23134144706474E+03
 0.23134144698370E+03
 0.23134144691666E+03
 0.23134144686167E+03
 0.23134144681691E+03
 0.23134144678096E+03
 0.23134144675277E+03
 0.23134144673150E+03
 0.23134144671404E+03
 0.23134144669782E+03
 0.23134144672882E+03
 0.23134144654100E+03
 0.23134144652178E+03
 0.23134144650507E+03
 0.23134144649071E+03
 0.23134144647808E+03
 0.23134144646705E+03
 0.23134144645741E+03
 0.23134144644925E+03
 0.23134144644749E+03
 0.23134144644744E+03
 0.23134144643941E+03
 0.23134144643522E+03
 0.23134144643364E+03
 0.23134144645573E+03
 0.23134145535761E+03
 0.23134145537170E+03
 0.23134145541163E+03
 0.23134145548779E+03
 0.23134145563275E+03
 0.23134145561387E+03
 0.23134145677166E+03
 0.23134145587940E+03
 0.23134145586738E+03
 0.23134145590538E+03
 0.23134145672115E+03
 0.23134145659615E+03
 0.23134145621426E+03
 0.23134145611238E+03
 0.23134145602495E+03
 0.23134145574865E+03
 0.23134145570632E+03
 0.23134145566201E+03
 0.23134145562288E+03
 0.23134145558852E+03
 0.23134145555811E+03
 0.23134145553153E+03
 0.23134145550823E+03
 0.23134145548786E+03
 0.23134145547028E+03
 0.23134145545527E+03
 0.23134145544239E+03
 0.23134145543174E+03
 0.23134145542302E+03
 0.23134145541622E+03
 0.23134145541191E+03
 0.23134145541021E+03
 0.23134135932415E+03
 0.23134135931684E+03
 0.23134135931094E+03
 0.23134135930627E+03
 0.23134135930309E+03
 0.23134135930079E+03
 0.23134135929942E+03
 0.23134135929877E+03
 0.23134135929899E+03
 0.23134135929976E+03
 0.23134135930119E+03
 0.23134135930306E+03
 0.23134135930518E+03
 0.23134135930785E+03
 0.23134135931046E+03
 0.23134135931324E+03
 0.23134135931592E+03
 0.23134135932117E+03
 0.23134135933427E+03
 0.23134135934869E+03
 0.23134135936406E+03
 0.23134135938026E+03
 0.23134135938599E+03
 0.23134135938268E+03
 0.23134135937032E+03
 0.23134135936350E+03
 0.23134135936481E+03
 0.23134135934020E+03
 0.23134135934638E+03
 0.23134135934992E+03
 0.23134135935182E+03
 0.23134135935000E+03
 0.23134135936277E+03
 0.23134135962838E+03
 0.23134135948773E+03
 0.23134135950014E+03
 0.23134135947965E+03
 0.23134135945451E+03
 0.23134135943349E+03
 0.23134135941580E+03
 0.23134135937258E+03
 0.23134135936552E+03
 0.23134135936042E+03
 0.23134135935733E+03
 0.23134135930086E+03
 0.23134135929415E+03
 0.23134135929001E+03
 0.23134135928771E+03
 0.23134135929859E+03
 0.23134135930584E+03
 0.23134135931853E+03
 0.23134135933372E+03
 0.23134135935115E+03
 0.23134135937105E+03
 0.23134135939337E+03
 0.23134135941813E+03
 0.23134135945049E+03
 0.23134135948658E+03
 0.23134135952609E+03
 0.23134135956865E+03
 0.23134135961465E+03
 0.23134135966402E+03
 0.23134135971656E+03
 0.23134135977258E+03
 0.23134135983197E+03
 0.23134135989520E+03
 0.23134136060378E+03
 0.23134136046052E+03
 0.23134136033886E+03
 0.23134136023638E+03
 0.23134136014701E+03
 0.23134136006840E+03
 0.23134135999940E+03
 0.23134135993828E+03
 0.23134135988446E+03
 0.23134135983687E+03
 0.23134135979490E+03
 0.23134135975773E+03
 0.23134135972744E+03
 0.23134135970739E+03
 0.23134135969144E+03
 0.23134135968104E+03
 0.23134135967730E+03
 0.23134135967638E+03
 0.23134135967771E+03
 0.23134135968020E+03
 0.23134135971369E+03
 0.23134135985097E+03
 0.23134135938941E+03
 0.23134135937504E+03
 0.23134135936185E+03
 0.23134135935049E+03
 0.23134135934082E+03
 0.23134135933186E+03
 0.23134135932437E+03
 0.23134135931700E+03
 0.23134135931073E+03
 0.23134135931330E+03
 0.23134135946162E+03
 0.23134135945277E+03
 0.23134228292520E+03
 0.23134228292785E+03
 0.23134228293123E+03
 0.23134228293545E+03
 0.23134228294180E+03
 0.23134228294896E+03
 0.23134228295689E+03
 0.23134228291696E+03
 0.23134228291835E+03
 0.23134228292028E+03
 0.23134228292036E+03
 0.23134228292145E+03
 0.23134228292324E+03
 0.23134228292623E+03
 0.23134228293091E+03
 0.23134228293561E+03
 0.23134228293986E+03
 0.23134228294288E+03
 0.23134228294289E+03
 0.23134228294499E+03
 0.23134228294980E+03
 0.23134228295321E+03
 0.23134228295959E+03
 0.23134228296941E+03
 0.23134228298636E+03
 0.23134228300427E+03
 0.23134228300378E+03
 0.23134228300299E+03
 0.23134228304716E+03
 0.23134228303909E+03
 0.23134228303221E+03
 0.23134228302714E+03
 0.23134228300152E+03
 0.23134228300197E+03
 0.23134228300324E+03
 0.23134228300574E+03
 0.23134228300910E+03
 0.23134228301356E+03
 0.23134228302117E+03
 0.23134228303016E+03
 0.23134228304228E+03
 0.23134228305890E+03
 0.23134228307851E+03
 0.23134228309937E+03
 0.23134228312341E+03
 0.23134228314849E+03
 0.23134228317715E+03
 0.23134228328630E+03
 0.23134228333388E+03
 0.23134228338440E+03
 0.23134228343946E+03
 0.23134228349801E+03
 0.23134228356156E+03
 0.23134228362942E+03
 0.23134228370244E+03
 0.23134228428092E+03
 0.23134228413655E+03
 0.23134167223047E+03
 0.23134167212429E+03
 0.23134167203532E+03
 0.23134167195843E+03
 0.23134167189291E+03
 0.23134167183634E+03
 0.23134167178714E+03
 0.23134167174681E+03
 0.23134167171241E+03
 0.23134167168135E+03
 0.23134167165682E+03
 0.23134167163525E+03
 0.23134167161663E+03
 0.23134167160124E+03
 0.23134167158774E+03
 0.23134119015220E+03
 0.23134119014305E+03
 0.23134119023237E+03
 0.23134119021488E+03
 0.23134119019811E+03
 0.23134119018307E+03
 0.23134119017050E+03
 0.23134203015661E+03
 0.23134203015190E+03
 0.23134203014895E+03
 0.23134203014827E+03
 0.23134203014810E+03
 0.23134203014986E+03
 0.23134203015374E+03
 0.23134203015771E+03
 0.23134203016321E+03
 0.23134203016930E+03
 0.23134203017686E+03
 0.23134203018567E+03
 0.23134203019570E+03
 0.23134203020509E+03
 0.23134203021691E+03
 0.23134203023061E+03
 0.23134203024608E+03
 0.23134203026225E+03
 0.23134203027993E+03
 0.23134203029878E+03
 0.23134203031772E+03
 0.23134203032867E+03
 0.23134203033732E+03
 0.23134203034353E+03
 0.23134203034557E+03
 0.23134203034790E+03
 0.23134203034566E+03
 0.23134203034061E+03
 0.23134203033233E+03
 0.23134203032117E+03
 0.23134203031365E+03
 0.23134203030468E+03
 0.23134203029589E+03
 0.23134203029081E+03
 0.23134203029229E+03
 0.23134203029739E+03
 0.23134203030134E+03
 0.23134203030482E+03
 0.23134203031008E+03
 0.23134203031435E+03
 0.23134203031977E+03
 0.23134203032432E+03
 0.23134129610145E+03
 0.23134129609948E+03
 0.23134129609830E+03
 0.23134129610026E+03
 0.23134129610301E+03
 0.23134129610777E+03
 0.23134129611202E+03
 0.23134129611666E+03
 0.23134129612199E+03
 0.23134129613081E+03
 0.23134129614086E+03
 0.23134129615738E+03
 0.23134129617525E+03
 0.23134129619547E+03
 0.23134129621738E+03
 0.23134129624177E+03
 0.23134129626743E+03
 0.23134129630009E+03
 0.23134129633555E+03
 0.23134129637457E+03
 0.23134129641571E+03
 0.23134129645998E+03
 0.23134129650568E+03
 0.23134129655397E+03
 0.23134129660467E+03
 0.23134129665798E+03
 0.23134129671205E+03
 0.23134129676694E+03
 0.23134129778557E+03
 0.23134129742180E+03
 0.23134129732397E+03
 0.23134129723916E+03
 0.23134129716521E+03
 0.23134129710155E+03
 0.23134129704605E+03
 0.23134129699766E+03
 0.23134129695489E+03
 0.23134129694511E+03
 0.23134129698610E+03
 0.23134129705278E+03
 0.23134129714213E+03
 0.23134243846134E+03
 0.23134243844321E+03
 0.23134243842694E+03
 0.23134243841286E+03
 0.23134243840120E+03
 0.23134243840549E+03
 0.23134243842171E+03
 0.23134243844205E+03
 0.23134243846105E+03
 0.23134243870892E+03
 0.23134243872427E+03
 0.23134243874121E+03
 0.23134243875835E+03
 0.23134243877430E+03
 0.23134243879080E+03
 0.23134243880999E+03
 0.23134243882889E+03
 0.23134243884770E+03
 0.23134243886470E+03
 0.23134243888145E+03
 0.23134243890012E+03
 0.23134243891633E+03
 0.23134243893171E+03
 0.23134243894841E+03
 0.23134243896496E+03
 0.23134243897894E+03
 0.23134243899401E+03
 0.23134243900905E+03
 0.23134241379469E+03
 0.23134241381374E+03
 0.23134241383368E+03
 0.23134241386029E+03
 0.23134241387124E+03
 0.23134241388723E+03
 0.23134241390675E+03
 0.23134241390813E+03
 0.23134241391077E+03
 0.23134241391687E+03
 0.23134241392407E+03
 0.23134241393335E+03
 0.23134241394683E+03
 0.23134241412965E+03
 0.23134241411952E+03
 0.23134241409643E+03
 0.23134241407951E+03
 0.23134241406564E+03
 0.23134241401623E+03
 0.23134241400628E+03
 0.23134241399700E+03
 0.23134241398921E+03
 0.23134241398386E+03
 0.23134241397840E+03
 0.23134241397739E+03
 0.23134241397842E+03
 0.23134241398139E+03
 0.23134241398370E+03
 0.23134241398711E+03
 0.23134241399283E+03
 0.23134241399997E+03
 0.23134241400957E+03
 0.23134241402100E+03
 0.23134241403618E+03
 0.23134241405332E+03
 0.23134241407452E+03
 0.23134241409373E+03
 0.23134241411854E+03
 0.23134241414381E+03
 0.23134241417642E+03
 0.23134241421161E+03
 0.23134241425165E+03
 0.23134241429447E+03
 0.23134241433609E+03
 0.23134241437985E+03
 0.23134241442464E+03
 0.23134241447217E+03
 0.23134241452279E+03
 0.23134241457144E+03
 0.23134241462255E+03
 0.23134241467544E+03
 0.23134241565836E+03
 0.23134241529633E+03
 0.23134241520305E+03
 0.23134241518044E+03
 0.23134241516139E+03
 0.23134241513834E+03
 0.23134241513350E+03
 0.23134241515002E+03
 0.23134241519454E+03
 0.23134241527980E+03
 0.23134241567900E+03
 0.23134241465748E+03
 0.23134241486108E+03
 0.23134241485746E+03
 0.23134241485955E+03
 0.23134241485684E+03
 0.23134241485467E+03
 0.23134241485707E+03
 0.23134241486060E+03
 0.23134241486759E+03
 0.23134241487915E+03
 0.23134241489195E+03
 0.23134241491063E+03
 0.23134241493544E+03
 0.23134241496777E+03
 0.23134241500923E+03
 0.23134241506760E+03
 0.23134241510538E+03
 0.23134241513125E+03
 0.23134241517514E+03
 0.23134241520727E+03
 0.23134241520939E+03
 0.23134241522986E+03
 0.23134241604889E+03
 0.23134241534091E+03
 0.23134241534794E+03
 0.23134241546135E+03
 0.23134241549061E+03
 0.23134241606816E+03
 0.23134241596211E+03
 0.23134241552068E+03
 0.23134241542220E+03
 0.23134241533502E+03
 0.23134241526213E+03
 0.23134241520246E+03
 0.23134241514844E+03
 0.23134241510197E+03
 0.23134241506367E+03
 0.23134241502792E+03
 0.23134241502658E+03
 0.23134241499956E+03
 0.23134241497396E+03
 0.23134241495390E+03
 0.23134241493807E+03
 0.23134241492611E+03
 0.23134241491733E+03
 0.23134241490939E+03
 0.23134241490510E+03
 0.23134241490194E+03
 0.23134241490258E+03
 0.23134241490401E+03
 0.23134241490770E+03
 0.23134241491243E+03
 0.23134241491815E+03
 0.23134241492593E+03
 0.23134241493368E+03
 0.23134241494651E+03
 0.23134241496030E+03
 0.23134241497521E+03
 0.23134241498965E+03
 0.23134241500530E+03
 0.23134241502106E+03
 0.23134241503771E+03
 0.23134241505345E+03
 0.23134241505258E+03
 0.23134241504832E+03
 0.23134241503688E+03
 0.23134241502195E+03
 0.23134241500338E+03
 0.23134241499709E+03
 0.23134241498964E+03
 0.23134241498624E+03
 0.23134241499020E+03
 0.23134241563693E+03
 0.23134241565410E+03
 0.23134241566015E+03
 0.23134241566178E+03
 0.23134241565622E+03
 0.23134241567197E+03
 0.23134241568295E+03
 0.23134241568606E+03
 0.23134241568232E+03
 0.23134241567132E+03
 0.23134241565330E+03
 0.23134241562770E+03
 0.23134241560132E+03
 0.23134241558871E+03
 0.23134241559877E+03
 0.23134241560045E+03
 0.23134241559832E+03
 0.23134241559247E+03
 0.23134241553711E+03
 0.23134241554241E+03
 0.23134241555214E+03
 0.23134241556480E+03
 0.23134241557949E+03
 0.23134241559328E+03
 0.23134241564501E+03
 0.23134241567191E+03
 0.23134241569944E+03
 0.23134241570475E+03
 0.23134241579341E+03
 0.23134241583988E+03
 0.23134241589335E+03
 0.23134241595087E+03
 0.23134241601184E+03
 0.23134241599631E+03
 0.23134241606204E+03
 0.23134241610289E+03
 0.23134241617453E+03
 0.23134241625151E+03
 0.23134241693995E+03
 0.23134241677313E+03
 0.23134241659133E+03
 0.23134241644023E+03
 0.23134241631438E+03
 0.23134241621011E+03
 0.23134241612055E+03
 0.23134241604977E+03
 0.23134241598836E+03
 0.23134241593539E+03
 0.23134241589032E+03
 0.23134241585082E+03
 0.23134241581877E+03
 0.23134241578992E+03
 0.23134241576670E+03
 0.23134241574601E+03
 0.23134218132970E+03
 0.23134218131539E+03
 0.23134218131361E+03
 0.23134218131325E+03
 0.23134218131808E+03
 0.23134218132833E+03
 0.23134218135621E+03
 0.23134218140764E+03
 0.23134218146684E+03
 0.23134218153336E+03
 0.23134218154100E+03
 0.23134218155514E+03
 0.23134218157301E+03
 0.23134218158702E+03
 0.23134218159964E+03
 0.23134218161212E+03
 0.23134218162146E+03
 0.23134217320117E+03
 0.23134217320770E+03
 0.23134217321168E+03
 0.23134217321542E+03
 0.23134217340680E+03
 0.23134217339652E+03
 0.23134217337386E+03
 0.23134217351975E+03
 0.23134217349198E+03
 0.23134215394902E+03
 0.23134215440436E+03
 0.23134215443723E+03
 0.23134215450290E+03
 0.23134215412218E+03
 0.23134215414207E+03
 0.23134215417457E+03
 0.23134215416434E+03
 0.23134215373050E+03
 0.23134215369484E+03
 0.23134215368070E+03
 0.23134215367918E+03
 0.23134215367173E+03
 0.23134215369313E+03
 0.23134215371942E+03
 0.23134215366430E+03
 0.23134215393139E+03
 0.23134215369455E+03
 0.23134215416343E+03
 0.23134215524998E+03
 0.23134215467212E+03
 0.23134215398082E+03
 0.23134215410966E+03
 0.23134215427041E+03
 0.23134215473029E+03
 0.23134215444502E+03
 0.23134215423673E+03
 0.23134215407969E+03
 0.23134215395889E+03
 0.23134215386918E+03
 0.23134215379890E+03
 0.23134215376927E+03
 0.23134215375964E+03
 0.23134215374768E+03
 0.23134215373940E+03
 0.23134215373077E+03
 0.23134215372544E+03
 0.23134215372484E+03
 0.23134215372357E+03
 0.23134215372415E+03
 0.23134215372338E+03
 0.23134215372084E+03
 0.23134215371903E+03
 0.23134215368838E+03
 0.23134215370452E+03
 0.23134215369803E+03
 0.23134215369765E+03
 0.23134215369352E+03
 0.23134215368941E+03
 0.23134215368335E+03
 0.23134215367882E+03
 0.23134215393695E+03
 0.23134215401931E+03
 0.23134215403859E+03
 0.23134215405479E+03
 0.23134215406892E+03
 0.23134215408450E+03
 0.23134215409354E+03
 0.23134215410137E+03
 0.23134215410619E+03
 0.23134215411157E+03
 0.23134215411878E+03
 0.23134215403180E+03
 0.23134215403901E+03
 0.23134215404075E+03
 0.23134215404234E+03
 0.23134215404139E+03
 0.23134215403858E+03
 0.23134215403469E+03
 0.23134215403200E+03
 0.23134215402545E+03
 0.23134215402031E+03
 0.23134215401078E+03
 0.23134198101833E+03
 0.23134098711677E+03
 0.23134098718725E+03
 0.23134191621182E+03
 0.23134191625251E+03
 0.23134191630846E+03
 0.23134191713899E+03
 0.23134191728751E+03
 0.23134191636328E+03
 0.23134191646549E+03
 0.23134191653407E+03
 0.23134191650728E+03
 0.23134191648023E+03
 0.23134191645171E+03
 0.23134191642637E+03
 0.23134191640356E+03
 0.23134191638255E+03
 0.23134112600427E+03
 0.23134112599577E+03
 0.23134112598941E+03
 0.23134112598005E+03
 0.23134112597507E+03
 0.23134112596835E+03
 0.23134112591768E+03
 0.23134112591311E+03
 0.23134112590571E+03
 0.23134112590006E+03
 0.23134112589185E+03
 0.23134112588514E+03
 0.23134112587924E+03
 0.23134112587486E+03
 0.23134112587161E+03
 0.23134112594407E+03
 0.23134112594527E+03
 0.23134112606064E+03
 0.23134112606129E+03
 0.23134112606263E+03
 0.23134112606746E+03
 0.23134112607009E+03
 0.23134112607257E+03
 0.23134112607641E+03
 0.23134145395284E+03
 0.23134145395204E+03
 0.23134145395587E+03
 0.23134145395910E+03
 0.23134145395920E+03
 0.23134145399077E+03
 0.23134145399691E+03
 0.23134145399485E+03
 0.23134128754358E+03
 0.23134128762473E+03
 0.23134128762344E+03
 0.23134128762405E+03
 0.23134128762381E+03
 0.23134128762933E+03
 0.23134128763028E+03
 0.23134128762096E+03
 0.23134128767656E+03
 0.23134128768909E+03
 0.23134128773389E+03
 0.23134128782340E+03
 0.23134128801303E+03
 0.23134136666767E+03
 0.23134136625479E+03
 0.23134136663638E+03
 0.23134136665431E+03
 0.23134136663537E+03
 0.23134136663980E+03
 0.23134136664027E+03
 0.23134136664446E+03
 0.23134136659437E+03
 0.23134136660624E+03
 0.23134136661322E+03
 0.23134136660437E+03
 0.23134136682120E+03
 0.23134136682744E+03
 0.23134136683441E+03
 0.23134136684549E+03
 0.23134136685469E+03
 0.23134136686237E+03
 0.23134136687054E+03
 0.23134136687762E+03
 0.23134136688221E+03
 0.23134136689086E+03
 0.23134136689651E+03
 0.23134136690256E+03
 0.23134136691306E+03
 0.23134136787804E+03
 0.23134136756412E+03
 0.23134136749908E+03
 0.23134136743588E+03
 0.23134136738190E+03
 0.23134136732668E+03
 0.23134136727456E+03
 0.23134136732035E+03
 0.23134136727421E+03
 0.23134136722604E+03
 0.23134136717807E+03
 0.23134136713196E+03
 0.23134136708518E+03
 0.23134136704298E+03
 0.23134136699525E+03
 0.23134136695265E+03
 0.23134136691079E+03
 0.23134136687540E+03
 0.23134136684281E+03
 0.23134136681040E+03
 0.23134136677724E+03
 0.23134136674474E+03
 0.23134136670563E+03
 0.23134136667376E+03
 0.23134136664471E+03
 0.23134136661090E+03
 0.23134136658408E+03
 0.23134136655683E+03
 0.23134136653641E+03
 0.23134136651009E+03
 0.23134136649998E+03
 0.23134136648990E+03
 0.23134136648163E+03
 0.23134136595365E+03
 0.23134136588462E+03
 0.23134136579366E+03
 0.23134136568461E+03
 0.23134136558557E+03
 0.23134136559110E+03
 0.23134136559132E+03
 0.23134258586480E+03
 0.23134258585899E+03
 0.23134258586449E+03
 0.23134258586795E+03
 0.23134258587525E+03
 0.23134205001344E+03
 0.23134205013963E+03
 0.23134205013046E+03
 0.23134205011806E+03
 0.23134205011048E+03
 0.23134205005624E+03
 0.23134205009165E+03
 0.23134205010183E+03
 0.23134205011233E+03
 0.23134205012483E+03
 0.23134205013035E+03
 0.23134205013702E+03
 0.23134205014424E+03
 0.23134205014901E+03
 0.23134205015633E+03
 0.23134205016084E+03
 0.23134205016517E+03
 0.23134205016709E+03
 0.23134205017062E+03
 0.23134205017293E+03
 0.23134205017708E+03
 0.23134205018169E+03
 0.23134205018341E+03
 0.23134181366529E+03
 0.23134181366671E+03
 0.23134181367146E+03
 0.23134181367219E+03
 0.23134181367662E+03
 0.23134181367577E+03
 0.23134181367585E+03
 0.23134181367956E+03
 0.23134181387743E+03
 0.23134181389229E+03
 0.23134181412462E+03
 0.23134181414584E+03
 0.23134181417508E+03
 0.23134181419610E+03
 0.23134181421438E+03
 0.23134181423659E+03
 0.23134181425514E+03
 0.23134181428165E+03
 0.23134198064119E+03
 0.23134198065128E+03
 0.23134198066019E+03
 0.23134198067462E+03
 0.23134198068632E+03
 0.23134198068829E+03
 0.23134198165450E+03
 0.23134198161397E+03
 0.23134198163744E+03
 0.23134198063137E+03
 0.23134198059707E+03
 0.23134198053853E+03
 0.23134197997539E+03
 0.23134197998220E+03
 0.23134197998373E+03
 0.23134197998306E+03
 0.23134197998204E+03
 0.23134197998161E+03
 0.23134197996559E+03
 0.23134197994622E+03
 0.23134197992037E+03
 0.23134197968666E+03
 0.23134197966852E+03
 0.23134197964542E+03
 0.23134197962295E+03
 0.23134197995936E+03
 0.23134197994325E+03
 0.23134197992524E+03
 0.23134197965767E+03
 0.23134197962603E+03
 0.23134197959810E+03
 0.23134197952886E+03
 0.23134197951070E+03
 0.23134197948411E+03
 0.23134197954223E+03
 0.23134197954694E+03
 0.23134197954763E+03
 0.23134197955037E+03
 0.23134197955180E+03
 0.23134197955672E+03
 0.23134197956223E+03
 0.23134197957134E+03
 0.23134197957423E+03
 0.23134197976553E+03
 0.23134197978716E+03
 0.23134197980172E+03
 0.23134197980713E+03
 0.23134197981276E+03
 0.23134197982361E+03
 0.23134197984186E+03
 0.23134197984695E+03
 0.23134197985456E+03
 0.23134197986401E+03
 0.23134197986504E+03
 0.23134197988243E+03
 0.23134197989798E+03
 0.23134197989645E+03
 0.23134197990115E+03
 0.23134197990709E+03
 0.23134197991011E+03
 0.23134197990739E+03
 0.23134197990453E+03
 0.23134197991433E+03
 0.23134197990165E+03
 0.23134197990806E+03
 0.23134198011766E+03
 0.23134198010742E+03
 0.23134198010968E+03
 0.23134198010127E+03
 0.23134198008249E+03
 0.23134198007491E+03
 0.23134198005254E+03
 0.23134198001996E+03
 0.23134198002865E+03
 0.23134197974358E+03
 0.23134197975808E+03
 0.23134197975686E+03
 0.23134197975616E+03
 0.23134197975734E+03
 0.23134197975232E+03
 0.23134197975158E+03
 0.23134197973532E+03
 0.23134197972738E+03
 0.23134197971533E+03
 0.23134197968964E+03
 0.23134197965782E+03
 0.23134197962121E+03
 0.23134197957415E+03
 0.23134197951387E+03
 0.23134197973850E+03
 0.23134197972371E+03
 0.23134197970075E+03
 0.23134197966476E+03
 0.23134197962933E+03
 0.23134197959399E+03
 0.23134120973881E+03
 0.23134120957128E+03
 0.23134120953564E+03
 0.23134120951377E+03
 0.23134120949027E+03
 0.23134120947507E+03
 0.23134120957206E+03
 0.23134120956585E+03
 0.23134120968296E+03
 0.23134120967069E+03
 0.23134120965837E+03
 0.23134120966211E+03
 0.23134120965670E+03
 0.23134120963787E+03
 0.23134120965051E+03
 0.23134120982518E+03
 0.23134120985428E+03
 0.23134120985607E+03
 0.23134120985688E+03
 0.23134120986760E+03
 0.23134120988208E+03
 0.23134120988622E+03
 0.23134120989905E+03
 0.23134120989573E+03
 0.23134120990535E+03
 0.23134120991541E+03
 0.23134120992175E+03
 0.23134120993472E+03
 0.23134120993109E+03
 0.23134120994158E+03
 0.23134120994197E+03
 0.23134120994180E+03
 0.23134120993631E+03
 0.23134120994867E+03
 0.23134120995278E+03
 0.23134120996142E+03
 0.23134120994320E+03
 0.23134120993301E+03
 0.23134121016992E+03
 0.23134121019312E+03
 0.23134203156124E+03
 0.23134092921596E+03
 0.23134092923528E+03
 0.23134092924450E+03
 0.23134092926146E+03
 0.23134092927564E+03
 0.23134151202191E+03
 0.23134151201381E+03
 0.23134151202165E+03
 0.23134151202572E+03
 0.23134151179903E+03
 0.23134151179494E+03
 0.23134151178349E+03
 0.23134151177591E+03
 0.23134151177090E+03
 0.23134151174394E+03
 0.23134151172264E+03
 0.23134151169839E+03
 0.23134151165343E+03
 0.23134216500557E+03
 0.23134216494930E+03
 0.23134216491931E+03
 0.23134216488072E+03
 0.23134030452275E+03
 0.23134183654986E+03
 0.23134135441799E+03
 0.23134135438647E+03
 0.23134135432501E+03
 0.23134155406983E+03
 0.23134133430686E+03
 0.23134100897865E+03
 0.23134100896827E+03
 0.23134100893160E+03
 0.23134100891965E+03
 0.23134100889657E+03
 0.23134100875493E+03
 0.23134100839143E+03
 0.23134100839797E+03
 0.23134100839948E+03
 0.23134100839667E+03
 0.23134100839746E+03
 0.23134100841121E+03
 0.23134100842025E+03
 0.23134100841661E+03
 0.23134100849910E+03
 0.23134100850737E+03
 0.23134100850933E+03
 0.23134100853016E+03
 0.23134100854867E+03
 0.23134100855116E+03
 0.23134100855671E+03
 0.23134100858038E+03
 0.23134100859669E+03
 0.23134100860036E+03
 0.23134100860385E+03
 0.23134100862288E+03
 0.23134100862912E+03
 0.23134100863025E+03
 0.23134100865163E+03
 0.23134100864897E+03
 0.23134100865947E+03
 0.23134100866484E+03
 0.23134100868402E+03
 0.23134100868220E+03
 0.23134100867684E+03
 0.23134100890362E+03
 0.23134100892076E+03
 0.23134100892736E+03
 0.23134100894737E+03
 0.23134100893478E+03
 0.23134100893459E+03
 0.23134100894550E+03
 0.23134100894819E+03
 0.23134100896273E+03
 0.23134100893985E+03
 0.23134100892257E+03
 0.23134100892017E+03
 0.23134100889761E+03
 0.23134100865805E+03
 0.23134100865556E+03
 0.23134100864158E+03
 0.23134100859732E+03
 0.23134100905062E+03
 0.23134100903125E+03
 0.23134100901123E+03
 0.23134100898780E+03
 0.23134100911773E+03
 0.23134100909948E+03
 0.23134100906667E+03
 0.23134100946056E+03
 0.23134100945832E+03
 0.23134100944968E+03
 0.23134100942942E+03
 0.23134100942838E+03
 0.23134100944539E+03
 0.23134100944250E+03
 0.23134100947386E+03
 0.23134100952972E+03
 0.23134100953840E+03
 0.23134100957689E+03
 0.23134100962139E+03
 0.23134100968962E+03
 0.23134100974650E+03
 0.23134100985565E+03
 0.23134100896540E+03
 0.23134100895428E+03
 0.23134100853052E+03
 0.23134100834696E+03
 0.23134100833902E+03
 0.23134100834944E+03
 0.23134100835474E+03
 0.23134100836246E+03
 0.23134100837370E+03
 0.23134100839272E+03
 0.23134100839536E+03
 0.23134100838694E+03
 0.23134100838827E+03
 0.23134100839441E+03
 0.23134100839945E+03
 0.23134100840887E+03
 0.23134100847846E+03
 0.23134100847538E+03
 0.23134100850490E+03
 0.23134100873455E+03
 0.23134100874003E+03
 0.23134100877498E+03
 0.23134100879019E+03
 0.23134100880453E+03
 0.23134100882170E+03
 0.23134100888453E+03
 0.23134100874632E+03
 0.23134100876502E+03
 0.23134100876816E+03
 0.23134100877655E+03
 0.23134100877013E+03
 0.23134100879877E+03
 0.23134100879430E+03
 0.23134100878609E+03
 0.23134100895509E+03
 0.23134100894871E+03
 0.23134100993431E+03
 0.23134100992795E+03
 0.23134100895387E+03
 0.23134100895421E+03
 0.23134100895020E+03
 0.23134100891112E+03
 0.23134100888203E+03
 0.23134100911630E+03
 0.23134100907629E+03
 0.23134100903745E+03
 0.23134100905510E+03
 0.23134100900924E+03
 0.23134100900815E+03
 0.23134100902430E+03
 0.23134100902272E+03
 0.23134100903994E+03
 0.23134100906135E+03
 0.23134151548237E+03
 0.23134151549041E+03
 0.23134151545664E+03
 0.23134151549420E+03
 0.23134151551982E+03
 0.23134151555743E+03
 0.23134151641006E+03
 0.23134151646161E+03
 0.23134150413998E+03
 0.23134150413507E+03
 0.23134150413587E+03
 0.23134150415160E+03
 0.23134150416852E+03
 0.23134150431506E+03
 0.23134150434136E+03
 0.23134150414993E+03
 0.23134150420719E+03
 0.23134150419234E+03
 0.23134150417229E+03
 0.23134150421984E+03
 0.23134150420790E+03
 0.23134150413450E+03
 0.23134150415190E+03
 0.23134150414105E+03
 0.23134150418401E+03
 0.23134150414693E+03
 0.23134150415301E+03
 0.23134150413320E+03
 0.23134150415432E+03
 0.23134150415046E+03
 0.23134150412087E+03
 0.23134150412325E+03
 0.23134150408210E+03
 0.23134150416109E+03
 0.23134152341023E+03
 0.23134152343973E+03
 0.23134152346014E+03
 0.23134152346579E+03
 0.23134152348408E+03
 0.23134152348280E+03
 0.23134171485237E+03
 0.23134171488951E+03
 0.23134171481089E+03
 0.23134171474491E+03
 0.23134171349677E+03
 0.23134171361471E+03
 0.23134171434172E+03
 0.23134171481322E+03
 0.23134171479003E+03
 0.23134171470531E+03
 0.23134171464548E+03
 0.23134135709098E+03
 0.23134135679481E+03
 0.23134135672971E+03
 0.23134135668625E+03
 0.23134135666869E+03
 0.23134135665902E+03
 0.23134135668942E+03
 0.23134135672538E+03
 0.23134137495216E+03
 0.23134137494963E+03
 0.23134137492690E+03
 0.23134137493558E+03
 0.23134137496068E+03
 0.23134137497419E+03
 0.23134137496938E+03
 0.23134137490042E+03
 0.23134137491378E+03
 0.23134137496743E+03
 0.23134137500392E+03
 0.23134137502050E+03
 0.23134137495448E+03
 0.23134137497434E+03
 0.23134137492626E+03
 0.23134137493086E+03
 0.23134137491269E+03
 0.23134137495939E+03
 0.23134137493152E+03
 0.23134137497244E+03
 0.23134140484782E+03
 0.23134140484207E+03
 0.23134140481406E+03
 0.23134162874868E+03
 0.23134134707741E+03
 0.23134119549416E+03
 0.23134115295170E+03
 0.23134127388457E+03
 0.23134127922048E+03
 0.23134120739210E+03
 0.23134126929481E+03
 0.23134118306873E+03
 0.23134124830066E+03
 0.23134119312982E+03
 0.23134114084965E+03
 0.23134124143978E+03
 0.23134129539600E+03
 0.23134131259764E+03
 0.23134123656889E+03
 0.23134114883178E+03
 0.23134131381060E+03
 0.23134122881956E+03
 0.23134132358131E+03
 0.23134117037517E+03
 0.23134138232852E+03
 0.23134134066491E+03
 0.23134129300280E+03
 0.23134135376630E+03
 0.23134134208902E+03
 0.23134131204339E+03
 0.23134094628452E+03
 0.23134094448798E+03
 0.23134249963800E+03
 0.23134063402070E+03
 0.23134063396126E+03
 0.23134063384545E+03
 0.23134063383133E+03
 0.23134063373454E+03
 0.23134063366788E+03
 0.23134063356894E+03
 0.23134063358108E+03
 0.23134063362917E+03
 0.23134063370932E+03
 0.23134063364445E+03
 0.23134063363006E+03
 0.23134063355890E+03
 0.23134063338935E+03
 0.23134063332323E+03
 0.23134063329834E+03
 0.23134063212451E+03
 0.23134063167780E+03
 0.23134063146081E+03
 0.23134063135881E+03
 0.23134063132765E+03
 0.23134063130088E+03
 0.23134063127919E+03
 0.23134063124564E+03
 0.23134063096513E+03
 0.23134063085370E+03
 0.23134063078924E+03
 0.23134063073314E+03
 0.23134063070103E+03
 0.23134063068934E+03
 0.23134063052488E+03
 0.23134063048444E+03
 0.23134063046267E+03
 0.23134063044769E+03
 0.23134063043444E+03
 0.23134063033095E+03
 0.23134176638146E+03
 0.23134176636754E+03
 0.23134176636222E+03
 0.23134176636148E+03
 0.23134176625181E+03
 0.23134176623558E+03
 0.23134176622276E+03
 0.23134176622610E+03
 0.23134176617022E+03
 0.23134176613672E+03
 0.23134176614979E+03
 0.23134176614646E+03
 0.23134176614907E+03
 0.23134116742905E+03
 0.23134116740412E+03
 0.23134116741310E+03
 0.23134116743753E+03
 0.23134116748499E+03
 0.23134116741327E+03
 0.23134185011328E+03
 0.23134185017597E+03
 0.23134185018119E+03
 0.23134185013639E+03
 0.23134185019908E+03
 0.23134185020689E+03
 0.23134185026099E+03
 0.23134185032288E+03
 0.23134185028254E+03
 0.23134185042479E+03
 0.23134185054720E+03
 0.23134203314770E+03
 0.23134203328929E+03
 0.23134203384214E+03
 0.23134139044766E+03
 0.23134139026352E+03
 0.23134139059900E+03
 0.23134139098420E+03
 0.23134139249535E+03
 0.23134203865211E+03
 0.23134203872788E+03
 0.23134213514124E+03
 0.23134213547680E+03
 0.23134213531891E+03
 0.23134213533806E+03
 0.23134213606818E+03
 0.23134213543239E+03
 0.23134213577338E+03
 0.23134213550877E+03
 0.23134213576666E+03
 0.23134221224281E+03
 0.23134221179099E+03
 0.23134221200923E+03
 0.23134146617461E+03
 0.23134146581680E+03
 0.23134146587949E+03
 0.23134146553779E+03
 0.23134146572146E+03
 0.23134146613548E+03
 0.23134146623997E+03
 0.23134146643320E+03
 0.23134146651517E+03
 0.23134146652542E+03
 0.23134174427084E+03
 0.23134174323176E+03
 0.23134174374087E+03
 0.23134174407928E+03
 0.23134174375141E+03
 0.23134174429979E+03
 0.23134174405803E+03
 0.23134174429594E+03
 0.23134174401613E+03
 0.23134174524243E+03
 0.23134174467866E+03
 0.23134174457073E+03
 0.23134174483660E+03
 0.23134174506396E+03
 0.23134174469310E+03
 0.23134174498624E+03
 0.23134174559862E+03
 0.23134174520678E+03
 0.23134174539277E+03
 0.23134174532569E+03
 0.23134174542180E+03
 0.23134174543010E+03
 0.23134174681345E+03
 0.23134146962840E+03
 0.23134146921852E+03
 0.23134146942846E+03
 0.23134146929926E+03
 0.23134147004277E+03
 0.23134248443604E+03
 0.23134248471365E+03
 0.23134248499539E+03
 0.23134248505099E+03
 0.23134248477280E+03
 0.23134160118432E+03
 0.23134160146403E+03
 0.23134160184330E+03
 0.23134160213041E+03
 0.23134249756804E+03
 0.23134249708522E+03
 0.23134249703908E+03
 0.23134249715794E+03
 0.23134249721541E+03
 0.23134249741318E+03
 0.23134249750136E+03
 0.23134118984962E+03
 0.23134118951673E+03
 0.23134118891354E+03
 0.23134191406657E+03
 0.23134158304813E+03
 0.23134158176935E+03
 0.23134158059782E+03
 0.23134158091393E+03
 0.23134118319721E+03
 0.23134118261875E+03
 0.23134118256747E+03
 0.23134175871856E+03
 0.23134175874057E+03
 0.23134118517388E+03
 0.23134118611875E+03
 0.23134118469129E+03
 0.23134118480913E+03
 0.23134118489792E+03
 0.23134118523069E+03
 0.23134118508516E+03
 0.23134118513269E+03
 0.23134118460392E+03
 0.23134118563473E+03
 0.23134122451101E+03
 0.23134122429488E+03
 0.23134122422308E+03
 0.23134122425440E+03
 0.23134122432899E+03
 0.23134122422613E+03
