-0.83083670659751E+09
-0.83084151687863E+09
-0.83085328752068E+09
-0.83087185861922E+09
-0.83089641260298E+09
-0.83092651396594E+09
-0.83096242649272E+09
-0.83100397347218E+09
-0.83105085249486E+09
-0.83110231783866E+09
-0.83115894631464E+09
-0.83122009524194E+09
-0.83128613596403E+09
-0.83135522688151E+09
-0.83142811265159E+09
-0.83150563133446E+09
-0.83158638414464E+09
-0.83166969140274E+09
-0.83175589459701E+09
-0.83184366723054E+09
-0.83193426452726E+09
-0.83202660419838E+09
-0.83212042704031E+09
-0.83221650204467E+09
-0.83231375903876E+09
-0.83240947412835E+09
-0.83250188489759E+09
-0.83260433898092E+09
-0.83270648255937E+09
-0.83280334401737E+09
-0.83294640610773E+09
-0.83284910324771E+09
-0.83284762802918E+09
-0.83286292673800E+09
-0.83290517669751E+09
-0.83295178899945E+09
-0.83299406587443E+09
-0.83306869635218E+09
-0.83313799427807E+09
-0.83320040597979E+09
-0.83325850313847E+09
-0.83334063285071E+09
-0.83342446295825E+09
-0.83351098900251E+09
-0.83361492332287E+09
-0.83366022136264E+09
-0.83379295810533E+09
-0.83383137240545E+09
-0.83393465942503E+09
-0.83398900573690E+09
-0.83412541133237E+09
-0.83422786205155E+09
-0.83429741790803E+09
-0.83442353766337E+09
-0.83452964104002E+09
-0.83462342118118E+09
-0.83466190034546E+09
-0.83479663488000E+09
-0.83497251123473E+09
-0.83505592371988E+09
-0.83514858758184E+09
-0.83525601454727E+09
-0.83540114744237E+09
-0.83556030537253E+09
-0.83561538694402E+09
-0.83576211123247E+09
-0.83588375017965E+09
-0.83600154447693E+09
-0.83614163924742E+09
-0.83628403320989E+09
-0.83640170960952E+09
-0.83654559923135E+09
-0.83665456241677E+09
-0.83677134529871E+09
-0.83693346128943E+09
-0.83704928476654E+09
-0.83713637269637E+09
-0.83737176703216E+09
-0.83743542842886E+09
-0.83761976751386E+09
-0.83773451589024E+09
-0.83788385392484E+09
-0.83810514365032E+09
-0.83821860569951E+09
-0.83839144339561E+09
-0.83851298423371E+09
-0.83871580477518E+09
-0.83883879566505E+09
-0.83892155802612E+09
-0.83915064150819E+09
-0.83929387239351E+09
-0.83942989185257E+09
-0.83955238774511E+09
-0.83983049855607E+09
-0.83984294724156E+09
-0.84000907930806E+09
-0.84030761723801E+09
-0.84043292190623E+09
-0.84044957409522E+09
-0.84080535374591E+09
-0.84083424555638E+09
-0.84095271950739E+09
-0.84110108398257E+09
-0.84132451711672E+09
-0.84145403937271E+09
-0.84166934188276E+09
-0.84188428394039E+09
-0.84193132023130E+09
-0.84210503300993E+09
-0.84231810038307E+09
-0.84246625874539E+09
-0.84258960759728E+09
-0.84276845060381E+09
-0.84293323227222E+09
-0.84321998585035E+09
-0.84327510189610E+09
-0.84345660091410E+09
-0.84349864725824E+09
-0.84380817107375E+09
-0.84391377603874E+09
-0.84404479453026E+09
-0.84424463426032E+09
-0.84439001842328E+09
-0.84465969408464E+09
-0.84474037561905E+09
-0.84488950302338E+09
-0.84489050490593E+09
-0.84512900934653E+09
-0.84532908625303E+09
-0.84556492571396E+09
-0.84570249287358E+09
-0.84573744875293E+09
-0.84603669526081E+09
-0.84615403062935E+09
-0.84615984988039E+09
-0.84643036996362E+09
-0.84666610909052E+09
-0.84672227617741E+09
-0.84693848392153E+09
-0.84693417689735E+09
-0.84705683513709E+09
-0.84738702082578E+09
-0.84751994742121E+09
-0.84782637204018E+09
-0.84776896578950E+09
-0.84800243758038E+09
-0.84819473170945E+09
-0.84829769810320E+09
-0.84845557490573E+09
-0.84855322191199E+09
-0.84880796398377E+09
-0.84897794008025E+09
-0.84894780966432E+09
-0.84907592312030E+09
-0.84925216884224E+09
-0.84928229578705E+09
-0.84967126329782E+09
-0.84979630103994E+09
-0.85014229425264E+09
-0.85007401828565E+09
-0.85036163363252E+09
-0.85048022557928E+09
-0.85055817548275E+09
-0.85055508053020E+09
-0.85107405514091E+09
-0.85103426824939E+09
-0.85111559028564E+09
-0.85129378488251E+09
-0.85152534542590E+09
-0.85172169048840E+09
-0.85164147794789E+09
-0.85208479635564E+09
-0.85203054790165E+09
-0.85229299664921E+09
-0.85247465484157E+09
-0.85266108612534E+09
-0.85283242037710E+09
-0.85288798616592E+09
-0.85298301697979E+09
-0.85331784895271E+09
-0.85342835478414E+09
-0.85355386429262E+09
-0.85385289293010E+09
-0.85405342843211E+09
-0.85417518596544E+09
-0.85433284814370E+09
-0.85447248214905E+09
-0.85464532373654E+09
-0.85477757713735E+09
-0.85481012036589E+09
-0.85511668127497E+09
-0.85545103418355E+09
-0.85549642416949E+09
-0.85563992719128E+09
-0.85574841096491E+09
-0.85604991633320E+09
-0.85625853543291E+09
-0.85643264496478E+09
-0.85678397724550E+09
-0.85680154890700E+09
-0.85696518601524E+09
