 0.11680136467277E+07
 0.11680090963179E+07
 0.11680091057995E+07
 0.11680091057995E+07
 0.11680091057995E+07
 0.11680091057995E+07
 0.11680091057995E+07
 0.11680091095816E+07
 0.11680087390309E+07
 0.11680103098464E+07
 0.11680103088762E+07
 0.11680103076440E+07
 0.11680103076440E+07
 0.11680103076440E+07
 0.11680103076440E+07
 0.11680103076440E+07
 0.11680103076440E+07
 0.11680103076440E+07
 0.11680103076440E+07
 0.11680103076440E+07
 0.11680103076440E+07
 0.11680103076440E+07
 0.11680103076440E+07
 0.11680103076440E+07
 0.11680103076440E+07
 0.11680103076440E+07
 0.11680103076440E+07
 0.11680103076440E+07
 0.11680103076440E+07
 0.11680103076440E+07
 0.11680103076440E+07
 0.11680103076440E+07
 0.11680103076440E+07
 0.11680103076440E+07
 0.11680103076440E+07
 0.11680103076440E+07
 0.11680103076440E+07
 0.11680103076440E+07
 0.11680103076440E+07
 0.11680103076440E+07
 0.11680103076440E+07
 0.11680103076464E+07
 0.11680103076571E+07
 0.11680103076552E+07
 0.11680103076784E+07
 0.11680103076808E+07
 0.11680103077048E+07
 0.11680103077031E+07
 0.11680103077390E+07
 0.11680103077416E+07
 0.11680103077359E+07
 0.11680103078005E+07
 0.11680103078009E+07
 0.11680103077962E+07
 0.11680103078673E+07
 0.11680103078926E+07
 0.11680103078921E+07
 0.11680103078831E+07
 0.11680103078798E+07
 0.11680103080192E+07
 0.11680103080278E+07
 0.11680103080201E+07
 0.11680103080213E+07
 0.11680103080115E+07
 0.11680103081599E+07
 0.11680103082100E+07
 0.11680103082060E+07
 0.11680103082155E+07
 0.11680103082087E+07
 0.11680103081967E+07
 0.11680103081897E+07
 0.11680103083723E+07
 0.11680103084405E+07
 0.11680103084527E+07
 0.11680103084452E+07
 0.11680103084294E+07
 0.11680103084097E+07
 0.11680103084006E+07
 0.11680103084017E+07
 0.11680103085883E+07
 0.11680103086442E+07
 0.11680103086725E+07
 0.11680103086695E+07
 0.11680103086568E+07
 0.11680103086375E+07
 0.11680103086141E+07
 0.11680103085967E+07
 0.11680103086015E+07
 0.11680103085919E+07
 0.11680103087087E+07
 0.11680103087305E+07
 0.11680103087246E+07
 0.11680103087263E+07
 0.11680103087240E+07
 0.11680103087133E+07
 0.11680103086948E+07
 0.11680103086730E+07
 0.11680103086484E+07
 0.11680103086216E+07
 0.11680103085944E+07
 0.11680103085899E+07
 0.11680103084124E+07
 0.11680103083494E+07
 0.11680103083398E+07
 0.11680103082988E+07
 0.11680103082615E+07
 0.11680103082174E+07
 0.11680103081947E+07
 0.11680103081528E+07
 0.11680103081190E+07
 0.11680103080869E+07
 0.11680103080563E+07
 0.11680103080279E+07
 0.11680103080113E+07
 0.11680103079812E+07
 0.11680103079800E+07
 0.11680103071118E+07
 0.11680103068996E+07
 0.11680103067447E+07
 0.11680103066226E+07
 0.11680103065277E+07
 0.11680103064532E+07
 0.11680103063777E+07
 0.11680103063239E+07
 0.11680103062779E+07
 0.11680103062376E+07
 0.11680103062015E+07
 0.11680103061684E+07
 0.11680103061379E+07
 0.11680103061093E+07
 0.11680103061059E+07
 0.11680103060804E+07
 0.11680103060533E+07
 0.11680103037848E+07
 0.11680103033086E+07
 0.11680103029376E+07
 0.11680103026490E+07
 0.11680103024248E+07
 0.11680103022504E+07
 0.11680103021144E+07
 0.11680103020079E+07
 0.11680103019371E+07
 0.11680103018746E+07
 0.11680103018242E+07
 0.11680103017826E+07
 0.11680103017318E+07
 0.11680103017174E+07
 0.11680103016909E+07
 0.11680103016670E+07
 0.11680103016177E+07
 0.11680103016009E+07
 0.11680103015862E+07
 0.11680103015736E+07
 0.11680102970131E+07
 0.11680102961428E+07
 0.11680102954443E+07
 0.11680102949015E+07
 0.11680102944762E+07
 0.11680102941372E+07
 0.11680102938679E+07
 0.11680102936546E+07
 0.11680102934871E+07
 0.11680102933540E+07
 0.11680102932497E+07
 0.11680102931682E+07
 0.11680102931048E+07
 0.11680102930558E+07
 0.11680102930181E+07
 0.11680102929895E+07
 0.11680102929688E+07
 0.11680102929536E+07
 0.11680102929431E+07
 0.11680102929383E+07
 0.11680102929378E+07
 0.11680102929392E+07
 0.11680102929425E+07
 0.11680102929469E+07
 0.11680102929547E+07
 0.11680102878001E+07
 0.11680102869082E+07
 0.11680102861754E+07
 0.11680102855763E+07
 0.11680102850892E+07
 0.11680102846961E+07
 0.11680102843815E+07
 0.11680102841324E+07
 0.11680102839381E+07
 0.11680102837892E+07
 0.11680102836784E+07
 0.11680102835992E+07
 0.11680102835430E+07
 0.11680102834861E+07
 0.11680102834440E+07
 0.11680102834143E+07
 0.11680102833948E+07
 0.11680102833838E+07
 0.11680102833797E+07
 0.11680102833822E+07
 0.11680102833901E+07
 0.11680102834081E+07
 0.11680102834312E+07
 0.11680102834583E+07
 0.11680102834900E+07
 0.11680102835269E+07
 0.11680102835254E+07
 0.11680102835601E+07
 0.11680102835984E+07
 0.11680102836405E+07
 0.11680102804501E+07
 0.11680102799781E+07
 0.11680102795907E+07
 0.11680102792763E+07
 0.11680102790242E+07
 0.11680102788254E+07
 0.11680102786724E+07
 0.11680102785586E+07
 0.11680102784783E+07
 0.11680102784269E+07
 0.11680102784001E+07
 0.11680102783945E+07
 0.11680102784071E+07
 0.11680102784352E+07
 0.11680102784767E+07
 0.11680102785298E+07
 0.11680102785927E+07
 0.11680102786641E+07
 0.11680102787425E+07
 0.11680102789256E+07
 0.11680102790308E+07
 0.11680102791422E+07
 0.11680102792590E+07
 0.11680102793752E+07
 0.11680102794888E+07
 0.11680102795971E+07
 0.11680102796943E+07
 0.11680102795814E+07
 0.11680102796322E+07
 0.11680102798529E+07
 0.11680102797955E+07
 0.11680102799399E+07
 0.11680102790527E+07
 0.11680102790392E+07
 0.11680102790566E+07
 0.11680102790233E+07
 0.11680102789392E+07
 0.11680102788809E+07
 0.11680102788449E+07
 0.11680102788293E+07
 0.11680102788320E+07
 0.11680102788515E+07
 0.11680102788866E+07
 0.11680102795958E+07
 0.11680102795808E+07
 0.11680102795775E+07
 0.11680102795880E+07
 0.11680102796176E+07
 0.11680102796876E+07
 0.11680102801409E+07
 0.11680102798928E+07
 0.11680102798717E+07
 0.11680102799370E+07
 0.11680102800229E+07
 0.11680102801352E+07
 0.11680102802638E+07
 0.11680102807711E+07
 0.11680102808548E+07
 0.11680102809278E+07
 0.11680102805363E+07
 0.11680102818773E+07
 0.11680102825975E+07
 0.11680102819030E+07
 0.11680102812564E+07
 0.11680102821209E+07
 0.11680102822068E+07
 0.11680102823024E+07
 0.11680102824031E+07
 0.11680102825052E+07
 0.11680102826092E+07
 0.11680102827207E+07
 0.11680102828434E+07
 0.11680102829795E+07
 0.11680102831279E+07
 0.11680102832892E+07
 0.11680102834625E+07
 0.11680102836499E+07
 0.11680102838534E+07
 0.11680102840793E+07
 0.11680102843408E+07
 0.11680102846694E+07
 0.11680102851400E+07
 0.11680102859657E+07
 0.11680102871982E+07
 0.11680102864779E+07
 0.11680102867168E+07
 0.11680102870937E+07
 0.11680102872742E+07
 0.11680102873927E+07
 0.11680102880148E+07
 0.11680102883589E+07
 0.11680102886863E+07
 0.11680102890157E+07
 0.11680102893429E+07
 0.11680102896517E+07
 0.11680102899381E+07
 0.11680102901977E+07
 0.11680102904236E+07
 0.11680102910697E+07
 0.11680102923528E+07
 0.11680102927326E+07
 0.11680102928601E+07
 0.11680102929890E+07
 0.11680102931190E+07
 0.11680102932515E+07
 0.11680102933880E+07
 0.11680102935294E+07
 0.11680102936745E+07
 0.11680102938259E+07
 0.11680102939836E+07
 0.11680102941477E+07
 0.11680102943188E+07
 0.11680102944970E+07
 0.11680102946826E+07
 0.11680102948771E+07
 0.11680102950800E+07
 0.11680102952909E+07
 0.11680102955116E+07
 0.11680102957423E+07
 0.11680102959836E+07
 0.11680102957394E+07
 0.11680102959487E+07
 0.11680102961678E+07
 0.11680102963970E+07
 0.11680102966385E+07
 0.11680102968924E+07
 0.11680102971589E+07
 0.11680102974399E+07
 0.11680102977496E+07
 0.11680102988607E+07
 0.11680102994534E+07
 0.11680102992010E+07
 0.11680102995875E+07
 0.11680102997634E+07
 0.11680103007337E+07
 0.11680103016228E+07
 0.11680103019510E+07
 0.11680103022769E+07
 0.11680103026028E+07
 0.11680103029310E+07
 0.11680103032659E+07
 0.11680103036257E+07
 0.11680103040750E+07
 0.11680103043150E+07
 0.11680103045794E+07
 0.11680103048957E+07
 0.11680103052168E+07
 0.11680103055412E+07
 0.11680103056838E+07
 0.11680103058170E+07
 0.11680103059768E+07
 0.11680103066465E+07
 0.11680103061912E+07
 0.11680103063301E+07
 0.11680103068427E+07
 0.11680103069266E+07
 0.11680103070175E+07
 0.11680103071027E+07
 0.11680103071874E+07
 0.11680103072837E+07
 0.11680103096704E+07
 0.11680103082441E+07
 0.11680103082799E+07
 0.11680103087647E+07
 0.11680103098598E+07
 0.11680103094435E+07
 0.11680103088075E+07
 0.11680103088381E+07
 0.11680103092726E+07
 0.11680103111425E+07
 0.11680103115318E+07
 0.11680103119336E+07
 0.11680103123614E+07
 0.11680103128400E+07
 0.11680103133448E+07
 0.11680103134683E+07
 0.11680103135567E+07
 0.11680103136000E+07
 0.11680103135844E+07
 0.11680103135539E+07
 0.11680103136834E+07
 0.11680103138055E+07
 0.11680103139338E+07
 0.11680103140613E+07
 0.11680103141630E+07
 0.11680103142496E+07
 0.11680103143478E+07
 0.11680103145363E+07
 0.11680103146547E+07
 0.11680103146669E+07
 0.11680103147749E+07
 0.11680103148809E+07
 0.11680103151318E+07
 0.11680103152558E+07
 0.11680103153817E+07
 0.11680103155093E+07
 0.11680103156266E+07
 0.11680103157627E+07
 0.11680103158995E+07
 0.11680103160368E+07
 0.11680103161705E+07
 0.11680103198641E+07
 0.11680103203219E+07
 0.11680103207589E+07
 0.11680103211746E+07
 0.11680103215648E+07
 0.11680103219369E+07
 0.11680103222928E+07
 0.11680103226049E+07
 0.11680103227390E+07
 0.11680103228621E+07
 0.11680103229740E+07
 0.11680103230784E+07
 0.11680103231733E+07
 0.11680103232059E+07
 0.11680103232952E+07
 0.11680103233777E+07
 0.11680103234552E+07
 0.11680103235293E+07
 0.11680103236009E+07
 0.11680103236711E+07
 0.11680103237365E+07
 0.11680103238012E+07
 0.11680103238649E+07
 0.11680103239281E+07
 0.11680103239908E+07
 0.11680103240546E+07
 0.11680103241189E+07
 0.11680103241829E+07
 0.11680103242483E+07
 0.11680103243129E+07
 0.11680103243790E+07
 0.11680103247760E+07
 0.11680103251685E+07
 0.11680103255380E+07
 0.11680103258907E+07
 0.11680103262233E+07
 0.11680103265413E+07
 0.11680103268438E+07
 0.11680103271298E+07
 0.11680103274023E+07
 0.11680103276644E+07
 0.11680103279162E+07
 0.11680103280793E+07
 0.11680103281261E+07
 0.11680103281635E+07
 0.11680103281963E+07
 0.11680103282231E+07
 0.11680103282432E+07
 0.11680103282637E+07
 0.11680103282786E+07
 0.11680103282880E+07
 0.11680103282966E+07
 0.11680103283034E+07
 0.11680103283093E+07
 0.11680103283123E+07
 0.11680103283170E+07
 0.11680103283185E+07
 0.11680103283211E+07
 0.11680103283259E+07
 0.11680103283311E+07
 0.11680103283349E+07
 0.11680103283416E+07
 0.11680103283496E+07
 0.11680103283561E+07
 0.11680103283680E+07
 0.11680103283718E+07
 0.11680103283791E+07
 0.11680103283856E+07
 0.11680103283945E+07
 0.11680103284071E+07
 0.11680103284189E+07
 0.11680103284345E+07
 0.11680103285574E+07
 0.11680103286118E+07
 0.11680103286671E+07
 0.11680103287201E+07
 0.11680103287752E+07
 0.11680103288293E+07
 0.11680103288819E+07
 0.11680103289329E+07
 0.11680103289252E+07
 0.11680103288277E+07
 0.11680103287380E+07
 0.11680103286503E+07
 0.11680103285673E+07
 0.11680103284920E+07
 0.11680103287732E+07
 0.11680103286413E+07
 0.11680103285254E+07
 0.11680103284101E+07
 0.11680103283006E+07
 0.11680103282165E+07
 0.11680103284446E+07
 0.11680103283068E+07
 0.11680103281885E+07
 0.11680103280876E+07
 0.11680103279801E+07
 0.11680103278711E+07
 0.11680103275996E+07
 0.11680103280096E+07
 0.11680103279027E+07
 0.11680103278345E+07
 0.11680103278644E+07
 0.11680103280232E+07
 0.11680103284526E+07
 0.11680103275277E+07
 0.11680103275330E+07
 0.11680103274254E+07
 0.11680103275530E+07
 0.11680103273777E+07
 0.11680103273699E+07
 0.11680103276151E+07
 0.11680103276086E+07
 0.11680103276710E+07
 0.11680103277252E+07
 0.11680103277692E+07
 0.11680103278047E+07
 0.11680103275654E+07
 0.11680103276019E+07
 0.11680103275271E+07
 0.11680103274066E+07
 0.11680103272904E+07
 0.11680103271775E+07
 0.11680103270841E+07
 0.11680103269811E+07
 0.11680103268753E+07
 0.11680103267805E+07
 0.11680103266902E+07
 0.11680103266017E+07
 0.11680103265214E+07
 0.11680103264432E+07
 0.11680103263706E+07
 0.11680103263051E+07
 0.11680103262406E+07
 0.11680103261801E+07
 0.11680103261260E+07
 0.11680103260727E+07
 0.11680103260248E+07
 0.11680103259800E+07
 0.11680103259376E+07
 0.11680103258959E+07
 0.11680103258565E+07
 0.11680103258224E+07
 0.11680103257869E+07
 0.11680103257542E+07
 0.11680103257201E+07
 0.11680103256871E+07
 0.11680103257870E+07
 0.11680103257887E+07
 0.11680103257902E+07
 0.11680103257923E+07
 0.11680103257916E+07
 0.11680103257925E+07
 0.11680103257879E+07
 0.11680103257769E+07
 0.11680103257635E+07
 0.11680103257342E+07
 0.11680103256810E+07
 0.11680103252460E+07
 0.11680103252741E+07
 0.11680103252843E+07
 0.11680103252895E+07
 0.11680103252684E+07
 0.11680103252447E+07
 0.11680103248185E+07
 0.11680103248644E+07
 0.11680103249024E+07
 0.11680103240242E+07
 0.11680103241752E+07
 0.11680103242603E+07
 0.11680103240292E+07
 0.11680103237814E+07
 0.11680103238116E+07
 0.11680103240524E+07
 0.11680103239806E+07
 0.11680103239586E+07
 0.11680103243859E+07
 0.11680103242747E+07
 0.11680103240646E+07
 0.11680103238727E+07
 0.11680103238407E+07
 0.11680103237954E+07
 0.11680103237253E+07
 0.11680103236481E+07
 0.11680103236107E+07
 0.11680103235916E+07
 0.11680103235602E+07
 0.11680103235328E+07
 0.11680103234986E+07
 0.11680103234687E+07
 0.11680103234567E+07
 0.11680103234406E+07
 0.11680103234262E+07
 0.11680103234166E+07
 0.11680103234063E+07
 0.11680103235067E+07
 0.11680103235140E+07
 0.11680103235451E+07
 0.11680103235574E+07
 0.11680103234375E+07
 0.11680103233192E+07
 0.11680103231974E+07
 0.11680103230825E+07
 0.11680103229551E+07
 0.11680103228352E+07
 0.11680103227182E+07
 0.11680103226147E+07
 0.11680103225246E+07
 0.11680103224367E+07
 0.11680103223598E+07
 0.11680103222935E+07
 0.11680103220027E+07
 0.11680103219259E+07
 0.11680103218354E+07
 0.11680103217477E+07
 0.11680103216734E+07
 0.11680103216034E+07
 0.11680103215412E+07
 0.11680103214922E+07
 0.11680103214448E+07
 0.11680103216523E+07
 0.11680103215429E+07
 0.11680103214517E+07
 0.11680103213727E+07
 0.11680103213023E+07
 0.11680103212398E+07
 0.11680103213117E+07
 0.11680103212131E+07
 0.11680103209620E+07
 0.11680103208899E+07
 0.11680103208295E+07
 0.11680103207630E+07
 0.11680103207083E+07
 0.11680103206536E+07
 0.11680103206032E+07
 0.11680103205505E+07
 0.11680103205548E+07
 0.11680103204948E+07
 0.11680103204375E+07
 0.11680103203884E+07
 0.11680103203405E+07
 0.11680103203145E+07
 0.11680103202628E+07
 0.11680103202080E+07
 0.11680103201616E+07
 0.11680103201093E+07
 0.11680103200589E+07
 0.11680103199972E+07
 0.11680103199127E+07
 0.11680103197554E+07
 0.11680103192121E+07
 0.11680103195935E+07
 0.11680103193579E+07
 0.11680103193799E+07
 0.11680103193617E+07
 0.11680103192630E+07
 0.11680103191477E+07
 0.11680103190410E+07
 0.11680103189473E+07
 0.11680103185678E+07
 0.11680103184339E+07
 0.11680103183458E+07
 0.11680103182663E+07
 0.11680103181906E+07
 0.11680103181234E+07
 0.11680103180478E+07
 0.11680103179752E+07
 0.11680103179087E+07
 0.11680103178470E+07
 0.11680103178016E+07
 0.11680103176633E+07
 0.11680103175765E+07
 0.11680103174839E+07
 0.11680103173991E+07
 0.11680103173169E+07
 0.11680103172317E+07
 0.11680103171845E+07
 0.11680103173035E+07
 0.11680103172546E+07
 0.11680103172016E+07
 0.11680103171522E+07
 0.11680103171182E+07
 0.11680103170807E+07
 0.11680103170428E+07
 0.11680103170013E+07
 0.11680103169505E+07
 0.11680103169011E+07
 0.11680103168503E+07
 0.11680103168024E+07
 0.11680103167337E+07
 0.11680103166541E+07
 0.11680103161061E+07
 0.11680103160291E+07
 0.11680103159629E+07
 0.11680103158910E+07
 0.11680103158278E+07
 0.11680103157655E+07
 0.11680103157090E+07
 0.11680103156479E+07
 0.11680103155918E+07
 0.11680103155294E+07
 0.11680103155546E+07
 0.11680103154832E+07
 0.11680103154197E+07
 0.11680103153687E+07
 0.11680103153966E+07
 0.11680103153370E+07
 0.11680103152931E+07
 0.11680103152968E+07
 0.11680103153823E+07
 0.11680103157196E+07
 0.11680103157206E+07
 0.11680103156911E+07
 0.11680103156082E+07
 0.11680103155153E+07
 0.11680103154278E+07
 0.11680103152968E+07
 0.11680103152015E+07
 0.11680103151198E+07
 0.11680103150438E+07
 0.11680103149648E+07
 0.11680103148950E+07
 0.11680103148176E+07
 0.11680103147459E+07
 0.11680103146667E+07
 0.11680103144850E+07
 0.11680103143881E+07
 0.11680103143065E+07
 0.11680103142331E+07
 0.11680103141418E+07
 0.11680103140532E+07
 0.11680103139795E+07
 0.11680103138887E+07
 0.11680103138104E+07
 0.11680103137282E+07
 0.11680103136445E+07
 0.11680103135467E+07
 0.11680103134686E+07
 0.11680103132827E+07
 0.11680103131877E+07
 0.11680103130964E+07
 0.11680103129924E+07
 0.11680103128904E+07
 0.11680103127843E+07
 0.11680103126794E+07
 0.11680103125672E+07
 0.11680103124472E+07
 0.11680103123434E+07
 0.11680103122225E+07
 0.11680103120989E+07
 0.11680103119802E+07
 0.11680103118498E+07
 0.11680103117305E+07
 0.11680103118762E+07
 0.11680103117303E+07
 0.11680103115794E+07
 0.11680103114252E+07
 0.11680103112667E+07
 0.11680103111153E+07
 0.11680103109758E+07
 0.11680103110366E+07
 0.11680103108692E+07
 0.11680103107661E+07
 0.11680103107435E+07
 0.11680103106133E+07
 0.11680103104430E+07
 0.11680103095319E+07
 0.11680103114598E+07
 0.11680103112907E+07
 0.11680103116656E+07
 0.11680103115655E+07
 0.11680103114562E+07
 0.11680087682208E+07
 0.11680087686358E+07
 0.11680087685244E+07
 0.11680087701850E+07
 0.11680087659774E+07
 0.11680087629180E+07
 0.11680087672076E+07
 0.11680087666543E+07
 0.11680087668182E+07
 0.11680087671053E+07
 0.11680087671024E+07
 0.11680087668827E+07
 0.11680087667024E+07
 0.11680087665144E+07
 0.11680087663347E+07
 0.11680087661517E+07
 0.11680087653149E+07
 0.11680087658663E+07
 0.11680087659762E+07
 0.11680087660686E+07
 0.11680087661511E+07
 0.11680087662133E+07
 0.11680087662692E+07
 0.11680087663113E+07
 0.11680087663268E+07
 0.11680087663324E+07
 0.11680087663334E+07
 0.11680087662986E+07
 0.11680087662774E+07
 0.11680087666780E+07
 0.11680087670270E+07
 0.11680087674048E+07
 0.11680087677938E+07
 0.11680087681293E+07
 0.11680087684082E+07
 0.11680087686423E+07
 0.11680087688519E+07
 0.11680087690279E+07
 0.11680087677492E+07
 0.11680087681945E+07
 0.11680087685521E+07
 0.11680087688516E+07
 0.11680087690914E+07
 0.11680087692794E+07
 0.11680087694263E+07
 0.11680087695375E+07
 0.11680087696178E+07
 0.11680087696961E+07
 0.11680087697566E+07
 0.11680087696063E+07
 0.11680087702158E+07
 0.11680087701528E+07
 0.11680087701003E+07
 0.11680087700295E+07
 0.11680087699711E+07
 0.11680087699048E+07
 0.11680087698561E+07
 0.11680087697817E+07
 0.11680087698311E+07
 0.11680087698676E+07
 0.11680087697728E+07
 0.11680087697180E+07
 0.11680087697151E+07
 0.11680087700399E+07
 0.11680092556394E+07
 0.11680092557168E+07
 0.11680092558238E+07
 0.11680092555891E+07
 0.11680092549051E+07
 0.11680092522958E+07
 0.11680092472874E+07
 0.11680092511225E+07
 0.11680092511478E+07
 0.11680092509777E+07
 0.11680092474989E+07
 0.11680092480988E+07
 0.11680092520067E+07
 0.11680092525136E+07
 0.11680092529611E+07
 0.11680092542712E+07
 0.11680092544794E+07
 0.11680092546671E+07
 0.11680092548470E+07
 0.11680092549829E+07
 0.11680092551373E+07
 0.11680092552437E+07
 0.11680092553411E+07
 0.11680092554404E+07
 0.11680092555176E+07
 0.11680092555595E+07
 0.11680092556287E+07
 0.11680092556660E+07
 0.11680092557058E+07
 0.11680092557323E+07
 0.11680092556913E+07
 0.11680092556575E+07
 0.11680107578422E+07
 0.11680107577503E+07
 0.11680107576558E+07
 0.11680107575725E+07
 0.11680107574531E+07
 0.11680107573589E+07
 0.11680107572654E+07
 0.11680107571919E+07
 0.11680107570855E+07
 0.11680107569991E+07
 0.11680107568990E+07
 0.11680107568036E+07
 0.11680107567483E+07
 0.11680107566227E+07
 0.11680107565647E+07
 0.11680107565019E+07
 0.11680107564584E+07
 0.11680107563196E+07
 0.11680107561806E+07
 0.11680107560105E+07
 0.11680107558612E+07
 0.11680107557224E+07
 0.11680107556490E+07
 0.11680107557349E+07
 0.11680107558746E+07
 0.11680107560037E+07
 0.11680107560091E+07
 0.11680107565646E+07
 0.11680107564366E+07
 0.11680107564915E+07
 0.11680107567098E+07
 0.11680107570987E+07
 0.11680107577431E+07
 0.11680107571855E+07
 0.11680107577845E+07
 0.11680107577434E+07
 0.11680107578432E+07
 0.11680107579518E+07
 0.11680107580276E+07
 0.11680107581354E+07
 0.11680107578139E+07
 0.11680107577045E+07
 0.11680107576226E+07
 0.11680107574947E+07
 0.11680107577861E+07
 0.11680107577176E+07
 0.11680107575576E+07
 0.11680107574288E+07
 0.11680107568550E+07
 0.11680107566186E+07
 0.11680107564757E+07
 0.11680107562878E+07
 0.11680107561254E+07
 0.11680107559457E+07
 0.11680107557709E+07
 0.11680107555963E+07
 0.11680107554597E+07
 0.11680107553330E+07
 0.11680107551704E+07
 0.11680107550270E+07
 0.11680107548264E+07
 0.11680107545841E+07
 0.11680107543748E+07
 0.11680107541374E+07
 0.11680107539219E+07
 0.11680107536531E+07
 0.11680107527990E+07
 0.11680107535714E+07
 0.11680107542259E+07
 0.11680107547761E+07
 0.11680107552175E+07
 0.11680107556393E+07
 0.11680107559596E+07
 0.11680107562988E+07
 0.11680107565593E+07
 0.11680107567835E+07
 0.11680107569697E+07
 0.11680107571680E+07
 0.11680107573208E+07
 0.11680107574140E+07
 0.11680107575011E+07
 0.11680107575420E+07
 0.11680107575740E+07
 0.11680107575892E+07
 0.11680107575866E+07
 0.11680107575894E+07
 0.11680107574410E+07
 0.11680107568726E+07
 0.11680107593240E+07
 0.11680107594416E+07
 0.11680107595961E+07
 0.11680107596340E+07
 0.11680107595906E+07
 0.11680107596103E+07
 0.11680107595035E+07
 0.11680107595543E+07
 0.11680107595004E+07
 0.11680107595746E+07
 0.11680107593986E+07
 0.11680107594879E+07
 0.11680073624872E+07
 0.11680073623936E+07
 0.11680073622998E+07
 0.11680073621983E+07
 0.11680073621100E+07
 0.11680073620621E+07
 0.11680073619792E+07
 0.11680073632576E+07
 0.11680073633363E+07
 0.11680073633939E+07
 0.11680073633755E+07
 0.11680073633447E+07
 0.11680073633626E+07
 0.11680073634045E+07
 0.11680073635729E+07
 0.11680073636336E+07
 0.11680073637614E+07
 0.11680073637459E+07
 0.11680073636815E+07
 0.11680073636767E+07
 0.11680073636652E+07
 0.11680073636992E+07
 0.11680073637812E+07
 0.11680073638587E+07
 0.11680073640799E+07
 0.11680073642786E+07
 0.11680073643888E+07
 0.11680073643971E+07
 0.11680073649718E+07
 0.11680073649495E+07
 0.11680073649997E+07
 0.11680073650612E+07
 0.11680073647036E+07
 0.11680073647469E+07
 0.11680073648216E+07
 0.11680073647372E+07
 0.11680073646765E+07
 0.11680073645712E+07
 0.11680073644537E+07
 0.11680073643398E+07
 0.11680073642193E+07
 0.11680073642023E+07
 0.11680073639476E+07
 0.11680073639198E+07
 0.11680073636587E+07
 0.11680073636456E+07
 0.11680073634497E+07
 0.11680073631726E+07
 0.11680073629419E+07
 0.11680073628339E+07
 0.11680073625749E+07
 0.11680073624403E+07
 0.11680073621377E+07
 0.11680073619239E+07
 0.11680073616686E+07
 0.11680073614752E+07
 0.11680073622952E+07
 0.11680104144049E+07
 0.11680104154001E+07
 0.11680104160931E+07
 0.11680104169366E+07
 0.11680104175479E+07
 0.11680104181828E+07
 0.11680104189117E+07
 0.11680104191454E+07
 0.11680104196025E+07
 0.11680104204132E+07
 0.11680104206253E+07
 0.11680104209270E+07
 0.11680104213126E+07
 0.11680104215936E+07
 0.11680104220440E+07
 0.11680130122810E+07
 0.11680130125372E+07
 0.11680130123251E+07
 0.11680130125872E+07
 0.11680130126469E+07
 0.11680130129011E+07
 0.11680130131255E+07
 0.11680099718798E+07
 0.11680099719130E+07
 0.11680099718709E+07
 0.11680099717672E+07
 0.11680099718741E+07
 0.11680099718759E+07
 0.11680099716765E+07
 0.11680099716964E+07
 0.11680099716767E+07
 0.11680099717185E+07
 0.11680099717376E+07
 0.11680099715640E+07
 0.11680099713987E+07
 0.11680099715275E+07
 0.11680099713686E+07
 0.11680099712282E+07
 0.11680099712158E+07
 0.11680099712742E+07
 0.11680099711658E+07
 0.11680099709515E+07
 0.11680099709756E+07
 0.11680099708720E+07
 0.11680099708218E+07
 0.11680099709382E+07
 0.11680099713437E+07
 0.11680099711779E+07
 0.11680099713467E+07
 0.11680099714570E+07
 0.11680099715125E+07
 0.11680099716894E+07
 0.11680099720675E+07
 0.11680099721877E+07
 0.11680099724100E+07
 0.11680099728438E+07
 0.11680099730742E+07
 0.11680099730351E+07
 0.11680099731050E+07
 0.11680099733861E+07
 0.11680099732556E+07
 0.11680099733148E+07
 0.11680099731647E+07
 0.11680099733138E+07
 0.11680125434223E+07
 0.11680125431771E+07
 0.11680125432035E+07
 0.11680125429210E+07
 0.11680125428428E+07
 0.11680125426794E+07
 0.11680125430144E+07
 0.11680125427543E+07
 0.11680125427796E+07
 0.11680125423992E+07
 0.11680125423213E+07
 0.11680125420217E+07
 0.11680125419014E+07
 0.11680125416788E+07
 0.11680125415608E+07
 0.11680125413219E+07
 0.11680125412992E+07
 0.11680125409902E+07
 0.11680125410276E+07
 0.11680125408225E+07
 0.11680125407037E+07
 0.11680125404520E+07
 0.11680125403540E+07
 0.11680125401727E+07
 0.11680125399786E+07
 0.11680125396479E+07
 0.11680125396044E+07
 0.11680125393240E+07
 0.11680125350228E+07
 0.11680125388273E+07
 0.11680125393062E+07
 0.11680125397948E+07
 0.11680125402995E+07
 0.11680125406089E+07
 0.11680125408477E+07
 0.11680125411395E+07
 0.11680125414434E+07
 0.11680125414409E+07
 0.11680125412754E+07
 0.11680125408291E+07
 0.11680125404153E+07
 0.11680083248077E+07
 0.11680083248970E+07
 0.11680083250316E+07
 0.11680083251554E+07
 0.11680083251436E+07
 0.11680083251279E+07
 0.11680083250351E+07
 0.11680083250557E+07
 0.11680083249947E+07
 0.11680083297253E+07
 0.11680083297343E+07
 0.11680083296970E+07
 0.11680083295915E+07
 0.11680083297384E+07
 0.11680083300531E+07
 0.11680083299741E+07
 0.11680083300300E+07
 0.11680083298577E+07
 0.11680083300470E+07
 0.11680083303623E+07
 0.11680083301288E+07
 0.11680083303689E+07
 0.11680083305545E+07
 0.11680083305609E+07
 0.11680083305622E+07
 0.11680083309147E+07
 0.11680083310205E+07
 0.11680083310333E+07
 0.11680089376506E+07
 0.11680089375370E+07
 0.11680089379498E+07
 0.11680089380169E+07
 0.11680089384753E+07
 0.11680089384460E+07
 0.11680089384293E+07
 0.11680089386081E+07
 0.11680089389113E+07
 0.11680089386969E+07
 0.11680089387071E+07
 0.11680089387858E+07
 0.11680089389745E+07
 0.11680089387162E+07
 0.11680089385412E+07
 0.11680089390386E+07
 0.11680089391010E+07
 0.11680089391996E+07
 0.11680089393100E+07
 0.11680089395829E+07
 0.11680089394002E+07
 0.11680089392395E+07
 0.11680089389949E+07
 0.11680089392875E+07
 0.11680089389691E+07
 0.11680089387242E+07
 0.11680089388466E+07
 0.11680089387160E+07
 0.11680089387642E+07
 0.11680089385016E+07
 0.11680089383837E+07
 0.11680089381384E+07
 0.11680089378344E+07
 0.11680089377788E+07
 0.11680089378228E+07
 0.11680089371711E+07
 0.11680089374580E+07
 0.11680089370049E+07
 0.11680089371623E+07
 0.11680089365734E+07
 0.11680089368821E+07
 0.11680089365989E+07
 0.11680089362108E+07
 0.11680089361823E+07
 0.11680089360769E+07
 0.11680089360252E+07
 0.11680089358243E+07
 0.11680089351288E+07
 0.11680089353110E+07
 0.11680089351499E+07
 0.11680089347836E+07
 0.11680089305682E+07
 0.11680089344543E+07
 0.11680089349846E+07
 0.11680089350574E+07
 0.11680089351958E+07
 0.11680089354320E+07
 0.11680089354226E+07
 0.11680089353806E+07
 0.11680089352037E+07
 0.11680089345846E+07
 0.11680089306259E+07
 0.11680089350436E+07
 0.11680089408077E+07
 0.11680089413960E+07
 0.11680089413082E+07
 0.11680089414952E+07
 0.11680089420628E+07
 0.11680089418912E+07
 0.11680089424029E+07
 0.11680089424089E+07
 0.11680089422614E+07
 0.11680089426818E+07
 0.11680089426863E+07
 0.11680089424003E+07
 0.11680089426039E+07
 0.11680089426666E+07
 0.11680089426333E+07
 0.11680089425849E+07
 0.11680089425745E+07
 0.11680089424579E+07
 0.11680089422271E+07
 0.11680089424161E+07
 0.11680089426156E+07
 0.11680089383531E+07
 0.11680089389130E+07
 0.11680089392039E+07
 0.11680089415909E+07
 0.11680089417297E+07
 0.11680089386210E+07
 0.11680089394093E+07
 0.11680089414613E+07
 0.11680089422097E+07
 0.11680089428667E+07
 0.11680089433644E+07
 0.11680089432552E+07
 0.11680089435564E+07
 0.11680089438882E+07
 0.11680089438368E+07
 0.11680089443667E+07
 0.11680089442642E+07
 0.11680089441312E+07
 0.11680089446747E+07
 0.11680089447751E+07
 0.11680089446886E+07
 0.11680089445941E+07
 0.11680089442197E+07
 0.11680089443504E+07
 0.11680089442023E+07
 0.11680089442572E+07
 0.11680089438058E+07
 0.11680089437446E+07
 0.11680089434329E+07
 0.11680089433578E+07
 0.11680089432970E+07
 0.11680089430641E+07
 0.11680089431773E+07
 0.11680089428189E+07
 0.11680089426881E+07
 0.11680089424584E+07
 0.11680089424584E+07
 0.11680089423483E+07
 0.11680089422311E+07
 0.11680089418686E+07
 0.11680089417791E+07
 0.11680089421366E+07
 0.11680089419772E+07
 0.11680089423234E+07
 0.11680089423391E+07
 0.11680089423510E+07
 0.11680089426583E+07
 0.11680089424953E+07
 0.11680089429423E+07
 0.11680089431943E+07
 0.11680089431655E+07
 0.11680089427063E+07
 0.11680089433744E+07
 0.11680089431638E+07
 0.11680089435632E+07
 0.11680089436698E+07
 0.11680089436124E+07
 0.11680089437780E+07
 0.11680089439330E+07
 0.11680089441735E+07
 0.11680089444586E+07
 0.11680089448992E+07
 0.11680089440974E+07
 0.11680089446586E+07
 0.11680089446869E+07
 0.11680089449584E+07
 0.11680089449020E+07
 0.11680089456872E+07
 0.11680089460081E+07
 0.11680089463542E+07
 0.11680089463648E+07
 0.11680089460816E+07
 0.11680089457055E+07
 0.11680089459373E+07
 0.11680089456520E+07
 0.11680089455466E+07
 0.11680089450821E+07
 0.11680089452747E+07
 0.11680089442361E+07
 0.11680089446200E+07
 0.11680089443349E+07
 0.11680089440648E+07
 0.11680089439952E+07
 0.11680089442917E+07
 0.11680089439647E+07
 0.11680089432983E+07
 0.11680089430042E+07
 0.11680089427689E+07
 0.11680089416239E+07
 0.11680089429025E+07
 0.11680089436250E+07
 0.11680089445540E+07
 0.11680089450794E+07
 0.11680089455571E+07
 0.11680089464129E+07
 0.11680089462873E+07
 0.11680089466066E+07
 0.11680089467805E+07
 0.11680089470602E+07
 0.11680089475928E+07
 0.11680089473210E+07
 0.11680089477090E+07
 0.11680089478004E+07
 0.11680089480114E+07
 0.11680094381269E+07
 0.11680094382999E+07
 0.11680094380432E+07
 0.11680094380222E+07
 0.11680094377315E+07
 0.11680094379175E+07
 0.11680094378300E+07
 0.11680094370867E+07
 0.11680094371228E+07
 0.11680094367830E+07
 0.11680094386883E+07
 0.11680094387460E+07
 0.11680094386312E+07
 0.11680094387296E+07
 0.11680094389806E+07
 0.11680094385933E+07
 0.11680094392152E+07
 0.11680099726373E+07
 0.11680099724043E+07
 0.11680099726969E+07
 0.11680099729120E+07
 0.11680099710039E+07
 0.11680099711996E+07
 0.11680099719090E+07
 0.11680099708181E+07
 0.11680099708504E+07
 0.11680094108505E+07
 0.11680094118469E+07
 0.11680094119287E+07
 0.11680094116144E+07
 0.11680094137683E+07
 0.11680094134580E+07
 0.11680094132933E+07
 0.11680094104336E+07
 0.11680094118307E+07
 0.11680094127462E+07
 0.11680094124100E+07
 0.11680094123755E+07
 0.11680094119314E+07
 0.11680094125065E+07
 0.11680094117054E+07
 0.11680094127974E+07
 0.11680094109941E+07
 0.11680094120368E+07
 0.11680094104815E+07
 0.11680094056448E+07
 0.11680094110164E+07
 0.11680094106186E+07
 0.11680094108582E+07
 0.11680094095770E+07
 0.11680094100103E+07
 0.11680094115999E+07
 0.11680094127237E+07
 0.11680094133199E+07
 0.11680094141288E+07
 0.11680094143638E+07
 0.11680094143978E+07
 0.11680094151343E+07
 0.11680094146490E+07
 0.11680094150938E+07
 0.11680094144056E+07
 0.11680094138841E+07
 0.11680094144392E+07
 0.11680094143925E+07
 0.11680094142361E+07
 0.11680094139351E+07
 0.11680094137383E+07
 0.11680094139901E+07
 0.11680094135271E+07
 0.11680094127110E+07
 0.11680094133231E+07
 0.11680094134132E+07
 0.11680094135650E+07
 0.11680094120495E+07
 0.11680094122240E+07
 0.11680094129898E+07
 0.11680094132147E+07
 0.11680094137273E+07
 0.11680094128057E+07
 0.11680094120838E+07
 0.11680094115310E+07
 0.11680094119625E+07
 0.11680094125015E+07
 0.11680094115363E+07
 0.11680094111271E+07
 0.11680094117355E+07
 0.11680094120242E+07
 0.11680094116836E+07
 0.11680094132610E+07
 0.11680094123433E+07
 0.11680094128759E+07
 0.11680094128088E+07
 0.11680094130041E+07
 0.11680094127010E+07
 0.11680094136392E+07
 0.11680094127665E+07
 0.11680094129187E+07
 0.11680094123504E+07
 0.11680094124487E+07
 0.11680100895930E+07
 0.11680137430123E+07
 0.11680137431418E+07
 0.11680104906971E+07
 0.11680104908114E+07
 0.11680104904807E+07
 0.11680104842995E+07
 0.11680104836557E+07
 0.11680104894179E+07
 0.11680104903700E+07
 0.11680104900766E+07
 0.11680104897146E+07
 0.11680104889563E+07
 0.11680104902616E+07
 0.11680104897823E+07
 0.11680104900381E+07
 0.11680104894512E+07
 0.11680130959123E+07
 0.11680130957651E+07
 0.11680130958657E+07
 0.11680130961111E+07
 0.11680130961220E+07
 0.11680130959121E+07
 0.11680130963010E+07
 0.11680130952239E+07
 0.11680130952245E+07
 0.11680130953154E+07
 0.11680130950204E+07
 0.11680130955415E+07
 0.11680130950380E+07
 0.11680130949425E+07
 0.11680130958004E+07
 0.11680130951958E+07
 0.11680130945451E+07
 0.11680130956420E+07
 0.11680130958639E+07
 0.11680130959536E+07
 0.11680130958744E+07
 0.11680130960498E+07
 0.11680130960722E+07
 0.11680130956612E+07
 0.11680121518055E+07
 0.11680121513943E+07
 0.11680121526574E+07
 0.11680121515565E+07
 0.11680121515698E+07
 0.11680121529759E+07
 0.11680121506635E+07
 0.11680121521042E+07
 0.11680123739771E+07
 0.11680123735301E+07
 0.11680123734625E+07
 0.11680123733538E+07
 0.11680123734870E+07
 0.11680123727058E+07
 0.11680123735291E+07
 0.11680123726965E+07
 0.11680123719460E+07
 0.11680123704793E+07
 0.11680123702595E+07
 0.11680123689985E+07
 0.11680123665649E+07
 0.11680115094829E+07
 0.11680115084737E+07
 0.11680115150561E+07
 0.11680115171655E+07
 0.11680115168788E+07
 0.11680115157149E+07
 0.11680115170400E+07
 0.11680115162779E+07
 0.11680115144027E+07
 0.11680115146717E+07
 0.11680115151126E+07
 0.11680115145245E+07
 0.11680115149638E+07
 0.11680115155147E+07
 0.11680115149530E+07
 0.11680115140745E+07
 0.11680115134232E+07
 0.11680115133208E+07
 0.11680115127521E+07
 0.11680115116555E+07
 0.11680115124090E+07
 0.11680115125250E+07
 0.11680115118964E+07
 0.11680115117657E+07
 0.11680115111749E+07
 0.11680115073580E+07
 0.11680115102710E+07
 0.11680115104343E+07
 0.11680115113402E+07
 0.11680115105461E+07
 0.11680115106581E+07
 0.11680115114174E+07
 0.11680115118953E+07
 0.11680115128040E+07
 0.11680115119880E+07
 0.11680115124256E+07
 0.11680115129006E+07
 0.11680115130306E+07
 0.11680115119927E+07
 0.11680115118156E+07
 0.11680115120824E+07
 0.11680115122816E+07
 0.11680115128350E+07
 0.11680115114164E+07
 0.11680115115212E+07
 0.11680115106771E+07
 0.11680115115503E+07
 0.11680115120802E+07
 0.11680115103050E+07
 0.11680115093253E+07
 0.11680115107116E+07
 0.11680115092157E+07
 0.11680115094700E+07
 0.11680115091962E+07
 0.11680115094772E+07
 0.11680115089877E+07
 0.11680115090799E+07
 0.11680115087072E+07
 0.11680115093840E+07
 0.11680115089684E+07
 0.11680115068220E+07
 0.11680115071979E+07
 0.11680115066849E+07
 0.11680115074375E+07
 0.11680115083011E+07
 0.11680060685204E+07
 0.11680060696551E+07
 0.11680060695343E+07
 0.11680060687496E+07
 0.11680060682208E+07
 0.11680075651889E+07
 0.11680075660892E+07
 0.11680075672350E+07
 0.11680075665168E+07
 0.11680075674616E+07
 0.11680075656670E+07
 0.11680075667896E+07
 0.11680075682365E+07
 0.11680075673727E+07
 0.11680075668585E+07
 0.11680075672690E+07
 0.11680075680570E+07
 0.11680075671558E+07
 0.11680075682804E+07
 0.11680075668221E+07
 0.11680075675675E+07
 0.11680075670150E+07
 0.11680075674656E+07
 0.11680075678563E+07
 0.11680075674450E+07
 0.11680075665627E+07
 0.11680075656625E+07
 0.11680075661635E+07
 0.11680090676981E+07
 0.11680090692558E+07
 0.11680090688599E+07
 0.11680090694219E+07
 0.11680090691384E+07
 0.11680090689175E+07
 0.11680090680823E+07
 0.11680090685029E+07
 0.11680090690118E+07
 0.11680090685269E+07
 0.11680090696694E+07
 0.11680090694396E+07
 0.11680090683191E+07
 0.11680090694984E+07
 0.11680090677052E+07
 0.11680090694725E+07
 0.11680090696371E+07
 0.11680090679719E+07
 0.11680078552830E+07
 0.11680078555077E+07
 0.11680078552237E+07
 0.11680078538560E+07
 0.11680078536211E+07
 0.11680078540611E+07
 0.11680078490724E+07
 0.11680078497378E+07
 0.11680078471626E+07
 0.11680078517771E+07
 0.11680078530461E+07
 0.11680078527280E+07
 0.11680078536806E+07
 0.11680078545789E+07
 0.11680078545719E+07
 0.11680078533377E+07
 0.11680078541116E+07
 0.11680078533290E+07
 0.11680078541289E+07
 0.11680078562409E+07
 0.11680078565318E+07
 0.11680078529582E+07
 0.11680078508301E+07
 0.11680078525233E+07
 0.11680078493524E+07
 0.11680078536323E+07
 0.11680078554621E+07
 0.11680078559292E+07
 0.11680078550505E+07
 0.11680078527463E+07
 0.11680078540219E+07
 0.11680078505439E+07
 0.11680078523279E+07
 0.11680078499232E+07
 0.11680078538337E+07
 0.11680078522444E+07
 0.11680078524287E+07
 0.11680078532537E+07
 0.11680078543086E+07
 0.11680078540220E+07
 0.11680078547980E+07
 0.11680078559065E+07
 0.11680078543002E+07
 0.11680078526502E+07
 0.11680078527860E+07
 0.11680078538432E+07
 0.11680078527344E+07
 0.11680078536421E+07
 0.11680078529913E+07
 0.11680078531202E+07
 0.11680078565719E+07
 0.11680078551191E+07
 0.11680078542054E+07
 0.11680078544110E+07
 0.11680078543690E+07
 0.11680078532516E+07
 0.11680078533034E+07
 0.11680078547471E+07
 0.11680078538918E+07
 0.11680078528243E+07
 0.11680078502683E+07
 0.11680078504500E+07
 0.11680078519625E+07
 0.11680078519775E+07
 0.11680078514160E+07
 0.11680078538462E+07
 0.11680078526770E+07
 0.11680078532409E+07
 0.11680078556303E+07
 0.11680078542626E+07
 0.11680078496839E+07
 0.11680078499816E+07
 0.11680078527118E+07
 0.11680078501220E+07
 0.11680078526595E+07
 0.11680078507825E+07
 0.11680078535476E+07
 0.11680078519240E+07
 0.11680078529941E+07
 0.11680078506209E+07
 0.11680078525340E+07
 0.11680078543171E+07
 0.11680078519728E+07
 0.11680078532382E+07
 0.11680078539437E+07
 0.11680078538373E+07
 0.11680078539552E+07
 0.11680078550356E+07
 0.11680078529239E+07
 0.11680078522473E+07
 0.11680078514729E+07
 0.11680078530633E+07
 0.11680078524986E+07
 0.11680078540904E+07
 0.11680078542068E+07
 0.11680105839097E+07
 0.11680105812538E+07
 0.11680105830788E+07
 0.11680105810108E+07
 0.11680105834269E+07
 0.11680105805399E+07
 0.11680105854813E+07
 0.11680105854613E+07
 0.11680105888199E+07
 0.11680105878390E+07
 0.11680105910434E+07
 0.11680105857778E+07
 0.11680105869237E+07
 0.11680105914628E+07
 0.11680105846160E+07
 0.11680105909884E+07
 0.11680105871401E+07
 0.11680105890631E+07
 0.11680105895012E+07
 0.11680105879695E+07
 0.11680105911761E+07
 0.11680105907924E+07
 0.11680105891173E+07
 0.11680105922046E+07
 0.11680105914451E+07
 0.11680105891492E+07
 0.11680105909012E+07
 0.11680105866022E+07
 0.11680105884926E+07
 0.11680105875633E+07
 0.11680105864295E+07
 0.11680105864606E+07
 0.11680105910662E+07
 0.11680105882323E+07
 0.11680105882855E+07
 0.11680105880826E+07
 0.11680105894069E+07
 0.11680105892104E+07
 0.11680105861716E+07
 0.11680105861353E+07
 0.11680076270184E+07
 0.11680116993559E+07
 0.11680117009097E+07
 0.11680116979475E+07
 0.11680116988355E+07
 0.11680116975733E+07
 0.11680091991400E+07
 0.11680091967470E+07
 0.11680091967902E+07
 0.11680091930211E+07
 0.11680091946026E+07
 0.11680091960046E+07
 0.11680091961878E+07
 0.11680091969616E+07
 0.11680091973894E+07
 0.11680091951764E+07
 0.11680091937800E+07
 0.11680091988976E+07
 0.11680091990926E+07
 0.11680070123218E+07
 0.11680070120885E+07
 0.11680070144284E+07
 0.11680070123573E+07
 0.11680147292411E+07
 0.11680077595173E+07
 0.11680103329595E+07
 0.11680103316835E+07
 0.11680103360911E+07
 0.11680089468221E+07
 0.11680104791195E+07
 0.11680112040227E+07
 0.11680112015704E+07
 0.11680112033441E+07
 0.11680111981436E+07
 0.11680111998244E+07
 0.11680112065721E+07
 0.11680112024959E+07
 0.11680111979474E+07
 0.11680112011068E+07
 0.11680112015074E+07
 0.11680111978457E+07
 0.11680112024076E+07
 0.11680112029798E+07
 0.11680112039911E+07
 0.11680112052604E+07
 0.11680111998499E+07
 0.11680112037895E+07
 0.11680112011492E+07
 0.11680112015387E+07
 0.11680112043774E+07
 0.11680112013240E+07
 0.11680112019743E+07
 0.11680112037441E+07
 0.11680112037509E+07
 0.11680112036150E+07
 0.11680112030998E+07
 0.11680112024610E+07
 0.11680111989174E+07
 0.11680112019627E+07
 0.11680112012654E+07
 0.11680111946326E+07
 0.11680111993682E+07
 0.11680112037742E+07
 0.11680112028188E+07
 0.11680111993320E+07
 0.11680112015269E+07
 0.11680112003044E+07
 0.11680112034895E+07
 0.11680112042241E+07
 0.11680111987254E+07
 0.11680112016978E+07
 0.11680112021174E+07
 0.11680112038640E+07
 0.11680112002673E+07
 0.11680112002370E+07
 0.11680111993162E+07
 0.11680112048372E+07
 0.11680112011593E+07
 0.11680111980877E+07
 0.11680111991509E+07
 0.11680112043103E+07
 0.11680112036077E+07
 0.11680112008857E+07
 0.11680111996519E+07
 0.11680112013656E+07
 0.11680112031499E+07
 0.11680112015195E+07
 0.11680112009406E+07
 0.11680112063456E+07
 0.11680112024479E+07
 0.11680112018326E+07
 0.11680112016247E+07
 0.11680112020030E+07
 0.11680112018839E+07
 0.11680112004088E+07
 0.11680111970515E+07
 0.11680111972122E+07
 0.11680112004497E+07
 0.11680111969145E+07
 0.11680111991211E+07
 0.11680112017785E+07
 0.11680111995263E+07
 0.11680111972467E+07
 0.11680112013285E+07
 0.11680111994420E+07
 0.11680112073979E+07
 0.11680111993690E+07
 0.11680112049219E+07
 0.11680112021755E+07
 0.11680111988692E+07
 0.11680112038318E+07
 0.11680112002032E+07
 0.11680112060246E+07
 0.11680112032373E+07
 0.11680112052342E+07
 0.11680112020457E+07
 0.11680111981865E+07
 0.11680112034864E+07
 0.11680112019647E+07
 0.11680112046286E+07
 0.11680112048296E+07
 0.11680112004275E+07
 0.11680111982767E+07
 0.11680112005986E+07
 0.11680111981865E+07
 0.11680111998917E+07
 0.11680111995663E+07
 0.11680111992441E+07
 0.11680112002889E+07
 0.11680112029124E+07
 0.11680112003216E+07
 0.11680111966520E+07
 0.11680111994752E+07
 0.11680112016304E+07
 0.11680111976965E+07
 0.11680112005715E+07
 0.11680112023324E+07
 0.11680112046336E+07
 0.11680111983570E+07
 0.11680111981944E+07
 0.11680111955417E+07
 0.11680111956565E+07
 0.11680111962360E+07
 0.11680111946917E+07
 0.11680111974034E+07
 0.11680111996664E+07
 0.11680111959333E+07
 0.11680111969209E+07
 0.11680112020605E+07
 0.11680111967165E+07
 0.11680111973635E+07
 0.11680111936619E+07
 0.11680111929341E+07
 0.11680112036902E+07
 0.11680111973945E+07
 0.11680112001336E+07
 0.11680111985921E+07
 0.11680080825220E+07
 0.11680080820626E+07
 0.11680080714562E+07
 0.11680080822053E+07
 0.11680080817038E+07
 0.11680080848223E+07
 0.11680080942422E+07
 0.11680080932547E+07
 0.11680088372651E+07
 0.11680088285627E+07
 0.11680088335573E+07
 0.11680088317948E+07
 0.11680088342995E+07
 0.11680088254982E+07
 0.11680088250294E+07
 0.11680088253258E+07
 0.11680088358529E+07
 0.11680088375745E+07
 0.11680088279389E+07
 0.11680088406794E+07
 0.11680088403304E+07
 0.11680088271202E+07
 0.11680088399970E+07
 0.11680088270036E+07
 0.11680088366834E+07
 0.11680088288120E+07
 0.11680088358216E+07
 0.11680088375474E+07
 0.11680088320848E+07
 0.11680088370318E+07
 0.11680088304500E+07
 0.11680088324820E+07
 0.11680088205859E+07
 0.11680088337226E+07
 0.11680089944092E+07
 0.11680089981421E+07
 0.11680089981535E+07
 0.11680089886416E+07
 0.11680089905278E+07
 0.11680089888497E+07
 0.11680075586529E+07
 0.11680075556763E+07
 0.11680075503990E+07
 0.11680075527540E+07
 0.11680075363820E+07
 0.11680075369515E+07
 0.11680075406551E+07
 0.11680075512867E+07
 0.11680075559777E+07
 0.11680075528826E+07
 0.11680075467272E+07
 0.11680090830963E+07
 0.11680090928229E+07
 0.11680090896890E+07
 0.11680090922866E+07
 0.11680090892596E+07
 0.11680090916700E+07
 0.11680090969016E+07
 0.11680090915093E+07
 0.11680095489383E+07
 0.11680095486594E+07
 0.11680095467508E+07
 0.11680095511122E+07
 0.11680095571543E+07
 0.11680095543533E+07
 0.11680095593521E+07
 0.11680095530399E+07
 0.11680095480625E+07
 0.11680095619948E+07
 0.11680095600667E+07
 0.11680095589108E+07
 0.11680095544713E+07
 0.11680095506641E+07
 0.11680095502789E+07
 0.11680095541428E+07
 0.11680095520638E+07
 0.11680095517221E+07
 0.11680095557993E+07
 0.11680095637029E+07
 0.11680088326456E+07
 0.11680088252055E+07
 0.11680088303072E+07
 0.11680185408096E+07
 0.11680197127163E+07
 0.11680203598740E+07
 0.11680205393800E+07
 0.11680200076239E+07
 0.11680199867656E+07
 0.11680202781048E+07
 0.11680200414743E+07
 0.11680203846289E+07
 0.11680201095908E+07
 0.11680203338091E+07
 0.11680205689037E+07
 0.11680201458857E+07
 0.11680199092132E+07
 0.11680198378575E+07
 0.11680201348527E+07
 0.11680205233374E+07
 0.11680198207071E+07
 0.11680201645988E+07
 0.11680197790326E+07
 0.11680204187960E+07
 0.11680195377611E+07
 0.11680196841768E+07
 0.11680198960554E+07
 0.11680196458937E+07
 0.11680196639575E+07
 0.11680197939543E+07
 0.11680207687784E+07
 0.11680207704610E+07
 0.11680100037470E+07
 0.11680116260150E+07
 0.11680116005003E+07
 0.11680115997268E+07
 0.11680116010441E+07
 0.11680116015602E+07
 0.11680116016258E+07
 0.11680116031502E+07
 0.11680116040870E+07
 0.11680116042280E+07
 0.11680116040904E+07
 0.11680116066782E+07
 0.11680116073681E+07
 0.11680116083968E+07
 0.11680116104649E+07
 0.11680116112710E+07
 0.11680116116691E+07
 0.11680116165872E+07
 0.11680116184248E+07
 0.11680116200647E+07
 0.11680116213302E+07
 0.11680116217598E+07
 0.11680116230659E+07
 0.11680116246119E+07
 0.11680116284437E+07
 0.11680116287305E+07
 0.11680116307357E+07
 0.11680116333529E+07
 0.11680116381691E+07
 0.11680116412987E+07
 0.11680116423529E+07
 0.11680116477449E+07
 0.11680116488590E+07
 0.11680116496510E+07
 0.11680116508071E+07
 0.11680116519246E+07
 0.11680116538740E+07
 0.11680073222739E+07
 0.11680073222655E+07
 0.11680073223828E+07
 0.11680073223757E+07
 0.11680073224916E+07
 0.11680073221533E+07
 0.11680073220392E+07
 0.11680073219583E+07
 0.11680073219619E+07
 0.11680073214518E+07
 0.11680073200064E+07
 0.11680073198010E+07
 0.11680073194841E+07
 0.11680103942013E+07
 0.11680103942413E+07
 0.11680103934466E+07
 0.11680103919446E+07
 0.11680103910705E+07
 0.11680103905404E+07
 0.11680086427938E+07
 0.11680086406741E+07
 0.11680086404003E+07
 0.11680086400930E+07
 0.11680086390694E+07
 0.11680086385479E+07
 0.11680086376121E+07
 0.11680086368578E+07
 0.11680086373493E+07
 0.11680086361171E+07
 0.11680086350782E+07
 0.11680084306676E+07
 0.11680084297488E+07
 0.11680084274825E+07
 0.11680116125640E+07
 0.11680116146838E+07
 0.11680116128323E+07
 0.11680116143884E+07
 0.11680116135313E+07
 0.11680098674479E+07
 0.11680098692649E+07
 0.11680101969553E+07
 0.11680101960694E+07
 0.11680101977950E+07
 0.11680101990057E+07
 0.11680101951929E+07
 0.11680102006284E+07
 0.11680101970694E+07
 0.11680102008634E+07
 0.11680102003051E+07
 0.11680108861569E+07
 0.11680108886273E+07
 0.11680108910631E+07
 0.11680145995548E+07
 0.11680146019988E+07
 0.11680146022298E+07
 0.11680146032099E+07
 0.11680146038412E+07
 0.11680146037086E+07
 0.11680146076887E+07
 0.11680146077757E+07
 0.11680146056974E+07
 0.11680146093446E+07
 0.11680139955269E+07
 0.11680139996918E+07
 0.11680139962518E+07
 0.11680139985967E+07
 0.11680140028732E+07
 0.11680139996396E+07
 0.11680140015538E+07
 0.11680140035120E+07
 0.11680140046163E+07
 0.11680139996904E+07
 0.11680140067414E+07
 0.11680140077571E+07
 0.11680140080505E+07
 0.11680140073665E+07
 0.11680140083460E+07
 0.11680140085323E+07
 0.11680140094527E+07
 0.11680140114546E+07
 0.11680140122497E+07
 0.11680140112446E+07
 0.11680140102760E+07
 0.11680140104633E+07
 0.11680140091021E+07
 0.11680147149505E+07
 0.11680147170345E+07
 0.11680147165662E+07
 0.11680147173862E+07
 0.11680147150203E+07
 0.11680098140722E+07
 0.11680098173131E+07
 0.11680098182901E+07
 0.11680098183412E+07
 0.11680098163973E+07
 0.11680128925417E+07
 0.11680128905460E+07
 0.11680128886579E+07
 0.11680128907097E+07
 0.11680085714685E+07
 0.11680085698620E+07
 0.11680085729707E+07
 0.11680085725943E+07
 0.11680085724262E+07
 0.11680085726250E+07
 0.11680085685499E+07
 0.11680131999253E+07
 0.11680132008000E+07
 0.11680131952275E+07
 0.11680104173342E+07
 0.11680105449285E+07
 0.11680105487797E+07
 0.11680105450531E+07
 0.11680105494101E+07
 0.11680122524370E+07
 0.11680122468430E+07
 0.11680122500927E+07
 0.11680093015264E+07
 0.11680093041750E+07
 0.11680115328121E+07
 0.11680115323870E+07
 0.11680115379174E+07
 0.11680115372112E+07
 0.11680115314208E+07
 0.11680115327910E+07
 0.11680115389758E+07
 0.11680115345252E+07
 0.11680115340002E+07
 0.11680115399025E+07
 0.11680106032449E+07
 0.11680106101357E+07
 0.11680106095415E+07
 0.11680106139294E+07
 0.11680106234369E+07
 0.11680106031760E+07
