-0.99297499269891E-01
-0.10923656567196E+01
-0.20859000030478E+01
-0.30803260089836E+01
-0.40760722758697E+01
-0.50735720578720E+01
-0.60732648209376E+01
-0.70755978511340E+01
-0.80810279256622E+01
-0.90900230606914E+01
-0.10103064351220E+02
-0.11120647919454E+02
-0.12143286989722E+02
-0.13171514109789E+02
-0.14205883540561E+02
-0.15246973838709E+02
-0.16295390659702E+02
-0.17351769812173E+02
-0.18416780598615E+02
-0.19491129482098E+02
-0.20575564124236E+02
-0.21670877846100E+02
-0.22777914571361E+02
-0.23897574319845E+02
-0.25030819330206E+02
-0.26178680902767E+02
-0.27342267068246E+02
-0.28522771205431E+02
-0.29721481751521E+02
-0.30939793173461E+02
-0.32179218398050E+02
-0.33441402933911E+02
-0.34728140960998E+02
-0.36041393714637E+02
-0.37383310553468E+02
-0.38756253176454E+02
-0.40162823546789E+02
-0.41605896194229E+02
-0.43088655707440E+02
-0.44614640401302E+02
-0.46187793359698E+02
-0.47812522323639E+02
-0.49493770232868E+02
-0.51237098656189E+02
-0.53048786888085E+02
-0.54935950181914E+02
-0.56906681480164E+02
-0.58970222154009E+02
-0.61137168764645E+02
-0.63419724827732E+02
-0.65832009166153E+02
-0.68390435909135E+02
-0.71114185868863E+02
-0.74025795375038E+02
-0.77151897364760E+02
-0.80524161629829E+02
-0.84180498144610E+02
-0.88166611668786E+02
-0.92538030980610E+02
-0.97362787972161E+02
-0.10272500004434E+03
-0.10872973028917E+03
-0.11550969368486E+03
-0.12323470170321E+03
-0.13212531496148E+03
-0.14247329983245E+03
-0.15467401348382E+03
-0.16928292787940E+03
-0.18713710548378E+03
-0.20982176866230E+03
-0.27313948232199E+03
-0.44114867056757E+03
-0.69415749732844E+03
-0.10531079126757E+04
-0.15574556078789E+04
-0.22698746184460E+04
-0.32900655119386E+04
-0.47861049902062E+04
-0.70561702375749E+04
-0.10672447874976E+05
-0.16867483482024E+05
-0.28751821237523E+05
-0.56685213902829E+05
-0.16306445595023E+06
-0.89289534872973E+07
 0.51201325979499E+08
 0.25975728247534E+06
 0.83193493501702E+05
 0.29875815234388E+05
 0.54546252648426E+04
-0.79765025922286E+04
-0.16234922198366E+05
-0.21743318167559E+05
-0.25671446705155E+05
-0.28588786343703E+05
-0.30906806022234E+05
-0.32806511296055E+05
-0.34421871239411E+05
-0.35840919627993E+05
-0.37095096516957E+05
-0.38257841784842E+05
-0.39354252474996E+05
-0.40395601247419E+05
-0.41396237540356E+05
-0.42370737185758E+05
-0.43294201041211E+05
-0.44220107945155E+05
-0.45142239294662E+05
-0.46050732108756E+05
-0.46964265633054E+05
-0.47840853520848E+05
-0.48748934206243E+05
-0.49652146763242E+05
-0.50560308040933E+05
-0.51472841314822E+05
-0.52402498100791E+05
-0.53281820965128E+05
-0.54192100529901E+05
-0.55122853119545E+05
-0.56052548194407E+05
-0.57006910556597E+05
-0.57913051344687E+05
-0.58852810296072E+05
-0.59815194466210E+05
-0.60774545358350E+05
-0.61763360665736E+05
-0.62696879144774E+05
-0.63681395824383E+05
-0.64669488421121E+05
-0.65673892579071E+05
-0.66687326970425E+05
-0.67652379257975E+05
-0.68672387894654E+05
-0.69701881268526E+05
-0.70747404972069E+05
-0.71802068381453E+05
-0.72856435006751E+05
-0.73936070467400E+05
-0.74934059478557E+05
-0.76007279410810E+05
-0.77089090003715E+05
-0.78195790783785E+05
-0.79310382171913E+05
-0.80339543340957E+05
-0.81459590126314E+05
-0.82598340451074E+05
-0.83717969694214E+05
-0.84875733227447E+05
-0.86062560707690E+05
-0.87122661762268E+05
-0.88290852141840E+05
-0.89466607732225E+05
-0.90640181678101E+05
-0.91852646543954E+05
-0.93082201018257E+05
-0.94204325708624E+05
-0.95399693689750E+05
-0.96632862789073E+05
-0.97858825525881E+05
-0.99128292040086E+05
-0.10028039241783E+06
-0.10154954542550E+06
-0.10281031381350E+06
-0.10409612662674E+06
-0.10537335251486E+06
-0.10670501893400E+06
-0.10789847574696E+06
-0.10920987978520E+06
-0.11051835041137E+06
-0.11185783037114E+06
-0.11318658645757E+06
-0.11457721403000E+06
-0.11595507340771E+06
-0.11715992824794E+06
-0.11852378213702E+06
-0.11991764132150E+06
-0.12129652305454E+06
-0.12274250885416E+06
-0.12414341741808E+06
-0.12540232444508E+06
-0.12686032662525E+06
-0.12827537958842E+06
-0.12971155923129E+06
-0.13115421715565E+06
-0.13263210595323E+06
-0.13416349435141E+06
-0.13544839169166E+06
-0.13692709319655E+06
-0.13844087860463E+06
-0.13992157644614E+06
-0.14144660290596E+06
-0.14297936058206E+06
-0.14454851922565E+06
-0.14591120242417E+06
-0.14744103660595E+06
-0.14898032390111E+06
-0.15053334857431E+06
-0.15212208816560E+06
-0.15372490569315E+06
-0.15512006631230E+06
-0.15672348151279E+06
