 0.10848500405393E+02
 0.10848500405393E+02
 0.10848500405393E+02
 0.10848500405393E+02
 0.10848500405393E+02
 0.10848500405393E+02
 0.10848500405393E+02
 0.10848500405393E+02
 0.10848500405393E+02
 0.10848500405393E+02
 0.10848500405393E+02
 0.10848500405393E+02
 0.10848500405393E+02
 0.10848500405393E+02
 0.10848500405393E+02
 0.10848500405393E+02
 0.10848500405393E+02
 0.10848500405393E+02
 0.10848500405393E+02
 0.10848500405393E+02
 0.10848500405393E+02
 0.10848500405393E+02
 0.10848500405393E+02
 0.10848500405393E+02
 0.10848500405393E+02
 0.10848500405393E+02
 0.10848500405393E+02
 0.10848500405393E+02
 0.10848500405393E+02
 0.10848500405393E+02
 0.10848500405393E+02
 0.10848500405393E+02
 0.10848500405393E+02
 0.10848500405393E+02
 0.10848500405393E+02
 0.10848500405393E+02
 0.10848500405393E+02
 0.10848500405393E+02
 0.10848500405393E+02
 0.10848500405393E+02
 0.10848500405393E+02
 0.10848500405393E+02
 0.10848500405393E+02
 0.10848500405393E+02
 0.10848500405393E+02
 0.10848500405393E+02
 0.10848500405393E+02
 0.10848500405393E+02
 0.10848500405393E+02
 0.10848500405393E+02
 0.10848500405393E+02
 0.10848500405393E+02
 0.10848500405393E+02
 0.10848500405393E+02
 0.10848500405393E+02
 0.10848500405393E+02
 0.10848500405393E+02
 0.10848500405393E+02
 0.10848500405393E+02
 0.10848500405393E+02
 0.10848500405393E+02
 0.10848500405393E+02
 0.10848500405393E+02
 0.10848500405393E+02
 0.10848500405393E+02
 0.10848500405393E+02
 0.10848500405393E+02
 0.10848500405393E+02
 0.10848500405393E+02
 0.10848500405393E+02
 0.10848500406631E+02
 0.10848500407369E+02
 0.10848500399077E+02
 0.10848500382997E+02
 0.10848500349605E+02
 0.10848500347273E+02
 0.10848500318831E+02
 0.10848500195869E+02
 0.10848500315224E+02
 0.10848500307894E+02
 0.10848500292528E+02
 0.10848500243084E+02
 0.10848500183033E+02
 0.10848500079931E+02
 0.10848500083495E+02
 0.10848500020019E+02
 0.10848500119842E+02
 0.10848500396385E+02
 0.10848500485080E+02
 0.10848500459158E+02
 0.10848500444392E+02
 0.10848500472981E+02
 0.10848500444020E+02
 0.10848500486757E+02
 0.10848500441014E+02
 0.10848500478379E+02
 0.10848500430169E+02
 0.10848500426283E+02
 0.10848500515367E+02
 0.10848500414747E+02
 0.10848500381414E+02
 0.10848500324398E+02
 0.10848500304974E+02
 0.10848500296690E+02
 0.10848500292704E+02
 0.10848500325861E+02
 0.10848500287209E+02
 0.10848500234311E+02
 0.10848500225299E+02
 0.10848500219737E+02
 0.10848500213071E+02
 0.10848500244111E+02
 0.10848500250702E+02
 0.10848500174737E+02
 0.10848500251717E+02
 0.10848500238253E+02
 0.10848500161418E+02
 0.10848500128567E+02
 0.10848500143186E+02
 0.10848500124154E+02
 0.10848500115310E+02
 0.10848500126524E+02
 0.10848500170724E+02
 0.10848500091935E+02
 0.10848500111061E+02
 0.10848500123636E+02
 0.10848500211781E+02
 0.10848500097372E+02
 0.10848500058983E+02
 0.10848500063176E+02
 0.10848500092373E+02
 0.10848500101759E+02
 0.10848500036192E+02
 0.10848500034272E+02
 0.10848500044807E+02
 0.10848500142342E+02
 0.10848500116046E+02
 0.10848500208137E+02
 0.10848500126736E+02
 0.10848500110243E+02
 0.10848500126041E+02
 0.10848500151479E+02
 0.10848500131075E+02
 0.10848500128220E+02
 0.10848500118297E+02
 0.10848500129707E+02
 0.10848500119119E+02
 0.10848500135415E+02
 0.10848500138070E+02
 0.10848500128832E+02
 0.10848500147239E+02
 0.10848500163911E+02
 0.10848500242045E+02
 0.10848500136427E+02
 0.10848500137745E+02
 0.10848500265636E+02
 0.10848500270566E+02
 0.10848500318697E+02
 0.10848500273399E+02
 0.10848500258344E+02
 0.10848500178811E+02
 0.10848500291042E+02
 0.10848500195011E+02
 0.10848500169087E+02
 0.10848500247837E+02
 0.10848500291702E+02
 0.10848500299254E+02
 0.10848500194546E+02
 0.10848500148708E+02
 0.10848500147284E+02
 0.10848500166143E+02
 0.10848500283119E+02
 0.10848500200844E+02
 0.10848500164234E+02
 0.10848500146736E+02
 0.10848500163927E+02
 0.10848500153559E+02
 0.10848500202027E+02
 0.10848500167974E+02
 0.10848500160887E+02
 0.10848500170526E+02
 0.10848500214824E+02
 0.10848500207070E+02
 0.10848500204760E+02
 0.10848500162674E+02
 0.10848500169526E+02
 0.10848500208050E+02
 0.10848500391041E+02
 0.10848500314459E+02
 0.10848500210212E+02
 0.10848500300875E+02
 0.10848500398183E+02
 0.10848500314974E+02
 0.10848500293923E+02
 0.10848500222204E+02
 0.10848500184327E+02
 0.10848500169368E+02
 0.10848500217732E+02
 0.10848500209674E+02
 0.10848500212910E+02
 0.10848500192739E+02
