 0.17879478283581E+02
 0.17879478283581E+02
 0.17879478283581E+02
 0.17879478283581E+02
 0.17879478283581E+02
 0.17879478283581E+02
 0.17879478283581E+02
 0.17879478283581E+02
 0.17879478283581E+02
 0.17879478283581E+02
 0.17879478283581E+02
 0.17879478283581E+02
 0.17879478283581E+02
 0.17879478283581E+02
 0.17879478283581E+02
 0.17879478283581E+02
 0.17879478283581E+02
 0.17879478283581E+02
 0.17879478283581E+02
 0.17879478283581E+02
 0.17879478283581E+02
 0.17879478283581E+02
 0.17879478283581E+02
 0.17879478283581E+02
 0.17879478283581E+02
 0.17879478283581E+02
 0.17879478283581E+02
 0.17879478283581E+02
 0.17879478283581E+02
 0.17879478283581E+02
 0.17879478283581E+02
 0.17879478283581E+02
 0.17879478283581E+02
 0.17879478283581E+02
 0.17879478283581E+02
 0.17879478283581E+02
 0.17879478283581E+02
 0.17879478283581E+02
 0.17879478283581E+02
 0.17879478283581E+02
 0.17879478283581E+02
 0.17879478283581E+02
 0.17879478283581E+02
 0.17879478283581E+02
 0.17879478283581E+02
 0.17879478283581E+02
 0.17879478283581E+02
 0.17879478283581E+02
 0.17879478283581E+02
 0.17879478283581E+02
 0.17879478283581E+02
 0.17879478283581E+02
 0.17879478283581E+02
 0.17879478283581E+02
 0.17879478283581E+02
 0.17879478283581E+02
 0.17879478283581E+02
 0.17879478283581E+02
 0.17879478283581E+02
 0.17879478283581E+02
 0.17879478283581E+02
 0.17879478283581E+02
 0.17879478283581E+02
 0.17879478283581E+02
 0.17879478283581E+02
 0.17879478283581E+02
 0.17879478283581E+02
 0.17879478283581E+02
 0.17879478283581E+02
 0.17879478283581E+02
 0.17879478281736E+02
 0.17879478299864E+02
 0.17879478362335E+02
 0.17879478433408E+02
 0.17879478548310E+02
 0.17879478547467E+02
 0.17879478630316E+02
 0.17879478915861E+02
 0.17879478619681E+02
 0.17879478639290E+02
 0.17879478691670E+02
 0.17879478808902E+02
 0.17879478665071E+02
 0.17879478471848E+02
 0.17879478364695E+02
 0.17879478317436E+02
 0.17879478317846E+02
 0.17879478382796E+02
 0.17879478374342E+02
 0.17879478405058E+02
 0.17879478352724E+02
 0.17879478213339E+02
 0.17879478351268E+02
 0.17879478142259E+02
 0.17879478336673E+02
 0.17879478161089E+02
 0.17879478325619E+02
 0.17879478297669E+02
 0.17879477911427E+02
 0.17879478328579E+02
 0.17879478020585E+02
 0.17879478145129E+02
 0.17879478140401E+02
 0.17879478146902E+02
 0.17879478107714E+02
 0.17879477943335E+02
 0.17879477901194E+02
 0.17879478041152E+02
 0.17879478005931E+02
 0.17879478014026E+02
 0.17879477998517E+02
 0.17879477839510E+02
 0.17879477622256E+02
 0.17879477878374E+02
 0.17879477522293E+02
 0.17879477559147E+02
 0.17879477884194E+02
 0.17879477816704E+02
 0.17879477711174E+02
 0.17879477768747E+02
 0.17879477797131E+02
 0.17879477743515E+02
 0.17879477396143E+02
 0.17879477691814E+02
 0.17879477592751E+02
 0.17879477556281E+02
 0.17879477230260E+02
 0.17879477542768E+02
 0.17879477716627E+02
 0.17879477721272E+02
 0.17879477534333E+02
 0.17879477529618E+02
 0.17879477675145E+02
 0.17879477669509E+02
 0.17879477653946E+02
 0.17879477602395E+02
 0.17879477752369E+02
 0.17879477685692E+02
 0.17879477814391E+02
 0.17879477776894E+02
 0.17879477815220E+02
 0.17879477818343E+02
 0.17879477819383E+02
 0.17879477817160E+02
 0.17879477774771E+02
 0.17879477767524E+02
 0.17879477751151E+02
 0.17879477828636E+02
 0.17879477832326E+02
 0.17879477785187E+02
 0.17879477715093E+02
 0.17879477616944E+02
 0.17879477307038E+02
 0.17879477790441E+02
 0.17879477792175E+02
 0.17879477294162E+02
 0.17879477391746E+02
 0.17879477508966E+02
 0.17879477369326E+02
 0.17879477362268E+02
 0.17879477663348E+02
 0.17879477845541E+02
 0.17879477830379E+02
 0.17879477869033E+02
 0.17879477721291E+02
 0.17879477404514E+02
 0.17879477801311E+02
 0.17879477857963E+02
 0.17879477856712E+02
 0.17879477841078E+02
 0.17879477883132E+02
 0.17879477721988E+02
 0.17879477865199E+02
 0.17879477881432E+02
 0.17879477816472E+02
 0.17879477760473E+02
 0.17879477832332E+02
 0.17879477932137E+02
 0.17879477882673E+02
 0.17879477844863E+02
 0.17879477771892E+02
 0.17879477687056E+02
 0.17879477697649E+02
 0.17879477661721E+02
 0.17879477790010E+02
 0.17879477785133E+02
 0.17879477687009E+02
 0.17879477492186E+02
 0.17879477680571E+02
 0.17879477915063E+02
 0.17879477404545E+02
 0.17879477565486E+02
 0.17879477454398E+02
 0.17879477764813E+02
 0.17879477960831E+02
 0.17879477913457E+02
 0.17879477884354E+02
 0.17879477927428E+02
 0.17879477928377E+02
 0.17879477953020E+02
 0.17879477932090E+02
