 0.83176336774615E+02
 0.83176336774615E+02
 0.83176336774615E+02
 0.83176336774615E+02
 0.83176336774615E+02
 0.83176336774615E+02
 0.83176336774615E+02
 0.83176336774615E+02
 0.83176336774615E+02
 0.83176336774615E+02
 0.83176336774615E+02
 0.83176336774615E+02
 0.83176336774615E+02
 0.83176336774615E+02
 0.83176336774615E+02
 0.83176336774615E+02
 0.83176336774615E+02
 0.83176336774615E+02
 0.83176336774615E+02
 0.83176336774615E+02
 0.83176336774615E+02
 0.83176336774615E+02
 0.83176336774615E+02
 0.83176336774615E+02
 0.83176336774615E+02
 0.83176336774615E+02
 0.83176336774615E+02
 0.83176336774615E+02
 0.83176336774615E+02
 0.83176336774615E+02
 0.83176336774615E+02
 0.83176336774615E+02
 0.83176336774615E+02
 0.83176336774615E+02
 0.83176336774615E+02
 0.83176336774615E+02
 0.83176336774615E+02
 0.83176336774615E+02
 0.83176336774615E+02
 0.83176336774615E+02
 0.83176336774615E+02
 0.83176336774615E+02
 0.83176336774615E+02
 0.83176336774615E+02
 0.83176336774615E+02
 0.83176336774615E+02
 0.83176336774615E+02
 0.83176336774615E+02
 0.83176336774615E+02
 0.83176336774615E+02
 0.83176336774615E+02
 0.83176336774615E+02
 0.83176336774615E+02
 0.83176336774615E+02
 0.83176336774615E+02
 0.83176336774615E+02
 0.83176336774615E+02
 0.83176336774615E+02
 0.83176336774615E+02
 0.83176336774615E+02
 0.83176336774615E+02
 0.83176336774615E+02
 0.83176336774615E+02
 0.83176336774615E+02
 0.83176336774615E+02
 0.83176336774615E+02
 0.83176336774615E+02
 0.83176336774615E+02
 0.83176336774615E+02
 0.83176336774615E+02
 0.83176336787038E+02
 0.83176336833296E+02
 0.83176336875210E+02
 0.83176336891863E+02
 0.83176336935979E+02
 0.83176336924349E+02
 0.83176337011564E+02
 0.83176337011783E+02
 0.83176337027169E+02
 0.83176337112873E+02
 0.83176337256455E+02
 0.83176337029319E+02
 0.83176336032036E+02
 0.83176335017163E+02
 0.83176334659859E+02
 0.83176333778228E+02
 0.83176334184550E+02
 0.83176335658166E+02
 0.83176336158255E+02
 0.83176336360491E+02
 0.83176336609420E+02
 0.83176336459101E+02
 0.83176336655607E+02
 0.83176336296792E+02
 0.83176336599567E+02
 0.83176336445462E+02
 0.83176336623201E+02
 0.83176336599762E+02
 0.83176336066002E+02
 0.83176336730724E+02
 0.83176336370224E+02
 0.83176336674728E+02
 0.83176336652235E+02
 0.83176336730747E+02
 0.83176336643468E+02
 0.83176336400565E+02
 0.83176336517277E+02
 0.83176336698079E+02
 0.83176336647296E+02
 0.83176336707820E+02
 0.83176336676785E+02
 0.83176336419562E+02
 0.83176336217917E+02
 0.83176336639950E+02
 0.83176336097271E+02
 0.83176336169964E+02
 0.83176336669517E+02
 0.83176336586670E+02
 0.83176336424044E+02
 0.83176336522813E+02
 0.83176336585249E+02
 0.83176336487499E+02
 0.83176336085105E+02
 0.83176336563725E+02
 0.83176336450421E+02
 0.83176336301442E+02
 0.83176335806828E+02
 0.83176336418749E+02
 0.83176336631683E+02
 0.83176336633617E+02
 0.83176336415571E+02
 0.83176336402888E+02
 0.83176336630864E+02
 0.83176336595026E+02
 0.83176336546168E+02
 0.83176336425795E+02
 0.83176336607506E+02
 0.83176336422362E+02
 0.83176336651173E+02
 0.83176336596692E+02
 0.83176336642229E+02
 0.83176336631661E+02
 0.83176336669074E+02
 0.83176336644498E+02
 0.83176336580818E+02
 0.83176336532816E+02
 0.83176336536169E+02
 0.83176336642545E+02
 0.83176336649781E+02
 0.83176336566180E+02
 0.83176336451847E+02
 0.83176336328137E+02
 0.83176335862498E+02
 0.83176336557889E+02
 0.83176336554404E+02
 0.83176335800304E+02
 0.83176335929508E+02
 0.83176335999272E+02
 0.83176335902780E+02
 0.83176335896021E+02
 0.83176336357452E+02
 0.83176336402029E+02
 0.83176336587884E+02
 0.83176336657148E+02
 0.83176336407717E+02
 0.83176335902766E+02
 0.83176336333081E+02
 0.83176336614451E+02
 0.83176336666077E+02
 0.83176336624380E+02
 0.83176336670221E+02
 0.83176336354609E+02
 0.83176336613963E+02
 0.83176336660891E+02
 0.83176336578696E+02
 0.83176336473294E+02
 0.83176336588916E+02
 0.83176336687332E+02
 0.83176336638498E+02
 0.83176336582466E+02
 0.83176336473394E+02
 0.83176336329580E+02
 0.83176336351550E+02
 0.83176336313129E+02
 0.83176336506314E+02
 0.83176336485058E+02
 0.83176336329119E+02
 0.83176335852028E+02
 0.83176336217177E+02
 0.83176336648055E+02
 0.83176335887663E+02
 0.83176335914180E+02
 0.83176335928865E+02
 0.83176336386571E+02
 0.83176336678053E+02
 0.83176336644326E+02
 0.83176336631591E+02
 0.83176336650321E+02
 0.83176336659546E+02
 0.83176336685341E+02
 0.83176336651676E+02
