 0.13708341720025E+03
 0.13708341720025E+03
 0.13708341720025E+03
 0.13708341720025E+03
 0.13708341720025E+03
 0.13708341720025E+03
 0.13708341720025E+03
 0.13708341720025E+03
 0.13708341720025E+03
 0.13708341720025E+03
 0.13708341720025E+03
 0.13708341720025E+03
 0.13708341720025E+03
 0.13708341720025E+03
 0.13708341720025E+03
 0.13708341720025E+03
 0.13708341720025E+03
 0.13708341720025E+03
 0.13708341720025E+03
 0.13708341720025E+03
 0.13708341720025E+03
 0.13708341720025E+03
 0.13708341720025E+03
 0.13708341720025E+03
 0.13708341720025E+03
 0.13708341720025E+03
 0.13708341720025E+03
 0.13708341720025E+03
 0.13708341720025E+03
 0.13708341720025E+03
 0.13708341720025E+03
 0.13708341720025E+03
 0.13708341720025E+03
 0.13708341720025E+03
 0.13708341720025E+03
 0.13708341720025E+03
 0.13708341720025E+03
 0.13708341720025E+03
 0.13708341720025E+03
 0.13708341720025E+03
 0.13708341720025E+03
 0.13708341720025E+03
 0.13708341720025E+03
 0.13708341720025E+03
 0.13708341720025E+03
 0.13708341720025E+03
 0.13708341720025E+03
 0.13708341720025E+03
 0.13708341720025E+03
 0.13708341720025E+03
 0.13708341720025E+03
 0.13708341720025E+03
 0.13708341720025E+03
 0.13708341720025E+03
 0.13708341720025E+03
 0.13708341720025E+03
 0.13708341720025E+03
 0.13708341720025E+03
 0.13708341720025E+03
 0.13708341720025E+03
 0.13708341720025E+03
 0.13708341720025E+03
 0.13708341720025E+03
 0.13708341720025E+03
 0.13708341720025E+03
 0.13708341720025E+03
 0.13708341720025E+03
 0.13708341720025E+03
 0.13708341720025E+03
 0.13708341720025E+03
 0.13708341719094E+03
 0.13708341739683E+03
 0.13708341804967E+03
 0.13708341882521E+03
 0.13708342020084E+03
 0.13708342020467E+03
 0.13708342134302E+03
 0.13708342508645E+03
 0.13708342133278E+03
 0.13708342171699E+03
 0.13708342254941E+03
 0.13708342369868E+03
 0.13708342171110E+03
 0.13708341985983E+03
 0.13708341840437E+03
 0.13708341739110E+03
 0.13708341680253E+03
 0.13708341623474E+03
 0.13708341587335E+03
 0.13708341676971E+03
 0.13708341696531E+03
 0.13708341528764E+03
 0.13708341703497E+03
 0.13708341430109E+03
 0.13708341686870E+03
 0.13708341479635E+03
 0.13708341695993E+03
 0.13708341675611E+03
 0.13708341178940E+03
 0.13708341735472E+03
 0.13708341482036E+03
 0.13708341699756E+03
 0.13708341716970E+03
 0.13708341745360E+03
 0.13708341705968E+03
 0.13708341498006E+03
 0.13708341533774E+03
 0.13708341737721E+03
 0.13708341713735E+03
 0.13708341736945E+03
 0.13708341728361E+03
 0.13708341524834E+03
 0.13708341316702E+03
 0.13708341678615E+03
 0.13708341218893E+03
 0.13708341276144E+03
 0.13708341704782E+03
 0.13708341680893E+03
 0.13708341554707E+03
 0.13708341639176E+03
 0.13708341682403E+03
 0.13708341611015E+03
 0.13708341222512E+03
 0.13708341627646E+03
 0.13708341508852E+03
 0.13708341440447E+03
 0.13708340997585E+03
 0.13708341482607E+03
 0.13708341699509E+03
 0.13708341698092E+03
 0.13708341481933E+03
 0.13708341464368E+03
 0.13708341696369E+03
 0.13708341688568E+03
 0.13708341655270E+03
 0.13708341472660E+03
 0.13708341650822E+03
 0.13708341452818E+03
 0.13708341692064E+03
 0.13708341675176E+03
 0.13708341692104E+03
 0.13708341660613E+03
 0.13708341693359E+03
 0.13708341691211E+03
 0.13708341660755E+03
 0.13708341632870E+03
 0.13708341634249E+03
 0.13708341690596E+03
 0.13708341691264E+03
 0.13708341653017E+03
 0.13708341557172E+03
 0.13708341440465E+03
 0.13708341027384E+03
 0.13708341646081E+03
 0.13708341645171E+03
 0.13708340977452E+03
 0.13708341067334E+03
 0.13708341107887E+03
 0.13708341042161E+03
 0.13708341054659E+03
 0.13708341462047E+03
 0.13708341467266E+03
 0.13708341607618E+03
 0.13708341681427E+03
 0.13708341427534E+03
 0.13708341046009E+03
 0.13708341411614E+03
 0.13708341633734E+03
 0.13708341699204E+03
 0.13708341682145E+03
 0.13708341698112E+03
 0.13708341374733E+03
 0.13708341631242E+03
 0.13708341697684E+03
 0.13708341656442E+03
 0.13708341574414E+03
 0.13708341661665E+03
 0.13708341693161E+03
 0.13708341690218E+03
 0.13708341660949E+03
 0.13708341574846E+03
 0.13708341430124E+03
 0.13708341451664E+03
 0.13708341420705E+03
 0.13708341604084E+03
 0.13708341588183E+03
 0.13708341438572E+03
 0.13708340979338E+03
 0.13708341280726E+03
 0.13708341663254E+03
 0.13708341031951E+03
 0.13708341036758E+03
 0.13708341059150E+03
 0.13708341399183E+03
 0.13708341688136E+03
 0.13708341694117E+03
 0.13708341688607E+03
 0.13708341663607E+03
 0.13708341676036E+03
 0.13708341695092E+03
 0.13708341698986E+03
