 0.24879761869487E+10
 0.24879761869487E+10
 0.24879761869487E+10
 0.24879761869487E+10
 0.24879761869487E+10
 0.24879761869487E+10
 0.24879761869487E+10
 0.24879761869487E+10
 0.24879761869487E+10
 0.24879761869487E+10
 0.24879761869487E+10
 0.24879761869487E+10
 0.24879761869487E+10
 0.24879761869487E+10
 0.24879761869487E+10
 0.24879761869487E+10
 0.24879761869487E+10
 0.24879761869487E+10
 0.24879761869487E+10
 0.24879761869487E+10
 0.24879761869487E+10
 0.24879761869487E+10
 0.24879761869487E+10
 0.24879761869487E+10
 0.24879761869487E+10
 0.24879761869487E+10
 0.24879761869487E+10
 0.24879761869487E+10
 0.24879761869487E+10
 0.24879761869487E+10
 0.24879761869487E+10
 0.24879761869487E+10
 0.24879761869487E+10
 0.24879761869487E+10
 0.24879761869487E+10
 0.24879761869487E+10
 0.24879761869487E+10
 0.24879761869487E+10
 0.24879761869487E+10
 0.24879761869487E+10
 0.24879761869487E+10
 0.24879761869487E+10
 0.24879761869487E+10
 0.24879761869487E+10
 0.24879761869487E+10
 0.24879761869487E+10
 0.24879761869487E+10
 0.24879761869487E+10
 0.24879761869487E+10
 0.24879761869487E+10
 0.24879761869487E+10
 0.24879761869487E+10
 0.24879761869487E+10
 0.24879761869487E+10
 0.24879761869487E+10
 0.24879761869487E+10
 0.24879761869487E+10
 0.24879761869487E+10
 0.24879761869487E+10
 0.24879761869487E+10
 0.24879761869487E+10
 0.24879761869487E+10
 0.24879761869487E+10
 0.24879761869487E+10
 0.24879761869487E+10
 0.24879761869487E+10
 0.24879761869487E+10
 0.24879761869487E+10
 0.24879761869487E+10
 0.24879761869487E+10
 0.24879761869487E+10
 0.24879761869487E+10
 0.24879761869487E+10
 0.24879761869487E+10
 0.24879761869487E+10
 0.24879761869487E+10
 0.24879761869487E+10
 0.24879761869487E+10
 0.24879761869487E+10
 0.24879761869487E+10
 0.24879761869487E+10
 0.24879761869486E+10
 0.24879761869486E+10
 0.24879761869485E+10
 0.24879761869485E+10
 0.24879761869484E+10
 0.24879761869485E+10
 0.24879761869486E+10
 0.24879761869487E+10
 0.24879761869487E+10
 0.24879761869487E+10
 0.24879761869487E+10
 0.24879761869487E+10
 0.24879761869487E+10
 0.24879761869487E+10
 0.24879761869487E+10
 0.24879761869487E+10
 0.24879761869487E+10
 0.24879761869487E+10
 0.24879761869487E+10
 0.24879761869487E+10
 0.24879761869486E+10
 0.24879761869486E+10
 0.24879761869486E+10
 0.24879761869486E+10
 0.24879761869486E+10
 0.24879761869486E+10
 0.24879761869486E+10
 0.24879761869486E+10
 0.24879761869486E+10
 0.24879761869486E+10
 0.24879761869486E+10
 0.24879761869486E+10
 0.24879761869486E+10
 0.24879761869486E+10
 0.24879761869486E+10
 0.24879761869486E+10
 0.24879761869486E+10
 0.24879761869486E+10
 0.24879761869486E+10
 0.24879761869486E+10
 0.24879761869486E+10
 0.24879761869486E+10
 0.24879761869486E+10
 0.24879761869486E+10
 0.24879761869486E+10
 0.24879761869486E+10
 0.24879761869486E+10
 0.24879761869486E+10
 0.24879761869486E+10
 0.24879761869486E+10
 0.24879761869486E+10
 0.24879761869486E+10
 0.24879761869486E+10
 0.24879761869486E+10
 0.24879761869486E+10
 0.24879761869486E+10
 0.24879761869486E+10
 0.24879761869486E+10
 0.24879761869486E+10
 0.24879761869486E+10
 0.24879761869486E+10
 0.24879761869486E+10
 0.24879761869486E+10
 0.24879761869486E+10
 0.24879761869486E+10
 0.24879761869486E+10
 0.24879761869486E+10
 0.24879761869486E+10
 0.24879761869486E+10
 0.24879761869486E+10
 0.24879761869486E+10
 0.24879761869487E+10
 0.24879761869486E+10
 0.24879761869486E+10
 0.24879761869487E+10
 0.24879761869487E+10
 0.24879761869487E+10
 0.24879761869487E+10
 0.24879761869487E+10
 0.24879761869486E+10
 0.24879761869486E+10
 0.24879761869486E+10
 0.24879761869486E+10
 0.24879761869486E+10
 0.24879761869487E+10
 0.24879761869487E+10
 0.24879761869486E+10
 0.24879761869486E+10
 0.24879761869486E+10
 0.24879761869486E+10
 0.24879761869487E+10
 0.24879761869486E+10
 0.24879761869486E+10
 0.24879761869486E+10
 0.24879761869486E+10
 0.24879761869486E+10
 0.24879761869486E+10
 0.24879761869486E+10
 0.24879761869486E+10
 0.24879761869486E+10
 0.24879761869486E+10
 0.24879761869486E+10
 0.24879761869486E+10
 0.24879761869486E+10
 0.24879761869486E+10
 0.24879761869486E+10
 0.24879761869487E+10
 0.24879761869487E+10
 0.24879761869486E+10
 0.24879761869487E+10
 0.24879761869487E+10
 0.24879761869487E+10
 0.24879761869487E+10
 0.24879761869486E+10
 0.24879761869486E+10
 0.24879761869486E+10
 0.24879761869486E+10
 0.24879761869486E+10
 0.24879761869486E+10
 0.24879761869486E+10
