 0.30964638233675E+03
 0.30964638233675E+03
 0.30964638233675E+03
 0.30964638233675E+03
 0.30964638233675E+03
 0.30964638233675E+03
 0.30964638233675E+03
 0.30964638233675E+03
 0.30964638233675E+03
 0.30964638233675E+03
 0.30964638233675E+03
 0.30964638233675E+03
 0.30964638233675E+03
 0.30964638233675E+03
 0.30964638233675E+03
 0.30964638233675E+03
 0.30964638233675E+03
 0.30964638233675E+03
 0.30964638233675E+03
 0.30964638233675E+03
 0.30964638233675E+03
 0.30964638233675E+03
 0.30964638233675E+03
 0.30964638233675E+03
 0.30964638233675E+03
 0.30964638233675E+03
 0.30964638233675E+03
 0.30964638233675E+03
 0.30964638233675E+03
 0.30964638233675E+03
 0.30964638233675E+03
 0.30964638233675E+03
 0.30964638233675E+03
 0.30964638233675E+03
 0.30964638233675E+03
 0.30964638233675E+03
 0.30964638233675E+03
 0.30964638233675E+03
 0.30964638233675E+03
 0.30964638233675E+03
 0.30964638233675E+03
 0.30964638233675E+03
 0.30964638233675E+03
 0.30964638233675E+03
 0.30964638233675E+03
 0.30964638233675E+03
 0.30964638233675E+03
 0.30964638233675E+03
 0.30964638233675E+03
 0.30964638233675E+03
 0.30964638233675E+03
 0.30964638233675E+03
 0.30964638233675E+03
 0.30964638233675E+03
 0.30964638233675E+03
 0.30964638233675E+03
 0.30964638233675E+03
 0.30964638233675E+03
 0.30964638233675E+03
 0.30964638233675E+03
 0.30964638233675E+03
 0.30964638233675E+03
 0.30964638233675E+03
 0.30964638233675E+03
 0.30964638233675E+03
 0.30964638233675E+03
 0.30964638233675E+03
 0.30964638233675E+03
 0.30964638233675E+03
 0.30964638233675E+03
 0.30964638232803E+03
 0.30964638197184E+03
 0.30964638133295E+03
 0.30964638055803E+03
 0.30964637886208E+03
 0.30964637883731E+03
 0.30964637665023E+03
 0.30964635403944E+03
 0.30964637601475E+03
 0.30964637383494E+03
 0.30964636871085E+03
 0.30964635284637E+03
 0.30964633746097E+03
 0.30964632101820E+03
 0.30964632002406E+03
 0.30964630690160E+03
 0.30964632041115E+03
 0.30964635816095E+03
 0.30964637318725E+03
 0.30964637236211E+03
 0.30964637860002E+03
 0.30964638614131E+03
 0.30964637960648E+03
 0.30964639064907E+03
 0.30964637971411E+03
 0.30964638942969E+03
 0.30964637995385E+03
 0.30964638085509E+03
 0.30964640393310E+03
 0.30964637980880E+03
 0.30964638874191E+03
 0.30964638017130E+03
 0.30964637855322E+03
 0.30964637845949E+03
 0.30964637920014E+03
 0.30964638830146E+03
 0.30964638686711E+03
 0.30964637781438E+03
 0.30964637823790E+03
 0.30964637801319E+03
 0.30964637780892E+03
 0.30964638620548E+03
 0.30964639563766E+03
 0.30964637989846E+03
 0.30964640008579E+03
 0.30964639727158E+03
 0.30964637873003E+03
 0.30964637813248E+03
 0.30964638341300E+03
 0.30964637965936E+03
 0.30964637796688E+03
 0.30964638083869E+03
 0.30964639852594E+03
 0.30964638054272E+03
 0.30964638540419E+03
 0.30964638830408E+03
 0.30964640894504E+03
 0.30964638620840E+03
 0.30964637726605E+03
 0.30964637714548E+03
 0.30964638620244E+03
 0.30964638696713E+03
 0.30964637705600E+03
 0.30964637661201E+03
 0.30964637782621E+03
 0.30964638752761E+03
 0.30964638034009E+03
 0.30964638953995E+03
 0.30964637886507E+03
 0.30964637857389E+03
 0.30964637863681E+03
 0.30964638070764E+03
 0.30964637902063E+03
 0.30964637895934E+03
 0.30964637921054E+03
 0.30964638054346E+03
 0.30964638032732E+03
 0.30964637904395E+03
 0.30964637911705E+03
 0.30964637987295E+03
 0.30964638384276E+03
 0.30964638947062E+03
 0.30964640824589E+03
 0.30964638032837E+03
 0.30964638042386E+03
 0.30964641080367E+03
 0.30964640768502E+03
 0.30964640674502E+03
 0.30964640874797E+03
 0.30964640756895E+03
 0.30964638899077E+03
 0.30964639069525E+03
 0.30964638392532E+03
 0.30964638081277E+03
 0.30964639181908E+03
 0.30964640912528E+03
 0.30964639340997E+03
 0.30964638308513E+03
 0.30964637936747E+03
 0.30964637949982E+03
 0.30964637993767E+03
 0.30964639492030E+03
 0.30964638326655E+03
 0.30964637996490E+03
 0.30964638044322E+03
 0.30964638395740E+03
 0.30964638042456E+03
 0.30964638101519E+03
 0.30964637989146E+03
 0.30964638067592E+03
 0.30964638415901E+03
 0.30964639142921E+03
 0.30964639028967E+03
 0.30964639173523E+03
 0.30964638292231E+03
 0.30964638347908E+03
 0.30964639080371E+03
 0.30964641377623E+03
 0.30964639930141E+03
 0.30964638263925E+03
 0.30964641019719E+03
 0.30964641115755E+03
 0.30964640924969E+03
 0.30964639417271E+03
 0.30964638164397E+03
 0.30964638031792E+03
 0.30964638013057E+03
 0.30964638309707E+03
 0.30964638193880E+03
 0.30964638152175E+03
 0.30964638046925E+03
