 0.51033005131542E+03
 0.51033005131542E+03
 0.51033005131542E+03
 0.51033005131542E+03
 0.51033005131542E+03
 0.51033005131542E+03
 0.51033005131542E+03
 0.51033005131542E+03
 0.51033005131542E+03
 0.51033005131542E+03
 0.51033005131542E+03
 0.51033005131542E+03
 0.51033005131542E+03
 0.51033005131542E+03
 0.51033005131542E+03
 0.51033005131542E+03
 0.51033005131542E+03
 0.51033005131542E+03
 0.51033005131542E+03
 0.51033005131542E+03
 0.51033005131542E+03
 0.51033005131542E+03
 0.51033005131542E+03
 0.51033005131542E+03
 0.51033005131542E+03
 0.51033005131542E+03
 0.51033005131542E+03
 0.51033005131542E+03
 0.51033005131542E+03
 0.51033005131542E+03
 0.51033005131542E+03
 0.51033005131542E+03
 0.51033005131542E+03
 0.51033005131542E+03
 0.51033005131542E+03
 0.51033005131542E+03
 0.51033005131542E+03
 0.51033005131542E+03
 0.51033005131542E+03
 0.51033005131542E+03
 0.51033005131542E+03
 0.51033005131542E+03
 0.51033005131542E+03
 0.51033005131542E+03
 0.51033005131542E+03
 0.51033005131542E+03
 0.51033005131542E+03
 0.51033005131542E+03
 0.51033005131542E+03
 0.51033005131542E+03
 0.51033005131542E+03
 0.51033005131542E+03
 0.51033005131542E+03
 0.51033005131542E+03
 0.51033005131542E+03
 0.51033005131542E+03
 0.51033005131542E+03
 0.51033005131542E+03
 0.51033005131542E+03
 0.51033005131542E+03
 0.51033005131542E+03
 0.51033005131542E+03
 0.51033005131542E+03
 0.51033005131542E+03
 0.51033005131542E+03
 0.51033005131542E+03
 0.51033005131542E+03
 0.51033005131542E+03
 0.51033005131542E+03
 0.51033005131542E+03
 0.51033005119015E+03
 0.51033005108579E+03
 0.51033005220603E+03
 0.51033005371388E+03
 0.51033005576925E+03
 0.51033005581403E+03
 0.51033005591220E+03
 0.51033003258180E+03
 0.51033005473100E+03
 0.51033005204291E+03
 0.51033004581582E+03
 0.51033002534154E+03
 0.51032999870431E+03
 0.51032997093984E+03
 0.51032996607528E+03
 0.51032994608517E+03
 0.51032996366622E+03
 0.51033001472675E+03
 0.51033003507800E+03
 0.51033003581421E+03
 0.51033004529581E+03
 0.51033005240137E+03
 0.51033004693051E+03
 0.51033005715376E+03
 0.51033004683275E+03
 0.51033005607569E+03
 0.51033004742250E+03
 0.51033004829288E+03
 0.51033007111282E+03
 0.51033004799342E+03
 0.51033005549315E+03
 0.51033004760482E+03
 0.51033004571688E+03
 0.51033004613759E+03
 0.51033004642728E+03
 0.51033005517560E+03
 0.51033005342711E+03
 0.51033004499044E+03
 0.51033004510708E+03
 0.51033004522942E+03
 0.51033004476365E+03
 0.51033005260340E+03
 0.51033006163757E+03
 0.51033004658150E+03
 0.51033006606757E+03
 0.51033006311476E+03
 0.51033004544850E+03
 0.51033004408268E+03
 0.51033004908572E+03
 0.51033004543791E+03
 0.51033004387469E+03
 0.51033004654987E+03
 0.51033006370615E+03
 0.51033004621352E+03
 0.51033005049848E+03
 0.51033005364530E+03
 0.51033007421178E+03
 0.51033005104117E+03
 0.51033004307157E+03
 0.51033004280821E+03
 0.51033005102580E+03
 0.51033005170996E+03
 0.51033004261350E+03
 0.51033004181120E+03
 0.51033004287251E+03
 0.51033005280186E+03
 0.51033004647374E+03
 0.51033005540081E+03
 0.51033004531019E+03
 0.51033004453585E+03
 0.51033004499033E+03
 0.51033004729580E+03
 0.51033004550493E+03
 0.51033004547474E+03
 0.51033004514566E+03
 0.51033004659884E+03
 0.51033004627340E+03
 0.51033004560329E+03
 0.51033004570420E+03
 0.51033004603909E+03
 0.51033004971518E+03
 0.51033005540477E+03
 0.51033007382730E+03
 0.51033004658236E+03
 0.51033004672724E+03
 0.51033007656554E+03
 0.51033007397904E+03
 0.51033007351144E+03
 0.51033007495773E+03
 0.51033007352134E+03
 0.51033005523751E+03
 0.51033005796748E+03
 0.51033005089456E+03
 0.51033004808754E+03
 0.51033005830563E+03
 0.51033007572290E+03
 0.51033006079287E+03
 0.51033005031907E+03
 0.51033004631253E+03
 0.51033004615145E+03
 0.51033004718622E+03
 0.51033006177694E+03
 0.51033005052830E+03
 0.51033004727238E+03
 0.51033004702969E+03
 0.51033005041440E+03
 0.51033004713067E+03
 0.51033004867278E+03
 0.51033004701081E+03
 0.51033004755786E+03
 0.51033005076217E+03
 0.51033005823891E+03
 0.51033005702793E+03
 0.51033005849356E+03
 0.51033004961043E+03
 0.51033005006651E+03
 0.51033005752535E+03
 0.51033008121750E+03
 0.51033006634105E+03
 0.51033005047702E+03
 0.51033007705888E+03
 0.51033007865789E+03
 0.51033007625704E+03
 0.51033006125895E+03
 0.51033004957894E+03
 0.51033004782305E+03
 0.51033004738731E+03
 0.51033005123077E+03
 0.51033004972794E+03
 0.51033004959175E+03
 0.51033004820862E+03
