 0.72530742985912E+06
 0.72517551365529E+06
 0.72482373214082E+06
 0.72425207174122E+06
 0.72346051034378E+06
 0.72244901721992E+06
 0.72121755291645E+06
 0.71976606911543E+06
 0.71809450846118E+06
 0.71620280435311E+06
 0.71409088070268E+06
 0.71175865165248E+06
 0.70920602125536E+06
 0.70643288311038E+06
 0.70343911995246E+06
 0.70022460319309E+06
 0.69678919240641E+06
 0.69313273475743E+06
 0.68925506436580E+06
 0.68515600160004E+06
 0.68083535229457E+06
 0.67629290688185E+06
 0.67152843943074E+06
 0.66654170658028E+06
 0.66133244635786E+06
 0.65590037686775E+06
 0.65024519483448E+06
 0.64436657398385E+06
 0.63826416324092E+06
 0.63193758472126E+06
 0.62538643148885E+06
 0.61861026504862E+06
 0.61160861253752E+06
 0.60438096357140E+06
 0.59692676669817E+06
 0.58924542539886E+06
 0.58133629356827E+06
 0.57319867039479E+06
 0.56483179454366E+06
 0.55623483753033E+06
 0.54740689614908E+06
 0.53834698379518E+06
 0.52905402048592E+06
 0.51952682134612E+06
 0.50976408327372E+06
 0.49976436943857E+06
 0.48952609118947E+06
 0.47904748684755E+06
 0.46832659673733E+06
 0.45736123364998E+06
 0.44614894772739E+06
 0.43468698449148E+06
 0.42297223439802E+06
 0.41100117183825E+06
 0.39876978090924E+06
 0.38627346446206E+06
 0.37350693183950E+06
 0.36046405920883E+06
 0.34713771430063E+06
 0.33351953441557E+06
 0.31959964232786E+06
 0.30536627852740E+06
 0.29080531897495E+06
 0.27589963322983E+06
 0.26062821478403E+06
 0.24496497613789E+06
 0.22887702769595E+06
 0.21232209975124E+06
 0.19524431090723E+06
 0.17756522944532E+06
 0.15915805618516E+06
 0.13996750976301E+06
 0.11985281904657E+06
 0.98590463655529E+05
 0.75863174740568E+05
 0.51199106810783E+05
 0.23862206944441E+05
-0.73566281087969E+04
-0.44578420370151E+05
-0.91852273410209E+05
-0.15784689594440E+06
-0.26444561942308E+06
-0.48351854384573E+06
-0.12086166042189E+07
-0.18423093650406E+08
 0.47718412595319E+08
-0.93458969851574E+06
-0.38361502424978E+06
-0.26355647794663E+06
-0.22654070066192E+06
-0.21734296242961E+06
-0.22030048469638E+06
-0.22953414376234E+06
-0.24237949170457E+06
-0.25750396162987E+06
-0.27418554788903E+06
-0.29197733792003E+06
-0.31061790176598E+06
-0.32991517523125E+06
-0.34974342491696E+06
-0.37002816247856E+06
-0.39072482547477E+06
-0.41178001551250E+06
-0.43317172878518E+06
-0.45486313607056E+06
-0.47682506878820E+06
-0.49905418073445E+06
-0.52155541829877E+06
-0.54430722765916E+06
-0.56732060578575E+06
-0.59054260067524E+06
-0.61400289106222E+06
-0.63770177366146E+06
-0.66162786985842E+06
-0.68579336012772E+06
-0.71016087647956E+06
-0.73475935507176E+06
-0.75955350677232E+06
-0.78458519002380E+06
-0.80983376333851E+06
-0.83531929340424E+06
-0.86098650764406E+06
-0.88686101644041E+06
-0.91296862065555E+06
-0.93928829057468E+06
-0.96584612479399E+06
-0.99257489569869E+06
-0.10195338786507E+07
-0.10466828517402E+07
-0.10740625271679E+07
-0.11016794510524E+07
-0.11294598467981E+07
-0.11574729997187E+07
-0.11856777519377E+07
-0.12141114181399E+07
-0.12427750206445E+07
-0.12716363289219E+07
-0.13006838259130E+07
-0.13299529310118E+07
-0.13594085275966E+07
-0.13890989551736E+07
-0.14190227680524E+07
-0.14491417632474E+07
-0.14794299475461E+07
-0.15099354576856E+07
-0.15406722846567E+07
-0.15716144876394E+07
-0.16028027121011E+07
-0.16341403627379E+07
-0.16657119488955E+07
-0.16974616905967E+07
-0.17294465416974E+07
-0.17616408481739E+07
-0.17940861158790E+07
-0.18266790422756E+07
-0.18594995839460E+07
-0.18924817911339E+07
-0.19257162422616E+07
-0.19591594917708E+07
-0.19928579308386E+07
-0.20266766604553E+07
-0.20607147570215E+07
-0.20949859225618E+07
-0.21294667660386E+07
-0.21641559498624E+07
-0.21991075778633E+07
-0.22341705581633E+07
-0.22694855531820E+07
-0.23049592360584E+07
-0.23406848301889E+07
-0.23766179619907E+07
-0.24128205382470E+07
-0.24491238450314E+07
-0.24856735704565E+07
-0.25223894139878E+07
-0.25593584626200E+07
-0.25965329731601E+07
-0.26339847940434E+07
-0.26715712058839E+07
-0.27093053514677E+07
-0.27473327537243E+07
-0.27854763775265E+07
-0.28238887626956E+07
-0.28625100688659E+07
-0.29014143801556E+07
-0.29403991566401E+07
-0.29796359163218E+07
-0.30190267793523E+07
-0.30586810714769E+07
-0.30985345882475E+07
-0.31386594761571E+07
-0.31789615768850E+07
-0.32194077996667E+07
-0.32600818501874E+07
-0.33008953626520E+07
-0.33419870811882E+07
-0.33832843546410E+07
-0.34248629236336E+07
-0.34666090183579E+07
-0.35084500057517E+07
-0.35505195452343E+07
