 0.21140088456486E+08
 0.21140088456486E+08
 0.21140088456486E+08
 0.21140088456486E+08
 0.21140088456486E+08
 0.21140088456486E+08
 0.21140088456486E+08
 0.21140088456486E+08
 0.21140088456486E+08
 0.21140088456486E+08
 0.21140088456486E+08
 0.21140088456486E+08
 0.21140088456486E+08
 0.21140088456486E+08
 0.21140088456486E+08
 0.21140088456486E+08
 0.21140088456486E+08
 0.21140088456486E+08
 0.21140088456486E+08
 0.21140088456486E+08
 0.21140088456486E+08
 0.21140088456486E+08
 0.21140088456486E+08
 0.21140088456486E+08
 0.21140088456486E+08
 0.21140088456486E+08
 0.21140088456486E+08
 0.21140088456486E+08
 0.21140088456486E+08
 0.21140088456486E+08
 0.21140088456486E+08
 0.21140088456486E+08
 0.21140088456486E+08
 0.21140088456486E+08
 0.21140088456486E+08
 0.21140088456486E+08
 0.21140088456486E+08
 0.21140088456486E+08
 0.21140088456486E+08
 0.21140088456486E+08
 0.21140088456486E+08
 0.21140088456486E+08
 0.21140088456486E+08
 0.21140088456486E+08
 0.21140088456486E+08
 0.21140088456486E+08
 0.21140088456486E+08
 0.21140088456486E+08
 0.21140088456486E+08
 0.21140088456486E+08
 0.21140088456486E+08
 0.21140088456486E+08
 0.21140088456486E+08
 0.21140088456486E+08
 0.21140088456486E+08
 0.21140088456486E+08
 0.21140088456486E+08
 0.21140088456486E+08
 0.21140088456486E+08
 0.21140088456486E+08
 0.21140088456486E+08
 0.21140088456486E+08
 0.21140088456486E+08
 0.21140088456486E+08
 0.21140088456486E+08
 0.21140088456486E+08
 0.21140088456486E+08
 0.21140088456486E+08
 0.21140088456486E+08
 0.21140088456486E+08
 0.21140088451661E+08
 0.21140088448784E+08
 0.21140088481102E+08
 0.21140088543768E+08
 0.21140088673910E+08
 0.21140088682997E+08
 0.21140088793845E+08
 0.21140089273068E+08
 0.21140088807904E+08
 0.21140088836470E+08
 0.21140088896357E+08
 0.21140089089057E+08
 0.21140089323095E+08
 0.21140089724917E+08
 0.21140089711025E+08
 0.21140089958411E+08
 0.21140089569369E+08
 0.21140088491592E+08
 0.21140088145916E+08
 0.21140088246943E+08
 0.21140088304492E+08
 0.21140088193073E+08
 0.21140088305942E+08
 0.21140088139381E+08
 0.21140088317657E+08
 0.21140088172034E+08
 0.21140088359925E+08
 0.21140088375068E+08
 0.21140088027879E+08
 0.21140088420029E+08
 0.21140088549938E+08
 0.21140088772147E+08
 0.21140088847851E+08
 0.21140088880134E+08
 0.21140088895671E+08
 0.21140088766446E+08
 0.21140088917088E+08
 0.21140089123249E+08
 0.21140089158371E+08
 0.21140089180047E+08
 0.21140089206025E+08
 0.21140089085051E+08
 0.21140089059367E+08
 0.21140089355425E+08
 0.21140089055409E+08
 0.21140089107885E+08
 0.21140089407335E+08
 0.21140089535368E+08
 0.21140089478391E+08
 0.21140089552564E+08
 0.21140089587032E+08
 0.21140089543327E+08
 0.21140089371066E+08
 0.21140089678132E+08
 0.21140089603593E+08
 0.21140089554584E+08
 0.21140089211055E+08
 0.21140089656942E+08
 0.21140089806557E+08
 0.21140089790217E+08
 0.21140089676427E+08
 0.21140089639847E+08
 0.21140089895383E+08
 0.21140089902864E+08
 0.21140089861805E+08
 0.21140089481678E+08
 0.21140089584163E+08
 0.21140089225254E+08
 0.21140089542504E+08
 0.21140089606781E+08
 0.21140089545210E+08
 0.21140089446072E+08
 0.21140089525591E+08
 0.21140089536716E+08
 0.21140089575392E+08
 0.21140089530923E+08
 0.21140089572190E+08
 0.21140089508675E+08
 0.21140089498330E+08
 0.21140089534334E+08
 0.21140089462595E+08
 0.21140089397619E+08
 0.21140089093106E+08
 0.21140089504733E+08
 0.21140089499597E+08
 0.21140089001165E+08
 0.21140088981948E+08
 0.21140088794367E+08
 0.21140088970910E+08
 0.21140089029584E+08
 0.21140089339548E+08
 0.21140088902148E+08
 0.21140089276411E+08
 0.21140089377445E+08
 0.21140089070530E+08
 0.21140088899574E+08
 0.21140088870144E+08
 0.21140089278226E+08
 0.21140089456869E+08
 0.21140089462421E+08
 0.21140089388921E+08
 0.21140088933026E+08
 0.21140089253678E+08
 0.21140089396360E+08
 0.21140089464555E+08
 0.21140089397558E+08
 0.21140089437965E+08
 0.21140089249069E+08
 0.21140089381783E+08
 0.21140089409403E+08
 0.21140089371840E+08
 0.21140089199193E+08
 0.21140089229412E+08
 0.21140089238417E+08
 0.21140089402439E+08
 0.21140089375734E+08
 0.21140089225596E+08
 0.21140088512417E+08
 0.21140088810883E+08
 0.21140089217168E+08
 0.21140088863824E+08
 0.21140088484584E+08
 0.21140088808878E+08
 0.21140088890920E+08
 0.21140089170433E+08
 0.21140089318050E+08
 0.21140089376352E+08
 0.21140089187862E+08
 0.21140089219265E+08
 0.21140089206654E+08
 0.21140089285268E+08
