 0.77828119149937E+07
 0.77828119149937E+07
 0.77828119149937E+07
 0.77828119149937E+07
 0.77828119149937E+07
 0.77828119149937E+07
 0.77828119149937E+07
 0.77828119149937E+07
 0.77828119149937E+07
 0.77828119149937E+07
 0.77828119149937E+07
 0.77828119149937E+07
 0.77828119149937E+07
 0.77828119149937E+07
 0.77828119149937E+07
 0.77828119149937E+07
 0.77828119149937E+07
 0.77828119149937E+07
 0.77828119149937E+07
 0.77828119149937E+07
 0.77828119149937E+07
 0.77828119149937E+07
 0.77828119149937E+07
 0.77828119149937E+07
 0.77828119149937E+07
 0.77828119149937E+07
 0.77828119149937E+07
 0.77828119149937E+07
 0.77828119149937E+07
 0.77828119149937E+07
 0.77828119149937E+07
 0.77828119149937E+07
 0.77828119149937E+07
 0.77828119149937E+07
 0.77828119149937E+07
 0.77828119149937E+07
 0.77828119149937E+07
 0.77828119149937E+07
 0.77828119149937E+07
 0.77828119149937E+07
 0.77828119149937E+07
 0.77828119149937E+07
 0.77828119149937E+07
 0.77828119149937E+07
 0.77828119149937E+07
 0.77828119149937E+07
 0.77828119149937E+07
 0.77828119149937E+07
 0.77828119149937E+07
 0.77828119149937E+07
 0.77828119149937E+07
 0.77828119149937E+07
 0.77828119149937E+07
 0.77828119149937E+07
 0.77828119149937E+07
 0.77828119149937E+07
 0.77828119149937E+07
 0.77828119149937E+07
 0.77828119149937E+07
 0.77828119149937E+07
 0.77828119149937E+07
 0.77828119149937E+07
 0.77828119149937E+07
 0.77828119149937E+07
 0.77828119149937E+07
 0.77828119149937E+07
 0.77828119149937E+07
 0.77828119149937E+07
 0.77828119149937E+07
 0.77828119149937E+07
 0.77828119165999E+07
 0.77828119008180E+07
 0.77828118464314E+07
 0.77828117845567E+07
 0.77828116845241E+07
 0.77828116852584E+07
 0.77828116131309E+07
 0.77828113645390E+07
 0.77828116223897E+07
 0.77828116053188E+07
 0.77828115597172E+07
 0.77828114576561E+07
 0.77828115828732E+07
 0.77828117510905E+07
 0.77828118443760E+07
 0.77828118855190E+07
 0.77828118851622E+07
 0.77828118286186E+07
 0.77828118359785E+07
 0.77828118092378E+07
 0.77828118547989E+07
 0.77828119761456E+07
 0.77828118560667E+07
 0.77828120380263E+07
 0.77828118687721E+07
 0.77828120216332E+07
 0.77828118783963E+07
 0.77828119027286E+07
 0.77828122389854E+07
 0.77828118758190E+07
 0.77828121439539E+07
 0.77828120355280E+07
 0.77828120396439E+07
 0.77828120339845E+07
 0.77828120681009E+07
 0.77828122112071E+07
 0.77828122478939E+07
 0.77828121260486E+07
 0.77828121567113E+07
 0.77828121496641E+07
 0.77828121631660E+07
 0.77828123015951E+07
 0.77828124907336E+07
 0.77828122677612E+07
 0.77828125777601E+07
 0.77828125456756E+07
 0.77828122626938E+07
 0.77828123214501E+07
 0.77828124133226E+07
 0.77828123632003E+07
 0.77828123384899E+07
 0.77828123851675E+07
 0.77828126875843E+07
 0.77828124301771E+07
 0.77828125164207E+07
 0.77828125481708E+07
 0.77828128320001E+07
 0.77828125599352E+07
 0.77828124085752E+07
 0.77828124045314E+07
 0.77828125672785E+07
 0.77828125713835E+07
 0.77828124446892E+07
 0.77828124495955E+07
 0.77828124631449E+07
 0.77828125080241E+07
 0.77828123774592E+07
 0.77828124355077E+07
 0.77828123234636E+07
 0.77828123561084E+07
 0.77828123227418E+07
 0.77828123200228E+07
 0.77828123191175E+07
 0.77828123210528E+07
 0.77828123579565E+07
 0.77828123642659E+07
 0.77828123785194E+07
 0.77828123110621E+07
 0.77828123078499E+07
 0.77828123488886E+07
 0.77828124099114E+07
 0.77828124953588E+07
 0.77828127651582E+07
 0.77828123443144E+07
 0.77828123428047E+07
 0.77828127763681E+07
 0.77828126914124E+07
 0.77828125893630E+07
 0.77828127109313E+07
 0.77828127170756E+07
 0.77828124549595E+07
 0.77828122963447E+07
 0.77828123095449E+07
 0.77828122758934E+07
 0.77828124045151E+07
 0.77828126802970E+07
 0.77828123348508E+07
 0.77828122855304E+07
 0.77828122866194E+07
 0.77828123002299E+07
 0.77828122636188E+07
 0.77828124039088E+07
 0.77828122792310E+07
 0.77828122650985E+07
 0.77828123216517E+07
 0.77828123704036E+07
 0.77828123078443E+07
 0.77828122209559E+07
 0.77828122640186E+07
 0.77828122969353E+07
 0.77828123604632E+07
 0.77828124343195E+07
 0.77828124250975E+07
 0.77828124563761E+07
 0.77828123446898E+07
 0.77828123489355E+07
 0.77828124343611E+07
 0.77828126039712E+07
 0.77828124399657E+07
 0.77828122358205E+07
 0.77828126802706E+07
 0.77828125401569E+07
 0.77828126368689E+07
 0.77828123666259E+07
 0.77828121959751E+07
 0.77828122372184E+07
 0.77828122625552E+07
 0.77828122250551E+07
 0.77828122242292E+07
 0.77828122027753E+07
 0.77828122209966E+07
