-0.12923687358332E+02
-0.12923687358332E+02
-0.12923687358332E+02
-0.12923687358335E+02
-0.12923687358279E+02
-0.12923687358462E+02
-0.12923687358026E+02
-0.12923687360998E+02
-0.12923687354071E+02
-0.12923687350225E+02
-0.12923687506035E+02
-0.12923687664423E+02
-0.12923687282433E+02
-0.12923687600652E+02
-0.12923687292378E+02
-0.12923687439966E+02
-0.12923687307006E+02
-0.12923687504202E+02
-0.12923687752234E+02
-0.12923687796917E+02
-0.12923687852022E+02
-0.12923688127240E+02
-0.12923687797454E+02
-0.12923688167189E+02
-0.12923688095456E+02
-0.12923688126100E+02
-0.12923688235815E+02
-0.12923688536691E+02
-0.12923689085298E+02
-0.12923689092354E+02
-0.12923688926973E+02
-0.12923689465479E+02
-0.12923689666391E+02
-0.12923690287316E+02
-0.12923691714461E+02
-0.12923693216953E+02
-0.12923694522377E+02
-0.12923695639679E+02
-0.12923699538441E+02
-0.12923702611707E+02
-0.12923705923108E+02
-0.12923712426762E+02
-0.12923718220908E+02
-0.12923724653980E+02
-0.12923734487286E+02
-0.12923745124781E+02
-0.12923757870427E+02
-0.12923773985708E+02
-0.12923788634649E+02
-0.12923809571897E+02
-0.12923832474731E+02
-0.12923857235283E+02
-0.12923886785992E+02
-0.12923917225338E+02
-0.12923955172552E+02
-0.12923993864405E+02
-0.12924039166309E+02
-0.12924089161657E+02
-0.12924145213696E+02
-0.12924202928233E+02
-0.12924272008885E+02
-0.12924348273773E+02
-0.12924427380432E+02
-0.12924511738708E+02
-0.12924610027098E+02
-0.12924703790689E+02
-0.12924820500461E+02
-0.12924937696300E+02
-0.12925065137283E+02
-0.12925204915349E+02
-0.12925364272565E+02
-0.12925513045536E+02
-0.12925692456073E+02
-0.12925880852493E+02
-0.12926079124573E+02
-0.12926297989453E+02
-0.12926513317445E+02
-0.12926757454585E+02
-0.12927018370154E+02
-0.12927291921420E+02
-0.12927591354250E+02
-0.12927892614853E+02
-0.12928229582365E+02
-0.12928584044359E+02
-0.12928953727714E+02
-0.12929365582123E+02
-0.12929782776116E+02
-0.12930227842179E+02
-0.12930708110349E+02
-0.12931199268288E+02
-0.12931726766796E+02
-0.12932286250270E+02
-0.12932881968563E+02
-0.12933502572342E+02
-0.12934165469248E+02
-0.12934872391799E+02
-0.12935584019257E+02
-0.12936377887651E+02
-0.12937189182712E+02
-0.12938059896867E+02
-0.12938939567549E+02
-0.12939910397921E+02
-0.12940916802620E+02
-0.12941974907679E+02
-0.12943089570351E+02
-0.12944270148407E+02
-0.12945536568105E+02
-0.12946800514654E+02
-0.12948181044088E+02
-0.12949634559370E+02
-0.12951128524410E+02
-0.12952703146062E+02
-0.12954385210564E+02
-0.12956146611539E+02
-0.12957982617708E+02
-0.12959927102544E+02
-0.12961956035398E+02
-0.12964065841809E+02
-0.12966346724927E+02
-0.12968730383132E+02
-0.12971170839190E+02
-0.12973841981211E+02
-0.12976587275734E+02
-0.12979494580627E+02
-0.12982535082800E+02
-0.12985739622560E+02
-0.12989155719557E+02
-0.12992749003620E+02
-0.12996476326592E+02
-0.13000475278057E+02
-0.13004647392837E+02
-0.13009054101219E+02
-0.13013810578147E+02
-0.13018771965029E+02
-0.13023966769503E+02
-0.13029535975102E+02
-0.13035506814284E+02
-0.13041658182903E+02
-0.13048300039164E+02
-0.13055324050347E+02
-0.13062789195388E+02
-0.13070686632985E+02
-0.13079251676747E+02
-0.13088240403480E+02
-0.13097867762418E+02
-0.13108009029760E+02
-0.13118871809980E+02
-0.13130252249310E+02
-0.13142494903282E+02
-0.13155419253117E+02
-0.13169012943425E+02
-0.13183343195988E+02
-0.13198265594202E+02
-0.13213876125416E+02
-0.13229850733618E+02
-0.13246356434326E+02
-0.13263158460964E+02
-0.13280060754676E+02
-0.13296846314572E+02
-0.13313299728164E+02
-0.13329139655530E+02
-0.13344459994942E+02
-0.13358660104221E+02
-0.13371793318493E+02
-0.13383777429793E+02
-0.13394427250133E+02
-0.13403672874787E+02
-0.13411635962990E+02
-0.13418165586053E+02
-0.13423388235260E+02
-0.13427373483739E+02
-0.13430134709799E+02
-0.13431716606429E+02
-0.13432243012528E+02
-0.13431750529720E+02
-0.13430324282647E+02
-0.13428021423913E+02
-0.13424907195973E+02
-0.13421052600241E+02
-0.13416532472429E+02
-0.13411376915765E+02
-0.13405608045135E+02
-0.13399361827870E+02
-0.13392579296415E+02
-0.13385422360576E+02
-0.13377778435837E+02
-0.13369759749518E+02
-0.13361411282858E+02
-0.13352741453647E+02
-0.13343814028614E+02
-0.13334569579432E+02
-0.13325091556868E+02
-0.13315400252274E+02
-0.13305539120263E+02
-0.13295424958827E+02
-0.13285136512965E+02
-0.13274729523861E+02
-0.13264169933940E+02
-0.13253440652951E+02
-0.13242594080613E+02
-0.13231619078155E+02
