 0.13708345617146E+03
 0.13708345617142E+03
 0.13708345617101E+03
 0.13708345625697E+03
 0.13708345941237E+03
 0.13708348920470E+03
 0.13708362089166E+03
 0.13708398821001E+03
 0.13708475241753E+03
 0.13708606284638E+03
 0.13708803244957E+03
 0.13709073088702E+03
 0.13709418836052E+03
 0.13709840658200E+03
 0.13710335923459E+03
 0.13710900616373E+03
 0.13711529097297E+03
 0.13712215018834E+03
 0.13712951295280E+03
 0.13713730541157E+03
 0.13710570931536E+03
 0.13710377914060E+03
 0.13710153888784E+03
 0.13709898029038E+03
 0.13709609816527E+03
 0.13709289324502E+03
 0.13708937270784E+03
 0.13708555071621E+03
 0.13708144027986E+03
 0.13707706352834E+03
 0.13707244560068E+03
 0.13706762325729E+03
 0.13706262183536E+03
 0.13705748585726E+03
 0.13705225272452E+03
 0.13704695730397E+03
 0.13704164110881E+03
 0.13703634388044E+03
 0.13703112272594E+03
 0.13702599289968E+03
 0.13702100122021E+03
 0.13701619629050E+03
 0.13701159021429E+03
 0.13700721951754E+03
 0.13700312537635E+03
 0.13699931707739E+03
 0.13699582469859E+03
 0.13699266814661E+03
 0.13698983413397E+03
 0.13698738047226E+03
 0.13698528800171E+03
 0.13698356376624E+03
 0.13698222631844E+03
 0.13698125690408E+03
 0.13698068835889E+03
 0.13698048406539E+03
 0.13698067330789E+03
 0.13698124299993E+03
 0.13698219679194E+03
 0.13698350741410E+03
 0.13698522601194E+03
 0.13698732338832E+03
 0.13698979685156E+03
 0.13699263678759E+03
 0.13699590444412E+03
 0.13699950553226E+03
 0.13700359942381E+03
 0.13700807292333E+03
 0.13701300355921E+03
 0.13701840934129E+03
 0.13702436240612E+03
 0.13703072399496E+03
 0.13703775183856E+03
 0.13704535898433E+03
 0.13705360945473E+03
 0.13706258865671E+03
 0.13707222744972E+03
 0.13708276550445E+03
 0.13709420410360E+03
 0.13710658224412E+03
 0.13712007571274E+03
 0.13713460336744E+03
 0.13715049292012E+03
 0.13716772413978E+03
 0.13718637972565E+03
 0.13720677778250E+03
 0.13722878186883E+03
 0.13725269109111E+03
 0.13727873999895E+03
 0.13730684341339E+03
 0.13733740981278E+03
 0.13737057873623E+03
 0.13740662735529E+03
 0.13744559173299E+03
 0.13748791182736E+03
 0.13753384504138E+03
 0.13758321784859E+03
 0.13763715982535E+03
 0.13769523894077E+03
 0.13775824042486E+03
 0.13782597533206E+03
 0.13789968089542E+03
 0.13797911886481E+03
 0.13806499533966E+03
 0.13815767563652E+03
 0.13825784868742E+03
 0.13836634702094E+03
 0.13848235134274E+03
 0.13860841505881E+03
 0.13874436494890E+03
 0.13889030630439E+03
 0.13904781206416E+03
 0.13921817180344E+03
 0.13940175309800E+03
 0.13959933264796E+03
 0.13981276189498E+03
 0.14004240092135E+03
 0.14028949735431E+03
 0.14055793452813E+03
 0.14084704253303E+03
 0.14115715893908E+03
 0.14149530283449E+03
 0.14185849869388E+03
 0.14225170573030E+03
 0.14267610610634E+03
 0.14313540069510E+03
 0.14363461918251E+03
 0.14417551019313E+03
 0.14475945396309E+03
 0.14539659731174E+03
 0.14608660684787E+03
 0.14683765413038E+03
 0.14766221452467E+03
 0.14855790833607E+03
 0.14953250917008E+03
 0.15060408831881E+03
 0.15178509909507E+03
 0.15306643120670E+03
 0.15448643592433E+03
 0.15604914364149E+03
 0.15779736362375E+03
 0.15967652200522E+03
 0.16181798252592E+03
 0.16417662887414E+03
 0.16681390390583E+03
 0.16974188275768E+03
 0.17302938861778E+03
 0.17668201067548E+03
 0.18081149992760E+03
 0.18543846882470E+03
 0.19061997387348E+03
 0.19643888789240E+03
 0.20293041112966E+03
 0.21019924705049E+03
 0.21822311208500E+03
 0.22713812170207E+03
 0.23694719606325E+03
 0.24764847654639E+03
 0.25922449982152E+03
 0.27163393102507E+03
 0.28479659314271E+03
 0.29884357467886E+03
 0.31344980300291E+03
 0.32868472508718E+03
 0.34454114767113E+03
 0.36088173342514E+03
 0.37762205562561E+03
 0.39489486459043E+03
 0.41245660391777E+03
 0.43038845153349E+03
 0.44875652326268E+03
 0.46745861513967E+03
 0.48638223217987E+03
 0.50570764235197E+03
 0.52528894085246E+03
 0.54524330488518E+03
 0.56534927603080E+03
 0.58585509996198E+03
 0.60668773885595E+03
 0.62764814304777E+03
 0.64896537795064E+03
 0.67067182365983E+03
 0.69252209535318E+03
 0.71478147850308E+03
 0.73712100712750E+03
 0.75997989051870E+03
 0.78312685296537E+03
 0.80653510581573E+03
 0.83022382992174E+03
 0.85415740783226E+03
 0.87851628111530E+03
 0.90315278577525E+03
 0.92807851055734E+03
 0.95324640409343E+03
 0.97886760970986E+03
 0.10048004283725E+04
 0.10310038334749E+04
 0.10575252767764E+04
 0.10844771254333E+04
 0.11117249059520E+04
 0.11393622265007E+04
