 0.83175894160695E+02
 0.83175894160712E+02
 0.83175894160954E+02
 0.83175894216418E+02
 0.83175896142748E+02
 0.83175914310342E+02
 0.83175994706927E+02
 0.83176219685198E+02
 0.83176690224700E+02
 0.83177502976765E+02
 0.83178736212984E+02
 0.83180446289227E+02
 0.83182670108332E+02
 0.83185429112241E+02
 0.83188731351602E+02
 0.83192579560935E+02
 0.83196964553148E+02
 0.83201874791042E+02
 0.83207295660832E+02
 0.83213202826828E+02
 0.83195467122393E+02
 0.83196002038888E+02
 0.83196642950986E+02
 0.83197396788722E+02
 0.83198276075462E+02
 0.83199287618114E+02
 0.83200445064279E+02
 0.83201771285330E+02
 0.83203260983200E+02
 0.83204929981009E+02
 0.83206785458633E+02
 0.83208866200111E+02
 0.83211151701295E+02
 0.83213687684924E+02
 0.83216487432996E+02
 0.83219537739569E+02
 0.83222864221233E+02
 0.83226465431624E+02
 0.83230432653418E+02
 0.83234675895158E+02
 0.83239248646827E+02
 0.83244213532691E+02
 0.83249499196772E+02
 0.83255139048369E+02
 0.83261200880586E+02
 0.83267631378379E+02
 0.83274479373790E+02
 0.83281757717656E+02
 0.83289350399860E+02
 0.83297469144197E+02
 0.83305988649704E+02
 0.83314918216428E+02
 0.83324326308668E+02
 0.83334113139340E+02
 0.83344442773775E+02
 0.83355142454150E+02
 0.83366360573176E+02
 0.83378042088644E+02
 0.83390226710946E+02
 0.83402794290100E+02
 0.83415987628762E+02
 0.83429699793011E+02
 0.83443842424612E+02
 0.83458451816735E+02
 0.83473739998244E+02
 0.83489271308148E+02
 0.83505716784260E+02
 0.83522512498596E+02
 0.83539927479811E+02
 0.83557988983936E+02
 0.83576891934644E+02
 0.83595920919656E+02
 0.83616061142172E+02
 0.83636804688309E+02
 0.83658192970193E+02
 0.83680465348720E+02
 0.83703084728153E+02
 0.83726820010073E+02
 0.83751405910242E+02
 0.83776746982566E+02
 0.83803179211203E+02
 0.83830138485142E+02
 0.83858462932116E+02
 0.83887736570865E+02
 0.83917910572095E+02
 0.83949660396892E+02
 0.83982118366194E+02
 0.84015847111175E+02
 0.84051079793156E+02
 0.84087208227786E+02
 0.84124889613536E+02
 0.84164073350440E+02
 0.84204858963401E+02
 0.84247014607156E+02
 0.84291022001104E+02
 0.84336942047757E+02
 0.84383822175652E+02
 0.84433671409980E+02
 0.84484875850331E+02
 0.84538553309284E+02
 0.84593486356746E+02
 0.84651795845106E+02
 0.84712105077304E+02
 0.84774933664431E+02
 0.84840416835857E+02
 0.84908909517270E+02
 0.84980990185516E+02
 0.85054386405969E+02
 0.85132375172638E+02
 0.85213852975635E+02
 0.85298059725222E+02
 0.85386191938513E+02
 0.85479030457961E+02
 0.85576009260240E+02
 0.85677055825185E+02
 0.85783297483676E+02
 0.85894235059771E+02
 0.86009822356037E+02
 0.86132970729270E+02
 0.86261850915861E+02
 0.86395271865028E+02
 0.86538745664960E+02
 0.86687773028488E+02
 0.86845333430832E+02
 0.87010844238461E+02
 0.87185609483388E+02
 0.87371605115270E+02
 0.87568166349861E+02
 0.87774273927065E+02
 0.87995164213120E+02
 0.88228013344827E+02
 0.88475662078000E+02
 0.88743157000721E+02
 0.89026054964485E+02
 0.89326148074236E+02
 0.89650235409419E+02
 0.90000829251039E+02
 0.90370039831124E+02
 0.90772621687211E+02
 0.91205887147528E+02
 0.91687564061467E+02
 0.92177954512479E+02
 0.92740168967718E+02
 0.93342810279421E+02
 0.94004380986163E+02
 0.94722729032438E+02
 0.95515109299077E+02
 0.96375652257250E+02
 0.97333207874974E+02
 0.98385141561684E+02
 0.99539840914179E+02
 0.10081301299533E+03
 0.10220531564370E+03
 0.10373698469576E+03
 0.10539307865219E+03
 0.10720269151676E+03
 0.10915930700839E+03
 0.11125712127027E+03
 0.11348843706805E+03
 0.11584138516596E+03
 0.11829602857344E+03
 0.12088402815999E+03
 0.12352858904344E+03
 0.12624722603501E+03
 0.12903882974284E+03
 0.13187197810895E+03
 0.13472764412356E+03
 0.13763616250298E+03
 0.14054204409794E+03
 0.14346371172772E+03
 0.14641567526014E+03
 0.14937468401226E+03
 0.15231567202221E+03
 0.15527838350408E+03
 0.15823046674140E+03
 0.16119726012379E+03
 0.16413098980232E+03
 0.16708462844925E+03
 0.17004244696446E+03
 0.17296223625251E+03
 0.17589240046260E+03
 0.17883920246011E+03
 0.18175144833482E+03
 0.18468392726653E+03
 0.18756922156011E+03
 0.19049656625370E+03
 0.19341846526310E+03
 0.19632946499330E+03
 0.19923326336781E+03
 0.20212256238604E+03
 0.20503278459421E+03
 0.20793438778751E+03
 0.21082933997489E+03
 0.21370864244666E+03
 0.21661216415272E+03
 0.21951253376398E+03
 0.22240149064146E+03
 0.22528766403478E+03
 0.22819170824171E+03
 0.23108799216052E+03
 0.23399336659667E+03
