-0.10736141037931E+17
-0.10736141037931E+17
-0.10736141037931E+17
-0.10736141037931E+17
-0.10736141037932E+17
-0.10736141037931E+17
-0.10736141037932E+17
-0.10736141037935E+17
-0.10736141037933E+17
-0.10736141037920E+17
-0.10736141037964E+17
-0.10736141038002E+17
-0.10736141037939E+17
-0.10736141037837E+17
-0.10736141037835E+17
-0.10736141037494E+17
-0.10736141037229E+17
-0.10736141036974E+17
-0.10736141036265E+17
-0.10736141035941E+17
-0.10736141034286E+17
-0.10736141032994E+17
-0.10736141030911E+17
-0.10736141028719E+17
-0.10736141025953E+17
-0.10736141023312E+17
-0.10736141020269E+17
-0.10736141015056E+17
-0.10736141010456E+17
-0.10736141005764E+17
-0.10736141002052E+17
-0.10736140995113E+17
-0.10736140990450E+17
-0.10736140982819E+17
-0.10736140972227E+17
-0.10736140963131E+17
-0.10736140953378E+17
-0.10736140945489E+17
-0.10736140926290E+17
-0.10736140912538E+17
-0.10736140897088E+17
-0.10736140871321E+17
-0.10736140848185E+17
-0.10736140823542E+17
-0.10736140787239E+17
-0.10736140748828E+17
-0.10736140700712E+17
-0.10736140641385E+17
-0.10736140589912E+17
-0.10736140511575E+17
-0.10736140426925E+17
-0.10736140333897E+17
-0.10736140220844E+17
-0.10736140103809E+17
-0.10736139954557E+17
-0.10736139801139E+17
-0.10736139617835E+17
-0.10736139413030E+17
-0.10736139179066E+17
-0.10736138934750E+17
-0.10736138639088E+17
-0.10736138308727E+17
-0.10736137957073E+17
-0.10736137577247E+17
-0.10736137133482E+17
-0.10736136696893E+17
-0.10736136156182E+17
-0.10736135603336E+17
-0.10736134994276E+17
-0.10736134323979E+17
-0.10736133559929E+17
-0.10736132819752E+17
-0.10736131942194E+17
-0.10736131011183E+17
-0.10736130019897E+17
-0.10736128931028E+17
-0.10736127832000E+17
-0.10736126598821E+17
-0.10736125277121E+17
-0.10736123883877E+17
-0.10736122366125E+17
-0.10736120818318E+17
-0.10736119107138E+17
-0.10736117303025E+17
-0.10736115416653E+17
-0.10736113343418E+17
-0.10736111227059E+17
-0.10736108982276E+17
-0.10736106575210E+17
-0.10736104108608E+17
-0.10736101482854E+17
-0.10736098714622E+17
-0.10736095794003E+17
-0.10736092764268E+17
-0.10736089557832E+17
-0.10736086173684E+17
-0.10736082768677E+17
-0.10736079043609E+17
-0.10736075255366E+17
-0.10736071244494E+17
-0.10736067207945E+17
-0.10736062839470E+17
-0.10736058356962E+17
-0.10736053702841E+17
-0.10736048868031E+17
-0.10736043818699E+17
-0.10736038491246E+17
-0.10736033229826E+17
-0.10736027589745E+17
-0.10736021747817E+17
-0.10736015830415E+17
-0.10736009698376E+17
-0.10736003278819E+17
-0.10735996671596E+17
-0.10735989919397E+17
-0.10735982903912E+17
-0.10735975721524E+17
-0.10735968420891E+17
-0.10735960683915E+17
-0.10735952769071E+17
-0.10735944870584E+17
-0.10735936381266E+17
-0.10735927890460E+17
-0.10735919104024E+17
-0.10735910146853E+17
-0.10735900942188E+17
-0.10735891360429E+17
-0.10735881546671E+17
-0.10735871680342E+17
-0.10735861326103E+17
-0.10735850858954E+17
-0.10735840115332E+17
-0.10735828750819E+17
-0.10735817287332E+17
-0.10735805685767E+17
-0.10735793510253E+17
-0.10735780756974E+17
-0.10735768149007E+17
-0.10735754777454E+17
-0.10735741027363E+17
-0.10735726743344E+17
-0.10735712030471E+17
-0.10735696197872E+17
-0.10735679999970E+17
-0.10735662831186E+17
-0.10735645040760E+17
-0.10735626030621E+17
-0.10735606323697E+17
-0.10735584891622E+17
-0.10735562134259E+17
-0.10735537956984E+17
-0.10735511989303E+17
-0.10735484405375E+17
-0.10735454690325E+17
-0.10735423445311E+17
-0.10735389830345E+17
-0.10735354098323E+17
-0.10735316399388E+17
-0.10735276879486E+17
-0.10735235732549E+17
-0.10735193342872E+17
-0.10735148783538E+17
-0.10735103815937E+17
-0.10735057869803E+17
-0.10735010853258E+17
-0.10734963412174E+17
-0.10734915886062E+17
-0.10734867521807E+17
-0.10734819514215E+17
-0.10734771406713E+17
-0.10734722860113E+17
-0.10734674362294E+17
-0.10734626455205E+17
-0.10734578266564E+17
-0.10734530492059E+17
-0.10734482598372E+17
-0.10734435600215E+17
-0.10734388392706E+17
-0.10734341314442E+17
-0.10734295249575E+17
-0.10734249208091E+17
-0.10734203082784E+17
-0.10734157916945E+17
-0.10734112624274E+17
-0.10734068544133E+17
-0.10734023939643E+17
-0.10733979751221E+17
-0.10733936096146E+17
-0.10733892905985E+17
-0.10733850328155E+17
-0.10733807702836E+17
-0.10733765593860E+17
-0.10733723970941E+17
-0.10733682995432E+17
-0.10733641961926E+17
-0.10733601363261E+17
-0.10733561353174E+17
-0.10733521779238E+17
-0.10733482292769E+17
-0.10733443339595E+17
-0.10733404634702E+17
