 0.51034792325990E+03
 0.51034792325973E+03
 0.51034792325775E+03
 0.51034792329981E+03
 0.51034792485290E+03
 0.51034793007253E+03
 0.51034789918701E+03
 0.51034760198012E+03
 0.51034641580893E+03
 0.51034319250238E+03
 0.51033625325527E+03
 0.51032348935902E+03
 0.51030252646775E+03
 0.51027093135273E+03
 0.51022633480371E+03
 0.51016647305027E+03
 0.51008943881870E+03
 0.50999352399866E+03
 0.50987727575918E+03
 0.50973973422447E+03
 0.50954546818706E+03
 0.50935362598068E+03
 0.50913798449083E+03
 0.50889857432752E+03
 0.50863542600389E+03
 0.50834894414705E+03
 0.50803948048533E+03
 0.50770728696738E+03
 0.50735356460674E+03
 0.50697903975416E+03
 0.50658479158928E+03
 0.50617102061044E+03
 0.50573979732358E+03
 0.50529124801257E+03
 0.50482650004775E+03
 0.50434752885296E+03
 0.50385509833631E+03
 0.50335074974744E+03
 0.50283320173648E+03
 0.50230663891340E+03
 0.50177076708038E+03
 0.50122494785828E+03
 0.50067256921459E+03
 0.50011370333169E+03
 0.49954722083734E+03
 0.49897568805133E+03
 0.49839831718778E+03
 0.49781544680261E+03
 0.49723112673030E+03
 0.49663934934325E+03
 0.49604434532999E+03
 0.49544607967920E+03
 0.49484265331685E+03
 0.49423723295720E+03
 0.49362477019747E+03
 0.49301061720166E+03
 0.49239012374097E+03
 0.49176489136123E+03
 0.49113352717614E+03
 0.49049940831172E+03
 0.48985513878801E+03
 0.48920363978972E+03
 0.48854747023158E+03
 0.48788515618801E+03
 0.48721029681144E+03
 0.48653555953934E+03
 0.48584086029135E+03
 0.48514271335276E+03
 0.48443316294341E+03
 0.48371115063513E+03
 0.48297095741361E+03
 0.48223357303580E+03
 0.48147011322627E+03
 0.48069554097303E+03
 0.47990875089505E+03
 0.47910292181107E+03
 0.47829370076246E+03
 0.47745932444224E+03
 0.47660764668884E+03
 0.47574183990663E+03
 0.47485269263669E+03
 0.47395673378661E+03
 0.47303084774381E+03
 0.47208734689531E+03
 0.47112817535876E+03
 0.47013525400561E+03
 0.46913366287907E+03
 0.46810839512442E+03
 0.46705446525090E+03
 0.46598894989099E+03
 0.46489525349840E+03
 0.46377599079741E+03
 0.46262982783158E+03
 0.46146394496954E+03
 0.46026730475765E+03
 0.45903985831396E+03
 0.45780760026405E+03
 0.45652059942863E+03
 0.45522205098897E+03
 0.45388521348825E+03
 0.45254320107588E+03
 0.45114425669139E+03
 0.44972522833620E+03
 0.44827629564082E+03
 0.44679581895420E+03
 0.44527838888937E+03
 0.44371310203686E+03
 0.44215666387573E+03
 0.44053558082754E+03
 0.43887863748401E+03
 0.43720687759651E+03
 0.43549710665341E+03
 0.43373577141361E+03
 0.43194027633352E+03
 0.43011627411083E+03
 0.42824499678279E+03
 0.42634143406159E+03
 0.42441217928290E+03
 0.42240484916866E+03
 0.42036226657123E+03
 0.41831421378055E+03
 0.41616177907377E+03
 0.41399925215962E+03
 0.41177875488716E+03
 0.40951991308523E+03
 0.40720919215694E+03
 0.40482414788910E+03
 0.40238826967961E+03
 0.39992987131072E+03
 0.39737730183281E+03
 0.39479091523273E+03
 0.39214296699938E+03
 0.38937882310771E+03
 0.38658248369166E+03
 0.38374659574058E+03
 0.38080478066535E+03
 0.37775604938317E+03
 0.37472051851906E+03
 0.37155544649966E+03
 0.36832852428286E+03
 0.36505897037784E+03
 0.36165726042954E+03
 0.35816484331921E+03
 0.35465453524224E+03
 0.35106719514641E+03
 0.34748620886435E+03
 0.34386340938154E+03
 0.34032285036434E+03
 0.33678711160197E+03
 0.33339136545106E+03
 0.33021755339079E+03
 0.32733646094337E+03
 0.32489835765703E+03
 0.32300517591632E+03
 0.32186264476518E+03
 0.32158078184417E+03
 0.32234617968706E+03
 0.32431277548258E+03
 0.32759800442087E+03
 0.33227472940502E+03
 0.33835842520485E+03
 0.34590705527612E+03
 0.35476617777049E+03
 0.36490671032997E+03
 0.37626838463798E+03
 0.38869672307010E+03
 0.40205485367014E+03
 0.41637297478609E+03
 0.43139900012339E+03
 0.44713575996268E+03
 0.46359108049265E+03
 0.48063588061272E+03
 0.49813066412249E+03
 0.51620407282373E+03
 0.53469699649514E+03
 0.55369445122805E+03
 0.57296956376241E+03
 0.59273884332406E+03
 0.61292047531489E+03
 0.63331159384264E+03
 0.65412130466458E+03
 0.67537343682657E+03
 0.69682283538104E+03
 0.71872098718660E+03
 0.74074146584924E+03
 0.76330925218078E+03
 0.78619447550126E+03
 0.80936727460540E+03
 0.83284344693640E+03
 0.85658519030736E+03
 0.88076852740554E+03
 0.90524576195231E+03
 0.93002659767458E+03
 0.95506283112261E+03
 0.98056256738048E+03
 0.10063842292840E+04
 0.10324860282111E+04
 0.10589141623888E+04
 0.10857796048044E+04
 0.11129479761929E+04
 0.11405117948351E+04
