 0.30965549042697E+03
 0.30965549042701E+03
 0.30965549042765E+03
 0.30965549046548E+03
 0.30965549145167E+03
 0.30965549495744E+03
 0.30965547806050E+03
 0.30965530557137E+03
 0.30965461137307E+03
 0.30965272130624E+03
 0.30964865299280E+03
 0.30964117940068E+03
 0.30962892900309E+03
 0.30961050129121E+03
 0.30958454797503E+03
 0.30954979607885E+03
 0.30950518107204E+03
 0.30944976628282E+03
 0.30938277487675E+03
 0.30930369942456E+03
 0.30919115956299E+03
 0.30908108858289E+03
 0.30895766343748E+03
 0.30882094472086E+03
 0.30867100640180E+03
 0.30850811455896E+03
 0.30833251368570E+03
 0.30814440580688E+03
 0.30794446688443E+03
 0.30773314235654E+03
 0.30751105290097E+03
 0.30727837637696E+03
 0.30703623229261E+03
 0.30678476143824E+03
 0.30652460840251E+03
 0.30625684099024E+03
 0.30598191977813E+03
 0.30570068193287E+03
 0.30541255227641E+03
 0.30511970324166E+03
 0.30482204386749E+03
 0.30451930295134E+03
 0.30421324636467E+03
 0.30390395526233E+03
 0.30359089538446E+03
 0.30327540710265E+03
 0.30295711913776E+03
 0.30263623586301E+03
 0.30231482362009E+03
 0.30198986749798E+03
 0.30166352317554E+03
 0.30133578419352E+03
 0.30100569850989E+03
 0.30067486910104E+03
 0.30034074075939E+03
 0.30000602281881E+03
 0.29966835179877E+03
 0.29932852784563E+03
 0.29898583272665E+03
 0.29864194619555E+03
 0.29829311807293E+03
 0.29794080062144E+03
 0.29758623678463E+03
 0.29722867414365E+03
 0.29686482822626E+03
 0.29650106526753E+03
 0.29612717806201E+03
 0.29575146540659E+03
 0.29536985723855E+03
 0.29498175603179E+03
 0.29458419514986E+03
 0.29418774462424E+03
 0.29377769180776E+03
 0.29336155104311E+03
 0.29293864678349E+03
 0.29250545929419E+03
 0.29206980075193E+03
 0.29162054597162E+03
 0.29116154646186E+03
 0.29069431312870E+03
 0.29021399742602E+03
 0.28972890615244E+03
 0.28922710350283E+03
 0.28871470488521E+03
 0.28819254627767E+03
 0.28765120464342E+03
 0.28710331949995E+03
 0.28654099998757E+03
 0.28596148337939E+03
 0.28537332071177E+03
 0.28476772596572E+03
 0.28414582559630E+03
 0.28350655390219E+03
 0.28285344929833E+03
 0.28218045496560E+03
 0.28148720714226E+03
 0.28078682658708E+03
 0.28005307820181E+03
 0.27930797577308E+03
 0.27853723449452E+03
 0.27775756357841E+03
 0.27694169606595E+03
 0.27610823371078E+03
 0.27525147219827E+03
 0.27437015964513E+03
 0.27346080378903E+03
 0.27251697816142E+03
 0.27156791733110E+03
 0.27057405084673E+03
 0.26954997201136E+03
 0.26850612796384E+03
 0.26742915969233E+03
 0.26631087547763E+03
 0.26515968605792E+03
 0.26397759451504E+03
 0.26275332421019E+03
 0.26149416970916E+03
 0.26020205955737E+03
 0.25884689207685E+03
 0.25745110807789E+03
 0.25602931155743E+03
 0.25452518658424E+03
 0.25298923600357E+03
 0.25139286087513E+03
 0.24974520501316E+03
 0.24803634483875E+03
 0.24625077012630E+03
 0.24439936359049E+03
 0.24249576186571E+03
 0.24049586837559E+03
 0.23843129010343E+03
 0.23628209562443E+03
 0.23401183669795E+03
 0.23166665327291E+03
 0.22923848081168E+03
 0.22668201516159E+03
 0.22399008797159E+03
 0.22123406103574E+03
 0.21831730261067E+03
 0.21527660476072E+03
 0.21211614037190E+03
 0.20877725843686E+03
 0.20526932525808E+03
 0.20163924198512E+03
 0.19783635291526E+03
 0.19391114007941E+03
 0.18981833891573E+03
 0.18563766937288E+03
 0.18129693053977E+03
 0.17688215877340E+03
 0.17243629858750E+03
 0.16799003112361E+03
 0.16363411975368E+03
 0.15940867277529E+03
 0.15544684846088E+03
 0.15177692364199E+03
 0.14850180198819E+03
 0.14569888050413E+03
 0.14342234446950E+03
 0.14170234463959E+03
 0.14054401948566E+03
 0.13992148988203E+03
 0.13981111157347E+03
 0.14016002699396E+03
 0.14092143231977E+03
 0.14203602179923E+03
 0.14344475497778E+03
 0.14512211618388E+03
 0.14699654878416E+03
 0.14904618267957E+03
 0.15125574242667E+03
 0.15358543080873E+03
 0.15599481609482E+03
 0.15850133016282E+03
 0.16106441377454E+03
 0.16369578073499E+03
 0.16634329539993E+03
 0.16904785741502E+03
 0.17178935841641E+03
 0.17452292455413E+03
 0.17728983760969E+03
 0.18009291958279E+03
 0.18288017149647E+03
 0.18570181029380E+03
 0.18849049041225E+03
 0.19133110407812E+03
 0.19417611370875E+03
 0.19701888096446E+03
 0.19986190690681E+03
 0.20269705791847E+03
 0.20555842576718E+03
 0.20841625721966E+03
 0.21127188219138E+03
 0.21411586785327E+03
 0.21698723882629E+03
 0.21985853695152E+03
 0.22272122012069E+03
 0.22558354234813E+03
 0.22846577118474E+03
 0.23134222488008E+03
 0.23422945601446E+03
