-0.96927600013408E+01
-0.96927600013411E+01
-0.96927600013345E+01
-0.96927600013249E+01
-0.96927600012880E+01
-0.96927600014153E+01
-0.96927600011921E+01
-0.96927600033101E+01
-0.96927599981774E+01
-0.96927599950667E+01
-0.96927601120718E+01
-0.96927602312087E+01
-0.96927599441169E+01
-0.96927601824212E+01
-0.96927599509023E+01
-0.96927600609231E+01
-0.96927599612026E+01
-0.96927601102653E+01
-0.96927602949080E+01
-0.96927603307576E+01
-0.96927603715583E+01
-0.96927605765071E+01
-0.96927603285903E+01
-0.96927606042839E+01
-0.96927605522356E+01
-0.96927605749549E+01
-0.96927606587852E+01
-0.96927608809556E+01
-0.96927612929745E+01
-0.96927613026779E+01
-0.96927611815575E+01
-0.96927615858880E+01
-0.96927617457826E+01
-0.96951427880452E+01
-0.96960311095473E+01
-0.97005916880258E+01
-0.97031430974380E+01
-0.97154881945691E+01
-0.97299428347561E+01
-0.97521218434095E+01
-0.97854164935237E+01
-0.98343995910761E+01
-0.99050980551377E+01
-0.10005371711901E+02
-0.10145317460105E+02
-0.10337665766160E+02
-0.10598333998729E+02
-0.10946970536497E+02
-0.11407391199937E+02
-0.12008756472126E+02
-0.12785506741381E+02
-0.13778616273503E+02
-0.15036487369222E+02
-0.16615193317948E+02
-0.18580447260488E+02
-0.21006708891236E+02
-0.23980650333432E+02
-0.27599855887744E+02
-0.31975068987139E+02
-0.37229526750093E+02
-0.43506092593963E+02
-0.50960011021213E+02
-0.59760751961217E+02
-0.70102105180785E+02
-0.82202984151065E+02
-0.96275577070925E+02
-0.11259899557640E+03
-0.13143937642106E+03
-0.15311109232571E+03
-0.17793328353330E+03
-0.20628663388967E+03
-0.23851143239937E+03
-0.27509059902062E+03
-0.31645592730262E+03
-0.36307883278931E+03
-0.41552069624449E+03
-0.47425990453315E+03
-0.54001266012902E+03
-0.61339916624036E+03
-0.69506382270315E+03
-0.78582697343713E+03
-0.88636796343708E+03
-0.99774046586985E+03
-0.11206826273145E+04
-0.12561169944550E+04
-0.14053025097842E+04
-0.15689737469402E+04
-0.17485492571543E+04
-0.19453293535058E+04
-0.21601762766552E+04
-0.23948470533451E+04
-0.26507754581425E+04
-0.29297364600782E+04
-0.32328034286286E+04
-0.35622649118941E+04
-0.39200050536057E+04
-0.43070456318884E+04
-0.47271977005669E+04
-0.51811330111428E+04
-0.56721013928778E+04
-0.62017141227579E+04
-0.67739952794380E+04
-0.73905006765722E+04
-0.80551840518676E+04
-0.87703112597528E+04
-0.95400141331619E+04
-0.10368260863317E+05
-0.11255841671909E+05
-0.12211525686467E+05
-0.13236767307229E+05
-0.14334643668369E+05
-0.15512389644490E+05
-0.16776098053127E+05
-0.18129527548666E+05
-0.19577985935371E+05
-0.21129628452306E+05
-0.22787914848912E+05
-0.24561063874292E+05
-0.26462828714547E+05
-0.28493972943850E+05
-0.30661183064282E+05
-0.32985262407610E+05
-0.35464068399660E+05
-0.38114425052473E+05
-0.40943648994949E+05
-0.43966130144901E+05
-0.47199768008696E+05
-0.50653768759161E+05
-0.54337490625112E+05
-0.58277864641081E+05
-0.62481336264838E+05
-0.66972681124487E+05
-0.71783689389867E+05
-0.76914195615867E+05
-0.82384929889860E+05
-0.88236912126578E+05
-0.94500612397602E+05
-0.10115472542159E+06
-0.10827767231247E+06
-0.11587227944995E+06
-0.12396844251801E+06
-0.13259264414753E+06
-0.14180524260853E+06
-0.15157256204533E+06
-0.16195647441026E+06
-0.17293125426567E+06
-0.18454913740311E+06
-0.19675567750076E+06
-0.20962152505517E+06
-0.22307457416023E+06
-0.23708298769424E+06
-0.25161538905069E+06
-0.26658707497653E+06
-0.28196469004702E+06
-0.29761723826016E+06
-0.31352322533488E+06
-0.32958210889083E+06
-0.34571320841026E+06
-0.36184805063282E+06
-0.37793166369036E+06
-0.39392215522256E+06
-0.40984009510414E+06
-0.42561392157751E+06
-0.44127615954192E+06
-0.45683803306523E+06
-0.47229836263250E+06
-0.48767062089058E+06
-0.50298401440134E+06
-0.51823928990075E+06
-0.53345863986952E+06
-0.54865578838175E+06
-0.56383948459127E+06
-0.57902105435262E+06
-0.59420917034207E+06
-0.60941267722371E+06
-0.62463616340863E+06
-0.63988946067712E+06
-0.65517385836690E+06
-0.67049274175470E+06
-0.68585852335293E+06
-0.70126514399243E+06
-0.71671366598622E+06
-0.73221861552397E+06
-0.74776907029553E+06
-0.76338321915398E+06
-0.77903951632526E+06
-0.79475270353183E+06
-0.81052468211580E+06
-0.82635595889685E+06
-0.84225153131424E+06
-0.85819834346034E+06
-0.87420864957110E+06
-0.89028292247003E+06
-0.90642336845062E+06
-0.92261825930074E+06
-0.93887615437355E+06
-0.95520119653618E+06
-0.97159309409242E+06
-0.98804111017343E+06
-0.10045573748010E+07
-0.10211348828307E+07
