 0.21139601365225E+08
 0.21139601365220E+08
 0.21139601365148E+08
 0.21139601364699E+08
 0.21139601363043E+08
 0.21139601371073E+08
 0.21139601452912E+08
 0.21139601929823E+08
 0.21139603666773E+08
 0.21139608267265E+08
 0.21139618523740E+08
 0.21139638236943E+08
 0.21139672319014E+08
 0.21139726495459E+08
 0.21139807377961E+08
 0.21139922136789E+08
 0.21140077383631E+08
 0.21140281109442E+08
 0.21140540437454E+08
 0.21140860198706E+08
 0.21141252706838E+08
 0.21141718619006E+08
 0.21142267740077E+08
 0.21142903575947E+08
 0.21143632942826E+08
 0.21144459113794E+08
 0.21145389937574E+08
 0.21146437070991E+08
 0.21147597179896E+08
 0.21148875970076E+08
 0.21150275721521E+08
 0.21151820839718E+08
 0.21153494216584E+08
 0.21155323761094E+08
 0.21157315647530E+08
 0.21159456020719E+08
 0.21161758017420E+08
 0.21164221184989E+08
 0.21166905948037E+08
 0.21169741539724E+08
 0.21172765091828E+08
 0.21176021814421E+08
 0.21179450929614E+08
 0.21183074076589E+08
 0.21186945212977E+08
 0.21191013730231E+08
 0.21195319857020E+08
 0.21199866365995E+08
 0.21204558973959E+08
 0.21209565885570E+08
 0.21214778202686E+08
 0.21220199809991E+08
 0.21225883326176E+08
 0.21231738872086E+08
 0.21237906130370E+08
 0.21244223786067E+08
 0.21250815740969E+08
 0.21257625255612E+08
 0.21264680250567E+08
 0.21271873854705E+08
 0.21279395975058E+08
 0.21287152770719E+08
 0.21295041900025E+08
 0.21303096079059E+08
 0.21311475800432E+08
 0.21319793704928E+08
 0.21328615901592E+08
 0.21337439651632E+08
 0.21346467651367E+08
 0.21355719629485E+08
 0.21365341488187E+08
 0.21374678742245E+08
 0.21384579195548E+08
 0.21394569589757E+08
 0.21404661892517E+08
 0.21415041948100E+08
 0.21425216331024E+08
 0.21435815374706E+08
 0.21446591298499E+08
 0.21457419902069E+08
 0.21468571916539E+08
 0.21479512793322E+08
 0.21490937465992E+08
 0.21502450938958E+08
 0.21513978539702E+08
 0.21526067057243E+08
 0.21537911647380E+08
 0.21549982454899E+08
 0.21562391288046E+08
 0.21574620536411E+08
 0.21587167489466E+08
 0.21599930582345E+08
 0.21612953770987E+08
 0.21626000617854E+08
 0.21639395213313E+08
 0.21653132664896E+08
 0.21666406983558E+08
 0.21680762554616E+08
 0.21694839848276E+08
 0.21709478979659E+08
 0.21723615429034E+08
 0.21738900813070E+08
 0.21754173789245E+08
 0.21769715489988E+08
 0.21785597300726E+08
 0.21801969085944E+08
 0.21819210199078E+08
 0.21835497427319E+08
 0.21853167339331E+08
 0.21871333298809E+08
 0.21889287904764E+08
 0.21907785854835E+08
 0.21927314069812E+08
 0.21947282228462E+08
 0.21967543850562E+08
 0.21988686661620E+08
 0.22010232219108E+08
 0.22032025722256E+08
 0.22055771747245E+08
 0.22080073815141E+08
 0.22104002218983E+08
 0.22130826995204E+08
 0.22157466954528E+08
 0.22185547726389E+08
 0.22214445561661E+08
 0.22244664519338E+08
 0.22277031786631E+08
 0.22310807442103E+08
 0.22345102545514E+08
 0.22382444975765E+08
 0.22420874171877E+08
 0.22461478735857E+08
 0.22506282745195E+08
 0.22552564437580E+08
 0.22600797614793E+08
 0.22653505489205E+08
 0.22711114962987E+08
 0.22769644708316E+08
 0.22834709607883E+08
 0.22904397548322E+08
 0.22979941518650E+08
 0.23061259831745E+08
 0.23152906472163E+08
 0.23250892859056E+08
 0.23359500622846E+08
 0.23477217001448E+08
 0.23608557776460E+08
 0.23750891042949E+08
 0.23911795659782E+08
 0.24089454510123E+08
 0.24285365029241E+08
 0.24502830568337E+08
 0.24741124213182E+08
 0.25004323919384E+08
 0.25287727877797E+08
 0.25596714336374E+08
 0.25927793769527E+08
 0.26277235757015E+08
 0.26640419980283E+08
 0.27011487841656E+08
 0.27382959115829E+08
 0.27756031865309E+08
 0.28113795895947E+08
 0.28456080170453E+08
 0.28779544633766E+08
 0.29077782448255E+08
 0.29347421561995E+08
 0.29590987162718E+08
 0.29802877396961E+08
 0.29985473080138E+08
 0.30140243159661E+08
 0.30266348568045E+08
 0.30364036843563E+08
 0.30436369591873E+08
 0.30483463484786E+08
 0.30507335300682E+08
 0.30508764767595E+08
 0.30489756047276E+08
 0.30451293804906E+08
 0.30395184258505E+08
 0.30322309158361E+08
 0.30233522174791E+08
 0.30131127401697E+08
 0.30014854417220E+08
 0.29887868447551E+08
 0.29748036302346E+08
 0.29597871995432E+08
 0.29438522803083E+08
 0.29270671395810E+08
 0.29095578722651E+08
 0.28911957414304E+08
 0.28722103032956E+08
 0.28526566767604E+08
 0.28326481802551E+08
 0.28119986106078E+08
 0.27909187602621E+08
 0.27695153165239E+08
 0.27477842023580E+08
 0.27256211500768E+08
 0.27032416764938E+08
 0.26805631130652E+08
