 0.77825453366750E+07
 0.77825453366804E+07
 0.77825453367463E+07
 0.77825453371998E+07
 0.77825453387942E+07
 0.77825453587776E+07
 0.77825454815448E+07
 0.77825460513172E+07
 0.77825479733365E+07
 0.77825529688305E+07
 0.77825638877926E+07
 0.77825847657037E+07
 0.77826208867206E+07
 0.77826781754823E+07
 0.77827635586964E+07
 0.77828847442389E+07
 0.77830488468763E+07
 0.77832638523430E+07
 0.77835376890573E+07
 0.77838759629240E+07
 0.77842892779772E+07
 0.77847801182001E+07
 0.77853566815907E+07
 0.77860225131857E+07
 0.77867830776903E+07
 0.77876407974196E+07
 0.77886003324428E+07
 0.77896686839925E+07
 0.77908421925284E+07
 0.77921234499973E+07
 0.77935118289312E+07
 0.77950194576489E+07
 0.77966333623014E+07
 0.77983673878498E+07
 0.78002221057004E+07
 0.78021860260797E+07
 0.78042641312303E+07
 0.78064515206170E+07
 0.78087811695858E+07
 0.78112084218429E+07
 0.78137517424846E+07
 0.78164341057693E+07
 0.78192183748942E+07
 0.78221147111122E+07
 0.78251511531505E+07
 0.78282980114051E+07
 0.78315759676824E+07
 0.78349862756841E+07
 0.78384738582268E+07
 0.78421342024268E+07
 0.78459057538691E+07
 0.78497909726921E+07
 0.78538201888215E+07
 0.78579435808121E+07
 0.78622401111401E+07
 0.78666217860907E+07
 0.78711592172363E+07
 0.78758226224713E+07
 0.78806295421145E+07
 0.78855209072033E+07
 0.78906072501774E+07
 0.78958370790431E+07
 0.79011561392194E+07
 0.79065846423523E+07
 0.79122154021362E+07
 0.79178330416228E+07
 0.79237567565964E+07
 0.79297060853335E+07
 0.79357985293316E+07
 0.79420446790344E+07
 0.79485276967165E+07
 0.79548842446143E+07
 0.79615874438559E+07
 0.79683747948208E+07
 0.79752512875531E+07
 0.79823219998713E+07
 0.79893086986979E+07
 0.79965652773452E+07
 0.80039487414892E+07
 0.80113900326938E+07
 0.80190340345306E+07
 0.80265826869157E+07
 0.80344177750470E+07
 0.80423145032912E+07
 0.80502258416415E+07
 0.80584486983035E+07
 0.80665313257183E+07
 0.80747224889544E+07
 0.80830813249909E+07
 0.80913067697478E+07
 0.80996634005808E+07
 0.81080868493068E+07
 0.81165799353896E+07
 0.81250046930460E+07
 0.81335235036422E+07
 0.81421156582568E+07
 0.81503143085048E+07
 0.81589542253915E+07
 0.81672630015890E+07
 0.81756793464450E+07
 0.81835889046193E+07
 0.81918767654297E+07
 0.81998669807533E+07
 0.82076816906381E+07
 0.82153301796087E+07
 0.82228554576558E+07
 0.82304133997119E+07
 0.82369734031951E+07
 0.82437477965666E+07
 0.82502091239617E+07
 0.82559312324772E+07
 0.82612441726886E+07
 0.82663303955917E+07
 0.82708155799077E+07
 0.82745405000104E+07
 0.82777276523280E+07
 0.82800614855963E+07
 0.82813323243399E+07
 0.82822889496779E+07
 0.82821406503068E+07
 0.82802805023270E+07
 0.82781785475988E+07
 0.82741822788259E+07
 0.82689080704376E+07
 0.82618964433683E+07
 0.82531808142626E+07
 0.82428936859230E+07
 0.82304732119495E+07
 0.82152913650521E+07
 0.81981649424246E+07
 0.81779554072730E+07
 0.81547586394506E+07
 0.81289558512385E+07
 0.80991349984167E+07
 0.80650996542270E+07
 0.80272125308169E+07
 0.79849683784827E+07
 0.79367972882805E+07
 0.78835993122387E+07
 0.78242341305205E+07
 0.77583666929836E+07
 0.76851975096614E+07
 0.76047986261250E+07
 0.75158605133054E+07
 0.74181438338660E+07
 0.73110034353936E+07
 0.71940568384622E+07
 0.70669155585638E+07
 0.69291851634985E+07
 0.67808842373007E+07
 0.66221910948604E+07
 0.64534880885020E+07
 0.62758438138873E+07
 0.60900385940976E+07
 0.58983766457089E+07
 0.57018467428618E+07
 0.55028028795596E+07
 0.53035173420354E+07
 0.51061339896191E+07
 0.49125609654408E+07
 0.47244485951154E+07
 0.45415842884338E+07
 0.43663490119963E+07
 0.41981671030412E+07
 0.40368494902360E+07
 0.38827240354631E+07
 0.37356714889077E+07
 0.35946912315398E+07
 0.34603036006595E+07
 0.33317607805455E+07
 0.32084875019176E+07
 0.30904924881764E+07
 0.29777846615451E+07
 0.28695633573816E+07
 0.27659734853723E+07
 0.26664835200311E+07
 0.25714146907537E+07
 0.24799704970413E+07
 0.23921587960789E+07
 0.23082076036217E+07
 0.22274777121874E+07
 0.21497802647952E+07
 0.20754098502650E+07
 0.20037699649096E+07
 0.19352653394575E+07
 0.18690822144485E+07
 0.18054776705716E+07
 0.17443773096766E+07
 0.16856445153440E+07
 0.16292238801385E+07
 0.15747966655169E+07
 0.15224618547423E+07
 0.14721164688039E+07
 0.14237261353848E+07
 0.13769966010193E+07
 0.13320061109697E+07
 0.12887200895760E+07
 0.12470272190733E+07
 0.12067697565523E+07
 0.11680057001799E+07
 0.11306013367759E+07
