-0.29333749657724E+01
-0.32268157303299E+02
-0.61608105082525E+02
-0.90957923455692E+02
-0.12032233505336E+03
-0.14970608842225E+03
-0.17911396659695E+03
-0.20855079585075E+03
-0.23802145467286E+03
-0.26753088302152E+03
-0.29708409190550E+03
-0.32668617334984E+03
-0.35634231080614E+03
-0.38605779007239E+03
-0.41583801079316E+03
-0.44568849861780E+03
-0.47561491810179E+03
-0.50562308644583E+03
-0.53571898817733E+03
-0.56590879089118E+03
-0.59619886218080E+03
-0.62659578790666E+03
-0.65710639196822E+03
-0.68773775776744E+03
-0.71849725157752E+03
-0.74939254806044E+03
-0.78043165821231E+03
-0.81162296005642E+03
-0.84297523245317E+03
-0.87449769245323E+03
-0.90620003668954E+03
-0.93809248738478E+03
-0.97018584364979E+03
-0.10024915388655E+04
-0.10350217050842E+04
-0.10677892455575E+04
-0.11008079167120E+04
-0.11340924211493E+04
-0.11676585135700E+04
-0.12015231219158E+04
-0.12357044865212E+04
-0.12702223206897E+04
-0.13050979969017E+04
-0.13403547638689E+04
-0.13760180009551E+04
-0.14121155181699E+04
-0.14486779121625E+04
-0.14857389915793E+04
-0.15233362890894E+04
-0.15615116827183E+04
-0.16003121564667E+04
-0.16397907404094E+04
-0.16800076849246E+04
-0.17210319445104E+04
-0.17629430771469E+04
-0.18058337108296E+04
-0.18498127988676E+04
-0.18950099955811E+04
-0.19415816622944E+04
-0.19897193122393E+04
-0.20396618235106E+04
-0.20917136987476E+04
-0.21462734790869E+04
-0.22038801819694E+04
-0.22652940277989E+04
-0.23316485098588E+04
-0.24047699996937E+04
-0.24879659755022E+04
-0.25885549026050E+04
-0.27323552644827E+04
-0.42537403363927E+04
-0.95429311210998E+04
-0.16966554958821E+05
-0.25962904991155E+05
-0.36238794519470E+05
-0.47612424138037E+05
-0.59946282271914E+05
-0.73140114336566E+05
-0.87111276756108E+05
-0.10179811945692E+06
-0.11714711762413E+06
-0.13310389670590E+06
-0.14965662055435E+06
-0.16674030114699E+06
-0.18434873644632E+06
-0.20250252113047E+06
-0.22110260085028E+06
-0.24019488392469E+06
-0.25979408808880E+06
-0.27990297531883E+06
-0.30038066513015E+06
-0.32157929698990E+06
-0.34337701967650E+06
-0.36566211774453E+06
-0.38884133192037E+06
-0.41262620643925E+06
-0.43758897471709E+06
-0.46334081959973E+06
-0.49054850906267E+06
-0.51906758519320E+06
-0.54906080265903E+06
-0.58078612335291E+06
-0.61412509348862E+06
-0.64921801041047E+06
-0.68501866714128E+06
-0.72107205831923E+06
-0.75615747840389E+06
-0.78940207211487E+06
-0.82054890246499E+06
-0.85029705687808E+06
-0.87891157589213E+06
-0.90767390892749E+06
-0.93669399387590E+06
-0.96612425799870E+06
-0.99648577046718E+06
-0.10274150683730E+07
-0.10583960065458E+07
-0.10904239460785E+07
-0.11228347010853E+07
-0.11557167949252E+07
-0.11885348657847E+07
-0.12220561487407E+07
-0.12560791016905E+07
-0.12904150561785E+07
-0.13251402665971E+07
-0.13600813778367E+07
-0.13951022565203E+07
-0.14307896096978E+07
-0.14667947463938E+07
-0.15031750589559E+07
-0.15392548942717E+07
-0.15763406545643E+07
-0.16135810377437E+07
-0.16511595232427E+07
-0.16891730372136E+07
-0.17268487419949E+07
-0.17651902259774E+07
-0.18041800798902E+07
-0.18432396667256E+07
-0.18830124357304E+07
-0.19232523208831E+07
-0.19619186030315E+07
-0.20025162163843E+07
-0.20432620017663E+07
-0.20843332789280E+07
-0.21263845345181E+07
-0.21663869223470E+07
-0.22086332924362E+07
-0.22510018152274E+07
-0.22935289564480E+07
-0.23373274672952E+07
-0.23786721186722E+07
-0.24225578272147E+07
-0.24662733958754E+07
-0.25105621589519E+07
-0.25555550419060E+07
-0.25988372907985E+07
-0.26441234426179E+07
-0.26896812905425E+07
-0.27355018339274E+07
-0.27821392390135E+07
-0.28269091488749E+07
-0.28736905773942E+07
-0.29210108474709E+07
