 0.14629873126055E+04
 0.14629873126055E+04
 0.14629873126055E+04
 0.14629873126055E+04
 0.14629873126055E+04
 0.14629873126055E+04
 0.14629873126055E+04
 0.14629873126055E+04
 0.14629873126055E+04
 0.14629873126055E+04
 0.14629873126055E+04
 0.14629873126055E+04
 0.14629873126055E+04
 0.14629873126055E+04
 0.14629873126055E+04
 0.14629873126055E+04
 0.14629873126055E+04
 0.14629873126055E+04
 0.14629873126055E+04
 0.14629873126055E+04
 0.14629873126055E+04
 0.14629873126055E+04
 0.14629873126055E+04
 0.14629873126055E+04
 0.14629873126055E+04
 0.14629873126055E+04
 0.14629873126055E+04
 0.14629873126055E+04
 0.14629873126055E+04
 0.14629873126055E+04
 0.14629873126055E+04
 0.14629873126055E+04
 0.14629873126055E+04
 0.14629873126055E+04
 0.14629873126055E+04
 0.14629873126055E+04
 0.14629873126055E+04
 0.14629873126055E+04
 0.14629873126055E+04
 0.14629873126055E+04
 0.14629873126055E+04
 0.14629873126055E+04
 0.14629873126055E+04
 0.14629873126055E+04
 0.14629873126055E+04
 0.14629873126055E+04
 0.14629873126055E+04
 0.14629873126055E+04
 0.14629873126055E+04
 0.14629873126055E+04
 0.14629873126055E+04
 0.14629873126055E+04
 0.14629873126055E+04
 0.14629873126055E+04
 0.14629873126055E+04
 0.14629873126055E+04
 0.14629873126055E+04
 0.14629873126055E+04
 0.14629873126055E+04
 0.14629873126055E+04
 0.14629873126055E+04
 0.14629873126055E+04
 0.14629873126055E+04
 0.14629873126055E+04
 0.14629873126055E+04
 0.14629873126055E+04
 0.14629873126055E+04
 0.14629873126055E+04
 0.14629873126055E+04
 0.14629873126055E+04
 0.14629873128637E+04
 0.14629873128865E+04
 0.14629873120749E+04
 0.14629873072695E+04
 0.14629873056693E+04
 0.14629873009838E+04
 0.14629873007487E+04
 0.14629872997666E+04
 0.14629872997084E+04
 0.14629872981494E+04
 0.14629872944962E+04
 0.14629872941018E+04
 0.14629872951726E+04
 0.14629872845999E+04
 0.14629872836416E+04
 0.14629872835963E+04
 0.14629872762582E+04
 0.14629872747077E+04
 0.14629872753972E+04
 0.14629872742640E+04
 0.14629872701112E+04
 0.14629872698752E+04
 0.14629872655850E+04
 0.14629872636887E+04
 0.14629872639386E+04
 0.14629872562839E+04
 0.14629872567982E+04
 0.14629872529391E+04
 0.14629872537956E+04
 0.14629872546321E+04
 0.14629872589317E+04
 0.14629872640621E+04
 0.14629872664966E+04
 0.14629872885365E+04
 0.14629872851385E+04
 0.14629873122096E+04
 0.14629872991805E+04
 0.14629873058918E+04
 0.14629873138784E+04
 0.14629873250827E+04
 0.14629873222062E+04
 0.14629873216983E+04
 0.14629873190542E+04
 0.14629873212830E+04
 0.14629873174075E+04
 0.14629873181142E+04
 0.14629873208461E+04
 0.14629873223874E+04
 0.14629873186172E+04
 0.14629873182470E+04
 0.14629873145685E+04
 0.14629873173599E+04
 0.14629873014107E+04
 0.14629873053001E+04
 0.14629873027515E+04
 0.14629872950616E+04
 0.14629873122684E+04
 0.14629872879675E+04
 0.14629872902435E+04
 0.14629872874149E+04
 0.14629872896783E+04
 0.14629872839795E+04
 0.14629872811523E+04
 0.14629872821525E+04
 0.14629872825726E+04
 0.14629872883567E+04
 0.14629872711142E+04
 0.14629872719782E+04
 0.14629872738444E+04
 0.14629872692294E+04
 0.14629872686986E+04
 0.14629872653869E+04
 0.14629872633668E+04
 0.14629872688549E+04
 0.14629872619114E+04
 0.14629872591495E+04
 0.14629872612935E+04
 0.14629872785622E+04
 0.14629872609073E+04
 0.14629872735977E+04
 0.14629872625440E+04
 0.14629872576295E+04
 0.14629872574346E+04
 0.14629872542840E+04
 0.14629872572812E+04
 0.14629872600395E+04
 0.14629872609768E+04
 0.14629872596970E+04
 0.14629872634333E+04
 0.14629872666092E+04
 0.14629872686989E+04
 0.14629872678765E+04
 0.14629872664068E+04
 0.14629872703137E+04
