 0.24111716401808E+04
 0.24111716401808E+04
 0.24111716401808E+04
 0.24111716401808E+04
 0.24111716401808E+04
 0.24111716401808E+04
 0.24111716401808E+04
 0.24111716401808E+04
 0.24111716401808E+04
 0.24111716401808E+04
 0.24111716401808E+04
 0.24111716401808E+04
 0.24111716401808E+04
 0.24111716401808E+04
 0.24111716401808E+04
 0.24111716401808E+04
 0.24111716401808E+04
 0.24111716401808E+04
 0.24111716401808E+04
 0.24111716401808E+04
 0.24111716401808E+04
 0.24111716401808E+04
 0.24111716401808E+04
 0.24111716401808E+04
 0.24111716401808E+04
 0.24111716401808E+04
 0.24111716401808E+04
 0.24111716401808E+04
 0.24111716401808E+04
 0.24111716401808E+04
 0.24111716401808E+04
 0.24111716401808E+04
 0.24111716401808E+04
 0.24111716401808E+04
 0.24111716401808E+04
 0.24111716401808E+04
 0.24111716401808E+04
 0.24111716401808E+04
 0.24111716401808E+04
 0.24111716401808E+04
 0.24111716401808E+04
 0.24111716401808E+04
 0.24111716401808E+04
 0.24111716401808E+04
 0.24111716401808E+04
 0.24111716401808E+04
 0.24111716401808E+04
 0.24111716401808E+04
 0.24111716401808E+04
 0.24111716401808E+04
 0.24111716401808E+04
 0.24111716401808E+04
 0.24111716401808E+04
 0.24111716401808E+04
 0.24111716401808E+04
 0.24111716401808E+04
 0.24111716401808E+04
 0.24111716401808E+04
 0.24111716401808E+04
 0.24111716401808E+04
 0.24111716401808E+04
 0.24111716401808E+04
 0.24111716401808E+04
 0.24111716401808E+04
 0.24111716401808E+04
 0.24111716401808E+04
 0.24111716401808E+04
 0.24111716401808E+04
 0.24111716401808E+04
 0.24111716401808E+04
 0.24111716399116E+04
 0.24111716445243E+04
 0.24111716506168E+04
 0.24111716703802E+04
 0.24111716747374E+04
 0.24111716871619E+04
 0.24111716863458E+04
 0.24111716866517E+04
 0.24111716858534E+04
 0.24111716896562E+04
 0.24111717009388E+04
 0.24111717012591E+04
 0.24111716960829E+04
 0.24111717230862E+04
 0.24111717241001E+04
 0.24111717241231E+04
 0.24111717296025E+04
 0.24111717270224E+04
 0.24111717234943E+04
 0.24111717112972E+04
 0.24111717111350E+04
 0.24111717088794E+04
 0.24111716995054E+04
 0.24111716927273E+04
 0.24111716891967E+04
 0.24111716647651E+04
 0.24111716559994E+04
 0.24111716392237E+04
 0.24111716231241E+04
 0.24111716081986E+04
 0.24111715873572E+04
 0.24111715780414E+04
 0.24111715810755E+04
 0.24111715370620E+04
 0.24111715801956E+04
 0.24111715189129E+04
 0.24111715984601E+04
 0.24111716111164E+04
 0.24111716278832E+04
 0.24111716345429E+04
 0.24111716602240E+04
 0.24111716503003E+04
 0.24111716522141E+04
 0.24111716364508E+04
 0.24111716504910E+04
 0.24111716483003E+04
 0.24111716374360E+04
 0.24111716285276E+04
 0.24111716422891E+04
 0.24111716359331E+04
 0.24111716499542E+04
 0.24111715874874E+04
 0.24111716202345E+04
 0.24111715925923E+04
 0.24111715934570E+04
 0.24111716175501E+04
 0.24111715510379E+04
 0.24111716077086E+04
 0.24111715845867E+04
 0.24111715880276E+04
 0.24111715756916E+04
 0.24111715993037E+04
 0.24111715740810E+04
 0.24111715625884E+04
 0.24111715591665E+04
 0.24111715366359E+04
 0.24111715775163E+04
 0.24111715641235E+04
 0.24111715536655E+04
 0.24111715708373E+04
 0.24111715511476E+04
 0.24111715582206E+04
 0.24111715632136E+04
 0.24111715434091E+04
 0.24111715574880E+04
 0.24111715556329E+04
 0.24111715485227E+04
 0.24111714890672E+04
 0.24111715472216E+04
 0.24111714824382E+04
 0.24111715211039E+04
 0.24111715438182E+04
 0.24111715513971E+04
 0.24111715464416E+04
 0.24111715464660E+04
 0.24111715506570E+04
 0.24111715569783E+04
 0.24111715500913E+04
 0.24111715529502E+04
 0.24111715654021E+04
 0.24111715684253E+04
 0.24111715674354E+04
 0.24111715518509E+04
 0.24111715419624E+04
