 0.13708345617146E+03
 0.13708345617146E+03
 0.13708345617146E+03
 0.13708345617146E+03
 0.13708345617146E+03
 0.13708345617146E+03
 0.13708345617146E+03
 0.13708345617146E+03
 0.13708345617146E+03
 0.13708345617146E+03
 0.13708345617146E+03
 0.13708345617146E+03
 0.13708345617146E+03
 0.13708345617146E+03
 0.13708345617146E+03
 0.13708345617146E+03
 0.13708345617146E+03
 0.13708345617146E+03
 0.13708345617146E+03
 0.13708345617146E+03
 0.13708345617146E+03
 0.13708345617146E+03
 0.13708345617146E+03
 0.13708345617146E+03
 0.13708345617146E+03
 0.13708345617146E+03
 0.13708345617146E+03
 0.13708345617146E+03
 0.13708345617146E+03
 0.13708345617146E+03
 0.13708345617146E+03
 0.13708345617146E+03
 0.13708345617146E+03
 0.13708345617146E+03
 0.13708345617146E+03
 0.13708345617146E+03
 0.13708345617146E+03
 0.13708345617146E+03
 0.13708345617146E+03
 0.13708345617146E+03
 0.13708345617146E+03
 0.13708345617146E+03
 0.13708345617146E+03
 0.13708345617146E+03
 0.13708345617146E+03
 0.13708345617146E+03
 0.13708345617146E+03
 0.13708345617146E+03
 0.13708345617146E+03
 0.13708345617146E+03
 0.13708345617146E+03
 0.13708345617146E+03
 0.13708345617146E+03
 0.13708345617146E+03
 0.13708345617146E+03
 0.13708345617146E+03
 0.13708345617146E+03
 0.13708345617146E+03
 0.13708345617146E+03
 0.13708345617146E+03
 0.13708345617146E+03
 0.13708345617146E+03
 0.13708345617146E+03
 0.13708345617146E+03
 0.13708345617146E+03
 0.13708345617146E+03
 0.13708345617146E+03
 0.13708345617146E+03
 0.13708345617146E+03
 0.13708345617146E+03
 0.13708345616314E+03
 0.13708345651858E+03
 0.13708345697793E+03
 0.13708345864821E+03
 0.13708345904538E+03
 0.13708346033296E+03
 0.13708346029436E+03
 0.13708346044026E+03
 0.13708346040118E+03
 0.13708346090169E+03
 0.13708346218040E+03
 0.13708346227972E+03
 0.13708346186633E+03
 0.13708346462166E+03
 0.13708346476125E+03
 0.13708346475336E+03
 0.13708346536514E+03
 0.13708346514464E+03
 0.13708346477731E+03
 0.13708346361380E+03
 0.13708346360385E+03
 0.13708346336714E+03
 0.13708346259501E+03
 0.13708346202460E+03
 0.13708346167076E+03
 0.13708346013207E+03
 0.13708345936824E+03
 0.13708345838253E+03
 0.13708345711957E+03
 0.13708345581646E+03
 0.13708345382705E+03
 0.13708345262197E+03
 0.13708345274482E+03
 0.13708344748045E+03
 0.13708345118615E+03
 0.13708344450194E+03
 0.13708345209746E+03
 0.13708345275939E+03
 0.13708345344095E+03
 0.13708345303528E+03
 0.13708345541150E+03
 0.13708345502399E+03
 0.13708345584558E+03
 0.13708345463618E+03
 0.13708345611669E+03
 0.13708345588074E+03
 0.13708345483706E+03
 0.13708345393661E+03
 0.13708345545028E+03
 0.13708345493324E+03
 0.13708345645125E+03
 0.13708345173323E+03
 0.13708345576586E+03
 0.13708345355766E+03
 0.13708345393572E+03
 0.13708345637237E+03
 0.13708344974594E+03
 0.13708345652168E+03
 0.13708345456718E+03
 0.13708345512986E+03
 0.13708345403964E+03
 0.13708345644767E+03
 0.13708345485964E+03
 0.13708345396614E+03
 0.13708345366264E+03
 0.13708345149899E+03
 0.13708345633772E+03
 0.13708345518888E+03
 0.13708345424835E+03
 0.13708345601323E+03
 0.13708345464398E+03
 0.13708345564097E+03
 0.13708345616660E+03
 0.13708345425547E+03
 0.13708345597731E+03
 0.13708345611252E+03
 0.13708345530896E+03
 0.13708344919114E+03
 0.13708345525326E+03
 0.13708344928873E+03
 0.13708345326440E+03
 0.13708345550110E+03
 0.13708345606370E+03
 0.13708345603683E+03
 0.13708345573815E+03
 0.13708345573434E+03
 0.13708345604248E+03
 0.13708345563182E+03
 0.13708345540376E+03
 0.13708345602153E+03
 0.13708345601788E+03
 0.13708345597711E+03
 0.13708345497695E+03
 0.13708345387405E+03
