 0.83175894160695E+02
 0.83175894160695E+02
 0.83175894160695E+02
 0.83175894160695E+02
 0.83175894160695E+02
 0.83175894160695E+02
 0.83175894160695E+02
 0.83175894160695E+02
 0.83175894160695E+02
 0.83175894160695E+02
 0.83175894160695E+02
 0.83175894160695E+02
 0.83175894160695E+02
 0.83175894160695E+02
 0.83175894160695E+02
 0.83175894160695E+02
 0.83175894160695E+02
 0.83175894160695E+02
 0.83175894160695E+02
 0.83175894160695E+02
 0.83175894160695E+02
 0.83175894160695E+02
 0.83175894160695E+02
 0.83175894160695E+02
 0.83175894160695E+02
 0.83175894160695E+02
 0.83175894160695E+02
 0.83175894160695E+02
 0.83175894160695E+02
 0.83175894160695E+02
 0.83175894160695E+02
 0.83175894160695E+02
 0.83175894160695E+02
 0.83175894160695E+02
 0.83175894160695E+02
 0.83175894160695E+02
 0.83175894160695E+02
 0.83175894160695E+02
 0.83175894160695E+02
 0.83175894160695E+02
 0.83175894160695E+02
 0.83175894160695E+02
 0.83175894160695E+02
 0.83175894160695E+02
 0.83175894160695E+02
 0.83175894160695E+02
 0.83175894160695E+02
 0.83175894160695E+02
 0.83175894160695E+02
 0.83175894160695E+02
 0.83175894160695E+02
 0.83175894160695E+02
 0.83175894160695E+02
 0.83175894160695E+02
 0.83175894160695E+02
 0.83175894160695E+02
 0.83175894160695E+02
 0.83175894160695E+02
 0.83175894160695E+02
 0.83175894160695E+02
 0.83175894160695E+02
 0.83175894160695E+02
 0.83175894160695E+02
 0.83175894160695E+02
 0.83175894160695E+02
 0.83175894160695E+02
 0.83175894160695E+02
 0.83175894160695E+02
 0.83175894160695E+02
 0.83175894160695E+02
 0.83175894179614E+02
 0.83175894237454E+02
 0.83175894259860E+02
 0.83175894318345E+02
 0.83175894318044E+02
 0.83175894404308E+02
 0.83175894395675E+02
 0.83175894417807E+02
 0.83175894418327E+02
 0.83175894502195E+02
 0.83175894681156E+02
 0.83175894707951E+02
 0.83175894696561E+02
 0.83175894835767E+02
 0.83175894831008E+02
 0.83175894822849E+02
 0.83175894587832E+02
 0.83175894454893E+02
 0.83175894392925E+02
 0.83175894043287E+02
 0.83175893806742E+02
 0.83175893727510E+02
 0.83175893338471E+02
 0.83175893118374E+02
 0.83175893039679E+02
 0.83175892513676E+02
 0.83175892381840E+02
 0.83175892143049E+02
 0.83175891980815E+02
 0.83175891752569E+02
 0.83175891508883E+02
 0.83175891390737E+02
 0.83175891499025E+02
 0.83175891076181E+02
 0.83175891643502E+02
 0.83175891240930E+02
 0.83175892364723E+02
 0.83175892711324E+02
 0.83175893000541E+02
 0.83175893161667E+02
 0.83175893554012E+02
 0.83175893632342E+02
 0.83175893914497E+02
 0.83175893851176E+02
 0.83175894044818E+02
 0.83175894017400E+02
 0.83175893914241E+02
 0.83175893762821E+02
 0.83175893992180E+02
 0.83175893876672E+02
 0.83175894104924E+02
 0.83175893555804E+02
 0.83175893966202E+02
 0.83175893801038E+02
 0.83175893855709E+02
 0.83175894065843E+02
 0.83175893317907E+02
 0.83175894092606E+02
 0.83175893833715E+02
 0.83175893895610E+02
 0.83175893788341E+02
 0.83175894110905E+02
 0.83175893856703E+02
 0.83175893767891E+02
 0.83175893725661E+02
 0.83175893518922E+02
 0.83175894064334E+02
 0.83175893878390E+02
 0.83175893774579E+02
 0.83175893990690E+02
 0.83175893808932E+02
 0.83175893981581E+02
 0.83175894013425E+02
 0.83175893849032E+02
 0.83175894013334E+02
 0.83175894002347E+02
 0.83175893881951E+02
 0.83175893202703E+02
 0.83175893871086E+02
 0.83175893208340E+02
 0.83175893658343E+02
 0.83175893952503E+02
 0.83175894021350E+02
 0.83175893996866E+02
 0.83175893985201E+02
 0.83175893995133E+02
 0.83175894017324E+02
 0.83175893932976E+02
 0.83175893908396E+02
 0.83175894034254E+02
 0.83175894046557E+02
 0.83175894009206E+02
 0.83175893856407E+02
 0.83175893750450E+02
