 0.45245762665778E+14
 0.45245762665778E+14
 0.45245762665778E+14
 0.45245762665778E+14
 0.45245762665778E+14
 0.45245762665778E+14
 0.45245762665778E+14
 0.45245762665778E+14
 0.45245762665778E+14
 0.45245762665778E+14
 0.45245762665778E+14
 0.45245762665778E+14
 0.45245762665778E+14
 0.45245762665778E+14
 0.45245762665778E+14
 0.45245762665778E+14
 0.45245762665778E+14
 0.45245762665778E+14
 0.45245762665778E+14
 0.45245762665778E+14
 0.45245762665778E+14
 0.45245762665778E+14
 0.45245762665778E+14
 0.45245762665778E+14
 0.45245762665778E+14
 0.45245762665778E+14
 0.45245762665778E+14
 0.45245762665778E+14
 0.45245762665778E+14
 0.45245762665778E+14
 0.45245762665778E+14
 0.45245762665778E+14
 0.45245762665778E+14
 0.45245762665778E+14
 0.45245762665778E+14
 0.45245762665778E+14
 0.45245762665778E+14
 0.45245762665778E+14
 0.45245762665778E+14
 0.45245762665778E+14
 0.45245762665778E+14
 0.45245762665778E+14
 0.45245762665778E+14
 0.45245762665778E+14
 0.45245762665778E+14
 0.45245762665778E+14
 0.45245762665778E+14
 0.45245762665778E+14
 0.45245762665778E+14
 0.45245762665778E+14
 0.45245762665778E+14
 0.45245762665778E+14
 0.45245762665778E+14
 0.45245762665778E+14
 0.45245762665778E+14
 0.45245762665778E+14
 0.45245762665778E+14
 0.45245762665778E+14
 0.45245762665778E+14
 0.45245762665778E+14
 0.45245762665778E+14
 0.45245762665778E+14
 0.45245762665778E+14
 0.45245762665778E+14
 0.45245762665778E+14
 0.45245762665778E+14
 0.45245762665778E+14
 0.45245762665778E+14
 0.45245762665778E+14
 0.45245762665778E+14
 0.45245762666621E+14
 0.45245762674356E+14
 0.45245762679267E+14
 0.45245762676274E+14
 0.45245762671300E+14
 0.45245762649087E+14
 0.45245762645473E+14
 0.45245762634718E+14
 0.45245762632091E+14
 0.45245762618512E+14
 0.45245762592587E+14
 0.45245762586450E+14
 0.45245762584635E+14
 0.45245762533064E+14
 0.45245762525963E+14
 0.45245762526068E+14
 0.45245762496054E+14
 0.45245762488943E+14
 0.45245762492818E+14
 0.45245762490301E+14
 0.45245762476894E+14
 0.45245762477459E+14
 0.45245762463543E+14
 0.45245762457423E+14
 0.45245762460517E+14
 0.45245762435253E+14
 0.45245762440707E+14
 0.45245762430216E+14
 0.45245762436450E+14
 0.45245762446152E+14
 0.45245762469823E+14
 0.45245762487679E+14
 0.45245762494712E+14
 0.45245762587502E+14
 0.45245762558851E+14
 0.45245762685584E+14
 0.45245762606327E+14
 0.45245762629804E+14
 0.45245762657624E+14
 0.45245762700715E+14
 0.45245762685868E+14
 0.45245762691758E+14
 0.45245762682387E+14
 0.45245762696627E+14
 0.45245762679003E+14
 0.45245762682214E+14
 0.45245762695611E+14
 0.45245762707737E+14
 0.45245762686058E+14
 0.45245762689071E+14
 0.45245762668942E+14
 0.45245762700952E+14
 0.45245762627631E+14
 0.45245762648151E+14
 0.45245762637765E+14
 0.45245762603112E+14
 0.45245762694077E+14
 0.45245762577138E+14
 0.45245762594705E+14
 0.45245762582318E+14
 0.45245762595405E+14
 0.45245762563715E+14
 0.45245762561235E+14
 0.45245762568541E+14
 0.45245762571330E+14
 0.45245762601296E+14
 0.45245762518005E+14
 0.45245762526230E+14
 0.45245762537040E+14
 0.45245762512849E+14
 0.45245762516613E+14
 0.45245762498918E+14
 0.45245762490162E+14
 0.45245762516419E+14
 0.45245762484332E+14
 0.45245762475099E+14
 0.45245762486979E+14
 0.45245762574512E+14
 0.45245762485088E+14
 0.45245762556146E+14
 0.45245762499352E+14
 0.45245762469169E+14
 0.45245762467384E+14
 0.45245762457465E+14
 0.45245762467678E+14
 0.45245762478056E+14
 0.45245762480236E+14
 0.45245762477840E+14
 0.45245762490302E+14
 0.45245762497639E+14
 0.45245762505947E+14
 0.45245762502098E+14
 0.45245762500263E+14
 0.45245762520907E+14
