 0.30965549042697E+03
 0.30965549042697E+03
 0.30965549042697E+03
 0.30965549042697E+03
 0.30965549042697E+03
 0.30965549042697E+03
 0.30965549042697E+03
 0.30965549042697E+03
 0.30965549042697E+03
 0.30965549042697E+03
 0.30965549042697E+03
 0.30965549042697E+03
 0.30965549042697E+03
 0.30965549042697E+03
 0.30965549042697E+03
 0.30965549042697E+03
 0.30965549042697E+03
 0.30965549042697E+03
 0.30965549042697E+03
 0.30965549042697E+03
 0.30965549042697E+03
 0.30965549042697E+03
 0.30965549042697E+03
 0.30965549042697E+03
 0.30965549042697E+03
 0.30965549042697E+03
 0.30965549042697E+03
 0.30965549042697E+03
 0.30965549042697E+03
 0.30965549042697E+03
 0.30965549042697E+03
 0.30965549042697E+03
 0.30965549042697E+03
 0.30965549042697E+03
 0.30965549042697E+03
 0.30965549042697E+03
 0.30965549042697E+03
 0.30965549042697E+03
 0.30965549042697E+03
 0.30965549042697E+03
 0.30965549042697E+03
 0.30965549042697E+03
 0.30965549042697E+03
 0.30965549042697E+03
 0.30965549042697E+03
 0.30965549042697E+03
 0.30965549042697E+03
 0.30965549042697E+03
 0.30965549042697E+03
 0.30965549042697E+03
 0.30965549042697E+03
 0.30965549042697E+03
 0.30965549042697E+03
 0.30965549042697E+03
 0.30965549042697E+03
 0.30965549042697E+03
 0.30965549042697E+03
 0.30965549042697E+03
 0.30965549042697E+03
 0.30965549042697E+03
 0.30965549042697E+03
 0.30965549042697E+03
 0.30965549042697E+03
 0.30965549042697E+03
 0.30965549042697E+03
 0.30965549042697E+03
 0.30965549042697E+03
 0.30965549042697E+03
 0.30965549042697E+03
 0.30965549042697E+03
 0.30965549038810E+03
 0.30965548989232E+03
 0.30965548946082E+03
 0.30965548761801E+03
 0.30965548713813E+03
 0.30965548486263E+03
 0.30965548483939E+03
 0.30965548410684E+03
 0.30965548402659E+03
 0.30965548189579E+03
 0.30965547570971E+03
 0.30965547454991E+03
 0.30965547468344E+03
 0.30965545877612E+03
 0.30965545652994E+03
 0.30965545611439E+03
 0.30965544709294E+03
 0.30965544423138E+03
 0.30965544425561E+03
 0.30965544117764E+03
 0.30965543726872E+03
 0.30965543701389E+03
 0.30965543274906E+03
 0.30965543085911E+03
 0.30965543123766E+03
 0.30965542861625E+03
 0.30965543019446E+03
 0.30965543169817E+03
 0.30965543456426E+03
 0.30965543934636E+03
 0.30965544685467E+03
 0.30965544889274E+03
 0.30965545034083E+03
 0.30965547356758E+03
 0.30965545977273E+03
 0.30965549756305E+03
 0.30965546947609E+03
 0.30965547365230E+03
 0.30965547586813E+03
 0.30965548190579E+03
 0.30965547658204E+03
 0.30965548279437E+03
 0.30965548473834E+03
 0.30965549164628E+03
 0.30965548689844E+03
 0.30965548792983E+03
 0.30965549234664E+03
 0.30965549623716E+03
 0.30965549053000E+03
 0.30965549213850E+03
 0.30965548665343E+03
 0.30965550659679E+03
 0.30965548741578E+03
 0.30965549795038E+03
 0.30965549633142E+03
 0.30965548551538E+03
 0.30965551599347E+03
 0.30965548466723E+03
 0.30965549229606E+03
 0.30965548983224E+03
 0.30965549513196E+03
 0.30965548546617E+03
 0.30965549033024E+03
 0.30965549469708E+03
 0.30965549558843E+03
 0.30965550611441E+03
 0.30965548424604E+03
 0.30965548808676E+03
 0.30965549216869E+03
 0.30965548470310E+03
 0.30965548996279E+03
 0.30965548656353E+03
 0.30965548374214E+03
 0.30965549232176E+03
 0.30965548501299E+03
 0.30965548353593E+03
 0.30965548639023E+03
 0.30965551502228E+03
 0.30965548660901E+03
 0.30965551401629E+03
 0.30965549547481E+03
 0.30965548637261E+03
 0.30965548418440E+03
 0.30965548349963E+03
 0.30965548549936E+03
 0.30965548581283E+03
 0.30965548451297E+03
 0.30965548536066E+03
 0.30965548665943E+03
 0.30965548556718E+03
 0.30965548601439E+03
 0.30965548542466E+03
 0.30965548880959E+03
 0.30965549415321E+03
