 0.51034792325990E+03
 0.51034792325990E+03
 0.51034792325990E+03
 0.51034792325990E+03
 0.51034792325990E+03
 0.51034792325990E+03
 0.51034792325990E+03
 0.51034792325990E+03
 0.51034792325990E+03
 0.51034792325990E+03
 0.51034792325990E+03
 0.51034792325990E+03
 0.51034792325990E+03
 0.51034792325990E+03
 0.51034792325990E+03
 0.51034792325990E+03
 0.51034792325990E+03
 0.51034792325990E+03
 0.51034792325990E+03
 0.51034792325990E+03
 0.51034792325990E+03
 0.51034792325990E+03
 0.51034792325990E+03
 0.51034792325990E+03
 0.51034792325990E+03
 0.51034792325990E+03
 0.51034792325990E+03
 0.51034792325990E+03
 0.51034792325990E+03
 0.51034792325990E+03
 0.51034792325990E+03
 0.51034792325990E+03
 0.51034792325990E+03
 0.51034792325990E+03
 0.51034792325990E+03
 0.51034792325990E+03
 0.51034792325990E+03
 0.51034792325990E+03
 0.51034792325990E+03
 0.51034792325990E+03
 0.51034792325990E+03
 0.51034792325990E+03
 0.51034792325990E+03
 0.51034792325990E+03
 0.51034792325990E+03
 0.51034792325990E+03
 0.51034792325990E+03
 0.51034792325990E+03
 0.51034792325990E+03
 0.51034792325990E+03
 0.51034792325990E+03
 0.51034792325990E+03
 0.51034792325990E+03
 0.51034792325990E+03
 0.51034792325990E+03
 0.51034792325990E+03
 0.51034792325990E+03
 0.51034792325990E+03
 0.51034792325990E+03
 0.51034792325990E+03
 0.51034792325990E+03
 0.51034792325990E+03
 0.51034792325990E+03
 0.51034792325990E+03
 0.51034792325990E+03
 0.51034792325990E+03
 0.51034792325990E+03
 0.51034792325990E+03
 0.51034792325990E+03
 0.51034792325990E+03
 0.51034792304879E+03
 0.51034792320005E+03
 0.51034792406153E+03
 0.51034792688382E+03
 0.51034792757338E+03
 0.51034792808734E+03
 0.51034792795829E+03
 0.51034792715832E+03
 0.51034792687740E+03
 0.51034792471434E+03
 0.51034791818142E+03
 0.51034791647531E+03
 0.51034791522624E+03
 0.51034789841283E+03
 0.51034789525975E+03
 0.51034789459555E+03
 0.51034788344676E+03
 0.51034787872537E+03
 0.51034787777801E+03
 0.51034787051883E+03
 0.51034786549082E+03
 0.51034786467572E+03
 0.51034785715930E+03
 0.51034785327130E+03
 0.51034785306074E+03
 0.51034784623941E+03
 0.51034784680573E+03
 0.51034784707948E+03
 0.51034784809671E+03
 0.51034785252724E+03
 0.51034785899066E+03
 0.51034785858815E+03
 0.51034786076771E+03
 0.51034788204380E+03
 0.51034786962331E+03
 0.51034790949153E+03
 0.51034788458303E+03
 0.51034789180354E+03
 0.51034789621831E+03
 0.51034790367016E+03
 0.51034790133509E+03
 0.51034790965046E+03
 0.51034791418179E+03
 0.51034792145291E+03
 0.51034791795159E+03
 0.51034791894124E+03
 0.51034792296810E+03
 0.51034792695694E+03
 0.51034792177881E+03
 0.51034792321367E+03
 0.51034791842454E+03
 0.51034793709803E+03
 0.51034791798048E+03
 0.51034792813520E+03
 0.51034792653901E+03
 0.51034791649501E+03
 0.51034794664605E+03
 0.51034791548882E+03
 0.51034792237409E+03
 0.51034792002847E+03
 0.51034792536240E+03
 0.51034791641775E+03
 0.51034792008193E+03
 0.51034792449753E+03
 0.51034792509580E+03
 0.51034793565724E+03
 0.51034791428326E+03
 0.51034791747710E+03
 0.51034792134002E+03
 0.51034791428037E+03
 0.51034791896657E+03
 0.51034791601656E+03
 0.51034791312806E+03
 0.51034792116201E+03
 0.51034791451841E+03
 0.51034791265486E+03
 0.51034791510619E+03
 0.51034794368680E+03
 0.51034791532610E+03
 0.51034794235754E+03
 0.51034792383897E+03
 0.51034791535959E+03
 0.51034791342526E+03
 0.51034791234685E+03
 0.51034791460228E+03
 0.51034791504377E+03
 0.51034791391246E+03
 0.51034791429828E+03
 0.51034791574053E+03
 0.51034791546807E+03
 0.51034791611604E+03
 0.51034791522151E+03
 0.51034791801429E+03
 0.51034792336534E+03
