-0.71523345452679E+01
-0.47916291608890E+03
-0.17379128887215E+04
-0.37835525904046E+04
-0.66163266228389E+04
-0.10236574285185E+05
-0.14644730177878E+05
-0.19841324979492E+05
-0.25826986400896E+05
-0.32602440321623E+05
-0.40168512114418E+05
-0.48526128165271E+05
-0.57676317596947E+05
-0.67620214205918E+05
-0.78359058623163E+05
-0.89894200711530E+05
-0.10222710221356E+06
-0.11535933966543E+06
-0.12929260759504E+06
-0.14402872202407E+06
-0.15956962429650E+06
-0.17591738525887E+06
-0.19307420982072E+06
-0.21104244192687E+06
-0.22982456997790E+06
-0.24942323273877E+06
-0.26984122578182E+06
-0.29108150851539E+06
-0.31314721185692E+06
-0.33604164661683E+06
-0.35976831266903E+06
-0.38433090899428E+06
-0.40973334469550E+06
-0.43597975109833E+06
-0.46307449506784E+06
-0.49102219369258E+06
-0.51982773051111E+06
-0.54949627348550E+06
-0.58003329496053E+06
-0.61144459388922E+06
-0.64373632065628E+06
-0.67691500489233E+06
-0.71098758674825E+06
-0.74596145219221E+06
-0.78184447300936E+06
-0.81864505233009E+06
-0.85637217669836E+06
-0.89503547592820E+06
-0.93464529230084E+06
-0.97521276105190E+06
-0.10167499046201E+07
-0.10592697438251E+07
-0.11027864300808E+07
-0.11473154040411E+07
-0.11928735878656E+07
-0.12394796208399E+07
-0.12871541517639E+07
-0.13359202069694E+07
-0.13858036610926E+07
-0.14368338506474E+07
-0.14890443913207E+07
-0.15424742949947E+07
-0.15971695442781E+07
-0.16531853973538E+07
-0.17105899254881E+07
-0.17694697855719E+07
-0.18299404532593E+07
-0.18921666623521E+07
-0.19564118233936E+07
-0.20232137778935E+07
-0.20941291493423E+07
-0.21664987875405E+07
-0.22391452928859E+07
-0.23120627987981E+07
-0.23852594239241E+07
-0.24587553653905E+07
-0.25325664378647E+07
-0.26067090562412E+07
-0.26812124826159E+07
-0.27560933913769E+07
-0.28313718781433E+07
-0.29070703364815E+07
-0.29832341694671E+07
-0.30598391786435E+07
-0.31369777277449E+07
-0.32145759932405E+07
-0.32927346122340E+07
-0.33714983360198E+07
-0.34509345586889E+07
-0.35309191140476E+07
-0.36116312754049E+07
-0.36930654912138E+07
-0.37752512360177E+07
-0.38582551103734E+07
-0.39420004494805E+07
-0.40266277942093E+07
-0.41120019413113E+07
-0.41981672515152E+07
-0.42849885065121E+07
-0.43724748696974E+07
-0.44600781360804E+07
-0.45477654201431E+07
-0.46348374462333E+07
-0.47209720091456E+07
-0.48054349670995E+07
-0.48880111981135E+07
-0.49687651536386E+07
-0.50484290904497E+07
-0.51283539064301E+07
-0.52097056213658E+07
-0.52926270662822E+07
-0.53772835905212E+07
-0.54633546050338E+07
-0.55504839716991E+07
-0.56388052164284E+07
-0.57277534061032E+07
-0.58168824795946E+07
-0.59068964570860E+07
-0.59975865729558E+07
-0.60887240460003E+07
-0.61799921719551E+07
-0.62716654643802E+07
-0.63640346456851E+07
-0.64568376878416E+07
-0.65504607369078E+07
-0.66440668517835E+07
-0.67379639425433E+07
-0.68326073113619E+07
-0.69276866867728E+07
-0.70236878790559E+07
-0.71194826346493E+07
-0.72156900286204E+07
-0.73126328657512E+07
-0.74100118107025E+07
-0.75085015576599E+07
-0.76065816265834E+07
-0.77049590243514E+07
-0.78042440726657E+07
-0.79039430562854E+07
-0.80050422706360E+07
-0.81055011296930E+07
-0.82058929272879E+07
-0.83075191613838E+07
-0.84100838233231E+07
-0.85129638123271E+07
-0.86158791150286E+07
-0.87185179838265E+07
-0.88224778934778E+07
-0.89276398705682E+07
-0.90326777343447E+07
-0.91379131455962E+07
-0.92428067830240E+07
-0.93490834753458E+07
-0.94557707808937E+07
-0.95640025103454E+07
-0.96721643442392E+07
-0.97786916920079E+07
-0.98872748108638E+07
-0.99962866639555E+07
-0.10106795405617E+08
-0.10217464777815E+08
-0.10326064403621E+08
-0.10436916800808E+08
-0.10548232335440E+08
