 0.77825453366750E+07
 0.77825453366750E+07
 0.77825453366750E+07
 0.77825453366750E+07
 0.77825453366750E+07
 0.77825453366750E+07
 0.77825453366750E+07
 0.77825453366750E+07
 0.77825453366750E+07
 0.77825453366750E+07
 0.77825453366750E+07
 0.77825453366750E+07
 0.77825453366750E+07
 0.77825453366750E+07
 0.77825453366750E+07
 0.77825453366750E+07
 0.77825453366750E+07
 0.77825453366750E+07
 0.77825453366750E+07
 0.77825453366750E+07
 0.77825453366750E+07
 0.77825453366750E+07
 0.77825453366750E+07
 0.77825453366750E+07
 0.77825453366750E+07
 0.77825453366750E+07
 0.77825453366750E+07
 0.77825453366750E+07
 0.77825453366750E+07
 0.77825453366750E+07
 0.77825453366750E+07
 0.77825453366750E+07
 0.77825453366750E+07
 0.77825453366750E+07
 0.77825453366750E+07
 0.77825453366750E+07
 0.77825453366750E+07
 0.77825453366750E+07
 0.77825453366750E+07
 0.77825453366750E+07
 0.77825453366750E+07
 0.77825453366750E+07
 0.77825453366750E+07
 0.77825453366750E+07
 0.77825453366750E+07
 0.77825453366750E+07
 0.77825453366750E+07
 0.77825453366750E+07
 0.77825453366750E+07
 0.77825453366750E+07
 0.77825453366750E+07
 0.77825453366750E+07
 0.77825453366750E+07
 0.77825453366750E+07
 0.77825453366750E+07
 0.77825453366750E+07
 0.77825453366750E+07
 0.77825453366750E+07
 0.77825453366750E+07
 0.77825453366750E+07
 0.77825453366750E+07
 0.77825453366750E+07
 0.77825453366750E+07
 0.77825453366750E+07
 0.77825453366750E+07
 0.77825453366750E+07
 0.77825453366750E+07
 0.77825453366750E+07
 0.77825453366750E+07
 0.77825453366750E+07
 0.77825453385583E+07
 0.77825453101113E+07
 0.77825452716267E+07
 0.77825451435310E+07
 0.77825451145482E+07
 0.77825450305221E+07
 0.77825450351691E+07
 0.77825450313442E+07
 0.77825450360456E+07
 0.77825450091612E+07
 0.77825449318686E+07
 0.77825449287454E+07
 0.77825449618471E+07
 0.77825447786596E+07
 0.77825447708931E+07
 0.77825447707627E+07
 0.77825447302285E+07
 0.77825447456608E+07
 0.77825447691024E+07
 0.77825448474071E+07
 0.77825448461479E+07
 0.77825448608058E+07
 0.77825449189249E+07
 0.77825449616282E+07
 0.77825449849514E+07
 0.77825451383218E+07
 0.77825451958458E+07
 0.77825453023357E+07
 0.77825454073375E+07
 0.77825455053562E+07
 0.77825456439674E+07
 0.77825457071761E+07
 0.77825456887995E+07
 0.77825459888853E+07
 0.77825457055117E+07
 0.77825461229157E+07
 0.77825455957729E+07
 0.77825455181100E+07
 0.77825454146588E+07
 0.77825453790794E+07
 0.77825452107438E+07
 0.77825452758188E+07
 0.77825452618519E+07
 0.77825453660599E+07
 0.77825452723937E+07
 0.77825452870873E+07
 0.77825453595256E+07
 0.77825454191187E+07
 0.77825453265539E+07
 0.77825453681021E+07
 0.77825452741283E+07
 0.77825456828826E+07
 0.77825454588753E+07
 0.77825456408459E+07
 0.77825456334781E+07
 0.77825454719868E+07
 0.77825459169964E+07
 0.77825455310497E+07
 0.77825456833327E+07
 0.77825456589896E+07
 0.77825457408747E+07
 0.77825455829982E+07
 0.77825457453941E+07
 0.77825458208405E+07
 0.77825458434094E+07
 0.77825459940084E+07
 0.77825457157823E+07
 0.77825458036526E+07
 0.77825458730230E+07
 0.77825457580110E+07
 0.77825458857635E+07
 0.77825458370605E+07
 0.77825458033225E+07
 0.77825459356849E+07
 0.77825458392811E+07
 0.77825458496681E+07
 0.77825458976111E+07
 0.77825462964763E+07
 0.77825459056849E+07
 0.77825463361102E+07
 0.77825460767390E+07
 0.77825459249166E+07
 0.77825458756853E+07
 0.77825459059689E+07
 0.77825459075676E+07
 0.77825458822983E+07
 0.77825458418668E+07
 0.77825458859132E+07
 0.77825458696014E+07
 0.77825457904811E+07
 0.77825457723943E+07
 0.77825457781221E+07
 0.77825458784111E+07
 0.77825459457964E+07
