 0.21139601365225E+08
 0.21139601365225E+08
 0.21139601365225E+08
 0.21139601365225E+08
 0.21139601365225E+08
 0.21139601365225E+08
 0.21139601365225E+08
 0.21139601365225E+08
 0.21139601365225E+08
 0.21139601365225E+08
 0.21139601365225E+08
 0.21139601365225E+08
 0.21139601365225E+08
 0.21139601365225E+08
 0.21139601365225E+08
 0.21139601365225E+08
 0.21139601365225E+08
 0.21139601365225E+08
 0.21139601365225E+08
 0.21139601365225E+08
 0.21139601365225E+08
 0.21139601365225E+08
 0.21139601365225E+08
 0.21139601365225E+08
 0.21139601365225E+08
 0.21139601365225E+08
 0.21139601365225E+08
 0.21139601365225E+08
 0.21139601365225E+08
 0.21139601365225E+08
 0.21139601365225E+08
 0.21139601365225E+08
 0.21139601365225E+08
 0.21139601365225E+08
 0.21139601365225E+08
 0.21139601365225E+08
 0.21139601365225E+08
 0.21139601365225E+08
 0.21139601365225E+08
 0.21139601365225E+08
 0.21139601365225E+08
 0.21139601365225E+08
 0.21139601365225E+08
 0.21139601365225E+08
 0.21139601365225E+08
 0.21139601365225E+08
 0.21139601365225E+08
 0.21139601365225E+08
 0.21139601365225E+08
 0.21139601365225E+08
 0.21139601365225E+08
 0.21139601365225E+08
 0.21139601365225E+08
 0.21139601365225E+08
 0.21139601365225E+08
 0.21139601365225E+08
 0.21139601365225E+08
 0.21139601365225E+08
 0.21139601365225E+08
 0.21139601365225E+08
 0.21139601365225E+08
 0.21139601365225E+08
 0.21139601365225E+08
 0.21139601365225E+08
 0.21139601365225E+08
 0.21139601365225E+08
 0.21139601365225E+08
 0.21139601365225E+08
 0.21139601365225E+08
 0.21139601365225E+08
 0.21139601358158E+08
 0.21139601361111E+08
 0.21139601386860E+08
 0.21139601524335E+08
 0.21139601568256E+08
 0.21139601693285E+08
 0.21139601698389E+08
 0.21139601721748E+08
 0.21139601722202E+08
 0.21139601760911E+08
 0.21139601854374E+08
 0.21139601862904E+08
 0.21139601831109E+08
 0.21139602112558E+08
 0.21139602136934E+08
 0.21139602138291E+08
 0.21139602336335E+08
 0.21139602377822E+08
 0.21139602359705E+08
 0.21139602391279E+08
 0.21139602505028E+08
 0.21139602512111E+08
 0.21139602629592E+08
 0.21139602681536E+08
 0.21139602675759E+08
 0.21139602885169E+08
 0.21139602872854E+08
 0.21139602979478E+08
 0.21139602957638E+08
 0.21139602937998E+08
 0.21139602824803E+08
 0.21139602684880E+08
 0.21139602617810E+08
 0.21139602024229E+08
 0.21139602109042E+08
 0.21139601385919E+08
 0.21139601725420E+08
 0.21139601542437E+08
 0.21139601324629E+08
 0.21139601020966E+08
 0.21139601097159E+08
 0.21139601114589E+08
 0.21139601186622E+08
 0.21139601128865E+08
 0.21139601232630E+08
 0.21139601213705E+08
 0.21139601141015E+08
 0.21139601102140E+08
 0.21139601200966E+08
 0.21139601213073E+08
 0.21139601309974E+08
 0.21139601244259E+08
 0.21139601670923E+08
 0.21139601568110E+08
 0.21139601636909E+08
 0.21139601842949E+08
 0.21139601388187E+08
 0.21139602035828E+08
 0.21139601978263E+08
 0.21139602054219E+08
 0.21139601994923E+08
 0.21139602144807E+08
 0.21139602225354E+08
 0.21139602199861E+08
 0.21139602189025E+08
 0.21139602035868E+08
 0.21139602495248E+08
 0.21139602474121E+08
 0.21139602425240E+08
 0.21139602547310E+08
 0.21139602564406E+08
 0.21139602651846E+08
 0.21139602706132E+08
 0.21139602559800E+08
 0.21139602745471E+08
 0.21139602820974E+08
 0.21139602764563E+08
 0.21139602306409E+08
 0.21139602774840E+08
 0.21139602441299E+08
 0.21139602734207E+08
 0.21139602862130E+08
 0.21139602866927E+08
 0.21139602953342E+08
 0.21139602871498E+08
 0.21139602796633E+08
 0.21139602770566E+08
 0.21139602806431E+08
 0.21139602704276E+08
 0.21139602615923E+08
 0.21139602559414E+08
 0.21139602581385E+08
 0.21139602622998E+08
 0.21139602519739E+08
