 0.41365909707038E+12
 0.37088994404788E+08
-0.55663877228393E+09
-0.88731527011257E+09
-0.12272365668947E+10
-0.20553071720824E+10
-0.34641608641325E+10
-0.55066634345058E+10
-0.82670770469183E+10
-0.11834423897449E+11
-0.16301329522856E+11
-0.21755664712797E+11
-0.28286807950970E+11
-0.35978266847755E+11
-0.44917142932095E+11
-0.55183833924679E+11
-0.66859435598137E+11
-0.80014877189997E+11
-0.94727658091696E+11
-0.11106772524314E+12
-0.12909542940241E+12
-0.14888373633631E+12
-0.17051313885827E+12
-0.19401100841327E+12
-0.21942471180838E+12
-0.24683820808634E+12
-0.27627403939989E+12
-0.30778345091162E+12
-0.34141198996735E+12
-0.37716217891233E+12
-0.41516383778871E+12
-0.45538031910809E+12
-0.49784438832485E+12
-0.54267260002302E+12
-0.58952679932093E+12
-0.63905949552166E+12
-0.69067371740084E+12
-0.74485159319560E+12
-0.80130453239503E+12
-0.86021887909931E+12
-0.92152857413943E+12
-0.98526596927533E+12
-0.10514448122114E+13
-0.11201257786261E+13
-0.11912814536112E+13
-0.12643790636060E+13
-0.13407863724807E+13
-0.14186553043966E+13
-0.14995560851988E+13
-0.15828569010205E+13
-0.16687091430600E+13
-0.17568996609486E+13
-0.18478314379570E+13
-0.19411665236693E+13
-0.20359308774590E+13
-0.21339086684526E+13
-0.22345011290710E+13
-0.23373531744226E+13
-0.24430460881940E+13
-0.25507072695196E+13
-0.26612082066755E+13
-0.27727772736538E+13
-0.28877889132737E+13
-0.30051522220604E+13
-0.31251089385164E+13
-0.32473337360844E+13
-0.33725924028546E+13
-0.34979180099202E+13
-0.36276347266680E+13
-0.37592778352521E+13
-0.38932415643455E+13
-0.40297351578675E+13
-0.41686367509565E+13
-0.43087208551303E+13
-0.44519228489983E+13
-0.45979367412349E+13
-0.47462062714360E+13
-0.48967592277187E+13
-0.50502023619285E+13
-0.52029522207395E+13
-0.53602769075484E+13
-0.55202671864231E+13
-0.56824181173742E+13
-0.58469161097365E+13
-0.60140400554526E+13
-0.61805385317214E+13
-0.63514564732684E+13
-0.65251623927478E+13
-0.67003783644114E+13
-0.68783740502231E+13
-0.70584446562854E+13
-0.72400913958783E+13
-0.74228302409737E+13
-0.76092895255873E+13
-0.77985595889216E+13
-0.79897133022849E+13
-0.81830069528152E+13
-0.83783922314512E+13
-0.85761898917752E+13
-0.87772378013236E+13
-0.89750709849263E+13
-0.91789396265015E+13
-0.93856329902202E+13
-0.95945565948914E+13
-0.98047484980026E+13
-0.10017550679662E+14
-0.10232685474622E+14
-0.10449887937273E+14
-0.10670640238128E+14
-0.10886944743063E+14
-0.11109920527334E+14
-0.11336027147276E+14
-0.11564371192874E+14
-0.11792992945209E+14
-0.12026689759731E+14
-0.12265614284906E+14
-0.12501566844624E+14
-0.12731115822940E+14
-0.12970584159002E+14
-0.13214025524165E+14
-0.13459343285013E+14
-0.13705922179891E+14
-0.13955964741149E+14
-0.14201253343038E+14
-0.14453462185221E+14
-0.14707913558046E+14
-0.14966454744483E+14
-0.15226813244757E+14
-0.15488339853480E+14
-0.15752600684221E+14
-0.16021136952547E+14
-0.16279223355152E+14
-0.16548676401738E+14
-0.16822117254105E+14
-0.17097298054158E+14
-0.17372748588507E+14
-0.17654683587479E+14
-0.17941663249894E+14
-0.18207027698192E+14
-0.18491779927876E+14
-0.18780219610188E+14
-0.19069991239117E+14
-0.19360307710290E+14
-0.19659127914938E+14
-0.19940753221405E+14
-0.20237316908430E+14
-0.20538738451073E+14
-0.20841532302854E+14
-0.21144302954997E+14
-0.21451668201982E+14
-0.21748966106426E+14
-0.22058897331161E+14
-0.22369885404227E+14
-0.22686342291671E+14
-0.23003389795994E+14
-0.23323053588466E+14
-0.23656439050962E+14
-0.23962316337604E+14
-0.24277036319629E+14
-0.24606718939345E+14
-0.24937553985287E+14
-0.25267546870853E+14
-0.25604062912777E+14
-0.25939205409931E+14
-0.26261310776432E+14
-0.26599661820793E+14
-0.26944421746710E+14
-0.27288348727351E+14
-0.27635951731658E+14
-0.27982639515606E+14
-0.28331248543943E+14
-0.28692181028474E+14
-0.29024160517757E+14
-0.29383889324645E+14
-0.29741095816230E+14
-0.30098757261835E+14
-0.30464392309003E+14
-0.30836191656520E+14
-0.31212520116448E+14
-0.31549594338496E+14
-0.31923222909480E+14
-0.32293900480813E+14
-0.32662909598690E+14
-0.33048009075766E+14
-0.33405651725112E+14
-0.33787952275013E+14
-0.34171550411408E+14
-0.34557297957669E+14
-0.34946256613705E+14
-0.35331764168097E+14
-0.35726462073611E+14
-0.36125016510041E+14
-0.36528303118727E+14
-0.36895974945011E+14
-0.37293392910339E+14
-0.37697337274427E+14
-0.38098848458890E+14
-0.38506101557221E+14
-0.38929457940463E+14
-0.39300239701928E+14
-0.39709563727604E+14
