 0.62147219090957E+04
 0.62147218551517E+04
 0.62147218852408E+04
 0.62147218852408E+04
 0.62147218852408E+04
 0.62147218847900E+04
 0.62147218839883E+04
 0.62147218829603E+04
 0.62147218822484E+04
 0.62147218822321E+04
 0.62147218836348E+04
 0.62147218849751E+04
 0.62147218911277E+04
 0.62147218922236E+04
 0.62147219068345E+04
 0.62147219080312E+04
 0.62147219342951E+04
 0.62147219363519E+04
 0.62147219520025E+04
 0.62147219580264E+04
 0.62147219585911E+04
 0.62147219657499E+04
 0.62147219672570E+04
 0.62147219659269E+04
 0.62147219661169E+04
 0.62147219640194E+04
 0.62147219611610E+04
 0.62147219582377E+04
 0.62147219537102E+04
 0.62147219480677E+04
 0.62147219428734E+04
 0.62147219347890E+04
 0.62147219247804E+04
 0.62147219190478E+04
 0.62147219112959E+04
 0.62147219033013E+04
 0.62147218967804E+04
 0.62147218897236E+04
 0.62147218780795E+04
 0.62147218720719E+04
 0.62147218660291E+04
 0.62147218568621E+04
 0.62147218526194E+04
 0.62147218503021E+04
 0.62147218478065E+04
 0.62147218448799E+04
 0.62147218392841E+04
 0.62147218376769E+04
 0.62147218354225E+04
 0.62147218367156E+04
 0.62147218376706E+04
 0.62147218380448E+04
 0.62147218384304E+04
 0.62147308030115E+04
 0.62147308025452E+04
 0.62147308042991E+04
 0.62147308064632E+04
 0.62147308072619E+04
 0.62147308081208E+04
 0.62147308093725E+04
 0.62147308106539E+04
 0.62147308102556E+04
 0.62147308119760E+04
 0.62147308132052E+04
 0.62147308154375E+04
 0.62147308174011E+04
 0.62147308188836E+04
 0.62147308217263E+04
 0.62147308231933E+04
 0.62147328178289E+04
 0.62147328181054E+04
 0.62147328200605E+04
 0.62147328211665E+04
 0.62147328220361E+04
 0.62147328237258E+04
 0.62147328266533E+04
 0.62147328285008E+04
 0.62147328277561E+04
 0.62147328299071E+04
 0.62147328320128E+04
 0.62147328341662E+04
 0.62147328361843E+04
 0.62147328381131E+04
 0.62147328460279E+04
 0.62147295568975E+04
 0.62147295591543E+04
 0.62147295695946E+04
 0.62147295642917E+04
 0.62147295759057E+04
 0.62147295605968E+04
 0.62147293731272E+04
 0.62147293763700E+04
 0.62147293796743E+04
 0.62147293734324E+04
 0.62147293682257E+04
 0.62147267110126E+04
 0.62147267169633E+04
 0.62147267089129E+04
 0.62147267070055E+04
 0.62147267069782E+04
 0.62147267083229E+04
 0.62147245758913E+04
 0.62147245917472E+04
 0.62147079706232E+04
 0.62147079539000E+04
 0.62147079530344E+04
 0.62147079397724E+04
 0.62147079327355E+04
 0.62147079292251E+04
 0.62147079275966E+04
 0.62147079311945E+04
 0.62147156728278E+04
 0.62147156756562E+04
 0.62147177760826E+04
 0.62147177706622E+04
 0.62147177707749E+04
 0.62147177626263E+04
 0.62147177553453E+04
 0.62147177466229E+04
 0.62147177449321E+04
 0.62147177463745E+04
 0.62147177438092E+04
 0.62147177447819E+04
 0.62147177439141E+04
 0.62147047559916E+04
 0.62147047508184E+04
 0.62147047521886E+04
 0.62147047555925E+04
 0.62147047581085E+04
 0.62147047484692E+04
 0.62147047474364E+04
 0.62147047500569E+04
 0.62147047458750E+04
 0.62147047360463E+04
 0.62147047322827E+04
 0.62147047326762E+04
 0.62147134130897E+04
 0.62147134151552E+04
 0.62147134072509E+04
 0.62147035329963E+04
 0.62147035295569E+04
 0.62147035295497E+04
 0.62147035325232E+04
 0.62147221531948E+04
 0.62147221462205E+04
 0.62147221392977E+04
 0.62147221361234E+04
 0.62147221357473E+04
 0.62147221389532E+04
 0.62147106208603E+04
 0.62147106277333E+04
 0.62147106156447E+04
 0.62147106154038E+04
 0.62147106153256E+04
 0.62147166715171E+04
 0.62147166929251E+04
 0.62147166877199E+04
 0.62147166720648E+04
 0.62147166709651E+04
 0.62147166710396E+04
 0.62147166699280E+04
 0.62147250503690E+04
 0.62147250600272E+04
 0.62147250568814E+04
 0.62147250690856E+04
 0.62147250583774E+04
 0.62147250588384E+04
 0.62147250687516E+04
 0.62147250660326E+04
 0.62147353420606E+04
 0.62147353395793E+04
 0.62147281616211E+04
 0.62147281902628E+04
 0.62147281732081E+04
 0.62147328234150E+04
 0.62147328229925E+04
 0.62147296511281E+04
 0.62147296441712E+04
 0.62147296556080E+04
 0.62147296695119E+04
 0.62147296770551E+04
 0.62147355344157E+04
 0.62147355446921E+04
 0.62147335758046E+04
 0.62147335705951E+04
 0.62147336073698E+04
 0.62147294907198E+04
 0.62147294830517E+04
 0.62147294885705E+04
 0.62147294837128E+04
 0.62147294955587E+04
 0.62147295061140E+04
 0.62147294896070E+04
 0.62147294817548E+04
 0.62147294680502E+04
 0.62147294825406E+04
 0.62147294924787E+04
 0.62147294856029E+04
 0.62147238726319E+04
 0.62147312944062E+04
 0.62147313190287E+04
