 0.12918194648437E+04
 0.12918194611492E+04
 0.12918194688875E+04
 0.12918194688875E+04
 0.12918194688875E+04
 0.12918194700260E+04
 0.12918194695926E+04
 0.12918194682147E+04
 0.12918194676600E+04
 0.12918194675898E+04
 0.12918194677440E+04
 0.12918194679837E+04
 0.12918194680670E+04
 0.12918194682652E+04
 0.12918194683644E+04
 0.12918194684931E+04
 0.12918194687078E+04
 0.12918194687840E+04
 0.12918194690071E+04
 0.12918194691138E+04
 0.12918194691732E+04
 0.12918194693359E+04
 0.12918194694230E+04
 0.12918194694543E+04
 0.12918194694834E+04
 0.12918194695104E+04
 0.12918194695181E+04
 0.12918194695142E+04
 0.12918194693734E+04
 0.12918194693406E+04
 0.12918194693177E+04
 0.12918194690401E+04
 0.12918194689085E+04
 0.12918194688494E+04
 0.12918194687869E+04
 0.12918194682189E+04
 0.12918194680761E+04
 0.12918194679854E+04
 0.12918194670529E+04
 0.12918194667146E+04
 0.12918194664064E+04
 0.12918194651883E+04
 0.12918194645892E+04
 0.12918194643147E+04
 0.12918194642043E+04
 0.12918194641327E+04
 0.12918194601710E+04
 0.12918194593218E+04
 0.12918194588919E+04
 0.12918194587537E+04
 0.12918194586970E+04
 0.12918194586791E+04
 0.12918194586730E+04
 0.12918211130260E+04
 0.12918211128581E+04
 0.12918211128315E+04
 0.12918211128865E+04
 0.12918211129281E+04
 0.12918211130348E+04
 0.12918211129325E+04
 0.12918211130281E+04
 0.12918211131102E+04
 0.12918211132272E+04
 0.12918211134225E+04
 0.12918211135585E+04
 0.12918211136790E+04
 0.12918211138062E+04
 0.12918211140459E+04
 0.12918211142473E+04
 0.12918217596340E+04
 0.12918217598103E+04
 0.12918217599008E+04
 0.12918217601104E+04
 0.12918217603665E+04
 0.12918217607508E+04
 0.12918217611577E+04
 0.12918217615292E+04
 0.12918217618819E+04
 0.12918217625089E+04
 0.12918217630545E+04
 0.12918217634845E+04
 0.12918217640363E+04
 0.12918217647437E+04
 0.12918217674820E+04
 0.12918214912255E+04
 0.12918214920276E+04
 0.12918214956756E+04
 0.12918214940300E+04
 0.12918214989249E+04
 0.12918214942825E+04
 0.12918217425638E+04
 0.12918217433447E+04
 0.12918217444564E+04
 0.12918217450842E+04
 0.12918217432176E+04
 0.12918215398436E+04
 0.12918215422090E+04
 0.12918215401066E+04
 0.12918215396789E+04
 0.12918215393383E+04
 0.12918215391634E+04
 0.12918214536119E+04
 0.12918214605443E+04
 0.12918190054625E+04
 0.12918190008368E+04
 0.12918190019509E+04
 0.12918189978482E+04
 0.12918189958029E+04
 0.12918189945821E+04
 0.12918189937238E+04
 0.12918189936138E+04
 0.12918205971821E+04
 0.12918205984266E+04
 0.12918211504666E+04
 0.12918211487373E+04
 0.12918211486111E+04
 0.12918211464747E+04
 0.12918211466289E+04
 0.12918211434934E+04
 0.12918211423412E+04
 0.12918211420346E+04
 0.12918211424410E+04
 0.12918211428489E+04
 0.12918211424884E+04
 0.12918192982965E+04
 0.12918192952857E+04
 0.12918192957461E+04
 0.12918192971531E+04
 0.12918193000037E+04
 0.12918192941809E+04
 0.12918192937986E+04
 0.12918192945977E+04
 0.12918192951095E+04
 0.12918192913630E+04
 0.12918192899225E+04
 0.12918192900209E+04
 0.12918203983629E+04
 0.12918203989373E+04
 0.12918203981149E+04
 0.12918190826666E+04
 0.12918190812968E+04
 0.12918190807925E+04
 0.12918190822373E+04
 0.12918218976810E+04
 0.12918218970752E+04
 0.12918218936730E+04
 0.12918218922440E+04
 0.12918218919014E+04
 0.12918218936344E+04
 0.12918197435716E+04
 0.12918197455637E+04
 0.12918197406980E+04
 0.12918197392718E+04
 0.12918197389128E+04
 0.12918204211702E+04
 0.12918204252201E+04
 0.12918204234993E+04
 0.12918204208653E+04
 0.12918204201308E+04
 0.12918204196940E+04
 0.12918204198773E+04
 0.12918213757511E+04
 0.12918213758143E+04
 0.12918213758567E+04
 0.12918213791084E+04
 0.12918213762501E+04
 0.12918213763041E+04
 0.12918213811917E+04
 0.12918213771714E+04
 0.12918227174990E+04
 0.12918227165079E+04
 0.12918212146873E+04
 0.12918212242149E+04
 0.12918212199134E+04
 0.12918222961885E+04
 0.12918222941581E+04
 0.12918215485553E+04
 0.12918215485631E+04
 0.12918215492850E+04
 0.12918215531822E+04
 0.12918215535373E+04
 0.12918222510384E+04
 0.12918222549017E+04
 0.12918216380999E+04
 0.12918216384308E+04
 0.12918216458155E+04
 0.12918213494285E+04
 0.12918213450171E+04
 0.12918213441133E+04
 0.12918213449959E+04
 0.12918213499972E+04
 0.12918213535031E+04
 0.12918213489890E+04
 0.12918213471597E+04
 0.12918213435400E+04
 0.12918213432511E+04
 0.12918213438476E+04
 0.12918213457004E+04
 0.12918203701367E+04
 0.12918213245454E+04
 0.12918213207377E+04
