 0.23108677123761E+03
 0.23108676629410E+03
 0.23108676783729E+03
 0.23108676783729E+03
 0.23108676783729E+03
 0.23108676801828E+03
 0.23108676781015E+03
 0.23108676756124E+03
 0.23108676750849E+03
 0.23108676753576E+03
 0.23108676760821E+03
 0.23108676767663E+03
 0.23108676772532E+03
 0.23108676776494E+03
 0.23108676781939E+03
 0.23108676783872E+03
 0.23108676791860E+03
 0.23108676792754E+03
 0.23108676797829E+03
 0.23108676799500E+03
 0.23108676799719E+03
 0.23108676801918E+03
 0.23108676802227E+03
 0.23108676801842E+03
 0.23108676801507E+03
 0.23108676800462E+03
 0.23108676799503E+03
 0.23108676798779E+03
 0.23108676795190E+03
 0.23108676793055E+03
 0.23108676791496E+03
 0.23108676785602E+03
 0.23108676781226E+03
 0.23108676778998E+03
 0.23108676776651E+03
 0.23108676766494E+03
 0.23108676762898E+03
 0.23108676760180E+03
 0.23108676743189E+03
 0.23108676736498E+03
 0.23108676730085E+03
 0.23108676707098E+03
 0.23108676695531E+03
 0.23108676689895E+03
 0.23108676687328E+03
 0.23108676685405E+03
 0.23108676602030E+03
 0.23108676583283E+03
 0.23108676573043E+03
 0.23108676569751E+03
 0.23108676568123E+03
 0.23108676567252E+03
 0.23108676566785E+03
 0.23108758960609E+03
 0.23108758954668E+03
 0.23108758952723E+03
 0.23108758953122E+03
 0.23108758953377E+03
 0.23108758954826E+03
 0.23108758945255E+03
 0.23108758944808E+03
 0.23108758944693E+03
 0.23108758946315E+03
 0.23108758949197E+03
 0.23108758944033E+03
 0.23108758943851E+03
 0.23108758944682E+03
 0.23108758948415E+03
 0.23108758951602E+03
 0.23108787359943E+03
 0.23108787352808E+03
 0.23108787352361E+03
 0.23108787354881E+03
 0.23108787358952E+03
 0.23108787358039E+03
 0.23108787361982E+03
 0.23108787366729E+03
 0.23108787372139E+03
 0.23108787383493E+03
 0.23108787384606E+03
 0.23108787389840E+03
 0.23108787398656E+03
 0.23108787411816E+03
 0.23108787462804E+03
 0.23108772747477E+03
 0.23108772761769E+03
 0.23108772832707E+03
 0.23108772802058E+03
 0.23108772889140E+03
 0.23108772798126E+03
 0.23108783630705E+03
 0.23108783645257E+03
 0.23108783667953E+03
 0.23108783676532E+03
 0.23108783637451E+03
 0.23108772145939E+03
 0.23108772195169E+03
 0.23108772153900E+03
 0.23108772145519E+03
 0.23108772138974E+03
 0.23108772139790E+03
 0.23108767195293E+03
 0.23108767341054E+03
 0.23108645641476E+03
 0.23108645640988E+03
 0.23108645729211E+03
 0.23108645694236E+03
 0.23108645685465E+03
 0.23108645677579E+03
 0.23108645672950E+03
 0.23108645679986E+03
 0.23108722251197E+03
 0.23108722283654E+03
 0.23108750005474E+03
 0.23108749979846E+03
 0.23108749980715E+03
 0.23108750066437E+03
 0.23108750110978E+03
 0.23108750073421E+03
 0.23108750066952E+03
 0.23108750070109E+03
 0.23108750086619E+03
 0.23108750103203E+03
 0.23108750103129E+03
 0.23108658127010E+03
 0.23108658176275E+03
 0.23108658210746E+03
 0.23108658257158E+03
 0.23108658330878E+03
 0.23108658216616E+03
 0.23108658215167E+03
 0.23108658236027E+03
 0.23108658346791E+03
 0.23108658297292E+03
 0.23108658284740E+03
 0.23108658298791E+03
 0.23108714579364E+03
 0.23108714594986E+03
 0.23108714670492E+03
 0.23108647458860E+03
 0.23108647449546E+03
 0.23108647451326E+03
 0.23108647487478E+03
 0.23108787205743E+03
 0.23108787263007E+03
 0.23108787217887E+03
 0.23108787202944E+03
 0.23108787202530E+03
 0.23108787244699E+03
 0.23108682035334E+03
 0.23108682070172E+03
 0.23108682043768E+03
 0.23108682025247E+03
 0.23108682020116E+03
 0.23108717379615E+03
 0.23108717427541E+03
 0.23108717395179E+03
 0.23108717430178E+03
 0.23108717416365E+03
 0.23108717398594E+03
 0.23108717390246E+03
 0.23108766334303E+03
 0.23108766262156E+03
 0.23108766303776E+03
 0.23108766341595E+03
 0.23108766268335E+03
 0.23108766232610E+03
 0.23108766215919E+03
 0.23108766245417E+03
 0.23108833399862E+03
 0.23108833331456E+03
 0.23108760505953E+03
 0.23108760430127E+03
 0.23108760390089E+03
 0.23108812383768E+03
 0.23108812387330E+03
 0.23108776626448E+03
 0.23108776621222E+03
 0.23108776580278E+03
 0.23108776467816E+03
 0.23108776458862E+03
 0.23108813084908E+03
 0.23108813069678E+03
 0.23108786382153E+03
 0.23108786373593E+03
 0.23108786259001E+03
 0.23108767070289E+03
 0.23108767082324E+03
 0.23108767086972E+03
 0.23108767073877E+03
 0.23108767054799E+03
 0.23108767057805E+03
 0.23108767045979E+03
 0.23108767046402E+03
 0.23108767075766E+03
 0.23108767081675E+03
 0.23108767068542E+03
 0.23108767039953E+03
 0.23108719938656E+03
 0.23108770816713E+03
 0.23108770838718E+03
