 0.11117188269696E+04
 0.11117187967169E+04
 0.11117188028639E+04
 0.11117188028639E+04
 0.11117188028639E+04
 0.11117188026743E+04
 0.11117188019025E+04
 0.11117188017070E+04
 0.11117188018032E+04
 0.11117188019919E+04
 0.11117188024587E+04
 0.11117188028213E+04
 0.11117188040845E+04
 0.11117188043006E+04
 0.11117188070908E+04
 0.11117188072871E+04
 0.11117188121849E+04
 0.11117188125302E+04
 0.11117188153820E+04
 0.11117188164482E+04
 0.11117188165086E+04
 0.11117188177549E+04
 0.11117188179644E+04
 0.11117188176811E+04
 0.11117188176739E+04
 0.11117188172252E+04
 0.11117188166611E+04
 0.11117188161067E+04
 0.11117188152453E+04
 0.11117188141614E+04
 0.11117188131770E+04
 0.11117188116862E+04
 0.11117188097985E+04
 0.11117188087167E+04
 0.11117188072708E+04
 0.11117188058409E+04
 0.11117188046244E+04
 0.11117188033093E+04
 0.11117188012114E+04
 0.11117188001060E+04
 0.11117187989817E+04
 0.11117187972843E+04
 0.11117187964844E+04
 0.11117187960351E+04
 0.11117187955601E+04
 0.11117187950057E+04
 0.11117187934030E+04
 0.11117187929445E+04
 0.11117187924186E+04
 0.11117187926104E+04
 0.11117187927517E+04
 0.11117187927922E+04
 0.11117187928439E+04
 0.11117229365872E+04
 0.11117229363625E+04
 0.11117229366056E+04
 0.11117229369645E+04
 0.11117229370839E+04
 0.11117229372154E+04
 0.11117229370669E+04
 0.11117229371923E+04
 0.11117229370450E+04
 0.11117229373300E+04
 0.11117229375205E+04
 0.11117229375544E+04
 0.11117229377932E+04
 0.11117229379889E+04
 0.11117229384707E+04
 0.11117229387131E+04
 0.11117241067898E+04
 0.11117241063443E+04
 0.11117241065946E+04
 0.11117241067333E+04
 0.11117241068643E+04
 0.11117241067919E+04
 0.11117241071552E+04
 0.11117241073943E+04
 0.11117241072178E+04
 0.11117241076092E+04
 0.11117241075699E+04
 0.11117241078369E+04
 0.11117241081471E+04
 0.11117241085165E+04
 0.11117241100287E+04
 0.11117230514653E+04
 0.11117230518664E+04
 0.11117230540073E+04
 0.11117230530003E+04
 0.11117230550548E+04
 0.11117230519329E+04
 0.11117233258666E+04
 0.11117233264748E+04
 0.11117233272010E+04
 0.11117233259569E+04
 0.11117233247517E+04
 0.11117224715998E+04
 0.11117224729970E+04
 0.11117224713808E+04
 0.11117224710045E+04
 0.11117224709778E+04
 0.11117224714082E+04
 0.11117219257011E+04
 0.11117219295838E+04
 0.11117152143691E+04
 0.11117152153350E+04
 0.11117152184656E+04
 0.11117152179413E+04
 0.11117152180208E+04
 0.11117152180640E+04
 0.11117152182886E+04
 0.11117152193654E+04
 0.11117189079259E+04
 0.11117189089223E+04
 0.11117201432272E+04
 0.11117201425129E+04
 0.11117201426835E+04
 0.11117201471883E+04
 0.11117201478959E+04
 0.11117201472272E+04
 0.11117201476050E+04
 0.11117201482788E+04
 0.11117201482644E+04
 0.11117201488852E+04
 0.11117201490366E+04
 0.11117149879700E+04
 0.11117149920057E+04
 0.11117149935129E+04
 0.11117149951438E+04
 0.11117149966872E+04
 0.11117149944770E+04
 0.11117149945515E+04
 0.11117149953361E+04
 0.11117149994762E+04
 0.11117149985609E+04
 0.11117149985235E+04
 0.11117149991852E+04
 0.11117183057152E+04
 0.11117183063420E+04
 0.11117183092682E+04
 0.11117144415369E+04
 0.11117144416524E+04
 0.11117144421707E+04
 0.11117144431984E+04
 0.11117220728244E+04
 0.11117220748531E+04
 0.11117220743719E+04
 0.11117220743150E+04
 0.11117220745226E+04
 0.11117220756334E+04
 0.11117168040954E+04
 0.11117168052865E+04
 0.11117168060411E+04
 0.11117168063344E+04
 0.11117168063824E+04
 0.11117190036861E+04
 0.11117190063360E+04
 0.11117190053289E+04
 0.11117190064790E+04
 0.11117190062498E+04
 0.11117190057841E+04
 0.11117190050259E+04
 0.11117220361632E+04
 0.11117220343656E+04
 0.11117220357687E+04
 0.11117220369729E+04
 0.11117220339928E+04
 0.11117220323101E+04
 0.11117220290742E+04
 0.11117220334668E+04
 0.11117259489132E+04
 0.11117259460313E+04
 0.11117224509373E+04
 0.11117224442138E+04
 0.11117224429385E+04
 0.11117248498905E+04
 0.11117248517337E+04
 0.11117232055952E+04
 0.11117232040925E+04
 0.11117232035474E+04
 0.11117231972704E+04
 0.11117231978834E+04
 0.11117254074352E+04
 0.11117254052161E+04
 0.11117242999313E+04
 0.11117242983027E+04
 0.11117242930132E+04
 0.11117228885359E+04
 0.11117228915396E+04
 0.11117228935282E+04
 0.11117228912697E+04
 0.11117228881669E+04
 0.11117228871826E+04
 0.11117228875455E+04
 0.11117228877355E+04
 0.11117228898117E+04
 0.11117228929367E+04
 0.11117228935694E+04
 0.11117228893695E+04
 0.11117204588864E+04
 0.11117234128367E+04
 0.11117234215768E+04
