 0.45111783044937E+14
 0.45111783032110E+14
 0.45111783054231E+14
 0.45111783054231E+14
 0.45111783054231E+14
 0.45111783054234E+14
 0.45111783054253E+14
 0.45111783054317E+14
 0.45111783054446E+14
 0.45111783054677E+14
 0.45111783055018E+14
 0.45111783055223E+14
 0.45111783056138E+14
 0.45111783056177E+14
 0.45111783057850E+14
 0.45111783057864E+14
 0.45111783060424E+14
 0.45111783060530E+14
 0.45111783061800E+14
 0.45111783062227E+14
 0.45111783062152E+14
 0.45111783062510E+14
 0.45111783062433E+14
 0.45111783062189E+14
 0.45111783061971E+14
 0.45111783061548E+14
 0.45111783061168E+14
 0.45111783060833E+14
 0.45111783060056E+14
 0.45111783059372E+14
 0.45111783058803E+14
 0.45111783057575E+14
 0.45111783056389E+14
 0.45111783055755E+14
 0.45111783054994E+14
 0.45111783053297E+14
 0.45111783052487E+14
 0.45111783051764E+14
 0.45111783048877E+14
 0.45111783047707E+14
 0.45111783046562E+14
 0.45111783043001E+14
 0.45111783041269E+14
 0.45111783040428E+14
 0.45111783039986E+14
 0.45111783039601E+14
 0.45111783028319E+14
 0.45111783025798E+14
 0.45111783024363E+14
 0.45111783024047E+14
 0.45111783023906E+14
 0.45111783023839E+14
 0.45111783023813E+14
 0.45111796747906E+14
 0.45111796747082E+14
 0.45111796746945E+14
 0.45111796747128E+14
 0.45111796747216E+14
 0.45111796747452E+14
 0.45111796745942E+14
 0.45111796745911E+14
 0.45111796745864E+14
 0.45111796746190E+14
 0.45111796746635E+14
 0.45111796746168E+14
 0.45111796746329E+14
 0.45111796746587E+14
 0.45111796747281E+14
 0.45111796747812E+14
 0.45111801731509E+14
 0.45111801730910E+14
 0.45111801731074E+14
 0.45111801731553E+14
 0.45111801732191E+14
 0.45111801732382E+14
 0.45111801733222E+14
 0.45111801734069E+14
 0.45111801734815E+14
 0.45111801736509E+14
 0.45111801737017E+14
 0.45111801737968E+14
 0.45111801739369E+14
 0.45111801741315E+14
 0.45111801748734E+14
 0.45111799393526E+14
 0.45111799395691E+14
 0.45111799405922E+14
 0.45111799401554E+14
 0.45111799413912E+14
 0.45111799400901E+14
 0.45111801259812E+14
 0.45111801262130E+14
 0.45111801265495E+14
 0.45111801265426E+14
 0.45111801259864E+14
 0.45111799429843E+14
 0.45111799436826E+14
 0.45111799427586E+14
 0.45111799425325E+14
 0.45111799423849E+14
 0.45111799422444E+14
 0.45111798604713E+14
 0.45111798622979E+14
 0.45111778396002E+14
 0.45111778376685E+14
 0.45111778375526E+14
 0.45111778361025E+14
 0.45111778353218E+14
 0.45111778348772E+14
 0.45111778345778E+14
 0.45111778345126E+14
 0.45111791087866E+14
 0.45111791091221E+14
 0.45111795858375E+14
 0.45111795853938E+14
 0.45111795853546E+14
 0.45111795842624E+14
 0.45111795842126E+14
 0.45111795832654E+14
 0.45111795829123E+14
 0.45111795828223E+14
 0.45111795829292E+14
 0.45111795830872E+14
 0.45111795830322E+14
 0.45111780520288E+14
 0.45111780508825E+14
 0.45111780509759E+14
 0.45111780513661E+14
 0.45111780521997E+14
 0.45111780505499E+14
 0.45111780504711E+14
 0.45111780507327E+14
 0.45111780506721E+14
 0.45111780496079E+14
 0.45111780492057E+14
 0.45111780492791E+14
 0.45111789856794E+14
 0.45111789858815E+14
 0.45111789855023E+14
 0.45111778664045E+14
 0.45111778660312E+14
 0.45111778659212E+14
 0.45111778663776E+14
 0.45111801900718E+14
 0.45111801898108E+14
 0.45111801888683E+14
 0.45111801884802E+14
 0.45111801884834E+14
 0.45111801889421E+14
 0.45111784271351E+14
 0.45111784277952E+14
 0.45111784263100E+14
 0.45111784259584E+14
 0.45111784259705E+14
 0.45111790077122E+14
 0.45111790093521E+14
 0.45111790088125E+14
 0.45111790075764E+14
 0.45111790074411E+14
 0.45111790074431E+14
 0.45111790076037E+14
 0.45111798188316E+14
 0.45111798193568E+14
 0.45111798192752E+14
 0.45111798203822E+14
 0.45111798196478E+14
 0.45111798198454E+14
 0.45111798219483E+14
 0.45111798199100E+14
 0.45111809284754E+14
 0.45111809286163E+14
 0.45111797109661E+14
 0.45111797154514E+14
 0.45111797138116E+14
 0.45111805858140E+14
 0.45111805849371E+14
 0.45111799815285E+14
 0.45111799815697E+14
 0.45111799820649E+14
 0.45111799843166E+14
 0.45111799844134E+14
 0.45111805782069E+14
 0.45111805798170E+14
 0.45111801039989E+14
 0.45111801042018E+14
 0.45111801079165E+14
 0.45111798184952E+14
 0.45111798165171E+14
 0.45111798160605E+14
 0.45111798164141E+14
 0.45111798185505E+14
 0.45111798199926E+14
 0.45111798180786E+14
 0.45111798172620E+14
 0.45111798157082E+14
 0.45111798155375E+14
 0.45111798156871E+14
 0.45111798164420E+14
 0.45111790361907E+14
 0.45111798533914E+14
 0.45111798515321E+14
