 0.23134101063755E+03
 0.23134100571571E+03
 0.23134100725715E+03
 0.23134100725715E+03
 0.23134100725715E+03
 0.23134100743806E+03
 0.23134100722928E+03
 0.23134100697993E+03
 0.23134100692708E+03
 0.23134100695434E+03
 0.23134100702689E+03
 0.23134100709546E+03
 0.23134100714409E+03
 0.23134100718387E+03
 0.23134100723819E+03
 0.23134100725764E+03
 0.23134100733740E+03
 0.23134100734639E+03
 0.23134100739721E+03
 0.23134100741397E+03
 0.23134100741623E+03
 0.23134100743836E+03
 0.23134100744156E+03
 0.23134100743777E+03
 0.23134100743455E+03
 0.23134100742422E+03
 0.23134100741470E+03
 0.23134100740750E+03
 0.23134100737176E+03
 0.23134100735049E+03
 0.23134100733496E+03
 0.23134100727614E+03
 0.23134100723248E+03
 0.23134100721024E+03
 0.23134100718682E+03
 0.23134100708533E+03
 0.23134100704941E+03
 0.23134100702227E+03
 0.23134100685247E+03
 0.23134100678560E+03
 0.23134100672152E+03
 0.23134100649182E+03
 0.23134100637622E+03
 0.23134100631991E+03
 0.23134100629425E+03
 0.23134100627503E+03
 0.23134100544237E+03
 0.23134100525514E+03
 0.23134100515288E+03
 0.23134100511999E+03
 0.23134100510374E+03
 0.23134100509505E+03
 0.23134100509039E+03
 0.23134182451871E+03
 0.23134182445945E+03
 0.23134182444006E+03
 0.23134182444407E+03
 0.23134182444665E+03
 0.23134182446114E+03
 0.23134182436579E+03
 0.23134182436140E+03
 0.23134182436031E+03
 0.23134182437654E+03
 0.23134182440536E+03
 0.23134182435400E+03
 0.23134182435226E+03
 0.23134182436063E+03
 0.23134182439796E+03
 0.23134182442982E+03
 0.23134210701839E+03
 0.23134210694752E+03
 0.23134210694315E+03
 0.23134210696838E+03
 0.23134210700909E+03
 0.23134210700032E+03
 0.23134210703988E+03
 0.23134210708741E+03
 0.23134210714150E+03
 0.23134210725497E+03
 0.23134210726651E+03
 0.23134210731893E+03
 0.23134210740709E+03
 0.23134210753858E+03
 0.23134210804801E+03
 0.23134196178825E+03
 0.23134196193109E+03
 0.23134196263973E+03
 0.23134196233351E+03
 0.23134196320385E+03
 0.23134196229473E+03
 0.23134207009066E+03
 0.23134207023607E+03
 0.23134207046277E+03
 0.23134207054888E+03
 0.23134207015866E+03
 0.23134195594667E+03
 0.23134195643836E+03
 0.23134195602670E+03
 0.23134195594316E+03
 0.23134195587790E+03
 0.23134195588612E+03
 0.23134190678560E+03
 0.23134190824148E+03
 0.23134069806300E+03
 0.23134069805650E+03
 0.23134069893650E+03
 0.23134069858626E+03
 0.23134069849803E+03
 0.23134069841893E+03
 0.23134069837243E+03
 0.23134069844253E+03
 0.23134146000623E+03
 0.23134146033023E+03
 0.23134173606947E+03
 0.23134173581318E+03
 0.23134173582177E+03
 0.23134173667500E+03
 0.23134173711880E+03
 0.23134173674301E+03
 0.23134173667796E+03
 0.23134173670925E+03
 0.23134173687390E+03
 0.23134173703925E+03
 0.23134173703824E+03
 0.23134082243904E+03
 0.23134082292839E+03
 0.23134082327201E+03
 0.23134082373507E+03
 0.23134082447084E+03
 0.23134082332954E+03
 0.23134082331484E+03
 0.23134082352300E+03
 0.23134082462672E+03
 0.23134082413158E+03
 0.23134082400571E+03
 0.23134082414564E+03
 0.23134138375722E+03
 0.23134138391309E+03
 0.23134138466481E+03
 0.23134071634914E+03
 0.23134071625555E+03
 0.23134071627295E+03
 0.23134071663377E+03
 0.23134210601103E+03
 0.23134210658114E+03
 0.23134210612978E+03
 0.23134210598011E+03
 0.23134210597563E+03
 0.23134210639670E+03
 0.23134106006522E+03
 0.23134106041319E+03
 0.23134106014765E+03
 0.23134105996229E+03
 0.23134105991082E+03
 0.23134141146881E+03
 0.23134141194770E+03
 0.23134141162451E+03
 0.23134141197244E+03
 0.23134141183435E+03
 0.23134141165693E+03
 0.23134141157373E+03
 0.23134189818057E+03
 0.23134189746128E+03
 0.23134189787607E+03
 0.23134189825434E+03
 0.23134189752299E+03
 0.23134189716694E+03
 0.23134189700235E+03
 0.23134189729541E+03
 0.23134256502532E+03
 0.23134256434289E+03
 0.23134184004167E+03
 0.23134183928895E+03
 0.23134183888850E+03
 0.23134235603118E+03
 0.23134235606611E+03
 0.23134200037738E+03
 0.23134200032526E+03
 0.23134199991747E+03
 0.23134199879777E+03
 0.23134199870884E+03
 0.23134236286549E+03
 0.23134236271521E+03
 0.23134209723392E+03
 0.23134209714866E+03
 0.23134209600897E+03
 0.23134190529397E+03
 0.23134190541261E+03
 0.23134190545877E+03
 0.23134190532868E+03
 0.23134190514038E+03
 0.23134190517155E+03
 0.23134190505224E+03
 0.23134190505590E+03
 0.23134190534723E+03
 0.23134190540616E+03
 0.23134190527577E+03
 0.23134190499170E+03
 0.23134143657033E+03
 0.23134194244925E+03
 0.23134194266781E+03
