 0.11129419291228E+04
 0.11129418989672E+04
 0.11129419051044E+04
 0.11129419051044E+04
 0.11129419051044E+04
 0.11129419049132E+04
 0.11129419041386E+04
 0.11129419039420E+04
 0.11129419040382E+04
 0.11129419042268E+04
 0.11129419046943E+04
 0.11129419050577E+04
 0.11129419063217E+04
 0.11129419065385E+04
 0.11129419093310E+04
 0.11129419095279E+04
 0.11129419144301E+04
 0.11129419147760E+04
 0.11129419176310E+04
 0.11129419186985E+04
 0.11129419187593E+04
 0.11129419200076E+04
 0.11129419202178E+04
 0.11129419199345E+04
 0.11129419199279E+04
 0.11129419194793E+04
 0.11129419189150E+04
 0.11129419183602E+04
 0.11129419174988E+04
 0.11129419164142E+04
 0.11129419154291E+04
 0.11129419139375E+04
 0.11129419120484E+04
 0.11129419109659E+04
 0.11129419095187E+04
 0.11129419080881E+04
 0.11129419068706E+04
 0.11129419055544E+04
 0.11129419034557E+04
 0.11129419023496E+04
 0.11129419012247E+04
 0.11129418995274E+04
 0.11129418987276E+04
 0.11129418982783E+04
 0.11129418978030E+04
 0.11129418972481E+04
 0.11129418956533E+04
 0.11129418951965E+04
 0.11129418946712E+04
 0.11129418948636E+04
 0.11129418950052E+04
 0.11129418950459E+04
 0.11129418950977E+04
 0.11129460173426E+04
 0.11129460171186E+04
 0.11129460173624E+04
 0.11129460177218E+04
 0.11129460178414E+04
 0.11129460179730E+04
 0.11129460178266E+04
 0.11129460179525E+04
 0.11129460178053E+04
 0.11129460180906E+04
 0.11129460182812E+04
 0.11129460183167E+04
 0.11129460185562E+04
 0.11129460187523E+04
 0.11129460192345E+04
 0.11129460194769E+04
 0.11129471801437E+04
 0.11129471797003E+04
 0.11129471799515E+04
 0.11129471800904E+04
 0.11129471802213E+04
 0.11129471801506E+04
 0.11129471805146E+04
 0.11129471807540E+04
 0.11129471805771E+04
 0.11129471809679E+04
 0.11129471809305E+04
 0.11129471811979E+04
 0.11129471815080E+04
 0.11129471818766E+04
 0.11129471833856E+04
 0.11129461287350E+04
 0.11129461291353E+04
 0.11129461312712E+04
 0.11129461302661E+04
 0.11129461323159E+04
 0.11129461292003E+04
 0.11129464003130E+04
 0.11129464009205E+04
 0.11129464016451E+04
 0.11129464004007E+04
 0.11129463991991E+04
 0.11129455490994E+04
 0.11129455504926E+04
 0.11129455488818E+04
 0.11129455485068E+04
 0.11129455484814E+04
 0.11129455489124E+04
 0.11129450045238E+04
 0.11129450083948E+04
 0.11129383250302E+04
 0.11129383259893E+04
 0.11129383291080E+04
 0.11129383285827E+04
 0.11129383286601E+04
 0.11129383287027E+04
 0.11129383289269E+04
 0.11129383300031E+04
 0.11129419986117E+04
 0.11129419996048E+04
 0.11129432266854E+04
 0.11129432259716E+04
 0.11129432261419E+04
 0.11129432306278E+04
 0.11129432313261E+04
 0.11129432306576E+04
 0.11129432310345E+04
 0.11129432317075E+04
 0.11129432316901E+04
 0.11129432323084E+04
 0.11129432324586E+04
 0.11129380954154E+04
 0.11129380994370E+04
 0.11129381009388E+04
 0.11129381025639E+04
 0.11129381040983E+04
 0.11129381018980E+04
 0.11129381019716E+04
 0.11129381027540E+04
 0.11129381068738E+04
 0.11129381059594E+04
 0.11129381059209E+04
 0.11129381065798E+04
 0.11129413984024E+04
 0.11129413990273E+04
 0.11129414019367E+04
 0.11129375517918E+04
 0.11129375519057E+04
 0.11129375524226E+04
 0.11129375534462E+04
 0.11129451465208E+04
 0.11129451485365E+04
 0.11129451480565E+04
 0.11129451479991E+04
 0.11129451482054E+04
 0.11129451493121E+04
 0.11129399052638E+04
 0.11129399064524E+04
 0.11129399072019E+04
 0.11129399074958E+04
 0.11129399075435E+04
 0.11129420955934E+04
 0.11129420982419E+04
 0.11129420972375E+04
 0.11129420983770E+04
 0.11129420981485E+04
 0.11129420976847E+04
 0.11129420969275E+04
 0.11129451151764E+04
 0.11129451133912E+04
 0.11129451147868E+04
 0.11129451159907E+04
 0.11129451130172E+04
 0.11129451113404E+04
 0.11129451081130E+04
 0.11129451124995E+04
 0.11129490103482E+04
 0.11129490074746E+04
 0.11129455314110E+04
 0.11129455247107E+04
 0.11129455234359E+04
 0.11129479168421E+04
 0.11129479186837E+04
 0.11129462818641E+04
 0.11129462803608E+04
 0.11129462798252E+04
 0.11129462735708E+04
 0.11129462741880E+04
 0.11129484741111E+04
 0.11129484719000E+04
 0.11129473735178E+04
 0.11129473718896E+04
 0.11129473666302E+04
 0.11129459672623E+04
 0.11129459702604E+04
 0.11129459722494E+04
 0.11129459699933E+04
 0.11129459669000E+04
 0.11129459659198E+04
 0.11129459662787E+04
 0.11129459664661E+04
 0.11129459685320E+04
 0.11129459716592E+04
 0.11129459722979E+04
 0.11129459681037E+04
 0.11129435499073E+04
 0.11129464904552E+04
 0.11129464991966E+04
