-0.24333993753919E+13
-0.23171309869423E+13
-0.23235614819469E+13
-0.23380773153488E+13
-0.23590166076295E+13
-0.23862335895711E+13
-0.24194030469128E+13
-0.24584755161790E+13
-0.25034158351388E+13
-0.25541875750510E+13
-0.26107579850670E+13
-0.26730884740722E+13
-0.27411406539199E+13
-0.28148675668296E+13
-0.28942283729661E+13
-0.29791699958297E+13
-0.30696472870686E+13
-0.31655974998315E+13
-0.32669789768665E+13
-0.33737279304328E+13
-0.34857881605460E+13
-0.36030973343206E+13
-0.37255984182617E+13
-0.38532286847339E+13
-0.39858276595324E+13
-0.41235129049947E+13
-0.42660957214570E+13
-0.44135572795816E+13
-0.45657917369683E+13
-0.47228132471559E+13
-0.48844199919176E+13
-0.50506364620532E+13
-0.52213903945719E+13
-0.53965717135430E+13
-0.55762014718323E+13
-0.57600848388212E+13
-0.59483820186594E+13
-0.61408680709792E+13
-0.63373572439591E+13
-0.65380238767761E+13
-0.67427366068166E+13
-0.69514077194335E+13
-0.71640079033625E+13
-0.73805693405003E+13
-0.76008856994916E+13
-0.78248054114993E+13
-0.80525979809312E+13
-0.82839462989115E+13
-0.85190132661701E+13
-0.87574382485593E+13
-0.89995557796066E+13
-0.92451364263418E+13
-0.94944814438657E+13
-0.97467333406114E+13
-0.10002444957389E+14
-0.10261297932713E+14
-0.10523662489043E+14
-0.10789248328687E+14
-0.11058577389005E+14
-0.11330549932989E+14
-0.11605468946864E+14
-0.11883566580795E+14
-0.12164410836457E+14
-0.12448698932173E+14
-0.12736403759299E+14
-0.13027002691977E+14
-0.13319975183191E+14
-0.13615434236360E+14
-0.13914493681550E+14
-0.14216335999363E+14
-0.14521030808830E+14
-0.14829196342892E+14
-0.15140097373786E+14
-0.15452516009125E+14
-0.15767527917549E+14
-0.16086048968811E+14
-0.16407210218064E+14
-0.16732067083437E+14
-0.17059300543710E+14
-0.17387284168081E+14
-0.17718184635835E+14
-0.18052492404163E+14
-0.18389297700453E+14
-0.18730420121766E+14
-0.19072893504276E+14
-0.19416135453019E+14
-0.19761724553629E+14
-0.20111061539181E+14
-0.20462789023408E+14
-0.20818825069500E+14
-0.21176189336632E+14
-0.21534350504203E+14
-0.21893985378359E+14
-0.22257748836290E+14
-0.22623945097485E+14
-0.22992318109686E+14
-0.23365125819967E+14
-0.23738622631622E+14
-0.24115029064872E+14
-0.24493442341185E+14
-0.24871158639923E+14
-0.25251202433879E+14
-0.25635659016120E+14
-0.26022285745443E+14
-0.26411063241419E+14
-0.26804590497958E+14
-0.27198960290090E+14
-0.27595408678780E+14
-0.27994224374544E+14
-0.28391151605095E+14
-0.28790198822911E+14
-0.29194303470323E+14
-0.29600527758407E+14
-0.30008739124737E+14
-0.30424380707994E+14
-0.30836443163465E+14
-0.31251387438658E+14
-0.31666863167097E+14
-0.32081898349195E+14
-0.32502822352460E+14
-0.32925680862802E+14
-0.33354569327555E+14
-0.33784869204492E+14
-0.34210404759489E+14
-0.34637581594526E+14
-0.35070585430826E+14
-0.35505777893456E+14
-0.35942925286510E+14
-0.36381664840483E+14
-0.36829387321850E+14
-0.37276171313668E+14
-0.37710623136632E+14
-0.38157520865049E+14
-0.38606421558807E+14
-0.39057266908483E+14
-0.39509549982512E+14
-0.39976296189579E+14
-0.40425159469317E+14
-0.40879196106515E+14
-0.41339525404715E+14
-0.41801769616152E+14
-0.42265722003209E+14
-0.42737996628031E+14
-0.43213588646598E+14
-0.43674977806850E+14
-0.44140297231503E+14
-0.44613647530030E+14
-0.45088684915265E+14
-0.45572100610737E+14
-0.46056331272488E+14
-0.46531349139975E+14
-0.47014340973523E+14
-0.47490775935638E+14
-0.47976627701898E+14
-0.48463619694809E+14
-0.48965850502390E+14
-0.49457097472633E+14
-0.49947942198867E+14
-0.50431217784508E+14
-0.50927463572119E+14
-0.51425118390165E+14
-0.51934253033059E+14
-0.52445103848181E+14
-0.52949749838883E+14
-0.53442753829759E+14
-0.53939145998016E+14
-0.54447012935903E+14
-0.54955627195079E+14
-0.55483807265106E+14
-0.55997517160437E+14
-0.56512532973528E+14
-0.57026113563955E+14
-0.57527182933060E+14
-0.58046036764414E+14
-0.58566197074063E+14
-0.59087767312054E+14
-0.59632564583588E+14
-0.60165261842559E+14
-0.60673606184945E+14
-0.61192248321031E+14
-0.61721477227888E+14
-0.62252824830032E+14
-0.62784903970395E+14
-0.63345869292620E+14
-0.63868231412878E+14
-0.64392842532444E+14
-0.64931568114101E+14
-0.65471603028852E+14
-0.66013058725976E+14
-0.66555038461741E+14
-0.67122867261848E+14
-0.67681350475005E+14
-0.68217300207097E+14
-0.68742761295631E+14
-0.69292960653252E+14
-0.69844458330320E+14
-0.70396269810531E+14
-0.70975319875052E+14
-0.71547911281687E+14
-0.72064760887075E+14
-0.72623370529805E+14
