 0.27032508282607E+08
 0.27032508429542E+08
 0.27032508118935E+08
 0.27032508118935E+08
 0.27032508118935E+08
 0.27032508071291E+08
 0.27032508089439E+08
 0.27032508147148E+08
 0.27032508170437E+08
 0.27032508173514E+08
 0.27032508167268E+08
 0.27032508157357E+08
 0.27032508154420E+08
 0.27032508146148E+08
 0.27032508142999E+08
 0.27032508137621E+08
 0.27032508130169E+08
 0.27032508127041E+08
 0.27032508118468E+08
 0.27032508114257E+08
 0.27032508111728E+08
 0.27032508105130E+08
 0.27032508101438E+08
 0.27032508099984E+08
 0.27032508098636E+08
 0.27032508097253E+08
 0.27032508096702E+08
 0.27032508096665E+08
 0.27032508102091E+08
 0.27032508103053E+08
 0.27032508103671E+08
 0.27032508114555E+08
 0.27032508119349E+08
 0.27032508121446E+08
 0.27032508123602E+08
 0.27032508146358E+08
 0.27032508151851E+08
 0.27032508155212E+08
 0.27032508192511E+08
 0.27032508205968E+08
 0.27032508218178E+08
 0.27032508267024E+08
 0.27032508291059E+08
 0.27032508302047E+08
 0.27032508306400E+08
 0.27032508309166E+08
 0.27032508468209E+08
 0.27032508502241E+08
 0.27032508519373E+08
 0.27032508524969E+08
 0.27032508527256E+08
 0.27032508527966E+08
 0.27032508528204E+08
 0.27032447514546E+08
 0.27032447521080E+08
 0.27032447522112E+08
 0.27032447519918E+08
 0.27032447518232E+08
 0.27032447513906E+08
 0.27032447517283E+08
 0.27032447513262E+08
 0.27032447509798E+08
 0.27032447505096E+08
 0.27032447497192E+08
 0.27032447491218E+08
 0.27032447486273E+08
 0.27032447481103E+08
 0.27032447471489E+08
 0.27032447463376E+08
 0.27032423439264E+08
 0.27032423431526E+08
 0.27032423427837E+08
 0.27032423419353E+08
 0.27032423409016E+08
 0.27032423393046E+08
 0.27032423376521E+08
 0.27032423361480E+08
 0.27032423347165E+08
 0.27032423321938E+08
 0.27032423299409E+08
 0.27032423281985E+08
 0.27032423259729E+08
 0.27032423231292E+08
 0.27032423121132E+08
 0.27032433271604E+08
 0.27032433239336E+08
 0.27032433092791E+08
 0.27032433159043E+08
 0.27032432961588E+08
 0.27032433148083E+08
 0.27032423871023E+08
 0.27032423839730E+08
 0.27032423795218E+08
 0.27032423768905E+08
 0.27032423843691E+08
 0.27032431258620E+08
 0.27032431163807E+08
 0.27032431246261E+08
 0.27032431262807E+08
 0.27032431276176E+08
 0.27032431282655E+08
 0.27032434373117E+08
 0.27032434093928E+08
 0.27032524722762E+08
 0.27032524904784E+08
 0.27032524857462E+08
 0.27032525020477E+08
 0.27032525101400E+08
 0.27032525149828E+08
 0.27032525183956E+08
 0.27032525188167E+08
 0.27032465711816E+08
 0.27032465661744E+08
 0.27032445414560E+08
 0.27032445484275E+08
 0.27032445489322E+08
 0.27032445572186E+08
 0.27032445565435E+08
 0.27032445690986E+08
 0.27032445737091E+08
 0.27032445749383E+08
 0.27032445733017E+08
 0.27032445716892E+08
 0.27032445731649E+08
 0.27032513740060E+08
 0.27032513859199E+08
 0.27032513840488E+08
 0.27032513783942E+08
 0.27032513669635E+08
 0.27032513903445E+08
 0.27032513918971E+08
 0.27032513887097E+08
 0.27032513865310E+08
 0.27032514015732E+08
 0.27032514073612E+08
 0.27032514069934E+08
 0.27032473295049E+08
 0.27032473272220E+08
 0.27032473304365E+08
 0.27032521652249E+08
 0.27032521707339E+08
 0.27032521727786E+08
 0.27032521670052E+08
 0.27032417763165E+08
 0.27032417786957E+08
 0.27032417923695E+08
 0.27032417981179E+08
 0.27032417995533E+08
 0.27032417925755E+08
 0.27032497352245E+08
 0.27032497272830E+08
 0.27032497467566E+08
 0.27032497525148E+08
 0.27032497540245E+08
 0.27032472472551E+08
 0.27032472312880E+08
 0.27032472381664E+08
 0.27032472484496E+08
 0.27032472514423E+08
 0.27032472532717E+08
 0.27032472526009E+08
 0.27032437382199E+08
 0.27032437382702E+08
 0.27032437380439E+08
 0.27032437250983E+08
 0.27032437366207E+08
 0.27032437365134E+08
 0.27032437173179E+08
 0.27032437329222E+08
 0.27032387877235E+08
 0.27032387919556E+08
 0.27032443476623E+08
 0.27032443104757E+08
 0.27032443274954E+08
 0.27032403456401E+08
 0.27032403536124E+08
 0.27032431124990E+08
 0.27032431124910E+08
 0.27032431097665E+08
 0.27032430948053E+08
 0.27032430933771E+08
 0.27032405300424E+08
 0.27032405148385E+08
 0.27032428111285E+08
 0.27032428098649E+08
 0.27032427811849E+08
 0.27032438481831E+08
 0.27032438654601E+08
 0.27032438689688E+08
 0.27032438654870E+08
 0.27032438458360E+08
 0.27032438320275E+08
 0.27032438497725E+08
 0.27032438569391E+08
 0.27032438711574E+08
 0.27032438722639E+08
 0.27032438698574E+08
 0.27032438625554E+08
 0.27032474779042E+08
 0.27032439732337E+08
 0.27032439880556E+08
