 0.11680100858928E+07
 0.11680101058374E+07
 0.11680100951001E+07
 0.11680100951001E+07
 0.11680100951001E+07
 0.11680100952696E+07
 0.11680100955715E+07
 0.11680100959596E+07
 0.11680100962305E+07
 0.11680100962426E+07
 0.11680100957241E+07
 0.11680100952256E+07
 0.11680100929367E+07
 0.11680100925258E+07
 0.11680100870771E+07
 0.11680100866276E+07
 0.11680100768217E+07
 0.11680100760513E+07
 0.11680100702014E+07
 0.11680100679481E+07
 0.11680100677339E+07
 0.11680100650523E+07
 0.11680100644838E+07
 0.11680100649775E+07
 0.11680100649004E+07
 0.11680100656779E+07
 0.11680100667425E+07
 0.11680100678326E+07
 0.11680100695143E+07
 0.11680100716175E+07
 0.11680100735553E+07
 0.11680100765623E+07
 0.11680100802936E+07
 0.11680100824320E+07
 0.11680100853261E+07
 0.11680100882873E+07
 0.11680100907174E+07
 0.11680100933512E+07
 0.11680100976533E+07
 0.11680100998812E+07
 0.11680101021229E+07
 0.11680101054765E+07
 0.11680101070264E+07
 0.11680101078756E+07
 0.11680101088023E+07
 0.11680101098924E+07
 0.11680101117036E+07
 0.11680101122425E+07
 0.11680101130527E+07
 0.11680101125585E+07
 0.11680101121959E+07
 0.11680101120535E+07
 0.11680101119079E+07
 0.11680070976001E+07
 0.11680070977541E+07
 0.11680070970913E+07
 0.11680070962825E+07
 0.11680070959846E+07
 0.11680070956679E+07
 0.11680070951583E+07
 0.11680070946759E+07
 0.11680070948243E+07
 0.11680070941861E+07
 0.11680070937356E+07
 0.11680070928844E+07
 0.11680070921505E+07
 0.11680070915999E+07
 0.11680070905494E+07
 0.11680070900117E+07
 0.11680064692964E+07
 0.11680064691770E+07
 0.11680064684463E+07
 0.11680064680430E+07
 0.11680064677327E+07
 0.11680064671025E+07
 0.11680064660238E+07
 0.11680064653513E+07
 0.11680064656505E+07
 0.11680064648859E+07
 0.11680064641075E+07
 0.11680064633227E+07
 0.11680064626004E+07
 0.11680064619258E+07
 0.11680064591428E+07
 0.11680076344927E+07
 0.11680076337004E+07
 0.11680076300410E+07
 0.11680076319212E+07
 0.11680076278756E+07
 0.11680076332931E+07
 0.11680077518897E+07
 0.11680077507308E+07
 0.11680077495759E+07
 0.11680077519203E+07
 0.11680077537334E+07
 0.11680087051553E+07
 0.11680087030993E+07
 0.11680087058861E+07
 0.11680087065445E+07
 0.11680087065166E+07
 0.11680087059748E+07
 0.11680094863502E+07
 0.11680094808632E+07
 0.11680152048036E+07
 0.11680152105895E+07
 0.11680152108849E+07
 0.11680152154944E+07
 0.11680152179374E+07
 0.11680152191418E+07
 0.11680152196764E+07
 0.11680152183071E+07
 0.11680126382589E+07
 0.11680126372826E+07
 0.11680119711907E+07
 0.11680119731132E+07
 0.11680119730607E+07
 0.11680119758409E+07
 0.11680119785648E+07
 0.11680119815982E+07
 0.11680119821423E+07
 0.11680119815768E+07
 0.11680119825688E+07
 0.11680119822441E+07
 0.11680119825560E+07
 0.11680164681452E+07
 0.11680164697930E+07
 0.11680164693021E+07
 0.11680164681236E+07
 0.11680164673937E+07
 0.11680164705899E+07
 0.11680164709577E+07
 0.11680164700404E+07
 0.11680164715966E+07
 0.11680164750156E+07
 0.11680164763262E+07
 0.11680164761972E+07
 0.11680134557892E+07
 0.11680134550651E+07
 0.11680134579380E+07
 0.11680168797935E+07
 0.11680168809897E+07
 0.11680168809639E+07
 0.11680168799643E+07
 0.11680104823433E+07
 0.11680104848973E+07
 0.11680104872554E+07
 0.11680104883481E+07
 0.11680104884903E+07
 0.11680104874040E+07
 0.11680143607354E+07
 0.11680143583229E+07
 0.11680143624823E+07
 0.11680143624818E+07
 0.11680143625143E+07
 0.11680122366959E+07
 0.11680122290735E+07
 0.11680122308903E+07
 0.11680122364548E+07
 0.11680122368331E+07
 0.11680122368057E+07
 0.11680122372651E+07
 0.11680092972203E+07
 0.11680092937259E+07
 0.11680092948872E+07
 0.11680092905865E+07
 0.11680092944214E+07
 0.11680092942993E+07
 0.11680092911175E+07
 0.11680092916118E+07
 0.11680057160447E+07
 0.11680057170139E+07
 0.11680080998219E+07
 0.11680080902173E+07
 0.11680080962033E+07
 0.11680065740408E+07
 0.11680065739726E+07
 0.11680076099928E+07
 0.11680076126185E+07
 0.11680076084478E+07
 0.11680076038046E+07
 0.11680076009943E+07
 0.11680055530525E+07
 0.11680055496067E+07
 0.11680061664818E+07
 0.11680061684925E+07
 0.11680061556313E+07
 0.11680076280761E+07
 0.11680076304463E+07
 0.11680076282536E+07
 0.11680076301711E+07
 0.11680076262716E+07
 0.11680076226774E+07
 0.11680076283865E+07
 0.11680076311266E+07
 0.11680076358756E+07
 0.11680076303848E+07
 0.11680076266879E+07
 0.11680076294679E+07
 0.11680095372765E+07
 0.11680069591353E+07
 0.11680069493987E+07
