 0.23420911580488E-01
 0.23420911580488E-01
 0.23420911580489E-01
 0.23420911581208E-01
 0.23420913355321E-01
 0.23420928336888E-01
 0.23420996295442E-01
 0.23421188004976E-01
 0.23421585023107E-01
 0.23422251100246E-01
 0.23423218159630E-01
 0.23424467462148E-01
 0.23425956465607E-01
 0.23427621241083E-01
 0.23429391143564E-01
 0.23431194394834E-01
 0.23432970018047E-01
 0.23434662338257E-01
 0.23436224670073E-01
 0.23437625653115E-01
 0.23438436973665E-01
 0.23439316184218E-01
 0.23439946911314E-01
 0.23440318333986E-01
 0.23440414781155E-01
 0.23440229817322E-01
 0.23439748878250E-01
 0.23438948795010E-01
 0.23437840231889E-01
 0.23436411448242E-01
 0.23434660245097E-01
 0.23432540939224E-01
 0.23430089211514E-01
 0.23427251387753E-01
 0.23424014467372E-01
 0.23420414118511E-01
 0.23416414602209E-01
 0.23412030119648E-01
 0.23407137274885E-01
 0.23401873784660E-01
 0.23396170210773E-01
 0.23389942906420E-01
 0.23383304521772E-01
 0.23376214557845E-01
 0.23368576151901E-01
 0.23360479602991E-01
 0.23351854096333E-01
 0.23342691750362E-01
 0.23333167274333E-01
 0.23322972569687E-01
 0.23312304005570E-01
 0.23301153609167E-01
 0.23289425281932E-01
 0.23277278843365E-01
 0.23264465608967E-01
 0.23251266603670E-01
 0.23237459993100E-01
 0.23223142440922E-01
 0.23208261775766E-01
 0.23193007092133E-01
 0.23177030179333E-01
 0.23160498319881E-01
 0.23143576067056E-01
 0.23126208241001E-01
 0.23108098022759E-01
 0.23089922635119E-01
 0.23070677778599E-01
 0.23051239031423E-01
 0.23031232400064E-01
 0.23010622698777E-01
 0.22989141332545E-01
 0.22967910736520E-01
 0.22945448996009E-01
 0.22922562775957E-01
 0.22899216184848E-01
 0.22875076009975E-01
 0.22850980214228E-01
 0.22825814614092E-01
 0.22800001226461E-01
 0.22773729499910E-01
 0.22746521332444E-01
 0.22719271093628E-01
 0.22690765127312E-01
 0.22661664488497E-01
 0.22632078261947E-01
 0.22601050841439E-01
 0.22569927782087E-01
 0.22537899192272E-01
 0.22504719255548E-01
 0.22471280915784E-01
 0.22436695544218E-01
 0.22401107733655E-01
 0.22364420314839E-01
 0.22327017267103E-01
 0.22288298488126E-01
 0.22248244508219E-01
 0.22208223822062E-01
 0.22165540440892E-01
 0.22122495586409E-01
 0.22077620024805E-01
 0.22032680224632E-01
 0.21984843181518E-01
 0.21936056007255E-01
 0.21885765034046E-01
 0.21833838190108E-01
 0.21779948174445E-01
 0.21723425261405E-01
 0.21667332995357E-01
 0.21607594323095E-01
 0.21545716350336E-01
 0.21482822032946E-01
 0.21417550880009E-01
 0.21349049973589E-01
 0.21278227495146E-01
 0.21205297998237E-01
 0.21129134198999E-01
 0.21050503428772E-01
 0.20969616972708E-01
 0.20883402721439E-01
 0.20794191656992E-01
 0.20703517468274E-01
 0.20605579422361E-01
 0.20505627882317E-01
 0.20400720458243E-01
 0.20291819640964E-01
 0.20177918380972E-01
 0.20057427687452E-01
 0.19931486335260E-01
 0.19801511751907E-01
 0.19662915501898E-01
 0.19518973307257E-01
 0.19367596908042E-01
 0.19204967575774E-01
 0.19035791775740E-01
 0.18859127367506E-01
 0.18670162561969E-01
 0.18467972570013E-01
 0.18259741214657E-01
 0.18035099519234E-01
 0.17797495598921E-01
 0.17545512718224E-01
 0.17276730400504E-01
 0.16986089769064E-01
 0.16679971443763E-01
 0.16351218451905E-01
 0.16003649105127E-01
 0.15630104006934E-01
 0.15237059487565E-01
 0.14812785759462E-01
 0.14363237886098E-01
 0.13888839974032E-01
 0.13387466095271E-01
 0.12864311229311E-01
 0.12316912426383E-01
 0.11756972480350E-01
 0.11179940640251E-01
 0.10594665481804E-01
 0.10008877803265E-01
 0.94299211783321E-02
 0.88650194928482E-02
 0.83216878148782E-02
 0.77951492338956E-02
 0.73020397347137E-02
 0.68377071185646E-02
 0.64012881052936E-02
 0.59958184437971E-02
 0.56211677993411E-02
 0.52708358572353E-02
 0.49488502410937E-02
 0.46502410344461E-02
 0.43713472226252E-02
 0.41122997769359E-02
 0.38729701588979E-02
 0.36482940723296E-02
 0.34390997716280E-02
 0.32421751183664E-02
 0.30592098714209E-02
 0.28857727871102E-02
 0.27218960732241E-02
 0.25688082616047E-02
 0.24231790235760E-02
 0.22841411338713E-02
 0.21533733108748E-02
 0.20279477466782E-02
 0.19101203969325E-02
 0.17960026537630E-02
 0.16871432524856E-02
 0.15834284508837E-02
 0.14844767380442E-02
 0.13903124384406E-02
 0.12997430420785E-02
 0.12136063442176E-02
 0.11318050592654E-02
 0.10545767799621E-02
 0.98098564085019E-03
 0.91185566930401E-03
 0.84747002472479E-03
 0.78772444617525E-03
 0.73230994533485E-03
 0.68172762302313E-03
 0.63558643426581E-03
 0.59423982282160E-03
 0.55646562985211E-03
 0.52243438000713E-03
 0.49150909507977E-03
 0.46341040714406E-03
 0.43776036192468E-03
 0.41402995850802E-03
 0.39208568967067E-03
 0.37158315440563E-03
 0.35234739781630E-03
 0.33440075837201E-03
 0.31747483586338E-03
 0.30140304431323E-03
 0.28619628705569E-03
 0.27182766049346E-03
 0.25820885290522E-03
 0.24523900091080E-03
 0.23294185778445E-03
 0.22125250998776E-03
 0.21023200654749E-03
 0.19965059330243E-03
 0.18967915978988E-03
 0.18012673041811E-03
 0.17110035996946E-03
 0.16257439155915E-03
 0.15442540357561E-03
 0.14667686884244E-03
 0.13935971554464E-03
 0.13240432673752E-03
 0.12580136408831E-03
 0.11954798649283E-03
 0.11357513067357E-03
 0.10796126960326E-03
 0.10258562595334E-03
 0.97520162856177E-04
 0.92711515885561E-04
 0.88146954001823E-04
 0.83809892745910E-04
 0.79722912154115E-04
 0.75826466669422E-04
 0.72129765672651E-04
 0.68632452963960E-04
 0.65299095440410E-04
 0.62150396835263E-04
 0.59157892363120E-04
 0.56318061967082E-04
 0.53634602019329E-04
 0.51078394127981E-04
 0.48659941698130E-04
