 0.95190412367750E+00
 0.95190412367749E+00
 0.95190412367729E+00
 0.95190412361366E+00
 0.95190419222589E+00
 0.95190476990800E+00
 0.95190739554950E+00
 0.95191482162845E+00
 0.95193024281770E+00
 0.95195619126948E+00
 0.95199401312166E+00
 0.95204311709494E+00
 0.95210206338069E+00
 0.95216863092234E+00
 0.95224037717281E+00
 0.95231497067007E+00
 0.95239039053180E+00
 0.95246499417965E+00
 0.95253752041802E+00
 0.95260705789039E+00
 0.95270038940960E+00
 0.95276937211738E+00
 0.95283443868195E+00
 0.95289545943726E+00
 0.95295239380627E+00
 0.95300527898487E+00
 0.95305419244470E+00
 0.95309923434644E+00
 0.95314056292187E+00
 0.95317832502087E+00
 0.95321268542822E+00
 0.95324377133042E+00
 0.95327178742803E+00
 0.95329685024944E+00
 0.95331900509770E+00
 0.95333876424348E+00
 0.95335584534038E+00
 0.95337075186127E+00
 0.95338327092743E+00
 0.95339373599315E+00
 0.95340220580463E+00
 0.95340871931983E+00
 0.95341348132127E+00
 0.95341655177119E+00
 0.95341793674816E+00
 0.95341779430833E+00
 0.95341613876222E+00
 0.95341302779201E+00
 0.95340867339667E+00
 0.95340286235590E+00
 0.95339580874490E+00
 0.95338754654665E+00
 0.95337802896662E+00
 0.95336741937618E+00
 0.95335553728568E+00
 0.95334263406528E+00
 0.95332854248255E+00
 0.95331335416057E+00
 0.95329703504724E+00
 0.95327974957006E+00
 0.95326120804928E+00
 0.95324155299348E+00
 0.95322091143730E+00
 0.95319923887471E+00
 0.95317628129829E+00
 0.95315258782200E+00
 0.95312732416325E+00
 0.95310120067992E+00
 0.95307389026820E+00
 0.95304535783167E+00
 0.95301536824736E+00
 0.95298482087722E+00
 0.95295248965684E+00
 0.95291901457237E+00
 0.95288435150628E+00
 0.95284820525442E+00
 0.95281125029418E+00
 0.95277254517142E+00
 0.95273241929809E+00
 0.95269100410541E+00
 0.95264788906366E+00
 0.95260378260176E+00
 0.95255765961249E+00
 0.95251004470595E+00
 0.95246099713866E+00
 0.95240970303489E+00
 0.95235724874132E+00
 0.95230293439804E+00
 0.95224650272848E+00
 0.95218870782478E+00
 0.95212874202569E+00
 0.95206667679896E+00
 0.95200241885375E+00
 0.95193624604651E+00
 0.95186759892200E+00
 0.95179640967382E+00
 0.95172381995405E+00
 0.95164741746662E+00
 0.95156916523436E+00
 0.95148771058105E+00
 0.95140456158594E+00
 0.95131710390886E+00
 0.95122702715281E+00
 0.95113371959209E+00
 0.95103699091337E+00
 0.95093642524779E+00
 0.95083130245853E+00
 0.95072440746153E+00
 0.95061168262570E+00
 0.95049450227609E+00
 0.95037376912297E+00
 0.95024804523980E+00
 0.95011622495347E+00
 0.94997907696603E+00
 0.94983657432254E+00
 0.94968734710284E+00
 0.94953192011916E+00
 0.94937031163649E+00
 0.94919879779618E+00
 0.94901958624160E+00
 0.94883405462471E+00
 0.94863519553924E+00
 0.94842849605027E+00
 0.94821004719830E+00
 0.94798040328895E+00
 0.94773771660736E+00
 0.94747917037562E+00
 0.94720536389394E+00
 0.94691727297578E+00
 0.94660772786845E+00
 0.94627995192434E+00
 0.94592973371326E+00
 0.94554980210254E+00
 0.94514530499021E+00
 0.94471311054585E+00
 0.94424321579484E+00
 0.94373098788022E+00
 0.94318608319752E+00
 0.94258682924470E+00
 0.94193527989284E+00
 0.94120637683823E+00
 0.94044873896350E+00
 0.93957678295724E+00
 0.93862968849349E+00
 0.93757821185193E+00
 0.93642233290321E+00
 0.93513258048364E+00
 0.93371314549791E+00
 0.93211353677674E+00
 0.93032833225360E+00
 0.92833058466963E+00
 0.92607477602724E+00
 0.92353080979991E+00
 0.92062518028259E+00
 0.91733601388462E+00
 0.91355432953711E+00
 0.90923058227242E+00
 0.90431738122577E+00
 0.89877901892662E+00
 0.89259982567665E+00
 0.88579597355255E+00
 0.87825732800595E+00
 0.87016431286027E+00
 0.86145440187108E+00
 0.85211004088838E+00
 0.84220667790979E+00
 0.83179093976140E+00
 0.82074552373361E+00
 0.80924456599062E+00
 0.79721509887070E+00
 0.78458926580367E+00
 0.77144366481074E+00
 0.75787631265309E+00
 0.74372134904007E+00
 0.72911321422002E+00
 0.71394023893054E+00
 0.69842680438303E+00
 0.68233073231606E+00
 0.66572977716386E+00
 0.64885112393056E+00
 0.63146308223815E+00
 0.61354051732233E+00
 0.59538324069130E+00
 0.57670981356414E+00
 0.55793679293555E+00
 0.53857443896781E+00
 0.51893686050951E+00
 0.49910467200951E+00
 0.47911090484403E+00
 0.45906606738059E+00
 0.43882147093587E+00
 0.41865184640277E+00
 0.39864792783469E+00
 0.37898437830697E+00
 0.35954201780112E+00
 0.34064203044668E+00
 0.32248522948933E+00
 0.30516736387958E+00
 0.28871308544188E+00
 0.27337373971341E+00
 0.25912782105528E+00
 0.24616206845322E+00
 0.23415933545397E+00
 0.22321208254747E+00
 0.21314614443538E+00
 0.20388865201375E+00
 0.19532825856717E+00
 0.18729898066785E+00
 0.17976208066337E+00
 0.17260813975086E+00
 0.16578389653667E+00
 0.15930528983636E+00
 0.15308776184381E+00
 0.14707997246846E+00
 0.14129457868498E+00
 0.13573113352273E+00
 0.13036670049470E+00
 0.12517153692829E+00
 0.12016340980852E+00
 0.11532549934629E+00
 0.11069103286315E+00
 0.10617429076316E+00
 0.10185269482145E+00
 0.97653465769904E-01
 0.93628162556625E-01
 0.89772847688520E-01
 0.86039452226433E-01
 0.82443186833194E-01
 0.79003253513969E-01
 0.75693158578938E-01
 0.72512958805644E-01
 0.69465591560587E-01
 0.66522297996403E-01
 0.63724178614587E-01
 0.61016544570312E-01
 0.58437473370335E-01
 0.55964012450446E-01
 0.53592438243604E-01
 0.51316995992620E-01
 0.49151731596077E-01
 0.47068395140528E-01
 0.45073744618102E-01
 0.43169576136456E-01
 0.41339043876418E-01
 0.39594826628715E-01
 0.37923314693481E-01
 0.36324030750524E-01
 0.34800487742941E-01
 0.33337969748422E-01
 0.31943420460074E-01
