 0.61504621338975E+01
 0.61504621727041E+01
 0.61504623526701E+01
 0.61504628617175E+01
 0.61504639782296E+01
 0.61504660726748E+01
 0.61504696087758E+01
 0.61504751241380E+01
 0.61504831968568E+01
 0.61504944236075E+01
 0.61505094092144E+01
 0.61505287537488E+01
 0.61505530059908E+01
 0.61505829457889E+01
 0.61506194886125E+01
 0.61506632221357E+01
 0.61507156780062E+01
 0.61507780652970E+01
 0.61508514699178E+01
 0.61509385076444E+01
 0.61510389954313E+01
 0.61511567009762E+01
 0.61512922944366E+01
 0.61514482413319E+01
 0.61516256541138E+01
 0.61518265424410E+01
 0.61520513121853E+01
 0.61522982368682E+01
 0.61525702982643E+01
 0.61528660890495E+01
 0.61531851404288E+01
 0.61535204847557E+01
 0.61538755052047E+01
 0.61542405839996E+01
 0.61546114650500E+01
 0.61549882604172E+01
 0.61553631594688E+01
 0.61557327185557E+01
 0.61560755995419E+01
 0.61564041819730E+01
 0.61567031712519E+01
 0.61569551135699E+01
 0.61571677811300E+01
 0.61573286607717E+01
 0.61574182915378E+01
 0.61574404158535E+01
 0.61573787129643E+01
 0.61572240886836E+01
 0.61569919537953E+01
 0.61566344364490E+01
 0.61561691528634E+01
 0.61555875182426E+01
 0.61548695678256E+01
 0.61540284467604E+01
 0.61530253138142E+01
 0.61518885325322E+01
 0.61505827717504E+01
 0.61491135883174E+01
 0.61474675839524E+01
 0.61456634390494E+01
 0.61436488232462E+01
 0.61414402471401E+01
 0.61390522097047E+01
 0.61364728850056E+01
 0.61336576710214E+01
 0.61306903727541E+01
 0.61274345238227E+01
 0.61240009744038E+01
 0.61203347439122E+01
 0.61164286351694E+01
 0.61122430533425E+01
 0.61079219692110E+01
 0.61032669816558E+01
 0.60983808151808E+01
 0.60932573400472E+01
 0.60878484014507E+01
 0.60822653560451E+01
 0.60763553188841E+01
 0.60701746632981E+01
 0.60637463055071E+01
 0.60570068116385E+01
 0.60500734510939E+01
 0.60427831744556E+01
 0.60352250060586E+01
 0.60274142738103E+01
 0.60192219574654E+01
 0.60108296777674E+01
 0.60021310734706E+01
 0.59930902122770E+01
 0.59838337924962E+01
 0.59742426877357E+01
 0.59643355063612E+01
 0.59541057345486E+01
 0.59436072173579E+01
 0.59327596032394E+01
 0.59215638574601E+01
 0.59102159269109E+01
 0.58983453021643E+01
 0.58862755616480E+01
 0.58738091175849E+01
 0.58611954535950E+01
 0.58480483690991E+01
 0.58346479434419E+01
 0.58209199235724E+01
 0.58068557645476E+01
 0.57924145800541E+01
 0.57775182129974E+01
 0.57625986003727E+01
 0.57470978093540E+01
 0.57312395336226E+01
 0.57151851091955E+01
 0.56987600522135E+01
 0.56818638126365E+01
 0.56646318737101E+01
 0.56471107519609E+01
 0.56291580358744E+01
 0.56108910826809E+01
 0.55923653565594E+01
 0.55731777956733E+01
 0.55536617952091E+01
 0.55340507977155E+01
 0.55135814244734E+01
 0.54929851046295E+01
 0.54718937708498E+01
 0.54504610899247E+01
 0.54285833257955E+01
 0.54060867363621E+01
 0.53831535218913E+01
 0.53600038470487E+01
 0.53360771354613E+01
 0.53118402900431E+01
 0.52870719612763E+01
 0.52613358339265E+01
 0.52352791318758E+01
 0.52088307837474E+01
 0.51814486409600E+01
 0.51530961584148E+01
 0.51246936510250E+01
 0.50950638281504E+01
 0.50646887015753E+01
 0.50333686899439E+01
 0.50012151865207E+01
 0.49673525269356E+01
 0.49327432520849E+01
 0.48966188468958E+01
 0.48594400029394E+01
 0.48204636449817E+01
 0.47803909610577E+01
 0.47379759785590E+01
 0.46938005717322E+01
 0.46478375507640E+01
 0.45997522148238E+01
 0.45499208490307E+01
 0.44979081918039E+01
 0.44446725030105E+01
 0.43894993297387E+01
 0.43330176345066E+01
 0.42757548244915E+01
 0.42182313702616E+01
 0.41610168171203E+01
 0.41047991994997E+01
 0.40489784933013E+01
 0.39954225742859E+01
 0.39436968533066E+01
 0.38938086089913E+01
 0.38462738395120E+01
 0.38012654084286E+01
 0.37581408987856E+01
 0.37176025638736E+01
 0.36791790874894E+01
 0.36425291706918E+01
 0.36078148244013E+01
 0.35751651632816E+01
 0.35439754602564E+01
 0.35144753452413E+01
 0.34862840360534E+01
 0.34597472731435E+01
 0.34342637165672E+01
 0.34098992114533E+01
 0.33869101049668E+01
 0.33648180608377E+01
 0.33435226969425E+01
 0.33233337766828E+01
 0.33038022606653E+01
 0.32853251939538E+01
 0.32672743557670E+01
 0.32499187256417E+01
 0.32332469270659E+01
 0.32171963620078E+01
 0.32017685077767E+01
 0.31867454326927E+01
 0.31722557584104E+01
 0.31582600761763E+01
 0.31447729301500E+01
 0.31315874636524E+01
 0.31188119389173E+01
 0.31064603372686E+01
 0.30944748426192E+01
 0.30827568573289E+01
 0.30713946349336E+01
 0.30603084123627E+01
 0.30496291074944E+01
 0.30391126661680E+01
 0.30288937064121E+01
 0.30189006269193E+01
 0.30091688388972E+01
 0.29996982631962E+01
 0.29904109108788E+01
 0.29813558817395E+01
 0.29724796345851E+01
 0.29637772898087E+01
 0.29553221379523E+01
 0.29470410562911E+01
 0.29388897352809E+01
 0.29309052943241E+01
 0.29231037017189E+01
 0.29154609588115E+01
 0.29079406749952E+01
 0.29005740687263E+01
 0.28933392771837E+01
 0.28862926227994E+01
 0.28792984796238E+01
 0.28724850899967E+01
 0.28657332393681E+01
 0.28591322387724E+01
 0.28526797724924E+01
 0.28462939561170E+01
 0.28400035818228E+01
 0.28338485804301E+01
 0.28277839746879E+01
 0.28218138262556E+01
 0.28159491963413E+01
 0.28101357569688E+01
 0.28044651734866E+01
 0.27988265372984E+01
 0.27933086241753E+01
 0.27878673041295E+01
 0.27825011879179E+01
 0.27772016291316E+01
 0.27720114041960E+01
 0.27668669853941E+01
 0.27617918863646E+01
 0.27567987523498E+01
 0.27518485879583E+01
 0.27469845596305E+01
 0.27421751375810E+01
 0.27374263984132E+01
 0.27327575536934E+01
 0.27281290722360E+01
 0.27235734335460E+01
