 0.17774380857433E+00
 0.17774380857437E+00
 0.17774380857496E+00
 0.17774380857948E+00
 0.17774380858111E+00
 0.17774380871172E+00
 0.17774380922638E+00
 0.17774381153044E+00
 0.17774381917373E+00
 0.17774383917183E+00
 0.17774388278329E+00
 0.17774396680578E+00
 0.17774411420819E+00
 0.17774435273590E+00
 0.17774470779695E+00
 0.17774522547549E+00
 0.17774593122584E+00
 0.17774686742536E+00
 0.17774808387181E+00
 0.17774959888661E+00
 0.17775149996207E+00
 0.17775378558406E+00
 0.17775652422984E+00
 0.17775974516959E+00
 0.17776350219488E+00
 0.17776782424772E+00
 0.17777276967389E+00
 0.17777843606005E+00
 0.17778480090726E+00
 0.17779193204421E+00
 0.17779985954208E+00
 0.17780875005313E+00
 0.17781851485519E+00
 0.17782934992178E+00
 0.17784131249236E+00
 0.17785434572098E+00
 0.17786855912232E+00
 0.17788394686581E+00
 0.17790089927665E+00
 0.17791903161896E+00
 0.17793857296999E+00
 0.17795978968080E+00
 0.17798237996207E+00
 0.17800648413043E+00
 0.17803239330118E+00
 0.17805988040056E+00
 0.17808915277436E+00
 0.17812026842901E+00
 0.17815272883675E+00
 0.17818744172773E+00
 0.17822387091441E+00
 0.17826205669090E+00
 0.17830229348142E+00
 0.17834415120818E+00
 0.17838833773191E+00
 0.17843411195664E+00
 0.17848211010181E+00
 0.17853209845294E+00
 0.17858424807580E+00
 0.17863803578507E+00
 0.17869451676418E+00
 0.17875324374911E+00
 0.17881378962753E+00
 0.17887636023431E+00
 0.17894185575546E+00
 0.17900839575913E+00
 0.17907887501200E+00
 0.17915086476776E+00
 0.17922551802155E+00
 0.17930296729226E+00
 0.17938404758541E+00
 0.17946567446952E+00
 0.17955210081669E+00
 0.17964114651403E+00
 0.17973296907947E+00
 0.17982862646259E+00
 0.17992578706848E+00
 0.18002778220766E+00
 0.18013346686789E+00
 0.18024243366244E+00
 0.18035612725753E+00
 0.18047212824721E+00
 0.18059405504190E+00
 0.18072010629935E+00
 0.18085008940821E+00
 0.18098691585216E+00
 0.18112684526926E+00
 0.18127232669128E+00
 0.18142435108774E+00
 0.18158031648376E+00
 0.18174306278993E+00
 0.18191238281378E+00
 0.18208870863735E+00
 0.18227105962037E+00
 0.18246151954767E+00
 0.18266036592431E+00
 0.18286349203566E+00
 0.18307960756547E+00
 0.18330173876906E+00
 0.18353474954333E+00
 0.18377336904452E+00
 0.18402682656909E+00
 0.18428916450204E+00
 0.18456267292315E+00
 0.18484794844866E+00
 0.18514657886513E+00
 0.18546110502042E+00
 0.18578165569289E+00
 0.18612257307296E+00
 0.18647907556178E+00
 0.18684787857608E+00
 0.18723426668104E+00
 0.18764171259365E+00
 0.18806780688856E+00
 0.18851228403175E+00
 0.18898017982217E+00
 0.18946937109865E+00
 0.18997974254606E+00
 0.19052424669605E+00
 0.19109491955623E+00
 0.19168659502791E+00
 0.19232387173019E+00
 0.19298692150034E+00
 0.19368917258608E+00
 0.19442822494379E+00
 0.19521012276754E+00
 0.19604397998690E+00
 0.19692712865766E+00
 0.19785528776075E+00
 0.19885243267137E+00
 0.19990626871889E+00
 0.20103013426539E+00
 0.20224758616812E+00
 0.20353913662975E+00
 0.20491367612137E+00
 0.20640330251793E+00
 0.20802083181984E+00
 0.20973107163356E+00
 0.21160386761985E+00
 0.21362869820523E+00
 0.21583104322674E+00
 0.21822234805359E+00
 0.22087655614846E+00
 0.22375647724846E+00
 0.22693948329755E+00
 0.23042112973270E+00
 0.23429234057758E+00
 0.23853310575812E+00
 0.24329667929107E+00
 0.24858401476488E+00
 0.25445327192084E+00
 0.26100412682840E+00
 0.26826329328431E+00
 0.27636409845653E+00
 0.28525855933613E+00
 0.29513858972566E+00
 0.30601045331804E+00
 0.31788530556140E+00
 0.33076390824388E+00
 0.34462152845766E+00
 0.35938111928401E+00
 0.37527769828907E+00
 0.39187703903499E+00
 0.40931577918885E+00
 0.42761758793931E+00
 0.44660097709387E+00
 0.46615247796637E+00
 0.48649632438381E+00
 0.50725566372963E+00
 0.52856503473178E+00
 0.55054064744307E+00
 0.57301788488365E+00
 0.59580385680539E+00
 0.61920732548476E+00
 0.64297525877578E+00
 0.66731259880482E+00
 0.69182325195463E+00
 0.71694682307311E+00
 0.74255498738777E+00
 0.76827463314086E+00
 0.79452587350979E+00
 0.82137092935230E+00
 0.84833938043247E+00
 0.87593536478774E+00
 0.90351839292699E+00
 0.93194040508747E+00
 0.96074844755012E+00
 0.98988509914216E+00
 0.10193833008388E+01
 0.10491640493283E+01
 0.10795938944117E+01
 0.11103667251224E+01
 0.11414999493571E+01
 0.11728918385445E+01
 0.12049789791517E+01
 0.12374635993317E+01
 0.12702499082402E+01
 0.13034326835127E+01
 0.13372527466514E+01
 0.13714138686300E+01
 0.14061150956584E+01
 0.14408811147285E+01
 0.14764775646086E+01
 0.15124175553076E+01
 0.15489186478007E+01
 0.15858122713026E+01
 0.16230514690701E+01
 0.16609159902029E+01
 0.16991706702638E+01
 0.17380155343309E+01
 0.17774501798052E+01
 0.18170908809907E+01
 0.18572464610046E+01
 0.18981226808078E+01
 0.19395074253329E+01
 0.19812803633390E+01
 0.20235383844960E+01
 0.20664708283069E+01
 0.21098692944452E+01
 0.21538410506026E+01
 0.21979859071971E+01
 0.22431788299668E+01
 0.22885303186989E+01
 0.23348525183261E+01
 0.23814858046785E+01
 0.24283983477852E+01
 0.24762011842017E+01
 0.25246625266735E+01
 0.25734257612686E+01
 0.26228395545489E+01
 0.26728518877043E+01
 0.27233400172536E+01
 0.27747936652414E+01
 0.28263192132643E+01
 0.28789785991162E+01
 0.29318689909108E+01
 0.29854120802648E+01
 0.30396078507183E+01
 0.30945395576804E+01
 0.31496971921497E+01
 0.32057921027593E+01
 0.32625407616727E+01
 0.33197686111942E+01
 0.33779493390419E+01
 0.34365168343341E+01
 0.34958621595602E+01
 0.35558955109360E+01
 0.36163226704269E+01
 0.36776912849996E+01
 0.37395156083010E+01
