 0.69521479548244E+01
 0.69521479548278E+01
 0.69521479548756E+01
 0.69521479546946E+01
 0.69521479240440E+01
 0.69521473725921E+01
 0.69521433766183E+01
 0.69521262980501E+01
 0.69520749439137E+01
 0.69519539327672E+01
 0.69517144017856E+01
 0.69512973809779E+01
 0.69506385164015E+01
 0.69496732436658E+01
 0.69483401340890E+01
 0.69465835679814E+01
 0.69443564763265E+01
 0.69416199507494E+01
 0.69383434136652E+01
 0.69345062708479E+01
 0.69300925763250E+01
 0.69250979388103E+01
 0.69195209248865E+01
 0.69133682383297E+01
 0.69066502616053E+01
 0.68993835834226E+01
 0.68915875451939E+01
 0.68832834530948E+01
 0.68745016367425E+01
 0.68652710599181E+01
 0.68556249590931E+01
 0.68455925148980E+01
 0.68352158685840E+01
 0.68245255232148E+01
 0.68135587641516E+01
 0.68023582464782E+01
 0.67909583679581E+01
 0.67793984060855E+01
 0.67676986467464E+01
 0.67559118471151E+01
 0.67440618663078E+01
 0.67321690138268E+01
 0.67202756373214E+01
 0.67084020777485E+01
 0.66965601175735E+01
 0.66847803850956E+01
 0.66730720987033E+01
 0.66614487592150E+01
 0.66499426784956E+01
 0.66385269582326E+01
 0.66272305526423E+01
 0.66160563493355E+01
 0.66049952260968E+01
 0.65940637913486E+01
 0.65832330864063E+01
 0.65725280618513E+01
 0.65619189433112E+01
 0.65514082479146E+01
 0.65409813838769E+01
 0.65306478307252E+01
 0.65203600605923E+01
 0.65101246684786E+01
 0.64999418479924E+01
 0.64897957810778E+01
 0.64796418907905E+01
 0.64695328986194E+01
 0.64593555674513E+01
 0.64491820184339E+01
 0.64389591017778E+01
 0.64286711744954E+01
 0.64182777239352E+01
 0.64078709157075E+01
 0.63972963050737E+01
 0.63866168588987E+01
 0.63758153883873E+01
 0.63648478194543E+01
 0.63537805423372E+01
 0.63424955572186E+01
 0.63310216734918E+01
 0.63193644956006E+01
 0.63074690822461E+01
 0.62954069024076E+01
 0.62830550983367E+01
 0.62704649219599E+01
 0.62576381597597E+01
 0.62444761331258E+01
 0.62310939190728E+01
 0.62174102386073E+01
 0.62033894089299E+01
 0.61891113078368E+01
 0.61744844674160E+01
 0.61595120613653E+01
 0.61441800381611E+01
 0.61285181734465E+01
 0.61124600802686E+01
 0.60959967741666E+01
 0.60792557371728E+01
 0.60619690108686E+01
 0.60443517403899E+01
 0.60262562863785E+01
 0.60078441608129E+01
 0.59888363894614E+01
 0.59694171055093E+01
 0.59495194351922E+01
 0.59291273061035E+01
 0.59081959834497E+01
 0.58866558247263E+01
 0.58648011719397E+01
 0.58422119577322E+01
 0.58190362887207E+01
 0.57953730479210E+01
 0.57710724332584E+01
 0.57460382620069E+01
 0.57203500323151E+01
 0.56940182610733E+01
 0.56669079447717E+01
 0.56390851936020E+01
 0.56105588396804E+01
 0.55809765278984E+01
 0.55505718355518E+01
 0.55194892213263E+01
 0.54870742620636E+01
 0.54538708004194E+01
 0.54195306563356E+01
 0.53841318294050E+01
 0.53475277553469E+01
 0.53094984206632E+01
 0.52701327614854E+01
 0.52295548185247E+01
 0.51871883522212E+01
 0.51433628407752E+01
 0.50977761952746E+01
 0.50499003893056E+01
 0.50002481938946E+01
 0.49486469599095E+01
 0.48944162362041E+01
 0.48373399547040E+01
 0.47782924227812E+01
 0.47158215694782E+01
 0.46502942895893E+01
 0.45813311978489E+01
 0.45088611839314E+01
 0.44316697753720E+01
 0.43507895988091E+01
 0.42650904319426E+01
 0.41751022732968E+01
 0.40797397751846E+01
 0.39799815360742E+01
 0.38741084896127E+01
 0.37631250687949E+01
 0.36472524848153E+01
 0.35264198811239E+01
 0.34017450438346E+01
 0.32732376767035E+01
 0.31431637431109E+01
 0.30113072517542E+01
 0.28795118171130E+01
 0.27493844237841E+01
 0.26223729134150E+01
 0.24997775157147E+01
 0.23827939567432E+01
 0.22707175475714E+01
 0.21658713728817E+01
 0.20674215924289E+01
 0.19750767098979E+01
 0.18890795162181E+01
 0.18092213141061E+01
 0.17344465208433E+01
 0.16651434619314E+01
 0.16005013460402E+01
 0.15399112474205E+01
 0.14832804437421E+01
 0.14304864983400E+01
 0.13807840602178E+01
 0.13341958611852E+01
 0.12902375456664E+01
 0.12490541365398E+01
 0.12100210735202E+01
 0.11730873821981E+01
 0.11383459315376E+01
 0.11053343452875E+01
 0.10738994976900E+01
 0.10441930851427E+01
 0.10158203844713E+01
 0.98900084385936E+00
 0.96323561939747E+00
 0.93866361252123E+00
 0.91522728687816E+00
 0.89283967071744E+00
 0.87145848241961E+00
 0.85090720991425E+00
 0.83123276640828E+00
 0.81237677102276E+00
 0.79431732431746E+00
 0.77690025093475E+00
 0.76016623183311E+00
 0.74409704686765E+00
 0.72863578562605E+00
 0.71370449106445E+00
 0.69933383505973E+00
 0.68545960722496E+00
 0.67213521608201E+00
 0.65921159414406E+00
 0.64674579229811E+00
 0.63468487657507E+00
 0.62303310014162E+00
 0.61177682773847E+00
 0.60086434418041E+00
 0.59030778104459E+00
 0.58006994696055E+00
 0.57013885325026E+00
 0.56053811952293E+00
 0.55122325408864E+00
 0.54216584942408E+00
 0.53337389568217E+00
 0.52484632281023E+00
 0.51656490415526E+00
 0.50850548103590E+00
 0.50067566900123E+00
 0.49305867541462E+00
 0.48567170047568E+00
 0.47845256470756E+00
 0.47144772193201E+00
 0.46460379160599E+00
 0.45795104486492E+00
 0.45148347367269E+00
 0.44516363006163E+00
 0.43899893532571E+00
 0.43299999079691E+00
 0.42714500357622E+00
 0.42143195503443E+00
 0.41586065034253E+00
 0.41040805965700E+00
 0.40510345833848E+00
 0.39990382265670E+00
 0.39483755043163E+00
 0.38988532870340E+00
 0.38504418177221E+00
 0.38030838492849E+00
 0.37568932790312E+00
 0.37116300628276E+00
 0.36673490648875E+00
 0.36240666331931E+00
 0.35816311192950E+00
 0.35401596540309E+00
 0.34995321313814E+00
 0.34597424882399E+00
 0.34208338969543E+00
 0.33826620710963E+00
 0.33453065578662E+00
