 0.50218627427857E+03
 0.50218627744714E+03
 0.50218629214139E+03
 0.50218633370520E+03
 0.50218568522221E+03
 0.50217960497302E+03
 0.50215150669206E+03
 0.50207169694338E+03
 0.50190563914335E+03
 0.50162576419574E+03
 0.50121710284479E+03
 0.50068517588404E+03
 0.50004458892885E+03
 0.49931830504889E+03
 0.49853176282190E+03
 0.49770926990379E+03
 0.49687211296351E+03
 0.49603760878633E+03
 0.49521912312667E+03
 0.49442662865463E+03
 0.49366684240330E+03
 0.49294453094043E+03
 0.49226230724660E+03
 0.49162160152769E+03
 0.49102270091616E+03
 0.49046526113408E+03
 0.48994825565857E+03
 0.48947009944222E+03
 0.48902948167725E+03
 0.48862450750469E+03
 0.48825331109425E+03
 0.48791327778098E+03
 0.48760298048304E+03
 0.48731958590627E+03
 0.48706206130957E+03
 0.48682538779753E+03
 0.48661144499440E+03
 0.48641473266726E+03
 0.48623402731593E+03
 0.48606869633081E+03
 0.48591586953305E+03
 0.48577251568183E+03
 0.48563864508075E+03
 0.48551200822389E+03
 0.48538959928734E+03
 0.48527126880776E+03
 0.48515455162673E+03
 0.48503794920667E+03
 0.48492289716057E+03
 0.48480345394950E+03
 0.48468148233051E+03
 0.48455579801413E+03
 0.48442391635389E+03
 0.48428735763285E+03
 0.48414143628248E+03
 0.48398961755476E+03
 0.48382771704309E+03
 0.48365650254733E+03
 0.48347448926005E+03
 0.48328404589611E+03
 0.48307907543834E+03
 0.48286170068045E+03
 0.48263392443956E+03
 0.48239447491858E+03
 0.48213818557248E+03
 0.48187539245327E+03
 0.48158979297483E+03
 0.48129496987995E+03
 0.48098455493535E+03
 0.48065778988957E+03
 0.48031006920520E+03
 0.47995907193364E+03
 0.47958086830615E+03
 0.47918812126329E+03
 0.47878016375073E+03
 0.47835136744058E+03
 0.47791526236764E+03
 0.47745352720673E+03
 0.47697301857385E+03
 0.47647664534717E+03
 0.47595669458116E+03
 0.47542755638246E+03
 0.47486946135758E+03
 0.47429319292584E+03
 0.47370069438598E+03
 0.47307624595233E+03
 0.47244190280943E+03
 0.47178470323399E+03
 0.47110047602846E+03
 0.47040415979441E+03
 0.46968150203360E+03
 0.46893487819118E+03
 0.46816304268142E+03
 0.46737259606240E+03
 0.46655374528997E+03
 0.46570653919956E+03
 0.46485447138515E+03
 0.46395284745850E+03
 0.46304050178986E+03
 0.46209351852195E+03
 0.46114171291799E+03
 0.46013876275247E+03
 0.45911791549295E+03
 0.45807038462259E+03
 0.45699496642603E+03
 0.45588682358505E+03
 0.45473621208880E+03
 0.45359457289899E+03
 0.45239596573434E+03
 0.45116620089066E+03
 0.44992494492144E+03
 0.44865094484243E+03
 0.44733289854844E+03
 0.44598634309939E+03
 0.44461721455603E+03
 0.44320856197297E+03
 0.44177473384429E+03
 0.44032168512564E+03
 0.43880291683553E+03
 0.43725781428854E+03
 0.43571382067813E+03
 0.43408224141356E+03
 0.43244917207698E+03
 0.43077225349664E+03
 0.42907016892929E+03
 0.42733153556114E+03
 0.42553755815913E+03
 0.42371028961189E+03
 0.42187642820803E+03
 0.41997334506216E+03
 0.41805625771919E+03
 0.41610172584186E+03
 0.41406302492932E+03
 0.41201594462051E+03
 0.40995473669546E+03
 0.40782227101154E+03
 0.40561862353071E+03
 0.40344855880514E+03
 0.40118645047250E+03
 0.39888941536426E+03
 0.39653930360424E+03
 0.39415173911793E+03
 0.39163626910650E+03
 0.38909699387655E+03
 0.38645340780335E+03
 0.38375292880767E+03
 0.38091594457680E+03
 0.37801480792185E+03
 0.37492160725003E+03
 0.37170716246567E+03
 0.36839280881697E+03
 0.36498781572730E+03
 0.36159818759891E+03
 0.35827057760418E+03
 0.35519727598102E+03
 0.35240929056358E+03
 0.35004049731830E+03
 0.34817130532815E+03
 0.34683249227029E+03
 0.34601531655940E+03
 0.34568888940258E+03
 0.34575173004525E+03
 0.34622203036364E+03
 0.34702249150398E+03
 0.34811527759017E+03
 0.34949079083582E+03
 0.35113307653097E+03
 0.35301310799257E+03
 0.35513285188065E+03
 0.35746997021265E+03
 0.36000990545679E+03
 0.36274053516932E+03
 0.36564282205970E+03
 0.36870353860565E+03
 0.37190202987951E+03
 0.37522752339616E+03
 0.37864848749468E+03
 0.38216549640234E+03
 0.38575740522310E+03
 0.38938801313054E+03
 0.39306094949763E+03
 0.39676286884785E+03
 0.40044877880659E+03
 0.40412760605518E+03
 0.40774130430707E+03
 0.41131674697535E+03
 0.41480222336053E+03
 0.41816673806407E+03
 0.42138143105984E+03
 0.42440810049688E+03
 0.42722401283019E+03
 0.42977023686542E+03
 0.43199870809528E+03
 0.43385432073270E+03
 0.43528585705468E+03
 0.43622525645007E+03
 0.43661626508167E+03
 0.43640893457890E+03
 0.43555622815255E+03
 0.43405235557143E+03
 0.43189778039651E+03
 0.42917446638000E+03
 0.42588064486045E+03
 0.42214372525719E+03
 0.41803079212574E+03
 0.41365046851679E+03
 0.40908967287586E+03
 0.40437909606823E+03
 0.39960346385014E+03
 0.39477837553577E+03
 0.38993520131847E+03
 0.38514653985008E+03
 0.38038806476339E+03
 0.37564635328912E+03
 0.37095581078649E+03
 0.36633624189562E+03
 0.36177833409276E+03
 0.35726335501187E+03
 0.35281621739582E+03
 0.34842568922283E+03
 0.34413310247145E+03
 0.33984892249573E+03
 0.33566282367672E+03
 0.33149524178998E+03
 0.32740968621721E+03
 0.32340675300223E+03
 0.31943128463684E+03
 0.31550503170731E+03
 0.31165759665195E+03
 0.30785910309356E+03
 0.30411390946694E+03
 0.30043134415260E+03
 0.29677450274428E+03
 0.29320929949465E+03
 0.28965887496673E+03
 0.28618704658230E+03
 0.28276364630908E+03
 0.27938902929224E+03
 0.27605793237257E+03
 0.27280144640654E+03
 0.26957568647248E+03
 0.26639797553605E+03
 0.26327807490745E+03
 0.26018907498663E+03
 0.25716203908048E+03
 0.25417544435416E+03
 0.25123404534486E+03
 0.24835169611423E+03
 0.24550122644642E+03
 0.24270566894558E+03
