 0.25955903488428E+10
 0.25957103461630E+10
 0.25959103390750E+10
 0.25961903392214E+10
 0.25965503417421E+10
 0.25969903292590E+10
 0.25975103469700E+10
 0.25981103270579E+10
 0.25987903204969E+10
 0.25995503142483E+10
 0.26003902813422E+10
 0.26013102619369E+10
 0.26023102600465E+10
 0.26033902440012E+10
 0.26045502470713E+10
 0.26057902377466E+10
 0.26071102509864E+10
 0.26085102811568E+10
 0.26099902914761E+10
 0.26115503405379E+10
 0.26131904051319E+10
 0.26149104939018E+10
 0.26167106393561E+10
 0.26185907823807E+10
 0.26205509769911E+10
 0.26225912619603E+10
 0.26247115805975E+10
 0.26269119786751E+10
 0.26291925013539E+10
 0.26315530353575E+10
 0.26339937500861E+10
 0.26365144303204E+10
 0.26391153526171E+10
 0.26417962492521E+10
 0.26445572382512E+10
 0.26473984026830E+10
 0.26503195725316E+10
 0.26533208290755E+10
 0.26564020566811E+10
 0.26595632820932E+10
 0.26628043827353E+10
 0.26661256566867E+10
 0.26695265414337E+10
 0.26730074891257E+10
 0.26765680158975E+10
 0.26802083001994E+10
 0.26839282088440E+10
 0.26877275504940E+10
 0.26916061992784E+10
 0.26955642428826E+10
 0.26996014276727E+10
 0.27037175779035E+10
 0.27079127551640E+10
 0.27121863953183E+10
 0.27165386076544E+10
 0.27209688245172E+10
 0.27254775082144E+10
 0.27300637731658E+10
 0.27347277813516E+10
 0.27394688018085E+10
 0.27442872839063E+10
 0.27491819108773E+10
 0.27541529651987E+10
 0.27592003192289E+10
 0.27643233803217E+10
 0.27695213591753E+10
 0.27747947512479E+10
 0.27801416249342E+10
 0.27855634051306E+10
 0.27910588494518E+10
 0.27966263126505E+10
 0.28022669262065E+10
 0.28079792385556E+10
 0.28137642753977E+10
 0.28196179706577E+10
 0.28255442025821E+10
 0.28315381024216E+10
 0.28376030149716E+10
 0.28437356629731E+10
 0.28499370442128E+10
 0.28562022758411E+10
 0.28625377048370E+10
 0.28689380939488E+10
 0.28754036410612E+10
 0.28819324388966E+10
 0.28885234561866E+10
 0.28951793861059E+10
 0.29018957924259E+10
 0.29086753487824E+10
 0.29155151178070E+10
 0.29224097009156E+10
 0.29293696225341E+10
 0.29363821939431E+10
 0.29434513373254E+10
 0.29505774445130E+10
 0.29577605944733E+10
 0.29649953798228E+10
 0.29722814433801E+10
 0.29796204615177E+10
 0.29870080551222E+10
 0.29944474715490E+10
 0.30019362710596E+10
 0.30094631296320E+10
 0.30170406224413E+10
 0.30246585857566E+10
 0.30323294543019E+10
 0.30400306498517E+10
 0.30477721369984E+10
 0.30555588114342E+10
 0.30633729629855E+10
 0.30712282777978E+10
 0.30791195676378E+10
 0.30870401750419E+10
 0.30949875751402E+10
 0.31029595692821E+10
 0.31109562284942E+10
 0.31189874357365E+10
 0.31270313191534E+10
 0.31350931911432E+10
 0.31431724956705E+10
 0.31512656532923E+10
 0.31593610973065E+10
 0.31674752558470E+10
 0.31755920841911E+10
 0.31837134885256E+10
 0.31918352926587E+10
 0.31999458582857E+10
 0.32080505103069E+10
 0.32161479486803E+10
 0.32242258980367E+10
 0.32322951617849E+10
 0.32403367106235E+10
 0.32483432403786E+10
 0.32563204092144E+10
 0.32642740396825E+10
 0.32721795243310E+10
 0.32800362228382E+10
 0.32878654270344E+10
 0.32956375879510E+10
 0.33033629395188E+10
 0.33110378578403E+10
 0.33186529671397E+10
 0.33262221462657E+10
 0.33337433590217E+10
 0.33412273309409E+10
 0.33486823328108E+10
 0.33561066219615E+10
 0.33635514565080E+10
 0.33709766668973E+10
 0.33784439300607E+10
 0.33859826185687E+10
 0.33935860234480E+10
 0.34013261770538E+10
 0.34091777160207E+10
 0.34172256443468E+10
 0.34254151239983E+10
 0.34338083526025E+10
 0.34423951228505E+10
 0.34511901083173E+10
 0.34601812301328E+10
 0.34693655752521E+10
 0.34787257937060E+10
 0.34882812959573E+10
 0.34980026245995E+10
 0.35078802498424E+10
 0.35179329490335E+10
 0.35281547578686E+10
 0.35385181846542E+10
 0.35490440664062E+10
 0.35597215193651E+10
 0.35705614092246E+10
 0.35815382555105E+10
 0.35926704756415E+10
 0.36039372710126E+10
 0.36153534248360E+10
 0.36269142791127E+10
 0.36386141667563E+10
 0.36504346823938E+10
 0.36624023936709E+10
 0.36744947337991E+10
 0.36867113356260E+10
 0.36990602336980E+10
 0.37115300532875E+10
 0.37241196749491E+10
 0.37368186337326E+10
 0.37496578079126E+10
 0.37625962060087E+10
 0.37756626484757E+10
 0.37888345530956E+10
 0.38021255056824E+10
 0.38155162695727E+10
 0.38290244239876E+10
 0.38426332800920E+10
 0.38563605004306E+10
 0.38701820989269E+10
 0.38841168728124E+10
 0.38981595754293E+10
 0.39122884220204E+10
 0.39265364832165E+10
 0.39408765138170E+10
 0.39553281174294E+10
 0.39698679371964E+10
 0.39845129712264E+10
 0.39992559831291E+10
 0.40140954693512E+10
 0.40290388510693E+10
 0.40440772960642E+10
 0.40591993878373E+10
 0.40744343396093E+10
 0.40897677363264E+10
 0.41051842417465E+10
 0.41206996863636E+10
 0.41363074794557E+10
 0.41520126833345E+10
 0.41678105388715E+10
 0.41837070703318E+10
 0.41996826154880E+10
 0.42157663527279E+10
 0.42319282210143E+10
 0.42481970854772E+10
 0.42645476028803E+10
 0.42809869358339E+10
 0.42975253972746E+10
 0.43141452406703E+10
 0.43308727450687E+10
 0.43476673553334E+10
 0.43645718906949E+10
 0.43815650508599E+10
 0.43986354396576E+10
 0.44158018449916E+10
 0.44330631885314E+10
 0.44504120778656E+10
 0.44678502601591E+10
 0.44853656245318E+10
 0.45029884605369E+10
 0.45206857356015E+10
 0.45384773416651E+10
 0.45563532424277E+10
 0.45743228203310E+10
 0.45923806311975E+10
 0.46105212976041E+10
 0.46287512335712E+10
 0.46470705730341E+10
 0.46654756610934E+10
 0.46839753137790E+10
 0.47025531219389E+10
 0.47212281600431E+10
 0.47399766391009E+10
 0.47588176637605E+10
 0.47777581462501E+10
