 0.77825453366750E+07
 0.77825453366804E+07
 0.77825453367463E+07
 0.77825453371998E+07
 0.77825453387942E+07
 0.77825453587776E+07
 0.77825454815448E+07
 0.77825460513172E+07
 0.77825479733365E+07
 0.77825529688305E+07
 0.77825638877926E+07
 0.77825847657037E+07
 0.77826208867206E+07
 0.77826781754823E+07
 0.77827635586964E+07
 0.77828847442389E+07
 0.77830488468763E+07
 0.77832638523430E+07
 0.77835376890573E+07
 0.77838759629240E+07
 0.77842892779772E+07
 0.77847801182001E+07
 0.77853566815907E+07
 0.77860225131857E+07
 0.77867830776903E+07
 0.77876407974196E+07
 0.77886003324428E+07
 0.77896686839925E+07
 0.77908421925284E+07
 0.77921234499973E+07
 0.77935118289312E+07
 0.77950194576489E+07
 0.77966333623014E+07
 0.77983673878498E+07
 0.78002221057004E+07
 0.78021860260797E+07
 0.78042641312303E+07
 0.78064515206170E+07
 0.78087811695858E+07
 0.78112084218429E+07
 0.78137517424846E+07
 0.78164341057693E+07
 0.78192183748937E+07
 0.78221147111125E+07
 0.78251511531505E+07
 0.78282980114051E+07
 0.78315759676824E+07
 0.78349862756841E+07
 0.78384738582268E+07
 0.78421342024268E+07
 0.78459057538691E+07
 0.78497909726921E+07
 0.78538201888216E+07
 0.78579435808117E+07
 0.78622401111401E+07
 0.78666217860906E+07
 0.78711592172365E+07
 0.78758226224713E+07
 0.78806295421133E+07
 0.78855209072123E+07
 0.78906072501745E+07
 0.78958370790433E+07
 0.79011561392208E+07
 0.79065846423523E+07
 0.79122154021337E+07
 0.79178330416231E+07
 0.79237567565936E+07
 0.79297060852418E+07
 0.79357985293314E+07
 0.79420446790344E+07
 0.79485276967106E+07
 0.79548842446147E+07
 0.79615874438557E+07
 0.79683747948023E+07
 0.79752512875505E+07
 0.79823219998755E+07
 0.79893086986976E+07
 0.79965652773452E+07
 0.80039487414911E+07
 0.80113900327059E+07
 0.80190340345305E+07
 0.80265826869105E+07
 0.80344177775306E+07
 0.80423145026410E+07
 0.80502258405979E+07
 0.80584487068253E+07
 0.80665313242800E+07
 0.80747224876477E+07
 0.80830813253578E+07
 0.80913067687210E+07
 0.80996634008189E+07
 0.81080868278946E+07
 0.81165799354075E+07
 0.81250046701862E+07
 0.81335235085221E+07
 0.81421156612543E+07
 0.81503143076449E+07
 0.81589542251629E+07
 0.81672630088857E+07
 0.81756793998922E+07
 0.81835889082292E+07
 0.81918767651544E+07
 0.81998669807232E+07
 0.82076816841307E+07
 0.82153301792722E+07
 0.82228554607354E+07
 0.82304134859723E+07
 0.82369733747679E+07
 0.82437478172388E+07
 0.82502091591525E+07
 0.82559312298259E+07
 0.82612441727147E+07
 0.82663304496941E+07
 0.82708155799806E+07
 0.82745404999855E+07
 0.82777276536396E+07
 0.82800615585580E+07
 0.82813323769554E+07
 0.82822889842348E+07
 0.82821406808022E+07
 0.82802804943853E+07
 0.82781785427592E+07
 0.82741822987762E+07
 0.82689080485902E+07
 0.82618964280934E+07
 0.82531808105555E+07
 0.82428936740195E+07
 0.82304732636269E+07
 0.82152913782820E+07
 0.81981649478941E+07
 0.81779555004810E+07
 0.81547585888959E+07
 0.81289559336746E+07
 0.80991350176212E+07
 0.80650996853766E+07
 0.80272125531996E+07
 0.79849684035065E+07
 0.79367972015517E+07
 0.78835993490303E+07
 0.78242341845368E+07
 0.77583666872504E+07
 0.76851976611290E+07
 0.76047985570791E+07
 0.75158605746421E+07
 0.74181438341758E+07
 0.73110034392328E+07
 0.71940568531016E+07
 0.70669155756501E+07
 0.69291851423354E+07
 0.67808841913931E+07
 0.66221910442262E+07
 0.64534881132637E+07
 0.62758438582075E+07
 0.60900385732086E+07
 0.58983766281957E+07
 0.57018466927357E+07
 0.55028028539044E+07
 0.53035173197583E+07
 0.51061339880207E+07
 0.49125609662448E+07
 0.47244485413535E+07
 0.45415843035116E+07
 0.43663489928066E+07
 0.41981671323163E+07
 0.40368494065782E+07
 0.38827240552518E+07
 0.37356714632224E+07
 0.35946912253353E+07
 0.34603035837345E+07
 0.33317607917472E+07
 0.32084875151405E+07
 0.30904924964538E+07
 0.29777846813125E+07
 0.28695633769496E+07
 0.27659734818326E+07
 0.26664835667866E+07
 0.25714146845074E+07
 0.24799705105505E+07
 0.23921588215016E+07
 0.23082076138579E+07
 0.22274777110191E+07
 0.21497802640623E+07
 0.20754098733313E+07
 0.20037700324926E+07
 0.19352653301074E+07
 0.18690822373238E+07
 0.18054776354381E+07
 0.17443773034648E+07
 0.16856444959511E+07
 0.16292239098180E+07
 0.15747965804625E+07
 0.15224618786151E+07
 0.14721165147060E+07
 0.14237261420974E+07
 0.13769965891931E+07
 0.13320061096089E+07
 0.12887200982814E+07
 0.12470272319834E+07
 0.12067697311725E+07
 0.11680057062343E+07
 0.11306013751933E+07
 0.10946612856803E+07
 0.10598778304726E+07
 0.10263624949817E+07
 0.99399988213681E+06
 0.96279312378576E+06
 0.93270766295441E+06
 0.90362947444454E+06
 0.87557844852795E+06
 0.84846825165402E+06
 0.82226861089051E+06
 0.79702081709147E+06
 0.77262506619731E+06
 0.74901533899786E+06
 0.72620136489223E+06
 0.70417335041313E+06
 0.68288627265149E+06
 0.66228339212305E+06
 0.64237274361131E+06
 0.62311414690650E+06
 0.60453466762263E+06
 0.58650009226358E+06
 0.56909954878314E+06
 0.55221716031505E+06
 0.53590820285749E+06
 0.52015269890430E+06
 0.50487095889428E+06
 0.49007076068320E+06
 0.47576670563564E+06
 0.46190994321309E+06
 0.44849153487654E+06
 0.43550407839034E+06
 0.42289791772432E+06
 0.41072364719549E+06
 0.39889373171719E+06
 0.38745671204168E+06
 0.37637103712482E+06
 0.36562553732855E+06
 0.35520539644381E+06
 0.34512653755557E+06
 0.33533970300226E+06
 0.32585077643601E+06
 0.31665809757236E+06
 0.30773023147956E+06
 0.29908393280448E+06
 0.29069329209533E+06
 0.28255360480487E+06
 0.27466793895682E+06
 0.26700803022473E+06
 0.25958366802221E+06
