 0.41995615913348E+04
 0.62466120759470E+03
 0.16004841088948E+03
 0.44119617522808E+02
-0.18241835296365E+01
-0.26557401908947E+02
-0.43116396845526E+02
-0.55987068273356E+02
-0.66996388239911E+02
-0.76984249699764E+02
-0.86373817833628E+02
-0.95394193331706E+02
-0.10417682265593E+03
-0.11280082281719E+03
-0.12131576896776E+03
-0.12975380956802E+03
-0.13813641944718E+03
-0.14647831989466E+03
-0.15478983581901E+03
-0.16307835755500E+03
-0.17134927249649E+03
-0.17960657345085E+03
-0.18785326464536E+03
-0.19609163806744E+03
-0.20432346493063E+03
-0.21255013050435E+03
-0.22077273048024E+03
-0.22899214079269E+03
-0.23720906884542E+03
-0.24542409153488E+03
-0.25363768377895E+03
-0.26185024013733E+03
-0.27006209135022E+03
-0.27827351710057E+03
-0.28648475594305E+03
-0.29469601308837E+03
-0.30290746655028E+03
-0.31111927203298E+03
-0.31933156684181E+03
-0.32754447303188E+03
-0.33575809995739E+03
-0.34397254634737E+03
-0.35218790200428E+03
-0.36040424920126E+03
-0.36862166383652E+03
-0.37684021639177E+03
-0.38505997273103E+03
-0.39328099476948E+03
-0.40150334103538E+03
-0.40972706714426E+03
-0.41795222620028E+03
-0.42617886913735E+03
-0.43440704500979E+03
-0.44263680124110E+03
-0.45086818383728E+03
-0.45910123757048E+03
-0.46733600613748E+03
-0.47557253229697E+03
-0.48381085798858E+03
-0.49205102443667E+03
-0.50029307224071E+03
-0.50853704145461E+03
-0.51678297165612E+03
-0.52503090200800E+03
-0.53328087131185E+03
-0.54153291805585E+03
-0.54978708045687E+03
-0.55804339649807E+03
-0.56630190396217E+03
-0.57456264046141E+03
-0.58282564346406E+03
-0.59109095031844E+03
-0.59935859827437E+03
-0.60762862450258E+03
-0.61590106611218E+03
-0.62417596016658E+03
-0.63245334369780E+03
-0.64073325371968E+03
-0.64901572723973E+03
-0.65730080127018E+03
-0.66558851283794E+03
-0.67387889899388E+03
-0.68217199682135E+03
-0.69046784344403E+03
-0.69876647603326E+03
-0.70706793181486E+03
-0.71537224807539E+03
-0.72367946216819E+03
-0.73198961151884E+03
-0.74030273363047E+03
-0.74861886608863E+03
-0.75693804656602E+03
-0.76526031282687E+03
-0.77358570273121E+03
-0.78191425423879E+03
-0.79024600541307E+03
-0.79858099442479E+03
-0.80691925955558E+03
-0.81526083920133E+03
-0.82360577187558E+03
-0.83195409621264E+03
-0.84030585097075E+03
-0.84866107503507E+03
-0.85701980742069E+03
-0.86538208727547E+03
-0.87374795388290E+03
-0.88211744666482E+03
-0.89049060518425E+03
-0.89886746914795E+03
-0.90724807840918E+03
-0.91563247297026E+03
-0.92402069298517E+03
-0.93241277876210E+03
-0.94080877076604E+03
-0.94920870962126E+03
-0.95761263611384E+03
-0.96602059119416E+03
-0.97443261597943E+03
-0.98284875175610E+03
-0.99126903998241E+03
-0.99969352229081E+03
-0.10081222404905E+04
-0.10165552365698E+04
-0.10249925526988E+04
-0.10334342312317E+04
-0.10418803147092E+04
-0.10503308458613E+04
-0.10587858676095E+04
-0.10672454230696E+04
-0.10757095555539E+04
-0.10841783085740E+04
-0.10926517258432E+04
-0.11011298512791E+04
-0.11096127290062E+04
-0.11181004033585E+04
-0.11265929188820E+04
-0.11350903203374E+04
-0.11435926527029E+04
-0.11520999611765E+04
-0.11606122911789E+04
-0.11691296883563E+04
-0.11776521985830E+04
-0.11861798679640E+04
-0.11947127428380E+04
-0.12032508697801E+04
-0.12117942956046E+04
-0.12203430673679E+04
-0.12288972323712E+04
-0.12374568381635E+04
-0.12460219325448E+04
-0.12545925635682E+04
-0.12631687795439E+04
-0.12717506290414E+04
-0.12803381608932E+04
-0.12889314241970E+04
-0.12975304683196E+04
-0.13061353428995E+04
-0.13147460978506E+04
-0.13233627833644E+04
-0.13319854499144E+04
-0.13406141482582E+04
-0.13492489294419E+04
-0.13578898448023E+04
-0.13665369459711E+04
-0.13751902848779E+04
-0.13838499137535E+04
-0.13925158851338E+04
-0.14011882518626E+04
-0.14098670670960E+04
-0.14185523843052E+04
-0.14272442572803E+04
-0.14359427401342E+04
-0.14446478873062E+04
-0.14533597535653E+04
-0.14620783940147E+04
-0.14708038640948E+04
-0.14795362195878E+04
-0.14882755166211E+04
-0.14970218116712E+04
-0.15057751615681E+04
-0.15145356234990E+04
-0.15233032550125E+04
-0.15320781140226E+04
-0.15408602588129E+04
-0.15496497480411E+04
-0.15584466407427E+04
-0.15672509963359E+04
-0.15760628746256E+04
-0.15848823358079E+04
-0.15937094404748E+04
-0.16025442496182E+04
-0.16113868246350E+04
-0.16202372273316E+04
-0.16290955199284E+04
-0.16379617650647E+04
-0.16468360258035E+04
-0.16557183656364E+04
-0.16646088484883E+04
-0.16735075387227E+04
-0.16824145011465E+04
-0.16913298010153E+04
-0.17002535040385E+04
-0.17091856763842E+04
-0.17181263846852E+04
-0.17270756960438E+04
-0.17360336780373E+04
-0.17450003987239E+04
-0.17539759266476E+04
-0.17629603308447E+04
-0.17719536808485E+04
-0.17809560466961E+04
-0.17899674989336E+04
-0.17989881086221E+04
-0.18080179473442E+04
-0.18170570872095E+04
-0.18261056008609E+04
-0.18351635614813E+04
-0.18442310427994E+04
-0.18533081190963E+04
-0.18623948652122E+04
-0.18714913565526E+04
-0.18805976690952E+04
-0.18897138793969E+04
-0.18988400646002E+04
-0.19079763024403E+04
-0.19171226712524E+04
-0.19262792499784E+04
-0.19354461181746E+04
-0.19446233560186E+04
-0.19538110443169E+04
-0.19630092645125E+04
-0.19722180986925E+04
-0.19814376295958E+04
-0.19906679406209E+04
-0.19999091158339E+04
-0.20091612399765E+04
-0.20184243984743E+04
-0.20276986774452E+04
-0.20369841637071E+04
-0.20462809447874E+04
-0.20555891089311E+04
-0.20649087451093E+04
-0.20742399430288E+04
-0.20835827931404E+04
-0.20929373866486E+04
-0.21023038155205E+04
-0.21116821724953E+04
-0.21210725510938E+04
-0.21304750456283E+04
-0.21398897512120E+04
-0.21493167637692E+04
-0.21587561800456E+04
-0.21682080976180E+04
-0.21776726149052E+04
-0.21871498311783E+04
-0.21966398465713E+04
-0.22061427620923E+04
-0.22156586796343E+04
-0.22251877019861E+04
-0.22347299328442E+04
-0.22442854768240E+04
-0.22538544394714E+04
-0.22634369272749E+04
-0.22730330476775E+04
-0.22826429090888E+04
-0.22922666208977E+04
-0.23019042934849E+04
-0.23115560382353E+04
-0.23212219675516E+04
-0.23309021948670E+04
-0.23405968346587E+04
-0.23503060024617E+04
-0.23600298148823E+04
-0.23697683896123E+04
-0.23795218454430E+04
-0.23892903022799E+04
-0.23990738811574E+04
-0.24088727042532E+04
-0.24186868949043E+04
-0.24285165776214E+04
-0.24383618781053E+04
-0.24482229232624E+04
-0.24580998412209E+04
-0.24679927613470E+04
-0.24779018142618E+04
-0.24878271318582E+04
-0.24977688473179E+04
-0.25077270951289E+04
-0.25177020111034E+04
-0.25276937323954E+04
-0.25377023975196E+04
-0.25477281463698E+04
-0.25577711202376E+04
-0.25678314618319E+04
-0.25779093152982E+04
-0.25880048262389E+04
-0.25981181417332E+04
-0.26082494103577E+04
-0.26183987822073E+04
-0.26285664089165E+04
-0.26387524436809E+04
-0.26489570412794E+04
-0.26591803580963E+04
-0.26694225521440E+04
-0.26796837830865E+04
-0.26899642122624E+04
-0.27002640027091E+04
-0.27105833191873E+04
-0.27209223282051E+04
-0.27312811980441E+04
-0.27416600987842E+04
-0.27520592023302E+04
-0.27624786824379E+04
-0.27729187147415E+04
-0.27833794767808E+04
-0.27938611480294E+04
-0.28043639099228E+04
-0.28148879458877E+04
-0.28254334413713E+04
-0.28360005838714E+04
-0.28465895629669E+04
-0.28572005703490E+04
-0.28678337998528E+04
-0.28784894474896E+04
-0.28891677114795E+04
-0.28998687922856E+04
-0.29105928926470E+04
-0.29213402176144E+04
-0.29321109745849E+04
-0.29429053733385E+04
-0.29537236260743E+04
-0.29645659474480E+04
-0.29754325546103E+04
-0.29863236672454E+04
-0.29972395076104E+04
-0.30081803005762E+04
-0.30191462736678E+04
-0.30301376571068E+04
-0.30411546838537E+04
-0.30521975896516E+04
-0.30632666130706E+04
-0.30743619955526E+04
-0.30854839814579E+04
-0.30966328181120E+04
-0.31078087558537E+04
-0.31190120480838E+04
-0.31302429513148E+04
-0.31415017252226E+04
-0.31527886326975E+04
-0.31641039398976E+04
-0.31754479163027E+04
-0.31868208347698E+04
-0.31982229715887E+04
-0.32096546065401E+04
-0.32211160229538E+04
-0.32326075077687E+04
-0.32441293515939E+04
-0.32556818487710E+04
-0.32672652974379E+04
-0.32788799995936E+04
-0.32905262611649E+04
-0.33022043920740E+04
-0.33139147063079E+04
-0.33256575219892E+04
-0.33374331614484E+04
-0.33492419512977E+04
-0.33610842225066E+04
-0.33729603104793E+04
-0.33848705551329E+04
-0.33968153009787E+04
-0.34087948972045E+04
-0.34208096977585E+04
-0.34328600614358E+04
-0.34449463519668E+04
-0.34570689381065E+04
-0.34692281937275E+04
-0.34814244979142E+04
-0.34936582350587E+04
-0.35059297949605E+04
-0.35182395729268E+04
-0.35305879698764E+04
-0.35429753924454E+04
-0.35554022530958E+04
-0.35678689702262E+04
-0.35803759682860E+04
-0.35929236778915E+04
-0.36055125359451E+04
-0.36181429857578E+04
-0.36308154771746E+04
-0.36435304667023E+04
-0.36562884176415E+04
-0.36690898002212E+04
-0.36819350917376E+04
-0.36948247766950E+04
-0.37077593469522E+04
-0.37207393018711E+04
-0.37337651484699E+04
-0.37468374015805E+04
-0.37599565840091E+04
-0.37731232267024E+04
-0.37863378689169E+04
-0.37996010583938E+04
-0.38129133515382E+04
-0.38262753136030E+04
-0.38396875188783E+04
-0.38531505508858E+04
-0.38666650025784E+04
-0.38802314765464E+04
-0.38938505852279E+04
-0.39075229511268E+04
-0.39212492070365E+04
-0.39350299962697E+04
-0.39488659728954E+04
-0.39627578019830E+04
-0.39767061598536E+04
-0.39907117343381E+04
-0.40047752250449E+04
-0.40188973436336E+04
-0.40330788140991E+04
-0.40473203730633E+04
-0.40616227700769E+04
-0.40759867679300E+04
-0.40904131429730E+04
-0.41049026854485E+04
-0.41194561998330E+04
-0.41340745051910E+04
-0.41487584355401E+04
-0.41635088402292E+04
-0.41783265843288E+04
-0.41932125490360E+04
-0.42081676320922E+04
-0.42231927482173E+04
-0.42382888295577E+04
-0.42534568261521E+04
-0.42686977064132E+04
-0.42840124576282E+04
-0.42994020864778E+04
-0.43148676195746E+04
-0.43304101040229E+04
-0.43460306080004E+04
-0.43617302213626E+04
-0.43775100562717E+04
-0.43933712478511E+04
-0.44093149548675E+04
-0.44253423604409E+04
-0.44414546727853E+04
-0.44576531259817E+04
-0.44739389807845E+04
-0.44903135254644E+04
-0.45067780766897E+04
-0.45233339804478E+04
-0.45399826130099E+04
-0.45567253819429E+04
-0.45735637271688E+04
-0.45904991220779E+04
-0.46075330746971E+04
-0.46246671289189E+04
-0.46419028657939E+04
-0.46592419048928E+04
-0.46766859057419E+04
-0.46942365693386E+04
-0.47118956397520E+04
-0.47296649058165E+04
-0.47475462029249E+04
-0.47655414149294E+04
-0.47836524761599E+04
-0.48018813735690E+04
-0.48202301490153E+04
-0.48387009016970E+04
-0.48572957907495E+04
-0.48760170380224E+04
-0.48948669310531E+04
-0.49138478262559E+04
-0.49329621523484E+04
-0.49522124140395E+04
-0.49716011960057E+04
-0.49911311671880E+04
-0.50108050854432E+04
-0.50306258025907E+04
-0.50505962699004E+04
-0.50707195440734E+04
-0.50909987937764E+04
-0.51114373067995E+04
-0.51320384979163E+04
-0.51528059175410E+04
-0.51737432612906E+04
-0.51948543805782E+04
-0.52161432943883E+04
-0.52376142024088E+04
-0.52592714997289E+04
-0.52811197933506E+04
-0.53031639208121E+04
-0.53254089712798E+04
-0.53478603095415E+04
-0.53705236034279E+04
-0.53934048553074E+04
-0.54165104384484E+04
-0.54398471392379E+04
-0.54634222064908E+04
-0.54872434094094E+04
-0.55113191061769E+04
-0.55356583257317E+04
-0.55602708660303E+04
-0.55851674131359E+04
-0.56103596868920E+04
-0.56358606209255E+04
-0.56616845875473E+04
-0.56878476821907E+04
-0.57143680880273E+04
-0.57412665504246E+04
-0.57685670047925E+04
-0.57962974233221E+04
-0.58244909818784E+04
-0.58531877085847E+04
-0.58824368813450E+04
-0.59123006357217E+04
-0.59428596213763E+04
-0.59742223266430E+04
-0.60065414496045E+04
-0.60400450885060E+04
-0.60751031313709E+04
-0.61123931285674E+04
-0.61534357778864E+04
-0.62033767819712E+04
-0.62867708640905E+04
-0.64210217287102E+04
-0.65910613823888E+04
-0.67877730159658E+04
-0.70050279141255E+04
-0.72392365802034E+04
-0.74883808896253E+04
-0.77507956726340E+04
-0.80248680359858E+04
-0.83099031965622E+04
-0.86061565486527E+04
-0.89126433624128E+04
-0.92290673007195E+04
-0.95560747656641E+04
-0.98931172968374E+04
-0.10240785680441E+05
-0.10598861967209E+05
-0.10967529947624E+05
-0.11347137617026E+05
-0.11737434516375E+05
-0.12139478053002E+05
-0.12552254247529E+05
-0.12977713762420E+05
-0.13415188352619E+05
-0.13865065032256E+05
-0.14327850534351E+05
-0.14803430561884E+05
-0.15292412792465E+05
-0.15795290250561E+05
-0.16311774335317E+05
-0.16842389235902E+05
-0.17388088104570E+05
-0.17948955271157E+05
-0.18526132502885E+05
-0.19118711282858E+05
-0.19727655144418E+05
-0.20353153515126E+05
-0.20995443782801E+05
-0.21655819560765E+05
-0.22334120434061E+05
-0.23030719647013E+05
-0.23746361860011E+05
-0.24481934073352E+05
-0.25236795082393E+05
-0.26011896196658E+05
-0.26808219687272E+05
-0.27625892247997E+05
-0.28465296361191E+05
-0.29326729815698E+05
-0.30211434808742E+05
-0.31119720846491E+05
-0.32053332521638E+05
-0.33009502383933E+05
-0.33990038453109E+05
-0.34998626110287E+05
-0.36035031846728E+05
-0.37098043291966E+05
-0.38190299959751E+05
-0.39311350956623E+05
-0.40461807623020E+05
-0.41642713313857E+05
-0.42854602378824E+05
-0.44098759778705E+05
-0.45375583098679E+05
-0.46685440385422E+05
-0.48032080038801E+05
-0.49409479826457E+05
-0.50828191784519E+05
-0.52284810704401E+05
-0.53778820110744E+05
-0.55311712522276E+05
-0.56885122347930E+05
-0.58500677855512E+05
-0.60161137644640E+05
-0.61862036839728E+05
-0.63610181957274E+05
-0.65404804816606E+05
-0.67247276091053E+05
-0.69138854463732E+05
-0.71080872556449E+05
-0.73075353882220E+05
-0.75122970973080E+05
-0.77225595640965E+05
-0.79385966112058E+05
-0.81606211230412E+05
-0.83882564012277E+05
-0.86221733163404E+05
-0.88625732962805E+05
-0.91094525105131E+05
-0.93630860162146E+05
-0.96236442064848E+05
-0.98913369853516E+05
-0.10166409331557E+06
-0.10449088118336E+06
-0.10739573332943E+06
-0.11038111463009E+06
-0.11344925356616E+06
-0.11660400383906E+06
-0.11984677617953E+06
-0.12318069022269E+06
-0.12660869343487E+06
-0.13013381961600E+06
-0.13375818786695E+06
-0.13748913406317E+06
-0.14132100183065E+06
-0.14526693930202E+06
-0.14932964721962E+06
-0.15349154258245E+06
-0.15779247302327E+06
-0.16222345406020E+06
-0.16679153041644E+06
-0.17146003553640E+06
-0.17628868653253E+06
-0.18126247098792E+06
-0.18638467997513E+06
-0.19166082123543E+06
-0.19709717762712E+06
-0.20269983926256E+06
-0.20847437860732E+06
-0.21442628144531E+06
-0.22056346118463E+06
-0.22689210226107E+06
-0.23342010514205E+06
-0.24016578059896E+06
-0.24710636154054E+06
-0.25429756544697E+06
-0.26168889743161E+06
-0.26931106016682E+06
-0.27719166486332E+06
-0.28532376939284E+06
-0.29372936514407E+06
-0.30241507620993E+06
-0.31138069303148E+06
-0.32065533038931E+06
-0.33024535247764E+06
-0.34017017743824E+06
-0.35043088188209E+06
-0.36103616843148E+06
-0.37198722942682E+06
-0.38336457587353E+06
-0.39521959500988E+06
-0.40733372837781E+06
-0.42001286418929E+06
-0.43309031961415E+06
-0.44670532421783E+06
-0.46077537352770E+06
-0.47535253780835E+06
-0.49048744844555E+06
-0.50620527567002E+06
-0.52252285241004E+06
-0.53947609531705E+06
-0.55708965261391E+06
-0.57537607158089E+06
-0.59440405128819E+06
-0.61419583792784E+06
-0.63478247349791E+06
-0.65623152084281E+06
-0.67853360229205E+06
-0.70179511775809E+06
-0.72598539503026E+06
-0.75132267333514E+06
-0.77771408695779E+06
-0.80520033347720E+06
-0.83389370145576E+06
-0.86387808003257E+06
-0.89521710062337E+06
-0.92796884092732E+06
-0.96225779549826E+06
-0.99811616588970E+06
-0.10356665469730E+07
-0.10750270346617E+07
-0.11161870134433E+07
-0.11594869816277E+07
-0.12050819863768E+07
-0.12526875890773E+07
-0.13027440128712E+07
-0.13553932685986E+07
-0.14107400237134E+07
-0.14690243970897E+07
-0.15304115053162E+07
-0.15951590755937E+07
-0.16632352446715E+07
-0.17355629976173E+07
-0.18115044227362E+07
-0.18918334813781E+07
-0.19768134810224E+07
-0.20667670855918E+07
-0.21620074752243E+07
-0.22629530457093E+07
-0.23700433635627E+07
-0.24834881192393E+07
-0.26042163943698E+07
-0.27326835304704E+07
-0.28692961735078E+07
-0.30143664743841E+07
-0.31690172996992E+07
-0.33337706268004E+07
-0.35095312517063E+07
-0.36970591021393E+07
-0.38972903609039E+07
-0.41111357172800E+07
-0.43395781781742E+07
-0.45844608479595E+07
-0.48454387169542E+07
-0.51246723885246E+07
-0.54231742790678E+07
-0.57422255086886E+07
-0.60831226312529E+07
-0.64469275574389E+07
-0.68348641471588E+07
-0.72485634969052E+07
-0.76871755655101E+07
-0.81520056672219E+07
-0.86429365540409E+07
-0.91592810728490E+07
-0.96992078630667E+07
-0.10259980116293E+08
-0.10838263024261E+08
-0.11426649055783E+08
-0.12017733664793E+08
-0.12602328768633E+08
-0.13164987756150E+08
-0.13690365656379E+08
-0.14158885230585E+08
-0.14547919467320E+08
-0.14833456284015E+08
-0.14989383456894E+08
-0.14989933886327E+08
-0.14812788957899E+08
-0.14439235033982E+08
-0.13863467793974E+08
-0.13079932925012E+08
-0.12103497199647E+08
-0.10956150708815E+08
-0.96754885545143E+07
-0.82979158912690E+07
-0.68706153004147E+07
-0.54421168032873E+07
-0.40536349500791E+07
-0.27424386671742E+07
-0.15344989857374E+07
-0.44942268142562E+06
 0.49912151354217E+06
 0.13116004224299E+07
 0.19904455811557E+07
 0.25432803303480E+07
 0.29802828302507E+07
 0.33140330137902E+07
 0.35570597308759E+07
 0.37218259782313E+07
 0.38202526680912E+07
 0.38631963241309E+07
 0.38603918238790E+07
 0.38202568384491E+07
 0.37504206549812E+07
 0.36571146519368E+07
 0.35458465887990E+07
 0.34207559649104E+07
 0.32857315728117E+07
 0.31437858833024E+07
 0.29974345300019E+07
 0.28486949371119E+07
 0.26992007061221E+07
 0.25502057333894E+07
 0.24025701031914E+07
 0.22573883614417E+07
 0.21151334697370E+07
 0.19762313457211E+07
 0.18409979594986E+07
 0.17097365775526E+07
 0.15836071012141E+07
 0.14598735196380E+07
 0.13405160674013E+07
 0.12251128842313E+07
 0.11135966621098E+07
 0.10071668851504E+07
 0.90441392493958E+06
 0.80502914933459E+06
 0.71002660560806E+06
 0.61834847690835E+06
 0.53011863745391E+06
 0.44522563345046E+06
 0.36353594205578E+06
 0.28492409198662E+06
 0.20927373595868E+06
 0.13643879801368E+06
 0.66314044859924E+05
-0.12161015125878E+04
-0.66281406569814E+05
-0.12895692494562E+06
-0.18857970270569E+06
-0.24768524995282E+06
-0.30310255930850E+06
-0.35779637634567E+06
-0.41054071778540E+06
-0.46163216516918E+06
-0.51128644951409E+06
-0.55849039628699E+06
-0.60385427096452E+06
-0.64798189727752E+06
-0.69068557121616E+06
-0.73202649786595E+06
-0.77206521008665E+06
-0.81085919526801E+06
-0.84845700510555E+06
-0.88491894766402E+06
-0.92023838694814E+06
-0.95405468780369E+06
-0.98702203804270E+06
-0.10200161875093E+07
-0.10519755171914E+07
-0.10842718360877E+07
-0.11136523510308E+07
-0.11423552333933E+07
-0.11705487778933E+07
-0.11980125326684E+07
-0.12247716672332E+07
-0.12510143915025E+07
-0.12764749623471E+07
-0.13013159296678E+07
-0.13255622087745E+07
-0.13492385397014E+07
-0.13723649010313E+07
-0.13949617414327E+07
-0.14170467096897E+07
-0.14386541595379E+07
-0.14598288191173E+07
-0.14804597734208E+07
-0.14997517772018E+07
-0.15201668280672E+07
-0.15399961545705E+07
-0.15599181342314E+07
-0.15793698087528E+07
-0.15977125359690E+07
-0.16163162095208E+07
-0.16335947579051E+07
-0.16509791825254E+07
-0.16677799535798E+07
-0.16845645573495E+07
-0.17010701539180E+07
-0.17173067039721E+07
-0.17332835641823E+07
-0.17490098365499E+07
-0.17644943347826E+07
-0.17797457511422E+07
-0.17947729380185E+07
-0.18095808799203E+07
-0.18241683392859E+07
-0.18387254029598E+07
-0.18529271893231E+07
-0.18669553953246E+07
-0.18808007321410E+07
-0.18944656496521E+07
-0.19079401890602E+07
-0.19212581807991E+07
-0.19343738698609E+07
-0.19473150904211E+07
-0.19591870207644E+07
-0.19724738449897E+07
-0.19854055589026E+07
-0.19983051447824E+07
-0.20112160309958E+07
-0.20243795711158E+07
-0.20364594056120E+07
-0.20477120072199E+07
-0.20610726941339E+07
-0.20723148456571E+07
-0.20839868394873E+07
-0.20955664139856E+07
-0.21067151436162E+07
-0.21180899585074E+07
-0.21293756210418E+07
-0.21405746229825E+07
-0.21516894860361E+07
-0.21627227256190E+07
-0.21736768199797E+07
-0.21845549306120E+07
-0.21953590716932E+07
-0.22060900626009E+07
-0.22167463798062E+07
-0.22273269930255E+07
-0.22380386847812E+07
-0.22485195456792E+07
-0.22589385285226E+07
-0.22692974799328E+07
-0.22795981986932E+07
-0.22898424521884E+07
-0.23000082994185E+07
-0.23100789363213E+07
-0.23201507934305E+07
-0.23300546263393E+07
-0.23393960344044E+07
-0.23490491039819E+07
-0.23590973752786E+07
-0.23693571741364E+07
-0.23794812725896E+07
-0.23896183064226E+07
-0.24004161305655E+07
-0.24114870276641E+07
-0.24206243587958E+07
-0.24287436240244E+07
-0.24392246049241E+07
-0.24484758042724E+07
-0.24598913825326E+07
-0.24687711591999E+07
-0.24782627660188E+07
-0.24877534241145E+07
-0.24971989528125E+07
-0.25062420355160E+07
-0.25156218617966E+07
-0.25249784913724E+07
-0.25343123895139E+07
-0.25436240788846E+07
-0.25529141204924E+07
-0.25621830958425E+07
-0.25714325656107E+07
-0.25806626228546E+07
-0.25898728407812E+07
-0.25990737742312E+07
-0.26082697223841E+07
-0.26174429070063E+07
-0.26265957859507E+07
-0.26357319609473E+07
-0.26448519388328E+07
-0.26539562130497E+07
-0.26630452259774E+07
-0.26721133341639E+07
-0.26811496836728E+07
-0.26901734767558E+07
-0.26987376086071E+07
-0.27077289138989E+07
-0.27167164777951E+07
-0.27255966788162E+07
-0.27344572212654E+07
-0.27433354086645E+07
-0.27522242975992E+07
-0.27610440991221E+07
-0.27701513347189E+07
-0.27793042296693E+07
-0.27884280012760E+07
-0.27975597238515E+07
-0.28067069003594E+07
-0.28158470972352E+07
-0.28250553771794E+07
-0.28333481695219E+07
-0.28424750971112E+07
-0.28515970838844E+07
-0.28607614558373E+07
-0.28714017062948E+07
-0.28797627344193E+07
-0.28883240034839E+07
-0.28993686324540E+07
-0.29075339462095E+07
-0.29164006002669E+07
-0.29252699566754E+07
-0.29341778502840E+07
-0.29430741058607E+07
-0.29514249854788E+07
-0.29603076695528E+07
-0.29691883154787E+07
-0.29780667320618E+07
-0.29869294139173E+07
-0.29957875317743E+07
-0.30046454665816E+07
-0.30135023469978E+07
-0.30223582428692E+07
-0.30312132075896E+07
-0.30400672961922E+07
-0.30489205648169E+07
-0.30577730699931E+07
-0.30666248671048E+07
-0.30754760068436E+07
-0.30843265398904E+07
-0.30931765146048E+07
-0.31020259779543E+07
-0.31106446008728E+07
-0.31194642166050E+07
-0.31282868088297E+07
-0.31370891018777E+07
-0.31458947779050E+07
-0.31547046218461E+07
-0.31640972976841E+07
-0.31729709379545E+07
-0.31818460986613E+07
-0.31907229114923E+07
-0.31995941728274E+07
-0.32084569113121E+07
-0.32173220678358E+07
-0.32261689628809E+07
-0.32350397150730E+07
-0.32439135329078E+07
-0.32528262627800E+07
-0.32617063036403E+07
-0.32705900532619E+07
-0.32794778093489E+07
-0.32883699065936E+07
-0.32972666931906E+07
-0.33061589604220E+07
-0.33150058580086E+07
-0.33238556888131E+07
-0.33327084569212E+07
-0.33415641573642E+07
-0.33504227833250E+07
-0.33592843124983E+07
-0.33680300747004E+07
-0.33768927625921E+07
-0.33857542749648E+07
-0.33946203768575E+07
-0.34035304548206E+07
-0.34127598117422E+07
-0.34219854790335E+07
-0.34312066230475E+07
-0.34404534645708E+07
-0.34497932752714E+07
-0.34591246174504E+07
-0.34698630899141E+07
-0.34782493474683E+07
-0.34895002713990E+07
-0.34987089007763E+07
-0.35067190316906E+07
-0.35156987399587E+07
-0.35246907301460E+07
-0.35337403279966E+07
-0.35427466030776E+07
-0.35512218633484E+07
-0.35602203774654E+07
-0.35692246087475E+07
-0.35782341641977E+07
-0.35873057370417E+07
-0.35963102431919E+07
-0.36053185359694E+07
-0.36143305499364E+07
-0.36233462513447E+07
-0.36323656295421E+07
-0.36413886937831E+07
-0.36504154865732E+07
-0.36594460552954E+07
-0.36684389153719E+07
-0.36774770383997E+07
-0.36865193041559E+07
-0.36955658563790E+07
-0.37045779499669E+07
-0.37135941143732E+07
-0.37226171631971E+07
-0.37316475917201E+07
-0.37406855633456E+07
-0.37497262577494E+07
-0.37587825196133E+07
-0.37677893950672E+07
-0.37767597360578E+07
-0.37857352931876E+07
-0.37947145434869E+07
-0.38036851722981E+07
-0.38126634951010E+07
-0.38218123133893E+07
-0.38319594966323E+07
-0.38410504570344E+07
-0.38501463517491E+07
-0.38592471468604E+07
-0.38683437678486E+07
-0.38774444683405E+07
-0.38865505207969E+07
-0.38956622259012E+07
-0.39047800471570E+07
-0.39139047084913E+07
-0.39230373773965E+07
-0.39321799974272E+07
-0.39416219383845E+07
-0.39511591189166E+07
-0.39607636769427E+07
-0.39703978922324E+07
-0.39801074023237E+07
-0.39897494769860E+07
-0.40010052677434E+07
-0.40098322249245E+07
-0.40186675784870E+07
-0.40310130013391E+07
-0.40392897985213E+07
-0.40485391753060E+07
-0.40578028133198E+07
-0.40670786779516E+07
-0.40763648077314E+07
-0.40856592955575E+07
-0.40944188364782E+07
-0.41035649398479E+07
-0.41128290973972E+07
-0.41220977904826E+07
-0.41313708022176E+07
-0.41406479764203E+07
-0.41499292068393E+07
-0.41592144303707E+07
-0.41685036162755E+07
-0.41777967750709E+07
-0.41870939454467E+07
-0.41963951961227E+07
-0.42057006278498E+07
-0.42149831422610E+07
-0.42242478600555E+07
-0.42335191133552E+07
-0.42427974397635E+07
-0.42520834706146E+07
-0.42613779854792E+07
-0.42706819639484E+07
-0.42799966807614E+07
-0.42892462100066E+07
-0.42984513772507E+07
-0.43076645024198E+07
-0.43168857363294E+07
-0.43261155586323E+07
-0.43353551235842E+07
-0.43446067306362E+07
-0.43550879244007E+07
-0.43644279004502E+07
-0.43737732496914E+07
-0.43831240844603E+07
-0.43924805990661E+07
-0.44018430523585E+07
-0.44112118839147E+07
-0.44205877028134E+07
-0.44299714634125E+07
-0.44393648225335E+07
-0.44487699575469E+07
-0.44582236912200E+07
-0.44680901885939E+07
-0.44780164894409E+07
-0.44879749306201E+07
-0.44979932924741E+07
-0.45106731760352E+07
-0.45197608208871E+07
-0.45287443482105E+07
-0.45377444324772E+07
-0.45512581547800E+07
-0.45595004923490E+07
-0.45689911291012E+07
-0.45784966983224E+07
-0.45880142614443E+07
-0.45975403125332E+07
-0.46070638557564E+07
-0.46159613868648E+07
-0.46254885973468E+07
-0.46352374446483E+07
-0.46447610225189E+07
-0.46542799544225E+07
-0.46637921743654E+07
-0.46733084319280E+07
-0.46828283686872E+07
-0.46923471571229E+07
-0.47018689790747E+07
-0.47113937152443E+07
-0.47209212971350E+07
-0.47304517088820E+07
-0.47399849741684E+07
-0.47494792634052E+07
-0.47586328663812E+07
-0.47681209832834E+07
-0.47776159478920E+07
-0.47871186091940E+07
-0.47966300282931E+07
-0.48061515702925E+07
-0.48155896062024E+07
-0.48250075477842E+07
-0.48344399217007E+07
-0.48438819764458E+07
-0.48533344253924E+07
-0.48630762295235E+07
-0.48739021254817E+07
-0.48834458684676E+07
-0.48929940634126E+07
-0.49025466497893E+07
-0.49121035797985E+07
-0.49216718977060E+07
-0.49312480353603E+07
-0.49408300670696E+07
-0.49504183475937E+07
-0.49600133798399E+07
-0.49696158858334E+07
-0.49792269247802E+07
-0.49888480599115E+07
-0.49984817056241E+07
-0.50082256474313E+07
-0.50179745308607E+07
-0.50280358503483E+07
-0.50382803161707E+07
-0.50511084211881E+07
-0.50612733570290E+07
-0.50684576831905E+07
-0.50806045362454E+07
-0.50897121424805E+07
-0.51040288505670E+07
-0.51122991672459E+07
-0.51219769821347E+07
-0.51316736804318E+07
-0.51413854259929E+07
-0.51511086646728E+07
-0.51601481354170E+07
-0.51698260516067E+07
-0.51795094168999E+07
-0.51891974638262E+07
-0.51988896424812E+07
-0.52083691034607E+07
-0.52180692493610E+07
-0.52277727145709E+07
-0.52374694242345E+07
-0.52471113153627E+07
-0.52567589372559E+07
-0.52664130454137E+07
-0.52760744990994E+07
-0.52857442369672E+07
-0.52954233670513E+07
-0.53051131696870E+07
-0.53148156540085E+07
-0.53245338529255E+07
-0.53341873970418E+07
-0.53438390236333E+07
-0.53544779855026E+07
-0.53642540616130E+07
-0.53740362468464E+07
-0.53838258563394E+07
-0.53936094844645E+07
-0.54034360110843E+07
-0.54131853050530E+07
-0.54229469410240E+07
-0.54327229732585E+07
-0.54424769506547E+07
-0.54522042829382E+07
-0.54619317521071E+07
-0.54716443995946E+07
-0.54814152866036E+07
-0.54911683281437E+07
-0.55009242464497E+07
-0.55106862982748E+07
-0.55204560306662E+07
-0.55303650035656E+07
-0.55402236107491E+07
-0.55501847982794E+07
-0.55601025774099E+07
-0.55699979506424E+07
-0.55832790714666E+07
-0.55934383811365E+07
-0.56009632899613E+07
-0.56103141722621E+07
-0.56197505954905E+07
-0.56382110647964E+07
-0.56463634738697E+07
-0.56563502077513E+07
-0.56661351746797E+07
-0.56759497718239E+07
-0.56847421252590E+07
-0.56945539958708E+07
-0.57043705732046E+07
-0.57144639820172E+07
-0.57242853423646E+07
-0.57341104589263E+07
-0.57439388506564E+07
-0.57537702164045E+07
-0.57636043802303E+07
-0.57731740983593E+07
-0.57829371683248E+07
-0.57927056316292E+07
-0.58024803108104E+07
-0.58122621124342E+07
-0.58220520358716E+07
-0.58318512201666E+07
-0.58416609835791E+07
-0.58525251699293E+07
-0.58624014730313E+07
-0.58723548629955E+07
-0.58822377345037E+07
-0.58923102389594E+07
-0.59021982242769E+07
-0.59120904882083E+07
-0.59217389927728E+07
-0.59316480988544E+07
-0.59415468477145E+07
-0.59513955341202E+07
-0.59612536021108E+07
-0.59711229565575E+07
-0.59810076062337E+07
-0.59909056016150E+07
-0.60008196573114E+07
-0.60107540040137E+07
-0.60207156092046E+07
-0.60307168273485E+07
-0.60407594720021E+07
-0.60506514759683E+07
-0.60606311170999E+07
-0.60705395866201E+07
-0.60806543799479E+07
-0.60907760858670E+07
-0.61008571908058E+07
-0.61124098223118E+07
-0.61230188946975E+07
-0.61333834054481E+07
-0.61436517196509E+07
-0.61537839660096E+07
-0.61610052070798E+07
-0.61703657660414E+07
-0.61896993642703E+07
-0.61978745288013E+07
-0.62054085829926E+07
-0.62153263754244E+07
-0.62252836927494E+07
-0.62373097111122E+07
-0.62468340644432E+07
-0.62567505020870E+07
-0.62668250408235E+07
-0.62767463529479E+07
-0.62866466931307E+07
-0.62964827981774E+07
-0.63063216848314E+07
-0.63161627220583E+07
-0.63259935406996E+07
-0.63360921845471E+07
-0.63459621475420E+07
-0.63568940781392E+07
-0.63671808176900E+07
-0.63771346202274E+07
-0.63870902575933E+07
-0.63970480136643E+07
-0.64070081422109E+07
-0.64169708782588E+07
-0.64269364640281E+07
-0.64369051532640E+07
-0.64468772146658E+07
-0.64568529263496E+07
-0.64668325979933E+07
-0.64768165619436E+07
-0.64867693279805E+07
-0.64967640133058E+07
-0.65066229243789E+07
-0.65165501341949E+07
-0.65264855089936E+07
-0.65364026998050E+07
-0.65463569884950E+07
-0.65563213873476E+07
-0.65659386059609E+07
-0.65770694372686E+07
-0.65900080728693E+07
-0.65999880710293E+07
-0.66101371254382E+07
-0.66214979346035E+07
-0.66316696289465E+07
-0.66418710304198E+07
-0.66518750562790E+07
-0.66620957802186E+07
-0.66723222688139E+07
-0.66825248096650E+07
-0.66936189528813E+07
-0.67048214588394E+07
-0.67061765881589E+07
-0.67268085601425E+07
-0.67342596428080E+07
-0.67470977717882E+07
-0.67583119180193E+07
-0.67623260766435E+07
-0.67756133657208E+07
-0.67856944547577E+07
-0.67955523332206E+07
-0.68055277692045E+07
-0.68155091335475E+07
-0.68254945112850E+07
-0.68354870795794E+07
-0.68453945537338E+07
-0.68552197723760E+07
-0.68651300544469E+07
-0.68766449639923E+07
-0.68867604105538E+07
-0.68968479069414E+07
-0.69068896321420E+07
-0.69169205767926E+07
-0.69269523391489E+07
-0.69369850963605E+07
-0.69470190251973E+07
-0.69570542902191E+07
-0.69670910928338E+07
-0.69770479366695E+07
-0.69870889035324E+07
-0.69971320722485E+07
-0.70071776593449E+07
-0.70172258527059E+07
-0.70285525756446E+07
-0.70386240914746E+07
-0.70487084472921E+07
-0.70590145613668E+07
-0.70691002009799E+07
-0.70791906101329E+07
-0.70892669544421E+07
-0.71024598867560E+07
-0.71126565677043E+07
-0.71228657734850E+07
-0.71330872766280E+07
-0.71433206664970E+07
-0.71535650088796E+07
-0.71638148285799E+07
-0.71740535221695E+07
-0.71845998594269E+07
-0.71948414212857E+07
-0.72050997610124E+07
-0.72153760858087E+07
-0.72256689204879E+07
-0.72359761944679E+07
-0.72462956449817E+07
-0.72563665396794E+07
-0.72673396421813E+07
-0.72784685980638E+07
-0.72895797346594E+07
-0.72990894781987E+07
-0.73093922682882E+07
-0.73144552372152E+07
-0.73244613961629E+07
-0.73344904732762E+07
-0.73445368835754E+07
-0.73545919821306E+07
-0.73659346157306E+07
-0.73760342740267E+07
-0.73861451433456E+07
-0.73963773272698E+07
-0.74065005248671E+07
-0.74166313591411E+07
-0.74267686944498E+07
-0.74369100930789E+07
-0.74470108525689E+07
-0.74571935863431E+07
-0.74693222272574E+07
-0.74794390995065E+07
-0.74895576234314E+07
-0.74996777367271E+07
-0.75097994276875E+07
-0.75199227307740E+07
-0.75300477178737E+07
-0.75401735499689E+07
-0.75502969399745E+07
-0.75604240485118E+07
-0.75705550657222E+07
-0.75827725099075E+07
-0.75930034974435E+07
-0.76032432434148E+07
-0.76133570482995E+07
-0.76236387075897E+07
-0.76339303836110E+07
-0.76442388198963E+07
-0.76545678246585E+07
-0.76649132036981E+07
-0.76794279140088E+07
-0.76897180504591E+07
-0.77000272621239E+07
-0.77103550851118E+07
-0.77207010183426E+07
-0.77310643892750E+07
-0.77414444372439E+07
-0.77518400669901E+07
-0.77627366086302E+07
-0.77729741203361E+07
-0.77834792206394E+07
-0.77937068014318E+07
-0.78022359296444E+07
-0.78131156490253E+07
-0.78239045749874E+07
-0.78345382813272E+07
-0.78488299632337E+07
-0.78594584847306E+07
-0.78695173937748E+07
-0.78753835082420E+07
-0.78842457341689E+07
-0.78980595360177E+07
-0.79107625621704E+07
-0.79213500481853E+07
-0.79316479734806E+07
-0.79424730625112E+07
-0.79528173690330E+07
-0.79581450228692E+07
-0.79671525741321E+07
-0.79772562066873E+07
-0.79873865661104E+07
-0.79975382868577E+07
-0.80076590814996E+07
-0.80177801471985E+07
-0.80279044152718E+07
-0.80378848979162E+07
-0.80480161408279E+07
-0.80594526940125E+07
-0.80697704134176E+07
-0.80800576942261E+07
-0.80903541411500E+07
-0.81006589563029E+07
-0.81110258804476E+07
-0.81213378507384E+07
-0.81315761272239E+07
-0.81417974348247E+07
-0.81517245402969E+07
-0.81619975282915E+07
-0.81722802193192E+07
-0.81825729813681E+07
-0.81928726548319E+07
-0.82031835745586E+07
-0.82135114268994E+07
-0.82238776154251E+07
-0.82342693472968E+07
-0.82446862695383E+07
-0.82551282265175E+07
-0.82655951837276E+07
-0.82760873486438E+07
-0.82866050636312E+07
-0.82971489811589E+07
-0.83077199809367E+07
-0.83226395385959E+07
-0.83331105894728E+07
-0.83434550557855E+07
-0.83539323770581E+07
-0.83615826220716E+07
-0.83724289832143E+07
-0.83833106514778E+07
-0.83942492305277E+07
-0.84057175939606E+07
-0.84166827194100E+07
-0.84241989871684E+07
-0.84348963720913E+07
-0.84448629193683E+07
-0.84555581979083E+07
-0.84662712075434E+07
-0.84770054754922E+07
-0.84997219260447E+07
-0.85104208234235E+07
-0.85209398729323E+07
-0.85340608226333E+07
-0.85384721573548E+07
-0.85492088835742E+07
-0.85597816874742E+07
-0.85702978370419E+07
-0.85785353152310E+07
-0.85890851517838E+07
-0.85995072430347E+07
-0.86097147551185E+07
-0.86201914822030E+07
-0.86304127523275E+07
-0.86406574507301E+07
-0.86509228318883E+07
-0.86611597074376E+07
-0.86714671382055E+07
-0.86817883827603E+07
-0.86921945080682E+07
-0.87025273628730E+07
-0.87128716530963E+07
-0.87227296550031E+07
-0.87329607310124E+07
-0.87431973518245E+07
-0.87534668183490E+07
-0.87637414553523E+07
-0.87740449256121E+07
-0.87843920728626E+07
-0.87947395556856E+07
-0.88051030419078E+07
-0.88155144579534E+07
-0.88259561946655E+07
-0.88364268174663E+07
-0.88469260327873E+07
-0.88574536366142E+07
-0.88680096598567E+07
-0.88785943605816E+07
-0.88892128045253E+07
-0.88998572031142E+07
-0.89066657433868E+07
-0.89182255612182E+07
-0.89282770141016E+07
-0.89395307710901E+07
-0.89495785115462E+07
-0.89608395888898E+07
-0.89726086501933E+07
-0.89831505122687E+07
-0.89895980666448E+07
-0.90005315792552E+07
-0.90114726632948E+07
-0.90224228004430E+07
-0.90333837231689E+07
-0.90443607800046E+07
-0.90591791373848E+07
-0.90699984512277E+07
-0.90808463313694E+07
-0.90917320754763E+07
-0.91021365936588E+07
-0.91134054899281E+07
-0.91245328045276E+07
-0.91354906445244E+07
-0.91463536391875E+07
-0.91525305460741E+07
-0.91632093366020E+07
-0.91741278572674E+07
-0.91848489924754E+07
-0.91955040843096E+07
-0.92070223152563E+07
-0.92173420141154E+07
-0.92278510829749E+07
-0.92382114328633E+07
-0.92448335059662E+07
-0.92552068869192E+07
-0.92658237558023E+07
-0.92761764006016E+07
-0.92864534922086E+07
-0.92964518659027E+07
-0.93067546938118E+07
-0.93169696563031E+07
-0.93271971241939E+07
-0.93374372364205E+07
-0.93476900336223E+07
-0.93579560747161E+07
-0.93682356590235E+07
-0.93785294040377E+07
-0.93888491845056E+07
-0.93992078072533E+07
-0.94095893162542E+07
-0.94199982355157E+07
-0.94304624826801E+07
-0.94409576547429E+07
-0.94514913762241E+07
-0.94619918721193E+07
-0.94724716347141E+07
-0.94829788283443E+07
-0.94935135527683E+07
-0.95036548823690E+07
-0.95141185723627E+07
-0.95245714266928E+07
-0.95350441272602E+07
-0.95455162826352E+07
-0.95559990086635E+07
-0.95664937726237E+07
-0.95770113193647E+07
-0.95875423420895E+07
-0.95925929512359E+07
-0.96036266542060E+07
-0.96146658151351E+07
-0.96257117567605E+07
-0.96367664403599E+07
-0.96478315510307E+07
-0.96589089826157E+07
-0.96700012009692E+07
-0.96811112339733E+07
-0.96922426550328E+07
-0.97033999996946E+07
-0.97145152892973E+07
-0.97255149000967E+07
-0.97418209139553E+07
-0.97529740221023E+07
-0.97536792993564E+07
-0.97645379523897E+07
-0.97752887496073E+07
-0.97859690057632E+07
-0.97967409959851E+07
-0.98074863612055E+07
-0.98233800177120E+07
-0.98349645429149E+07
-0.98451272960076E+07
-0.98553471177358E+07
-0.98621366613061E+07
-0.98722660198816E+07
-0.98825742042924E+07
-0.98929253217865E+07
-0.99032702944369E+07
-0.99134749933742E+07
-0.99236801396571E+07
-0.99338989446346E+07
-0.99441311659192E+07
-0.99543767292081E+07
-0.99646358997944E+07
-0.99749088851395E+07
-0.99851964270104E+07
-0.99954986801405E+07
-0.10005816599067E+08
-0.10016161826160E+08
-0.10026552614921E+08
-0.10036985625534E+08
-0.10048011102463E+08
-0.10058378743244E+08
-0.10068753090598E+08
-0.10079134433908E+08
-0.10089523634866E+08
-0.10099934743422E+08
-0.10110369324425E+08
-0.10120821764495E+08
-0.10131289791178E+08
-0.10141773092601E+08
-0.10152271555028E+08
-0.10162785185009E+08
-0.10173313655458E+08
-0.10183857050811E+08
-0.10186541124568E+08
-0.10197675075053E+08
-0.10208807261298E+08
-0.10219921738149E+08
-0.10231071457051E+08
-0.10242229776409E+08
-0.10253382852375E+08
-0.10264542397810E+08
-0.10275711141808E+08
-0.10286891617491E+08
-0.10298086278979E+08
-0.10309298290274E+08
-0.10320530541364E+08
-0.10331787569288E+08
-0.10343074168477E+08
-0.10354397791707E+08
-0.10365642077174E+08
-0.10376848610606E+08
-0.10381590395861E+08
-0.10392569911507E+08
-0.10403575623448E+08
-0.10414596759623E+08
-0.10425639330852E+08
-0.10436550118206E+08
-0.10447462236197E+08
-0.10457529911820E+08
-0.10475928900175E+08
-0.10486044281787E+08
-0.10496197359403E+08
-0.10506425212486E+08
-0.10516695926198E+08
-0.10523194328755E+08
-0.10533099231375E+08
-0.10543010661786E+08
-0.10553234091219E+08
-0.10563475104786E+08
-0.10573732814434E+08
-0.10584007452337E+08
-0.10594298405345E+08
-0.10604606307620E+08
-0.10616313327789E+08
-0.10626655715379E+08
-0.10637005469836E+08
-0.10647362182145E+08
-0.10657726188792E+08
-0.10668097445508E+08
-0.10678475990215E+08
-0.10688861707055E+08
-0.10699255208941E+08
-0.10709656269973E+08
-0.10720008390250E+08
-0.10730429247072E+08
-0.10740858363102E+08
-0.10751500450315E+08
-0.10761930788014E+08
-0.10772369938784E+08
-0.10782818700692E+08
-0.10793288385637E+08
-0.10803818729606E+08
-0.10814385889178E+08
-0.10824971465272E+08
-0.10825219854034E+08
-0.10836490376381E+08
-0.10847756254906E+08
-0.10859018781951E+08
-0.10870278862363E+08
-0.10881536595255E+08
-0.10892774483027E+08
-0.10904055264218E+08
-0.10915335912920E+08
-0.10926614416390E+08
-0.10937900216391E+08
-0.10949196390267E+08
-0.10960505288586E+08
-0.10971834213895E+08
-0.10983306170028E+08
-0.10993130871976E+08
-0.11004612374677E+08
-0.11016124500296E+08
-0.11022818433751E+08
-0.11033897732058E+08
-0.11044982488928E+08
-0.11056075430838E+08
-0.11067179060312E+08
-0.11078038113301E+08
-0.11089168790939E+08
-0.11101200308369E+08
-0.11110480022054E+08
-0.11128829570233E+08
-0.11138735992873E+08
-0.11148652257769E+08
-0.11158606347285E+08
-0.11168604948331E+08
-0.11181644198605E+08
-0.11191879263473E+08
-0.11196309735842E+08
-0.11212571606676E+08
-0.11222739297950E+08
-0.11232927759804E+08
-0.11243135812107E+08
-0.11253360398270E+08
-0.11263641315018E+08
-0.11273944476437E+08
-0.11284254033525E+08
-0.11297575142445E+08
-0.11302112257545E+08
-0.11312216447651E+08
-0.11322833055145E+08
-0.11332923886208E+08
-0.11343000597502E+08
-0.11353408157340E+08
-0.11363464488605E+08
-0.11373504543976E+08
-0.11383807029533E+08
-0.11394352681294E+08
-0.11404786478197E+08
-0.11415227976947E+08
-0.11425676690831E+08
-0.11436133770157E+08
-0.11446598351924E+08
-0.11457070876311E+08
-0.11467551184079E+08
-0.11478039407942E+08
-0.11488535929091E+08
-0.11488265776055E+08
-0.11499673531028E+08
-0.11511102003922E+08
-0.11522496862010E+08
-0.11533943580338E+08
-0.11545361684276E+08
-0.11556770164029E+08
-0.11568173290432E+08
-0.11579700897862E+08
-0.11591232032672E+08
-0.11602767959668E+08
-0.11614310869925E+08
-0.11625864071578E+08
-0.11637431952423E+08
-0.11649017380768E+08
-0.11660626747242E+08
-0.11672264378700E+08
-0.11683937719123E+08
-0.11695679485789E+08
-0.11700956592853E+08
-0.11711883449542E+08
-0.11723082396834E+08
-0.11733791953957E+08
-0.11745002214864E+08
-0.11756242619691E+08
-0.11768182560980E+08
-0.11779543902308E+08
-0.11790949863337E+08
-0.11798482062888E+08
-0.11809534053776E+08
-0.11820597824813E+08
-0.11831675187550E+08
-0.11842769008549E+08
-0.11853884195276E+08
-0.11864889845271E+08
-0.11875058462512E+08
-0.11883964738199E+08
-0.11901631785664E+08
-0.11916785252968E+08
-0.11926879165441E+08
-0.11937003838216E+08
-0.11947954039441E+08
-0.11958082652025E+08
-0.11968207345314E+08
-0.11978365354071E+08
-0.11988554439541E+08
-0.11998771163958E+08
-0.12009032306545E+08
-0.12019367926982E+08
-0.12029000267385E+08
-0.12036437540017E+08
-0.12046533645880E+08
-0.12056614709573E+08
-0.12066679680704E+08
-0.12078254727623E+08
-0.12088326999732E+08
-0.12098381939963E+08
-0.12108418944787E+08
-0.12117168479069E+08
-0.12127600851539E+08
-0.12138147118968E+08
-0.12148695723041E+08
-0.12142718802775E+08
-0.12154123316767E+08
-0.12165621533298E+08
-0.12177095734790E+08
-0.12188566282662E+08
-0.12200077916749E+08
-0.12211543650457E+08
-0.12222958889464E+08
-0.12234317349257E+08
-0.12251325288200E+08
-0.12263012546210E+08
-0.12274707857108E+08
-0.12286415229307E+08
-0.12298139377656E+08
-0.12309883480036E+08
-0.12321654059409E+08
-0.12331677543282E+08
-0.12343463495865E+08
-0.12355316135873E+08
-0.12359874215135E+08
-0.12371184858138E+08
-0.12382496673162E+08
-0.12393811259928E+08
-0.12405129863702E+08
-0.12419175828322E+08
-0.12424529757635E+08
-0.12435632442522E+08
-0.12446738355689E+08
-0.12457846497843E+08
-0.12468958559355E+08
-0.12480072879295E+08
-0.12491210789612E+08
-0.12498874278563E+08
-0.12510121088004E+08
-0.12521381340754E+08
-0.12532659300654E+08
-0.12543956355006E+08
-0.12555278577360E+08
-0.12566629721881E+08
-0.12577907261097E+08
-0.12589172907723E+08
-0.12600504751748E+08
-0.12610986369676E+08
-0.12621870699826E+08
-0.12632787377352E+08
-0.12650850907415E+08
-0.12661602642488E+08
-0.12672346733312E+08
-0.12687755431245E+08
-0.12697844703630E+08
-0.12707976122970E+08
-0.12718146709883E+08
-0.12728358475225E+08
-0.12738629076521E+08
-0.12749005192072E+08
-0.12759752743907E+08
-0.12770141655728E+08
-0.12780541365973E+08
-0.12790953590152E+08
-0.12801379417168E+08
-0.12811817612209E+08
-0.12817364807885E+08
-0.12827276051740E+08
-0.12837178324195E+08
-0.12847056385429E+08
-0.12838348163780E+08
-0.12849751652823E+08
-0.12861449413058E+08
-0.12873124099715E+08
-0.12884776300702E+08
-0.12896403789347E+08
-0.12908029320318E+08
-0.12919703834318E+08
-0.12931331665225E+08
-0.12942911631702E+08
-0.12954433748273E+08
-0.12965888287962E+08
-0.12977256626989E+08
-0.12993087081414E+08
-0.13004972703920E+08
-0.13012618598495E+08
-0.13024713726190E+08
-0.13036845322195E+08
-0.13041619309898E+08
-0.13052797564337E+08
-0.13063966790595E+08
-0.13079595340163E+08
-0.13086652097929E+08
-0.13098277238150E+08
-0.13109921017669E+08
-0.13121578597511E+08
-0.13133254510361E+08
-0.13144949002917E+08
-0.13156661262338E+08
-0.13168403170315E+08
-0.13171364214075E+08
-0.13182693283019E+08
-0.13194026920281E+08
-0.13205363288490E+08
-0.13216706025718E+08
-0.13228055805457E+08
-0.13239412113082E+08
-0.13250775665108E+08
-0.13262149105460E+08
-0.13273534143332E+08
-0.13284929954334E+08
