-0.83044933409019E+09
-0.83044911089377E+09
-0.83044860605740E+09
-0.83044845242637E+09
-0.83044843071275E+09
-0.83044847420427E+09
-0.83044855862470E+09
-0.83044867357178E+09
-0.83044881400273E+09
-0.83044897723846E+09
-0.83044916175050E+09
-0.83044936661585E+09
-0.83044959125082E+09
-0.83044983527185E+09
-0.83045009841870E+09
-0.83045038050987E+09
-0.83045068141583E+09
-0.83045100104222E+09
-0.83045133931914E+09
-0.83045169619401E+09
-0.83045207162678E+09
-0.83045246558662E+09
-0.83045287804958E+09
-0.83045330899693E+09
-0.83045375841397E+09
-0.83045422628909E+09
-0.83045471261315E+09
-0.83045521737895E+09
-0.83045574058089E+09
-0.83045628221460E+09
-0.83045684227678E+09
-0.83045742076499E+09
-0.83045801767751E+09
-0.83045863301322E+09
-0.83045926677152E+09
-0.83045991895225E+09
-0.83046058955564E+09
-0.83046127858223E+09
-0.83046198603289E+09
-0.83046271190871E+09
-0.83046345621102E+09
-0.83046421894138E+09
-0.83046500010151E+09
-0.83046579969332E+09
-0.83046661771886E+09
-0.83046745418035E+09
-0.83046830908013E+09
-0.83046918242067E+09
-0.83047007420455E+09
-0.83047098443449E+09
-0.83047191311330E+09
-0.83047286024389E+09
-0.83047382582929E+09
-0.83047480987260E+09
-0.83047581237703E+09
-0.83047683334589E+09
-0.83047787278256E+09
-0.83047893069050E+09
-0.83048000707328E+09
-0.83048110193455E+09
-0.83048221527801E+09
-0.83048334710748E+09
-0.83048449742683E+09
-0.83048566624003E+09
-0.83048685355112E+09
-0.83048805936421E+09
-0.83048928368349E+09
-0.83049052651325E+09
-0.83049178785781E+09
-0.83049306772161E+09
-0.83049436610913E+09
-0.83049568302495E+09
-0.83049701847371E+09
-0.83049837246013E+09
-0.83049974498901E+09
-0.83050113606522E+09
-0.83050254569368E+09
-0.83050397387943E+09
-0.83050542062755E+09
-0.83050688594321E+09
-0.83050836983164E+09
-0.83050987229815E+09
-0.83051139334814E+09
-0.83051293298705E+09
-0.83051449122044E+09
-0.83051606805390E+09
-0.83051766349312E+09
-0.83051927754386E+09
-0.83052091021195E+09
-0.83052256150329E+09
-0.83052423142388E+09
-0.83052591997978E+09
-0.83052762717710E+09
-0.83052935302207E+09
-0.83053109752096E+09
-0.83053286068015E+09
-0.83053464250607E+09
-0.83053644300522E+09
-0.83053826218421E+09
-0.83054010004970E+09
-0.83054195660843E+09
-0.83054383186722E+09
-0.83054572583299E+09
-0.83054763851269E+09
-0.83054956991340E+09
-0.83055152004224E+09
-0.83055348890642E+09
-0.83055547651325E+09
-0.83055748287008E+09
-0.83055950798437E+09
-0.83056155186366E+09
-0.83056361451554E+09
-0.83056569594772E+09
-0.83056779616796E+09
-0.83056991518411E+09
-0.83057205300412E+09
-0.83057420963600E+09
-0.83057638508784E+09
-0.83057857936784E+09
-0.83058079248424E+09
-0.83058302444539E+09
-0.83058527525974E+09
-0.83058754493578E+09
-0.83058983348212E+09
-0.83059214090745E+09
-0.83059446722052E+09
-0.83059681243019E+09
-0.83059917654540E+09
-0.83060155957517E+09
-0.83060396152861E+09
-0.83060638241493E+09
-0.83060882224340E+09
-0.83061128102340E+09
-0.83061375876439E+09
-0.83061625547592E+09
-0.83061877116762E+09
-0.83062130584922E+09
-0.83062385953055E+09
-0.83062643222149E+09
-0.83062902393206E+09
-0.83063163467235E+09
-0.83063426445252E+09
-0.83063691328286E+09
-0.83063958117373E+09
-0.83064226813558E+09
-0.83064497417897E+09
-0.83064769931455E+09
-0.83065044355304E+09
-0.83065320690529E+09
-0.83065598938222E+09
-0.83065879099487E+09
-0.83066161175434E+09
-0.83066445167186E+09
-0.83066731075875E+09
-0.83067018902642E+09
-0.83067308648637E+09
-0.83067600315023E+09
-0.83067893902971E+09
-0.83068189413660E+09
-0.83068486848283E+09
-0.83068786208041E+09
-0.83069087494145E+09
-0.83069390707817E+09
-0.83069695850289E+09
-0.83070002922804E+09
-0.83070311926613E+09
-0.83070622862980E+09
-0.83070935733180E+09
-0.83071250538496E+09
-0.83071567280224E+09
-0.83071885959669E+09
-0.83072206578147E+09
-0.83072529136987E+09
-0.83072853637526E+09
-0.83073180081114E+09
-0.83073508469111E+09
-0.83073838802889E+09
-0.83074171083830E+09
-0.83074505313329E+09
-0.83074841492790E+09
-0.83075179623631E+09
-0.83075519707279E+09
-0.83075861745174E+09
-0.83076205738767E+09
-0.83076551689522E+09
-0.83076899598913E+09
-0.83077249468427E+09
-0.83077601299562E+09
-0.83077955093830E+09
-0.83078310852752E+09
-0.83078668577863E+09
-0.83079028270710E+09
-0.83079389932853E+09
-0.83079753565864E+09
-0.83080119171326E+09
-0.83080486750837E+09
-0.83080856306006E+09
-0.83081227838455E+09
-0.83081601349819E+09
-0.83081976841746E+09
-0.83082354315897E+09
-0.83082733773947E+09
-0.83083115217581E+09
-0.83083498648502E+09
-0.83083884068422E+09
-0.83084271479069E+09
-0.83084660882185E+09
-0.83085052279522E+09
-0.83085445672851E+09
-0.83085841063953E+09
-0.83086238454624E+09
-0.83086637846674E+09
-0.83087039241929E+09
-0.83087442642226E+09
-0.83087848049418E+09
-0.83088255465373E+09
-0.83088664891973E+09
-0.83089076331115E+09
-0.83089489784710E+09
-0.83089905254685E+09
-0.83090322742981E+09
-0.83090742251555E+09
-0.83091163782378E+09
-0.83091587337439E+09
-0.83092012918739E+09
-0.83092440528298E+09
-0.83092870168148E+09
-0.83093301840341E+09
-0.83093735546941E+09
-0.83094171290031E+09
-0.83094609071710E+09
-0.83095048894091E+09
-0.83095490759306E+09
-0.83095934669502E+09
-0.83096380626844E+09
-0.83096828633513E+09
-0.83097278691708E+09
-0.83097730803643E+09
-0.83098184971553E+09
-0.83098641197685E+09
-0.83099099484310E+09
-0.83099559833711E+09
-0.83100022248193E+09
-0.83100486730077E+09
-0.83100953281702E+09
-0.83101421905426E+09
-0.83101892603626E+09
-0.83102365378696E+09
-0.83102840233050E+09
-0.83103317169121E+09
-0.83103796189361E+09
-0.83104277296240E+09
-0.83104760492250E+09
-0.83105245779899E+09
-0.83105733161719E+09
-0.83106222640258E+09
-0.83106714218087E+09
-0.83107207897797E+09
-0.83107703681996E+09
-0.83108201573318E+09
-0.83108701574413E+09
-0.83109203687956E+09
-0.83109707916640E+09
-0.83110214263181E+09
-0.83110722730317E+09
-0.83111233320806E+09
-0.83111746037430E+09
-0.83112260882993E+09
-0.83112777860319E+09
-0.83113296972256E+09
-0.83113818221677E+09
-0.83114341611474E+09
-0.83114867144566E+09
-0.83115394823892E+09
-0.83115924652418E+09
-0.83116456633131E+09
-0.83116990769043E+09
-0.83117527063191E+09
-0.83118065518637E+09
-0.83118606138466E+09
-0.83119148925789E+09
-0.83119693883742E+09
-0.83120241015487E+09
-0.83120790324212E+09
-0.83121341813129E+09
-0.83121895485479E+09
-0.83122451344529E+09
-0.83123009393569E+09
-0.83123569635922E+09
-0.83124132074934E+09
-0.83124696713980E+09
-0.83125263556463E+09
-0.83125832605813E+09
-0.83126403865489E+09
-0.83126977338981E+09
-0.83127553029804E+09
-0.83128130941505E+09
-0.83128711077659E+09
-0.83129293441873E+09
-0.83129878037781E+09
-0.83130464869050E+09
-0.83131053939377E+09
-0.83131645252490E+09
-0.83132238812149E+09
-0.83132834622146E+09
-0.83133432686303E+09
-0.83134033008476E+09
-0.83134635592555E+09
-0.83135240442460E+09
-0.83135847562148E+09
-0.83136456955607E+09
-0.83137068626861E+09
-0.83137682579967E+09
-0.83138298819019E+09
-0.83138917348144E+09
-0.83139538171506E+09
-0.83140161293306E+09
-0.83140786717780E+09
-0.83141414449200E+09
-0.83142044491878E+09
-0.83142676850161E+09
-0.83143311528437E+09
-0.83143948531130E+09
-0.83144587862704E+09
-0.83145229527663E+09
-0.83145873530549E+09
-0.83146519875947E+09
-0.83147168568481E+09
-0.83147819612815E+09
-0.83148473013658E+09
-0.83149128775760E+09
-0.83149786903911E+09
-0.83150447402948E+09
-0.83151110277750E+09
-0.83151775533239E+09
-0.83152443174385E+09
-0.83153113206199E+09
-0.83153785633741E+09
-0.83154460462117E+09
-0.83155137696477E+09
-0.83155817342023E+09
-0.83156499404001E+09
-0.83157183887708E+09
-0.83157870798489E+09
-0.83158560141739E+09
-0.83159251922903E+09
-0.83159946147478E+09
-0.83160642821012E+09
-0.83161341949106E+09
-0.83162043537412E+09
-0.83162747591638E+09
-0.83163454117543E+09
-0.83164163120945E+09
-0.83164874607715E+09
-0.83165588583781E+09
-0.83166305055127E+09
-0.83167024027796E+09
-0.83167745507889E+09
-0.83168469501567E+09
-0.83169196015050E+09
-0.83169925054619E+09
-0.83170656626617E+09
-0.83171390737448E+09
-0.83172127393582E+09
-0.83172866601551E+09
-0.83173608367952E+09
-0.83174352699448E+09
-0.83175099602768E+09
-0.83175849084711E+09
-0.83176601152140E+09
-0.83177355811993E+09
-0.83178113071273E+09
-0.83178872937057E+09
-0.83179635416495E+09
-0.83180400516808E+09
-0.83181168245292E+09
-0.83181938609320E+09
-0.83182711616339E+09
-0.83183487273875E+09
-0.83184265589531E+09
-0.83185046570991E+09
-0.83185830226020E+09
-0.83186616562463E+09
-0.83187405588250E+09
-0.83188197311394E+09
-0.83188991739994E+09
-0.83189788882236E+09
-0.83190588746395E+09
-0.83191391340832E+09
-0.83192196674002E+09
-0.83193004754451E+09
-0.83193815590817E+09
-0.83194629191834E+09
-0.83195445566333E+09
-0.83196264723241E+09
-0.83197086671585E+09
-0.83197911420492E+09
-0.83198738979191E+09
-0.83199569357016E+09
-0.83200402563407E+09
-0.83201238607907E+09
-0.83202077500172E+09
-0.83202919249967E+09
-0.83203763867169E+09
-0.83204611361767E+09
-0.83205461743870E+09
-0.83206315023702E+09
-0.83207171211605E+09
-0.83208030318047E+09
-0.83208892353615E+09
-0.83209757329023E+09
-0.83210625255115E+09
-0.83211496142861E+09
-0.83212370003366E+09
-0.83213246847866E+09
-0.83214126687737E+09
-0.83215009534491E+09
-0.83215895399781E+09
-0.83216784295406E+09
-0.83217676233310E+09
-0.83218571225584E+09
-0.83219469284471E+09
-0.83220370422370E+09
-0.83221274651834E+09
-0.83222181985576E+09
-0.83223092436473E+09
-0.83224006017566E+09
-0.83224922742063E+09
-0.83225842623347E+09
-0.83226765674971E+09
-0.83227691910670E+09
-0.83228621344358E+09
-0.83229553990135E+09
-0.83230489862287E+09
-0.83231428975294E+09
-0.83232371343832E+09
-0.83233316982773E+09
-0.83234265907196E+09
-0.83235218132386E+09
-0.83236173673839E+09
-0.83237132547266E+09
-0.83238094768601E+09
-0.83239060354000E+09
-0.83240029319851E+09
-0.83241001682772E+09
-0.83241977459625E+09
-0.83242956667513E+09
-0.83243939323788E+09
-0.83244925446061E+09
-0.83245915052199E+09
-0.83246908160337E+09
-0.83247904788882E+09
-0.83248904956519E+09
-0.83249908682220E+09
-0.83250915985245E+09
-0.83251926885154E+09
-0.83252941401812E+09
-0.83253959555395E+09
-0.83254981366401E+09
-0.83256006855655E+09
-0.83257036044319E+09
-0.83258068953896E+09
-0.83259105606247E+09
-0.83260146023593E+09
-0.83261190228526E+09
-0.83262238244020E+09
-0.83263290093444E+09
-0.83264345800565E+09
-0.83265405389569E+09
-0.83266468885063E+09
-0.83267536312097E+09
-0.83268607696166E+09
-0.83269683063235E+09
-0.83270762439744E+09
-0.83271845852627E+09
-0.83272933329327E+09
-0.83274024897811E+09
-0.83275120586591E+09
-0.83276220424738E+09
-0.83277324441903E+09
-0.83278432668339E+09
-0.83279545134919E+09
-0.83280661873165E+09
-0.83281782915264E+09
-0.83282908294104E+09
-0.83284038043294E+09
-0.83285172197200E+09
-0.83286310790972E+09
-0.83287453860583E+09
-0.83288601442865E+09
-0.83289753575548E+09
-0.83290910297309E+09
-0.83292071647813E+09
-0.83293237667772E+09
-0.83294408399000E+09
-0.83295583884476E+09
-0.83296764168417E+09
-0.83297949296353E+09
-0.83299139315216E+09
-0.83300334273437E+09
-0.83301534221059E+09
-0.83302739209859E+09
-0.83303949293495E+09
-0.83305164527667E+09
-0.83306384970311E+09
-0.83307610681822E+09
-0.83308841725318E+09
-0.83310078166950E+09
-0.83311320076287E+09
-0.83312567526769E+09
-0.83313820596284E+09
-0.83315079367875E+09
-0.83316343930654E+09
-0.83317614380989E+09
-0.83318890824082E+09
-0.83320173376127E+09
-0.83321462167359E+09
-0.83322757346527E+09
-0.83324059087768E+09
-0.83325367601846E+09
-0.83326683156048E+09
-0.83328006113461E+09
-0.83329337023593E+09
-0.83330676864700E+09
-0.83332026410436E+09
-0.83333382679541E+09
-0.83334744052461E+09
-0.83336110362983E+09
-0.83337481675419E+09
-0.83338858127116E+09
-0.83340239866627E+09
-0.83341627115705E+09
-0.83343019892412E+09
-0.83344418378538E+09
-0.83345822796035E+09
-0.83347233194577E+09
-0.83348649671281E+09
-0.83350072428163E+09
-0.83351501452640E+09
-0.83352936885638E+09
-0.83354378900173E+09
-0.83355827509594E+09
-0.83357282822187E+09
-0.83358744925086E+09
-0.83360213877758E+09
-0.83361689756615E+09
-0.83363172753947E+09
-0.83364662876358E+09
-0.83366160191955E+09
-0.83367664905397E+09
-0.83369176930241E+09
-0.83370696421071E+09
-0.83372223459283E+09
-0.83373758278509E+09
-0.83375300627708E+09
-0.83376850833679E+09
-0.83378409007561E+09
-0.83379975171253E+09
-0.83381549413634E+09
-0.83383131862948E+09
-0.83384722594951E+09
-0.83386321648625E+09
-0.83387929213808E+09
-0.83389545353124E+09
-0.83391170151631E+09
-0.83392803727211E+09
-0.83394446250989E+09
-0.83396097695384E+09
-0.83397758228360E+09
-0.83399427893811E+09
-0.83401106988791E+09
-0.83402795441140E+09
-0.83404493327898E+09
-0.83406201041906E+09
-0.83407918420067E+09
-0.83409645928485E+09
-0.83411383358938E+09
-0.83413130642268E+09
-0.83414888355389E+09
-0.83416656655347E+09
-0.83418435468478E+09
-0.83420224754266E+09
-0.83422025071788E+09
-0.83423836378567E+09
-0.83425658824535E+09
-0.83427492542050E+09
-0.83429337709972E+09
-0.83431194466655E+09
-0.83433062941739E+09
-0.83434943427858E+09
-0.83436835995797E+09
-0.83438740993702E+09
-0.83440657989577E+09
-0.83442587886474E+09
-0.83444530521896E+09
-0.83446486196641E+09
-0.83448455076474E+09
-0.83450437412490E+09
-0.83452433152311E+09
-0.83454442852050E+09
-0.83456466552257E+09
-0.83458504471544E+09
-0.83460556836163E+09
-0.83462623915167E+09
-0.83464705862440E+09
-0.83466802918717E+09
-0.83468915243406E+09
-0.83471043684161E+09
-0.83473188266217E+09
-0.83475348305731E+09
-0.83477524951863E+09
-0.83479718601414E+09
-0.83481929149660E+09
-0.83484156950355E+09
-0.83486402363870E+09
-0.83488665691816E+09
-0.83490947304060E+09
-0.83493247424872E+09
-0.83495566438264E+09
-0.83497904681243E+09
-0.83500262552165E+09
-0.83502640353739E+09
-0.83505038449233E+09
-0.83507457248062E+09
-0.83509897139892E+09
-0.83512358528747E+09
-0.83514841638906E+09
-0.83517347628890E+09
-0.83519875485863E+09
-0.83522427248145E+09
-0.83525002845235E+09
-0.83527602055381E+09
-0.83530226326654E+09
-0.83532876624757E+09
-0.83535554528562E+09
-0.83538251427291E+09
-0.83540979399125E+09
-0.83543734647534E+09
-0.83546517746175E+09
-0.83549329241082E+09
-0.83552169952066E+09
-0.83555040619486E+09
-0.83557941825766E+09
-0.83560874171100E+09
-0.83563838441224E+09
-0.83566835015918E+09
-0.83569865257820E+09
-0.83572932487297E+09
-0.83576031119581E+09
-0.83579161874472E+09
-0.83582331822890E+09
-0.83585538969336E+09
-0.83588784566495E+09
-0.83592069219995E+09
-0.83595394635608E+09
-0.83598761547664E+09
-0.83602167581946E+09
-0.83605619135285E+09
-0.83609114931383E+09
-0.83612657215330E+09
-0.83616243938704E+09
-0.83619879440119E+09
-0.83623564815336E+09
-0.83627300660927E+09
-0.83631093632290E+09
-0.83634926536388E+09
-0.83638825111128E+09
-0.83642777259986E+09
-0.83646779022893E+09
-0.83650843459080E+09
-0.83654968016827E+09
-0.83659154772136E+09
-0.83663406767026E+09
-0.83667724668993E+09
-0.83672110310403E+09
-0.83676565397455E+09
-0.83681086792058E+09
-0.83685685689960E+09
-0.83690360087791E+09
-0.83695110613643E+09
-0.83699944534668E+09
-0.83704853401406E+09
-0.83709855891348E+09
-0.83714943024810E+09
-0.83720133285805E+09
-0.83725386126655E+09
-0.83730745594375E+09
-0.83736198636940E+09
-0.83741755622603E+09
-0.83747415824272E+09
-0.83753178613703E+09
-0.83759055260816E+09
-0.83765037920199E+09
-0.83771134790848E+09
-0.83777355133356E+09
-0.83783690831834E+09
-0.83790156934776E+09
-0.83796756349667E+09
-0.83803456348475E+09
-0.83810298416056E+09
-0.83817278769067E+09
-0.83824385756107E+09
-0.83831639098802E+09
-0.83839032548275E+09
-0.83846571745024E+09
-0.83854250480074E+09
-0.83862103038367E+09
-0.83870047618854E+09
-0.83878149282844E+09
-0.83886400373645E+09
-0.83894791143425E+09
-0.83903313633006E+09
-0.83911966033498E+09
-0.83920743654142E+09
-0.83929633984403E+09
-0.83938621941412E+09
-0.83947733385007E+09
-0.83956835354657E+09
-0.83965997885781E+09
-0.83975185639244E+09
-0.83984332779111E+09
-0.83993429906911E+09
-0.84002409798240E+09
-0.84011219888461E+09
-0.84019787568230E+09
-0.84028039837027E+09
-0.84035870071308E+09
-0.84043105157534E+09
-0.84049671457714E+09
-0.84055370184970E+09
-0.84060029576213E+09
-0.84063429429941E+09
-0.84065286203384E+09
-0.84065323326076E+09
-0.84063120981492E+09
-0.84058305731954E+09
-0.84050360044155E+09
-0.84038799851205E+09
-0.84023016111243E+09
-0.84002299315629E+09
-0.83975948632406E+09
-0.83943068386437E+09
-0.83902827368731E+09
-0.83854461708605E+09
-0.83797017478858E+09
-0.83729722997284E+09
-0.83652030109182E+09
-0.83563556726344E+09
-0.83464304660436E+09
-0.83354821134262E+09
-0.83236165140266E+09
-0.83110170351132E+09
-0.82979423207566E+09
-0.82847167353453E+09
-0.82717524179818E+09
-0.82594380007956E+09
-0.82482433071597E+09
-0.82385705420477E+09
-0.82307570006852E+09
-0.82250192793984E+09
-0.82214729872227E+09
-0.82201450145782E+09
-0.82208944037576E+09
-0.82235230801519E+09
-0.82277457591539E+09
-0.82332065415121E+09
-0.82396663489427E+09
-0.82467905186740E+09
-0.82543147039706E+09
-0.82620094192488E+09
-0.82696896705914E+09
-0.82772098118931E+09
-0.82844634001900E+09
-0.82913758941293E+09
-0.82978997224520E+09
-0.83040091565087E+09
-0.83096947898851E+09
-0.83149606408189E+09
-0.83198165930110E+09
-0.83242811239514E+09
-0.83283730911150E+09
-0.83321217517659E+09
-0.83355486544870E+09
-0.83386786458742E+09
-0.83415353691287E+09
-0.83441420379771E+09
-0.83465203788858E+09
-0.83486911166789E+09
-0.83506722572541E+09
-0.83524813325433E+09
-0.83541343426256E+09
-0.83556460074320E+09
-0.83570299896584E+09
-0.83582975718936E+09
-0.83594517139809E+09
-0.83605274302879E+09
-0.83615123598672E+09
-0.83624254517105E+09
-0.83632441619159E+09
-0.83640020394828E+09
-0.83647073904048E+09
-0.83653662096744E+09
-0.83659653254961E+09
-0.83665255133296E+09
-0.83670455410100E+09
-0.83675292294753E+09
-0.83679798408428E+09
-0.83684002731208E+09
-0.83687932180489E+09
-0.83691611153164E+09
-0.83695060020065E+09
-0.83698301768236E+09
-0.83701361428517E+09
-0.83704257092892E+09
-0.83706958398733E+09
-0.83709562294615E+09
-0.83711974308612E+09
-0.83714374930665E+09
-0.83716639367645E+09
-0.83718875607409E+09
-0.83720797124481E+09
-0.83722714669567E+09
-0.83724521231352E+09
-0.83726307271256E+09
-0.83728029552277E+09
-0.83729693943957E+09
-0.83731305248830E+09
-0.83732865365300E+09
-0.83734381534877E+09
-0.83735864116971E+09
-0.83737322120741E+09
-0.83738751679839E+09
-0.83740054340959E+09
-0.83741501299810E+09
-0.83742892390093E+09
-0.83744251819455E+09
-0.83745470020774E+09
-0.83746663508123E+09
-0.83747902145822E+09
-0.83749126599812E+09
-0.83750337836435E+09
-0.83751547935917E+09
-0.83752737240189E+09
-0.83753917038857E+09
-0.83755088370007E+09
-0.83756250720579E+09
-0.83757406069747E+09
-0.83758555995751E+09
-0.83759701745465E+09
-0.83760845372591E+09
-0.83761993658415E+09
-0.83763141669640E+09
-0.83764222884366E+09
-0.83765445310732E+09
-0.83766631510503E+09
-0.83767919024947E+09
-0.83768923988269E+09
-0.83770033231601E+09
-0.83771235145751E+09
-0.83772311274718E+09
-0.83773426793405E+09
-0.83774490386637E+09
-0.83775618937741E+09
-0.83776749559839E+09
-0.83777882319809E+09
-0.83779017312917E+09
-0.83780154649680E+09
-0.83781294437347E+09
-0.83782436573854E+09
-0.83783579737605E+09
-0.83784725705196E+09
-0.83785874225344E+09
-0.83787037089580E+09
-0.83788191268887E+09
-0.83789349691278E+09
-0.83790511222669E+09
-0.83791676078590E+09
-0.83792844624548E+09
-0.83794017293929E+09
-0.83795196495484E+09
-0.83796387330211E+09
-0.83797512407625E+09
-0.83798784178462E+09
-0.83800027620730E+09
-0.83801285445624E+09
-0.83802594220332E+09
-0.83803665928167E+09
-0.83804843991270E+09
-0.83806205186922E+09
-0.83807324608833E+09
-0.83808489803052E+09
-0.83809689596600E+09
-0.83810889941376E+09
-0.83812044921452E+09
-0.83813264716998E+09
-0.83814488063212E+09
-0.83815714873552E+09
-0.83816945082124E+09
-0.83818178634921E+09
-0.83819415484565E+09
-0.83820654923098E+09
-0.83821896628397E+09
-0.83823141483009E+09
-0.83824389261989E+09
-0.83825639973881E+09
-0.83826905614472E+09
-0.83828163271502E+09
-0.83829423902623E+09
-0.83830687504825E+09
-0.83831954085290E+09
-0.83833223662758E+09
-0.83834496256417E+09
-0.83835772470785E+09
-0.83837052311407E+09
-0.83838332290480E+09
-0.83839552962018E+09
-0.83840857770035E+09
-0.83842203229273E+09
-0.83843560708755E+09
-0.83844904055352E+09
-0.83846261881786E+09
-0.83847731086236E+09
-0.83848931140647E+09
-0.83850153971428E+09
-0.83851501612148E+09
-0.83852956348616E+09
-0.83854227168819E+09
-0.83855442963069E+09
-0.83856714651791E+09
-0.83858019618979E+09
-0.83859332832558E+09
-0.83860639185976E+09
-0.83861884315121E+09
-0.83863206844851E+09
-0.83864531796348E+09
-0.83865859094922E+09
-0.83867188678080E+09
-0.83868520496384E+09
-0.83869854506441E+09
-0.83871189941101E+09
-0.83872526843030E+09
-0.83873865789238E+09
-0.83875207459310E+09
-0.83876551964869E+09
-0.83877898012852E+09
-0.83879245755401E+09
-0.83880595384332E+09
-0.83881946892083E+09
-0.83883300274195E+09
-0.83884655599779E+09
-0.83886012810697E+09
-0.83887371902309E+09
-0.83888733093608E+09
-0.83889975146940E+09
-0.83891348332593E+09
-0.83892723262602E+09
-0.83894105920125E+09
-0.83895491951522E+09
-0.83896885658119E+09
-0.83898284952805E+09
-0.83899682970664E+09
-0.83901104488450E+09
-0.83902513630355E+09
-0.83903922688993E+09
-0.83905337290929E+09
-0.83906757083061E+09
-0.83908175567079E+09
-0.83909587855092E+09
-0.83910864117234E+09
-0.83912290437103E+09
-0.83913715978282E+09
-0.83915139373696E+09
-0.83916654857658E+09
-0.83918100387789E+09
-0.83919455580680E+09
-0.83920750700291E+09
-0.83922078019219E+09
-0.83923463349230E+09
-0.83924851192490E+09
-0.83926244090052E+09
-0.83927637959396E+09
-0.83928924884542E+09
-0.83930326155764E+09
-0.83931728629731E+09
-0.83933132250631E+09
-0.83934536018657E+09
-0.83935940384882E+09
-0.83937345391843E+09
-0.83938751623831E+09
-0.83940159013805E+09
-0.83941567546867E+09
-0.83942977214145E+09
-0.83944388006866E+09
-0.83945799911593E+09
-0.83947212922060E+09
-0.83948627033868E+09
-0.83950042244434E+09
-0.83951458553074E+09
-0.83952875961542E+09
-0.83954151988267E+09
-0.83955579023703E+09
-0.83957007120416E+09
-0.83958437180302E+09
-0.83959868551396E+09
-0.83961301216009E+09
-0.83962698052259E+09
-0.83964127842035E+09
-0.83965558596263E+09
-0.83966990309235E+09
-0.83968423171976E+09
-0.83969857315875E+09
-0.83971292425257E+09
-0.83972730279471E+09
-0.83974167352756E+09
-0.83975605372096E+09
-0.83977041748575E+09
-0.83978481540471E+09
-0.83979922251135E+09
-0.83981363869529E+09
-0.83982806382487E+09
-0.83984249873131E+09
-0.83985694602181E+09
-0.83987142801014E+09
-0.83988592209126E+09
-0.83990042858229E+09
-0.83991494785612E+09
-0.83992948034086E+09
-0.83994402652752E+09
-0.83995871853078E+09
-0.83997331821291E+09
-0.83998796013471E+09
-0.84000262877110E+09
-0.84001737387732E+09
-0.84003229327739E+09
-0.84004719798391E+09
-0.84006211030827E+09
-0.84007707110476E+09
-0.84009176760217E+09
-0.84010639903414E+09
-0.84012211306704E+09
-0.84013758220381E+09
-0.84015100559913E+09
-0.84016484558764E+09
-0.84017863348100E+09
-0.84019302511574E+09
-0.84020740536794E+09
-0.84022196061309E+09
-0.84023633256012E+09
-0.84024950582258E+09
-0.84026401591569E+09
-0.84027853494602E+09
-0.84029306240123E+09
-0.84030582449349E+09
-0.84032041544644E+09
-0.84033501669168E+09
-0.84034962792574E+09
-0.84036424889651E+09
-0.84037887940921E+09
-0.84039351930765E+09
-0.84040816847428E+09
-0.84042282682581E+09
-0.84043750037222E+09
-0.84045217898333E+09
-0.84046686673129E+09
-0.84048156376830E+09
-0.84049627964626E+09
-0.84051100679485E+09
-0.84052574459209E+09
-0.84054049277242E+09
-0.84055525051197E+09
-0.84057001636745E+09
-0.84058482070091E+09
-0.84059964424955E+09
-0.84061450636186E+09
-0.84062939379828E+09
-0.84064431295888E+09
-0.84065929997295E+09
-0.84067433507209E+09
-0.84068914859039E+09
-0.84070278033153E+09
-0.84071761357490E+09
-0.84073245836845E+09
-0.84074731530595E+09
-0.84076220365176E+09
-0.84077711049891E+09
-0.84079203548357E+09
-0.84080698076163E+09
-0.84082194911695E+09
-0.84083694423289E+09
-0.84085197110962E+09
-0.84086703679662E+09
-0.84088226967421E+09
-0.84089751651854E+09
-0.84091256034125E+09
-0.84092758659653E+09
-0.84094262501099E+09
-0.84095757696697E+09
-0.84097381698719E+09
-0.84098801480739E+09
-0.84100262678853E+09
-0.84101791231044E+09
-0.84103132410094E+09
-0.84104600075234E+09
-0.84106066586711E+09
-0.84107531894197E+09
-0.84108995933350E+09
-0.84110458626549E+09
-0.84111618276298E+09
-0.84113093963449E+09
-0.84114576324512E+09
-0.84116059740922E+09
-0.84117544160801E+09
-0.84119029543698E+09
-0.84120515858482E+09
-0.84122003081755E+09
-0.84123491196655E+09
-0.84124980191956E+09
-0.84126470062544E+09
-0.84127960804327E+09
-0.84129452421768E+09
-0.84130945421707E+09
-0.84132439920236E+09
-0.84133935546413E+09
-0.84135432308276E+09
-0.84136930211985E+09
-0.84138429260314E+09
-0.84139929448577E+09
-0.84141430758812E+09
-0.84142937622346E+09
-0.84144449490474E+09
-0.84145964289044E+09
-0.84147482439858E+09
-0.84149004530029E+09
-0.84150531154613E+09
-0.84152063226398E+09
-0.84153425818847E+09
-0.84154934455374E+09
-0.84156444570250E+09
-0.84157956294424E+09
-0.84159469786757E+09
-0.84160985248564E+09
-0.84162502928874E+09
-0.84164023153683E+09
-0.84165546336566E+09
-0.84167072412698E+09
-0.84168602788816E+09
-0.84170128104950E+09
-0.84171659380733E+09
-0.84173190407120E+09
-0.84174718736994E+09
-0.84176244363535E+09
-0.84178009112294E+09
-0.84179460363227E+09
-0.84180920348779E+09
-0.84182398190750E+09
-0.84183884079540E+09
-0.84185251640755E+09
-0.84186737990797E+09
-0.84188223891613E+09
-0.84189709262473E+09
-0.84191193976981E+09
-0.84192677898875E+09
-0.84193812773097E+09
-0.84195311148220E+09
-0.84196821799459E+09
-0.84198320943318E+09
-0.84199820783231E+09
-0.84201321339073E+09
-0.84202823071352E+09
-0.84204325906492E+09
-0.84205830325775E+09
-0.84207335777680E+09
-0.84208842232066E+09
-0.84210349668070E+09
-0.84211858073449E+09
-0.84213367443025E+09
-0.84214878310822E+09
-0.84216399083737E+09
-0.84217914322142E+09
-0.84219430868344E+09
-0.84220948734202E+09
-0.84222467925392E+09
-0.84223988439429E+09
-0.84225514122582E+09
-0.84227044628974E+09
-0.84228578960843E+09
-0.84230116952218E+09
-0.84231659199685E+09
-0.84233166221560E+09
-0.84234576990510E+09
-0.84236100075522E+09
-0.84237624401927E+09
-0.84239150042936E+09
-0.84240677087089E+09
-0.84242206445529E+09
-0.84243737797131E+09
-0.84245271055036E+09
-0.84246806424002E+09
-0.84248344161447E+09
-0.84249884598070E+09
-0.84251428168165E+09
-0.84252975461090E+09
-0.84254527306244E+09
-0.84256060703182E+09
-0.84257591466629E+09
-0.84259142207225E+09
-0.84260697588936E+09
-0.84262559262739E+09
-0.84264052134625E+09
-0.84265247311742E+09
-0.84267114156034E+09
-0.84268600013963E+09
-0.84270103298836E+09
-0.84271466550943E+09
-0.84272966385044E+09
-0.84274465527197E+09
-0.84275963923932E+09
-0.84277461545308E+09
-0.84278518155236E+09
-0.84280031198727E+09
-0.84281545945986E+09
-0.84283062244280E+09
-0.84284579977423E+09
-0.84286094321151E+09
-0.84287616150352E+09
-0.84289139163468E+09
-0.84290663442382E+09
-0.84292189658874E+09
-0.84293717422522E+09
-0.84295246741516E+09
-0.84296777625733E+09
-0.84298310085279E+09
-0.84299844127945E+09
-0.84301379758439E+09
-0.84302916929943E+09
-0.84304455508807E+09
-0.84306000616554E+09
-0.84307549264179E+09
-0.84309010748690E+09
-0.84310544900250E+09
-0.84312079875996E+09
-0.84313615599608E+09
-0.84315152844178E+09
-0.84316686785311E+09
-0.84318228638163E+09
-0.84319771732490E+09
-0.84321316388390E+09
-0.84322861790594E+09
-0.84324408488649E+09
-0.84325956703984E+09
-0.84327509655054E+09
-0.84329063497032E+09
-0.84330618718212E+09
-0.84332177029305E+09
-0.84333738796318E+09
-0.84335304581840E+09
-0.84336843658668E+09
-0.84338402988856E+09
-0.84339946191331E+09
-0.84341494962876E+09
-0.84343052085687E+09
-0.84344966999434E+09
-0.84346526451629E+09
-0.84347676672468E+09
-0.84349252851778E+09
-0.84350860574732E+09
-0.84352722259620E+09
-0.84354072624739E+09
-0.84355614053788E+09
-0.84357126066713E+09
-0.84358637230938E+09
-0.84359583469582E+09
-0.84361113014578E+09
-0.84362644420520E+09
-0.84364188590185E+09
-0.84365721022940E+09
-0.84367255175886E+09
-0.84368790907814E+09
-0.84370328144298E+09
-0.84371866834361E+09
-0.84373407979424E+09
-0.84374951742422E+09
-0.84376497371514E+09
-0.84378044880052E+09
-0.84379594284884E+09
-0.84381145604106E+09
-0.84382698855450E+09
-0.84384254054633E+09
-0.84385759811315E+09
-0.84387307994425E+09
-0.84388854502184E+09
-0.84390404280664E+09
-0.84391947411535E+09
-0.84393498287218E+09
-0.84395050154101E+09
-0.84396618282324E+09
-0.84398173469563E+09
-0.84399730585325E+09
-0.84401292268322E+09
-0.84402855690051E+09
-0.84404420883962E+09
-0.84405987815328E+09
-0.84407556731966E+09
-0.84409127736066E+09
-0.84410700927835E+09
-0.84412276381005E+09
-0.84413854081861E+09
-0.84415436887359E+09
-0.84417019472802E+09
-0.84418588688774E+09
-0.84420178006439E+09
-0.84421743082899E+09
-0.84423305895146E+09
-0.84424863227155E+09
-0.84426830393276E+09
-0.84428376275127E+09
-0.84429921356179E+09
-0.84431495601124E+09
-0.84433116473069E+09
-0.84434266780929E+09
-0.84435875688453E+09
-0.84437850769780E+09
-0.84438894495513E+09
-0.84440255717563E+09
-0.84441788948581E+09
-0.84443325746216E+09
-0.84444750308842E+09
-0.84446272502532E+09
-0.84447824569322E+09
-0.84449387592568E+09
-0.84450941553847E+09
-0.84452497232308E+09
-0.84454054840740E+09
-0.84455614525238E+09
-0.84457176145742E+09
-0.84458739630630E+09
-0.84460306082145E+09
-0.84461872228324E+09
-0.84463425694245E+09
-0.84464988512322E+09
-0.84466551556960E+09
-0.84468115731560E+09
-0.84469681018039E+09
-0.84471247418683E+09
-0.84472814938109E+09
-0.84474383583978E+09
-0.84475953366749E+09
-0.84477524296747E+09
-0.84479096386564E+09
-0.84480669648433E+09
-0.84482244094753E+09
-0.84483822062941E+09
-0.84485399110659E+09
-0.84486986612799E+09
-0.84488571420782E+09
-0.84490158255547E+09
-0.84491749530741E+09
-0.84493340986664E+09
-0.84494934839371E+09
-0.84496550819359E+09
-0.84498080444963E+09
-0.84500016193774E+09
-0.84501591136437E+09
-0.84503179246446E+09
-0.84504707424145E+09
-0.84506277032545E+09
-0.84507860406807E+09
-0.84509442567823E+09
-0.84511030387811E+09
-0.84512618626851E+09
-0.84514200727280E+09
-0.84516192463083E+09
-0.84517722970707E+09
-0.84518955379719E+09
-0.84520971290501E+09
-0.84522025235923E+09
-0.84524128760379E+09
-0.84525057577732E+09
-0.84526482331738E+09
-0.84527964912031E+09
-0.84529534400838E+09
-0.84531085890969E+09
-0.84532650389816E+09
-0.84534217649068E+09
-0.84535787368438E+09
-0.84537359370739E+09
-0.84538934506350E+09
-0.84540511177576E+09
-0.84542092216529E+09
-0.84543707429575E+09
-0.84545285995202E+09
-0.84546864367660E+09
-0.84548443698617E+09
-0.84550025053719E+09
-0.84551607680090E+09
-0.84553191585432E+09
-0.84554776773790E+09
-0.84556363254318E+09
-0.84557951035842E+09
-0.84559540347117E+09
-0.84561131129778E+09
-0.84562723247467E+09
-0.84564316709915E+09
-0.84565911522255E+09
-0.84567478748217E+09
-0.84569074335317E+09
-0.84570673557671E+09
-0.84572263941116E+09
-0.84573862000628E+09
-0.84575461363219E+09
-0.84577062577686E+09
-0.84579182378980E+09
-0.84580779570520E+09
-0.84582377637922E+09
-0.84583976515035E+09
-0.84585576109074E+09
-0.84587176275263E+09
-0.84588776678684E+09
-0.84590381352961E+09
-0.84591980622465E+09
-0.84593584896228E+09
-0.84595189988487E+09
-0.84596795629792E+09
-0.84598401715118E+09
-0.84600008235775E+09
-0.84601615285447E+09
-0.84603658833652E+09
-0.84605174772616E+09
-0.84606797553984E+09
-0.84608488398374E+09
-0.84610051552334E+09
-0.84611664350222E+09
-0.84611885572469E+09
-0.84613466760470E+09
-0.84615054885517E+09
-0.84616648933451E+09
-0.84618248312355E+09
-0.84619916548518E+09
-0.84621505568971E+09
-0.84623097946896E+09
-0.84624701017751E+09
-0.84626297619438E+09
-0.84627896984748E+09
-0.84629498905913E+09
-0.84631103271311E+09
-0.84632712097015E+09
-0.84634322333417E+09
-0.84635948940842E+09
-0.84637560323712E+09
-0.84639173818280E+09
-0.84640789317177E+09
-0.84642406727885E+09
-0.84644025967380E+09
-0.84645646964576E+09
-0.84647270094713E+09
-0.84648897217726E+09
-0.84650525866865E+09
-0.84652155998751E+09
-0.84654292141777E+09
-0.84655926511420E+09
-0.84657562329239E+09
-0.84659249531769E+09
-0.84660887973885E+09
-0.84662527288904E+09
-0.84664172552804E+09
-0.84665821813896E+09
-0.84667471055022E+09
-0.84669344474692E+09
-0.84670966519912E+09
-0.84672589609978E+09
-0.84674213607606E+09
-0.84675838360598E+09
-0.84677463717745E+09
-0.84679089516936E+09
-0.84680715590121E+09
-0.84682325229281E+09
-0.84683957023384E+09
-0.84685578114275E+09
-0.84687211145866E+09
-0.84689333165026E+09
-0.84690937716867E+09
-0.84692547750507E+09
-0.84694165040654E+09
-0.84695745348233E+09
-0.84697485420659E+09
-0.84699028315474E+09
-0.84700342319711E+09
-0.84700849763616E+09
-0.84703888611207E+09
-0.84705516861856E+09
-0.84707158006600E+09
-0.84708871631163E+09
-0.84710564115010E+09
-0.84712201520113E+09
-0.84713439609113E+09
-0.84714593408769E+09
-0.84715546549133E+09
-0.84717178025077E+09
-0.84718798231671E+09
-0.84720420568154E+09
-0.84722047180149E+09
-0.84723677484752E+09
-0.84725308827827E+09
-0.84726947110638E+09
-0.84729208797561E+09
-0.84730851098229E+09
-0.84732494122943E+09
-0.84734139093164E+09
-0.84735785882101E+09
-0.84737430423964E+09
-0.84739079225204E+09
-0.84740731177937E+09
-0.84742388413460E+09
-0.84744103842485E+09
-0.84745770618384E+09
-0.84747438472917E+09
-0.84749107373063E+09
-0.84750779308571E+09
-0.84752453892472E+09
-0.84754130369931E+09
-0.84755818891205E+09
-0.84757507056861E+09
-0.84759194900866E+09
-0.84760882465485E+09
-0.84762569777349E+09
-0.84764256846618E+09
-0.84765943671077E+09
-0.84767630230161E+09
-0.84769316482361E+09
-0.84771046151116E+09
-0.84772697523407E+09
-0.84774361426768E+09
-0.84776013519745E+09
-0.84778177842199E+09
-0.84779826408446E+09
-0.84781471763928E+09
-0.84783112512886E+09
-0.84784771291375E+09
-0.84786349041265E+09
-0.84788147537225E+09
-0.84789803105495E+09
-0.84791479695155E+09
-0.84793137023434E+09
-0.84794793293467E+09
-0.84796448251611E+09
-0.84799696335100E+09
-0.84801304158169E+09
-0.84802935357606E+09
-0.84804599255675E+09
-0.84806122333106E+09
-0.84807739464285E+09
-0.84809353294739E+09
-0.84810964097696E+09
-0.84812148055390E+09
-0.84813819103431E+09
-0.84815497080631E+09
-0.84817150832525E+09
-0.84818835120994E+09
-0.84820491910521E+09
-0.84822152719242E+09
-0.84823817162553E+09
-0.84825480564897E+09
-0.84827152450674E+09
-0.84828826961565E+09
-0.84830505582999E+09
-0.84832182859530E+09
-0.84833862401808E+09
-0.84835563885346E+09
-0.84837255151971E+09
-0.84838949080171E+09
-0.84840652253230E+09
-0.84842358678504E+09
-0.84844072660166E+09
-0.84845782562645E+09
-0.84847493827895E+09
-0.84849206656368E+09
-0.84850934106351E+09
-0.84852661691920E+09
-0.84854388880372E+09
-0.84856115716279E+09
-0.84857842228455E+09
-0.84859568423988E+09
-0.84861294320886E+09
-0.84863021310122E+09
-0.84864746534229E+09
-0.84867097717320E+09
-0.84868809512416E+09
-0.84870498811537E+09
-0.84872204546986E+09
-0.84873895798960E+09
-0.84875601604511E+09
-0.84876586631174E+09
-0.84878305101864E+09
-0.84880656052708E+09
-0.84882364865225E+09
-0.84884073394839E+09
-0.84885781528720E+09
-0.84887489121614E+09
-0.84889196106568E+09
-0.84890811013986E+09
-0.84892503540860E+09
-0.84894194004522E+09
-0.84895882693274E+09
-0.84897646936503E+09
-0.84899301531531E+09
-0.84900951466586E+09
-0.84902595871508E+09
-0.84904234301571E+09
-0.84905728309064E+09
-0.84907429140262E+09
-0.84909078701814E+09
-0.84910724060319E+09
-0.84912366233150E+09
-0.84914165358150E+09
-0.84915928482187E+09
-0.84917598522140E+09
-0.84919367830371E+09
-0.84920426005339E+09
-0.84922133309130E+09
-0.84923865011460E+09
-0.84925569345024E+09
-0.84927267242516E+09
-0.84928947191232E+09
-0.84930661608458E+09
-0.84932380969556E+09
-0.84934103835809E+09
-0.84935829972265E+09
-0.84937559210167E+09
-0.84939291350144E+09
-0.84941026278318E+09
-0.84942763841900E+09
-0.84944507519246E+09
-0.84946259493474E+09
-0.84948013542958E+09
-0.84949772362818E+09
-0.84951543402247E+09
-0.84953315651011E+09
-0.84955086734060E+09
-0.84956856576756E+09
-0.84958625804204E+09
-0.84960395039483E+09
-0.84962164354828E+09
-0.84963689236335E+09
-0.84965447382197E+09
-0.84967210491385E+09
-0.84968968559036E+09
-0.84970727602213E+09
-0.84972487377607E+09
-0.84974247811117E+09
-0.84976009386032E+09
-0.84977771600848E+09
-0.84980197849978E+09
-0.84981951873135E+09
-0.84983705847853E+09
-0.84985459732054E+09
-0.84987213429904E+09
-0.84988966850137E+09
-0.84990719870680E+09
-0.84992472312626E+09
-0.84994224004343E+09
-0.84995974662305E+09
-0.84997723935521E+09
-0.84999475913196E+09
-0.85001235729305E+09
-0.85002766574081E+09
-0.85004444639720E+09
-0.85006010207098E+09
-0.85007741972112E+09
-0.85009480283388E+09
-0.85011221799008E+09
-0.85012959871422E+09
-0.85014697208708E+09
-0.85016135265388E+09
-0.85017889455781E+09
-0.85019720089772E+09
-0.85021552834034E+09
-0.85022649134736E+09
-0.85024398854299E+09
-0.85026134075890E+09
-0.85027875474380E+09
-0.85029622161965E+09
-0.85031374700455E+09
-0.85033131376659E+09
-0.85034892166812E+09
-0.85036656774876E+09
-0.85038424963261E+09
-0.85040196526150E+09
-0.85041971283053E+09
-0.85043749080743E+09
-0.85045529784192E+09
-0.85047313285716E+09
-0.85049104430450E+09
-0.85050912500901E+09
-0.85052731049850E+09
-0.85054332464915E+09
-0.85056110638912E+09
-0.85057890427993E+09
-0.85059671818269E+09
-0.85061455135079E+09
-0.85063245994948E+09
-0.85065048874637E+09
-0.85066854727795E+09
-0.85068660940493E+09
-0.85070467509519E+09
-0.85072274493776E+09
-0.85074081935081E+09
-0.85075889848441E+09
-0.85077698250528E+09
-0.85080203978760E+09
-0.85082004877742E+09
-0.85083805603483E+09
-0.85085606183590E+09
-0.85087411826347E+09
-0.85089212298083E+09
-0.85091013174072E+09
-0.85092814190388E+09
-0.85094615103839E+09
-0.85096415788672E+09
-0.85098216093917E+09
-0.85100015856120E+09
-0.85101814868840E+09
-0.85103612880972E+09
-0.85105409504374E+09
-0.85107204239621E+09
-0.85109003978691E+09
-0.85110809500893E+09
-0.85112064013991E+09
-0.85113842047297E+09
-0.85115618809221E+09
-0.85117394336111E+09
-0.85119168145386E+09
-0.85120949658229E+09
-0.85122733368895E+09
-0.85124612976639E+09
-0.85125931341786E+09
-0.85127818975335E+09
-0.85129707663740E+09
-0.85131599105087E+09
-0.85133470600533E+09
-0.85134460993099E+09
-0.85136247891278E+09
-0.85138041797584E+09
-0.85139839008286E+09
-0.85141641150554E+09
-0.85143447853553E+09
-0.85145258783510E+09
-0.85147073680344E+09
-0.85148892331915E+09
-0.85150654805778E+09
-0.85152460629518E+09
-0.85154268826442E+09
-0.85156079305865E+09
-0.85157892016894E+09
-0.85159706886927E+09
-0.85161523842648E+09
-0.85163342861005E+09
-0.85165163879906E+09
-0.85166986848621E+09
-0.85168818240709E+09
-0.85170645544361E+09
-0.85172474718616E+09
-0.85174270572270E+09
-0.85176101189377E+09
-0.85177933662428E+09
-0.85179768498722E+09
-0.85181614850748E+09
-0.85183535710610E+09
-0.85185395386175E+09
-0.85187255461527E+09
-0.85189808192519E+09
-0.85191661638313E+09
-0.85193515169701E+09
-0.85195368709957E+09
-0.85197222243793E+09
-0.85199075581480E+09
-0.85200929000753E+09
-0.85202786713346E+09
-0.85204639804788E+09
-0.85206493301588E+09
-0.85208346877665E+09
-0.85210200355953E+09
-0.85212053620755E+09
-0.85213906633052E+09
-0.85215762137678E+09
-0.85217577112151E+09
-0.85219433913519E+09
-0.85221289279039E+09
-0.85222570825163E+09
-0.85224399104885E+09
-0.85226226964861E+09
-0.85228054205453E+09
-0.85229880592513E+09
-0.85231712227200E+09
-0.85233537069980E+09
-0.85235347548538E+09
-0.85237333611313E+09
-0.85238429067029E+09
-0.85240376947067E+09
-0.85242326261980E+09
-0.85244278241440E+09
-0.85246234300180E+09
-0.85248208815956E+09
-0.85250067236687E+09
-0.85250960785197E+09
-0.85253350021199E+09
-0.85255267086890E+09
-0.85257186034751E+09
-0.85259107170107E+09
-0.85261030324366E+09
-0.85262904458862E+09
-0.85264763205439E+09
-0.85266626774954E+09
-0.85268582704151E+09
-0.85269466793355E+09
-0.85271320962188E+09
-0.85273176420888E+09
-0.85275035035851E+09
-0.85276897368044E+09
-0.85278756623008E+09
-0.85280624784858E+09
-0.85282496899609E+09
-0.85284368298302E+09
-0.85286232840814E+09
-0.85288105949303E+09
-0.85289981284526E+09
-0.85291858892407E+09
-0.85293738580342E+09
-0.85295620395157E+09
-0.85297504275104E+09
-0.85299390163921E+09
-0.85301289131038E+09
-0.85303190350304E+09
-0.85305932815886E+09
-0.85307843245349E+09
-0.85309753717162E+09
-0.85311666136376E+09
-0.85313579056328E+09
-0.85315489773135E+09
-0.85317400348797E+09
-0.85319310515095E+09
-0.85321226046184E+09
-0.85323141395820E+09
-0.85325056387108E+09
-0.85326970914665E+09
-0.85328884977687E+09
-0.85330798508094E+09
-0.85332711228792E+09
-0.85334623085771E+09
-0.85336533800010E+09
-0.85338443027348E+09
-0.85340352027064E+09
-0.85341552690969E+09
-0.85343434984051E+09
-0.85345314452535E+09
-0.85347198589488E+09
-0.85349078035631E+09
-0.85350957769420E+09
-0.85352827896943E+09
-0.85354703882531E+09
-0.85356577889692E+09
-0.85358522700555E+09
-0.85360410395043E+09
-0.85362298044301E+09
-0.85364185649909E+09
-0.85366072917724E+09
-0.85367959638684E+09
-0.85369847471259E+09
-0.85371753330827E+09
-0.85373812937079E+09
-0.85375439595361E+09
-0.85376726681418E+09
-0.85378705587211E+09
-0.85380685410824E+09
-0.85382547558920E+09
-0.85384529315400E+09
-0.85386512231304E+09
-0.85388496779333E+09
-0.85390483302966E+09
-0.85392470248593E+09
-0.85394445676402E+09
-0.85396361728695E+09
-0.85398324939049E+09
-0.85399310164932E+09
-0.85401220931908E+09
-0.85403135937123E+09
-0.85405055226968E+09
-0.85406957930999E+09
-0.85408877230868E+09
-0.85410800805472E+09
-0.85412728762851E+09
-0.85414703707286E+09
-0.85416641888554E+09
-0.85418576642435E+09
-0.85420513962543E+09
-0.85423166116067E+09
-0.85425131718260E+09
-0.85427105312463E+09
-0.85429079630354E+09
-0.85431054868167E+09
-0.85433031145290E+09
-0.85435007709048E+09
-0.85436984796993E+09
-0.85438962631413E+09
-0.85441071109859E+09
-0.85443041571635E+09
-0.85445011617252E+09
-0.85446980996791E+09
-0.85448949857532E+09
-0.85450917916515E+09
-0.85452884969065E+09
-0.85454796459624E+09
-0.85456764628868E+09
-0.85458733925550E+09
-0.85459925033880E+09
-0.85461860111802E+09
-0.85463795072057E+09
-0.85465729655914E+09
-0.85467663916681E+09
-0.85470349173968E+09
-0.85471545914891E+09
-0.85473485566097E+09
-0.85475425551348E+09
-0.85477365955416E+09
-0.85479306795145E+09
-0.85481247869434E+09
-0.85483190628231E+09
-0.85485193356570E+09
-0.85487144429809E+09
-0.85489095808221E+09
-0.85491047303547E+09
-0.85492998964574E+09
-0.85494950524799E+09
-0.85496901878949E+09
-0.85498861476129E+09
-0.85500826072228E+09
-0.85502789604715E+09
-0.85504738684869E+09
-0.85506695146637E+09
-0.85508652934333E+09
-0.85510515612130E+09
-0.85512474731561E+09
-0.85514435466233E+09
-0.85515767331772E+09
-0.85517817115528E+09
-0.85519868729421E+09
-0.85521921106029E+09
-0.85523973515422E+09
-0.85526020980061E+09
-0.85527996581628E+09
-0.85529962690062E+09
-0.85531945360281E+09
-0.85533933529085E+09
-0.85535927166430E+09
-0.85537925723120E+09
-0.85539929343390E+09
-0.85540900019095E+09
-0.85542888069135E+09
-0.85544885514273E+09
-0.85546887657255E+09
-0.85549581282746E+09
-0.85551591900430E+09
-0.85553624554966E+09
-0.85555657826803E+09
-0.85557691646565E+09
-0.85559726030508E+09
-0.85561760939096E+09
-0.85563796616547E+09
-0.85565832105547E+09
-0.85567867959586E+09
-0.85569904284178E+09
-0.85571941761661E+09
-0.85573981115435E+09
-0.85576068981306E+09
-0.85578101285528E+09
-0.85580123446099E+09
-0.85582171023567E+09
-0.85584218246963E+09
-0.85585855035995E+09
-0.85587880287167E+09
-0.85589909916235E+09
-0.85591980988079E+09
-0.85593974682960E+09
-0.85596008094554E+09
-0.85598041997810E+09
-0.85600076490585E+09
-0.85602111364059E+09
-0.85604146485490E+09
-0.85606181624122E+09
-0.85608219559287E+09
-0.85609275771529E+09
-0.85611284537655E+09
-0.85613293983230E+09
-0.85615304039676E+09
-0.85617314870810E+09
-0.85619326039877E+09
-0.85621337803403E+09
-0.85623350200642E+09
-0.85625362976814E+09
-0.85627376203625E+09
-0.85629389837107E+09
