 0.24595930424412E+12
 0.13412201063093E+09
-0.11892108518118E+09
-0.21712556148372E+09
-0.33489523421664E+09
-0.94287400855745E+09
-0.21322242053398E+10
-0.39549953165400E+10
-0.64956697290760E+10
-0.98437780405781E+10
-0.14089895875427E+11
-0.19321177963178E+11
-0.25628098250191E+11
-0.33096292993547E+11
-0.41807541727770E+11
-0.51846860778053E+11
-0.63288568216783E+11
-0.76210403624520E+11
-0.90698931261397E+11
-0.10679104005503E+12
-0.12455833498268E+12
-0.14409255791166E+12
-0.16542285672249E+12
-0.18861039538853E+12
-0.21369810458835E+12
-0.24075274725113E+12
-0.26977818472512E+12
-0.30087237369703E+12
-0.33400987369093E+12
-0.36921364571656E+12
-0.40642455620009E+12
-0.44586771287064E+12
-0.48741442223464E+12
-0.53110350744335E+12
-0.57692544184219E+12
-0.62484740779717E+12
-0.67489068009275E+12
-0.72698447257885E+12
-0.78115503234628E+12
-0.83734126795317E+12
-0.89547427295617E+12
-0.95560299299501E+12
-0.10172377994095E+13
-0.10810188998773E+13
-0.11464649584262E+13
-0.12136573900347E+13
-0.12824099666569E+13
-0.13527003917203E+13
-0.14244484447820E+13
-0.14974746257268E+13
-0.15712723381647E+13
-0.16465292812164E+13
-0.17229440244696E+13
-0.18001909003442E+13
-0.18782007459931E+13
-0.19568198646548E+13
-0.20360995716243E+13
-0.21150733279059E+13
-0.21948287808219E+13
-0.22748368258584E+13
-0.23547495936853E+13
-0.24344221061617E+13
-0.25139729708424E+13
-0.25923923231922E+13
-0.26708255244987E+13
-0.27486784417121E+13
-0.28254572380402E+13
-0.29013295610036E+13
-0.29763162487966E+13
-0.30487697218199E+13
-0.31209743346872E+13
-0.31914728526205E+13
-0.32604244451993E+13
-0.33273987628168E+13
-0.33927586353189E+13
-0.34562342220111E+13
-0.35154429200415E+13
-0.35742816193150E+13
-0.36306877747944E+13
-0.36843489469493E+13
-0.37353856169486E+13
-0.37842883554590E+13
-0.38278861649081E+13
-0.38708697761049E+13
-0.39104141543406E+13
-0.39468033762055E+13
-0.39800668415422E+13
-0.40104932329447E+13
-0.40384074043255E+13
-0.40583536872491E+13
-0.40785048727138E+13
-0.40950028935494E+13
-0.41077771252968E+13
-0.41167831221612E+13
-0.41224718146334E+13
-0.41245123214238E+13
-0.41236025215582E+13
-0.41155044358421E+13
-0.41059639619014E+13
-0.40934606857925E+13
-0.40770119490711E+13
-0.40571178496908E+13
-0.40334684966187E+13
-0.40058998643043E+13
-0.39754383168789E+13
-0.39416148579414E+13
-0.39015526031494E+13
-0.38601972670693E+13
-0.38163388349875E+13
-0.37688370848684E+13
-0.37178141957847E+13
-0.36638758308646E+13
-0.36073239303512E+13
-0.35488299336453E+13
-0.34821905795533E+13
-0.34176114899264E+13
-0.33501841094933E+13
-0.32797129683718E+13
-0.32064359582226E+13
-0.31319129254187E+13
-0.30554060332056E+13
-0.29736459642370E+13
-0.28926183496520E+13
-0.28106266271137E+13
-0.27264781739090E+13
-0.26405261407319E+13
-0.25530042811869E+13
-0.24652600667520E+13
-0.23770878274150E+13
-0.22874684956141E+13
-0.21923957510974E+13
-0.21012484810872E+13
-0.20088210006140E+13
-0.19156264328128E+13
-0.18232571842726E+13
-0.17318028113880E+13
-0.16339413915965E+13
-0.15422176762137E+13
-0.14493690358992E+13
-0.13562503210856E+13
-0.12647391464653E+13
-0.11742337991839E+13
-0.10841426110008E+13
-0.98991129907202E+12
-0.90090834798539E+12
-0.81252208255278E+12
-0.72501334144646E+12
-0.63884659263586E+12
-0.55474057832683E+12
-0.47209678331643E+12
-0.38537060145635E+12
-0.30442971963573E+12
-0.22524901380751E+12
-0.14683694232122E+12
-0.71189585775908E+11
 0.67173898325502E+10
 0.79983339010746E+11
 0.15149274417718E+12
 0.22082437295630E+12
 0.28898360329331E+12
 0.35455974602556E+12
 0.42198919178627E+12
 0.48458769866205E+12
 0.54559258452212E+12
 0.60407181873417E+12
 0.66124025601734E+12
 0.71642543448566E+12
 0.76862796950968E+12
 0.82460610606815E+12
 0.87436835194611E+12
 0.92158326715803E+12
 0.96723229324813E+12
 0.10118041428337E+13
 0.10543796938900E+13
 0.10942864150833E+13
 0.11365035097408E+13
 0.11740857951165E+13
 0.12091178965533E+13
 0.12426419967481E+13
 0.12746965519595E+13
 0.13054340392453E+13
 0.13330034531889E+13
 0.13607188585815E+13
 0.13913314971708E+13
 0.14149994221360E+13
 0.14376045371631E+13
 0.14596183566702E+13
 0.14799774374877E+13
 0.14982579973961E+13
 0.15189187418231E+13
 0.15323730857549E+13
 0.15502680919749E+13
 0.15627831127043E+13
 0.15757115306046E+13
 0.15874651768523E+13
 0.15975137384949E+13
 0.16054459197502E+13
 0.16180536177049E+13
 0.16244090535166E+13
 0.16307147483358E+13
 0.16358643494614E+13
