 0.62147116466991E+04
 0.62147194490548E+04
 0.62147194511693E+04
 0.62147194511693E+04
 0.62147194511663E+04
 0.62147194507108E+04
 0.62147194495808E+04
 0.62147194488539E+04
 0.62147194479332E+04
 0.62147194484971E+04
 0.62147194493767E+04
 0.62147194538021E+04
 0.62147194629208E+04
 0.62147194661099E+04
 0.62147194859224E+04
 0.62147194896567E+04
 0.62147195090893E+04
 0.62147195158305E+04
 0.62147195171006E+04
 0.62147195294303E+04
 0.62147195321748E+04
 0.62147195320461E+04
 0.62147195363660E+04
 0.62147195363422E+04
 0.62147195347896E+04
 0.62147195328331E+04
 0.62147195297523E+04
 0.62147195273244E+04
 0.62147195212821E+04
 0.62147195145875E+04
 0.62147195106769E+04
 0.62147195073340E+04
 0.62147194937540E+04
 0.62147194867133E+04
 0.62147194810426E+04
 0.62147194727991E+04
 0.62147194650033E+04
 0.62147194472768E+04
 0.62147194326279E+04
 0.62147194251285E+04
 0.62147194155591E+04
 0.62147194091220E+04
 0.62147194058501E+04
 0.62147245835960E+04
 0.62147245814688E+04
 0.62147245788763E+04
 0.62147245766264E+04
 0.62147245764755E+04
 0.62147245749408E+04
 0.62147245734934E+04
 0.62147245743344E+04
 0.62147245739584E+04
 0.62147245723082E+04
 0.62147245732611E+04
 0.62147245735757E+04
 0.62147245740210E+04
 0.62147245755080E+04
 0.62147245766556E+04
 0.62147245767603E+04
 0.62147245764584E+04
 0.62147245797957E+04
 0.62147245790750E+04
 0.62147245798862E+04
 0.62147245822353E+04
 0.62147245840301E+04
 0.62147245854216E+04
 0.62147245863992E+04
 0.62147245885554E+04
 0.62147245893514E+04
 0.62147245901834E+04
 0.62147278912373E+04
 0.62147278935717E+04
 0.62147278951983E+04
 0.62147278947852E+04
 0.62147278950190E+04
 0.62147278969636E+04
 0.62147278987574E+04
 0.62147279001293E+04
 0.62147279008347E+04
 0.62147279009152E+04
 0.62147279016850E+04
 0.62147278311541E+04
 0.62147278316178E+04
 0.62147278316631E+04
 0.62147278310960E+04
 0.62147278310732E+04
 0.62147278316991E+04
 0.62147278315039E+04
 0.62147278310391E+04
 0.62147278276738E+04
 0.62147278278865E+04
 0.62147234699248E+04
 0.62147090996593E+04
 0.62147090998467E+04
 0.62147168986377E+04
 0.62147168992758E+04
 0.62147169015369E+04
 0.62147168996154E+04
 0.62147168980915E+04
 0.62147168967470E+04
 0.62147201412615E+04
 0.62147201414076E+04
 0.62147201430963E+04
 0.62147201260318E+04
 0.62147201247608E+04
 0.62147201228620E+04
 0.62147201244697E+04
 0.62147201282941E+04
 0.62147201181870E+04
 0.62147240970393E+04
 0.62147240945768E+04
 0.62147240958601E+04
 0.62147148338706E+04
 0.62147148313753E+04
 0.62147148276224E+04
 0.62147148291819E+04
 0.62147148312774E+04
 0.62147148267488E+04
 0.62147148237991E+04
 0.62147148200371E+04
 0.62147148177698E+04
 0.62147148190080E+04
 0.62147148246176E+04
 0.62147148194516E+04
 0.62147148191872E+04
 0.62147086129661E+04
 0.62147086150588E+04
 0.62147086131090E+04
 0.62147086124230E+04
 0.62147194695330E+04
 0.62147194712753E+04
 0.62147194730333E+04
 0.62147194720526E+04
 0.62147194645302E+04
 0.62147194645872E+04
 0.62147194646196E+04
 0.62147194674595E+04
 0.62147164573596E+04
 0.62147164545281E+04
 0.62147164524198E+04
 0.62147164491542E+04
 0.62147164501058E+04
 0.62147219274602E+04
 0.62147219207265E+04
 0.62147169717788E+04
 0.62147169667231E+04
 0.62147169641797E+04
 0.62147169621300E+04
 0.62147169627380E+04
 0.62147169691522E+04
 0.62147270223762E+04
 0.62147270144831E+04
 0.62147270075951E+04
 0.62147196615841E+04
 0.62147196694514E+04
 0.62147221584655E+04
 0.62147169459707E+04
 0.62147169628763E+04
 0.62147169515739E+04
 0.62147169553608E+04
 0.62147157090998E+04
 0.62147157152533E+04
 0.62147189353317E+04
 0.62147189254047E+04
 0.62147189372040E+04
 0.62147189333323E+04
 0.62147189220076E+04
 0.62147189296552E+04
 0.62147189364996E+04
 0.62147104004221E+04
 0.62147104132269E+04
 0.62147104036280E+04
 0.62147223287147E+04
 0.62147164496954E+04
 0.62147291839168E+04
 0.62147291955727E+04
 0.62147291991861E+04
 0.62147203791126E+04
 0.62147203788676E+04
 0.62147103215502E+04
 0.62147103254459E+04
 0.62147103141004E+04
 0.62147149354576E+04
 0.62147222940569E+04
 0.62147222876242E+04
 0.62147222959311E+04
 0.62147222717711E+04
 0.62147222860023E+04
 0.62147222887435E+04
 0.62147222718999E+04
 0.62147277412796E+04
 0.62147277617838E+04
 0.62147246933170E+04
 0.62147247419842E+04
 0.62147247120679E+04
 0.62147243220839E+04
 0.62147243004648E+04
 0.62147243181318E+04
 0.62147236466479E+04
 0.62147178672808E+04
 0.62147178167081E+04
