 0.12918183430903E+04
 0.12918191987800E+04
 0.12918192001796E+04
 0.12918192001796E+04
 0.12918192001888E+04
 0.12918192013147E+04
 0.12918192007125E+04
 0.12918191996299E+04
 0.12918191989279E+04
 0.12918191988599E+04
 0.12918191990270E+04
 0.12918191991601E+04
 0.12918191993504E+04
 0.12918191995117E+04
 0.12918191997665E+04
 0.12918191998316E+04
 0.12918192000960E+04
 0.12918192001987E+04
 0.12918192002937E+04
 0.12918192004878E+04
 0.12918192005612E+04
 0.12918192006085E+04
 0.12918192006965E+04
 0.12918192007449E+04
 0.12918192007714E+04
 0.12918192007308E+04
 0.12918192007311E+04
 0.12918192007266E+04
 0.12918192005736E+04
 0.12918192004844E+04
 0.12918192004331E+04
 0.12918192004135E+04
 0.12918191999792E+04
 0.12918191998478E+04
 0.12918191997796E+04
 0.12918191990743E+04
 0.12918191988170E+04
 0.12918191969871E+04
 0.12918191960215E+04
 0.12918191954737E+04
 0.12918191930448E+04
 0.12918191912364E+04
 0.12918191902733E+04
 0.12918202734377E+04
 0.12918202730258E+04
 0.12918202727382E+04
 0.12918202725443E+04
 0.12918202724283E+04
 0.12918202723475E+04
 0.12918202713677E+04
 0.12918202710096E+04
 0.12918202708098E+04
 0.12918202707268E+04
 0.12918202706940E+04
 0.12918202706920E+04
 0.12918202705304E+04
 0.12918202705013E+04
 0.12918202705145E+04
 0.12918202705522E+04
 0.12918202706028E+04
 0.12918202707237E+04
 0.12918202707149E+04
 0.12918202708049E+04
 0.12918202708922E+04
 0.12918202709767E+04
 0.12918202710926E+04
 0.12918202711186E+04
 0.12918202712543E+04
 0.12918202713352E+04
 0.12918202714620E+04
 0.12918210778402E+04
 0.12918210780398E+04
 0.12918210781931E+04
 0.12918210782796E+04
 0.12918210783869E+04
 0.12918210786429E+04
 0.12918210788565E+04
 0.12918210790812E+04
 0.12918210792571E+04
 0.12918210792947E+04
 0.12918210796055E+04
 0.12918213684243E+04
 0.12918213685785E+04
 0.12918213687343E+04
 0.12918213690323E+04
 0.12918213691413E+04
 0.12918213691112E+04
 0.12918213691048E+04
 0.12918213691325E+04
 0.12918213692195E+04
 0.12918213696065E+04
 0.12918209093843E+04
 0.12918188217046E+04
 0.12918188222809E+04
 0.12918204410380E+04
 0.12918204419235E+04
 0.12918204430871E+04
 0.12918204432196E+04
 0.12918204434236E+04
 0.12918204439137E+04
 0.12918212553887E+04
 0.12918212558765E+04
 0.12918212569425E+04
 0.12918212510520E+04
 0.12918212507695E+04
 0.12918212503719E+04
 0.12918212509008E+04
 0.12918212549654E+04
 0.12918212514271E+04
 0.12918224623979E+04
 0.12918224614740E+04
 0.12918224626502E+04
 0.12918213170174E+04
 0.12918213163653E+04
 0.12918213150276E+04
 0.12918213144643E+04
 0.12918213143914E+04
 0.12918213125312E+04
 0.12918213115749E+04
 0.12918213104330E+04
 0.12918213099434E+04
 0.12918213100106E+04
 0.12918213118108E+04
 0.12918213124324E+04
 0.12918213120476E+04
 0.12918205390748E+04
 0.12918205399452E+04
 0.12918205388010E+04
 0.12918205384854E+04
 0.12918219644923E+04
 0.12918219639854E+04
 0.12918219638833E+04
 0.12918219623734E+04
 0.12918219609213E+04
 0.12918219604156E+04
 0.12918219600510E+04
 0.12918219603307E+04
 0.12918212658288E+04
 0.12918212672919E+04
 0.12918212664259E+04
 0.12918212631662E+04
 0.12918212624607E+04
 0.12918224419034E+04
 0.12918224392546E+04
 0.12918213381413E+04
 0.12918213358373E+04
 0.12918213354079E+04
 0.12918213350149E+04
 0.12918213349374E+04
 0.12918213350482E+04
 0.12918226907433E+04
 0.12918226886994E+04
 0.12918226867152E+04
 0.12918212480697E+04
 0.12918212488577E+04
 0.12918226222278E+04
 0.12918208675412E+04
 0.12918208688288E+04
 0.12918208666485E+04
 0.12918208661096E+04
 0.12918203356272E+04
 0.12918203333012E+04
 0.12918205528683E+04
 0.12918205524521E+04
 0.12918205525239E+04
 0.12918205527591E+04
 0.12918205507293E+04
 0.12918205526860E+04
 0.12918205521991E+04
 0.12918188813081E+04
 0.12918188823288E+04
 0.12918188844404E+04
 0.12918208763183E+04
 0.12918193607665E+04
 0.12918217766557E+04
 0.12918217823584E+04
 0.12918217808185E+04
 0.12918200829651E+04
 0.12918200816465E+04
 0.12918185179556E+04
 0.12918185171994E+04
 0.12918185174343E+04
 0.12918196104285E+04
 0.12918203909625E+04
 0.12918203942546E+04
 0.12918203952475E+04
 0.12918203900913E+04
 0.12918203900896E+04
 0.12918203892876E+04
 0.12918203895227E+04
 0.12918210012730E+04
 0.12918210087400E+04
 0.12918203819317E+04
 0.12918203889896E+04
 0.12918203774234E+04
 0.12918205829898E+04
 0.12918205793610E+04
 0.12918205831810E+04
 0.12918201231062E+04
 0.12918196321251E+04
 0.12918196306233E+04
