 0.11117147283638E+04
 0.11117174640138E+04
 0.11117174649693E+04
 0.11117174649693E+04
 0.11117174649764E+04
 0.11117174647881E+04
 0.11117174638824E+04
 0.11117174637554E+04
 0.11117174638163E+04
 0.11117174641971E+04
 0.11117174645189E+04
 0.11117174655053E+04
 0.11117174673226E+04
 0.11117174679325E+04
 0.11117174716664E+04
 0.11117174723395E+04
 0.11117174759186E+04
 0.11117174771312E+04
 0.11117174773123E+04
 0.11117174795333E+04
 0.11117174799959E+04
 0.11117174799327E+04
 0.11117174806731E+04
 0.11117174806151E+04
 0.11117174802924E+04
 0.11117174798886E+04
 0.11117174792644E+04
 0.11117174787919E+04
 0.11117174776503E+04
 0.11117174763687E+04
 0.11117174756305E+04
 0.11117174749940E+04
 0.11117174724707E+04
 0.11117174711525E+04
 0.11117174700884E+04
 0.11117174686153E+04
 0.11117174671654E+04
 0.11117174639401E+04
 0.11117174612296E+04
 0.11117174598390E+04
 0.11117174578622E+04
 0.11117174564945E+04
 0.11117174557784E+04
 0.11117199666239E+04
 0.11117199661768E+04
 0.11117199656484E+04
 0.11117199651903E+04
 0.11117199651327E+04
 0.11117199648222E+04
 0.11117199642062E+04
 0.11117199642112E+04
 0.11117199640332E+04
 0.11117199636627E+04
 0.11117199637958E+04
 0.11117199638148E+04
 0.11117199636273E+04
 0.11117199637641E+04
 0.11117199638770E+04
 0.11117199638334E+04
 0.11117199637270E+04
 0.11117199643092E+04
 0.11117199638139E+04
 0.11117199638417E+04
 0.11117199642068E+04
 0.11117199644893E+04
 0.11117199647021E+04
 0.11117199644483E+04
 0.11117199647090E+04
 0.11117199647734E+04
 0.11117199648631E+04
 0.11117216492407E+04
 0.11117216492096E+04
 0.11117216493611E+04
 0.11117216491860E+04
 0.11117216491640E+04
 0.11117216491235E+04
 0.11117216492608E+04
 0.11117216493689E+04
 0.11117216494122E+04
 0.11117216493775E+04
 0.11117216490113E+04
 0.11117219766831E+04
 0.11117219766604E+04
 0.11117219765917E+04
 0.11117219760195E+04
 0.11117219758340E+04
 0.11117219758320E+04
 0.11117219757354E+04
 0.11117219756213E+04
 0.11117219745601E+04
 0.11117219745406E+04
 0.11117204982247E+04
 0.11117147121267E+04
 0.11117147121573E+04
 0.11117185067277E+04
 0.11117185071183E+04
 0.11117185077338E+04
 0.11117185091927E+04
 0.11117185104880E+04
 0.11117185116401E+04
 0.11117202342372E+04
 0.11117202353753E+04
 0.11117202366672E+04
 0.11117202338389E+04
 0.11117202342362E+04
 0.11117202343814E+04
 0.11117202351318E+04
 0.11117202367779E+04
 0.11117202350090E+04
 0.11117226939011E+04
 0.11117226946215E+04
 0.11117226958384E+04
 0.11117192885074E+04
 0.11117192885994E+04
 0.11117192882677E+04
 0.11117192888827E+04
 0.11117192895991E+04
 0.11117192931154E+04
 0.11117192939742E+04
 0.11117192942643E+04
 0.11117192945394E+04
 0.11117192953566E+04
 0.11117192970420E+04
 0.11117192968575E+04
 0.11117192971838E+04
 0.11117168763840E+04
 0.11117168783400E+04
 0.11117168788595E+04
 0.11117168793857E+04
 0.11117211409515E+04
 0.11117211416482E+04
 0.11117211423094E+04
 0.11117211455913E+04
 0.11117211454013E+04
 0.11117211463146E+04
 0.11117211469735E+04
 0.11117211479452E+04
 0.11117196147314E+04
 0.11117196179423E+04
 0.11117196185637E+04
 0.11117196182477E+04
 0.11117196188925E+04
 0.11117222934959E+04
 0.11117222923781E+04
 0.11117198120901E+04
 0.11117198141742E+04
 0.11117198145017E+04
 0.11117198147198E+04
 0.11117198151362E+04
 0.11117198163836E+04
 0.11117237130709E+04
 0.11117237144947E+04
 0.11117237135311E+04
 0.11117202618521E+04
 0.11117202632011E+04
 0.11117226052675E+04
 0.11117191728296E+04
 0.11117191768928E+04
 0.11117191751935E+04
 0.11117191756901E+04
 0.11117182176124E+04
 0.11117182164756E+04
 0.11117192247923E+04
 0.11117192261311E+04
 0.11117192271481E+04
 0.11117192232801E+04
 0.11117192235616E+04
 0.11117192230861E+04
 0.11117192244795E+04
 0.11117151862984E+04
 0.11117151866365E+04
 0.11117151818794E+04
 0.11117203198533E+04
 0.11117171269866E+04
 0.11117229775841E+04
 0.11117229797266E+04
 0.11117229768027E+04
 0.11117188455197E+04
 0.11117188422248E+04
 0.11117146567123E+04
 0.11117146583504E+04
 0.11117146552989E+04
 0.11117170889412E+04
 0.11117196692994E+04
 0.11117196655529E+04
 0.11117196648992E+04
 0.11117196622668E+04
 0.11117196668544E+04
 0.11117196675405E+04
 0.11117196641978E+04
 0.11117216194547E+04
 0.11117216112887E+04
 0.11117201857019E+04
 0.11117201844966E+04
 0.11117201914315E+04
 0.11117203606888E+04
 0.11117203565522E+04
 0.11117203582959E+04
 0.11117196080769E+04
 0.11117177373078E+04
 0.11117177295982E+04
