 0.23108610021301E+03
 0.23108653180643E+03
 0.23108653217680E+03
 0.23108653217680E+03
 0.23108653218002E+03
 0.23108653235923E+03
 0.23108653210525E+03
 0.23108653191222E+03
 0.23108653183353E+03
 0.23108653187957E+03
 0.23108653194364E+03
 0.23108653200792E+03
 0.23108653208066E+03
 0.23108653211771E+03
 0.23108653220273E+03
 0.23108653221544E+03
 0.23108653228412E+03
 0.23108653230389E+03
 0.23108653231131E+03
 0.23108653234921E+03
 0.23108653235645E+03
 0.23108653235658E+03
 0.23108653236558E+03
 0.23108653236308E+03
 0.23108653235847E+03
 0.23108653234001E+03
 0.23108653232489E+03
 0.23108653231613E+03
 0.23108653227613E+03
 0.23108653224271E+03
 0.23108653222551E+03
 0.23108653221400E+03
 0.23108653211676E+03
 0.23108653208104E+03
 0.23108653205851E+03
 0.23108653193266E+03
 0.23108653187514E+03
 0.23108653153649E+03
 0.23108653134504E+03
 0.23108653123688E+03
 0.23108653074729E+03
 0.23108653037886E+03
 0.23108653017939E+03
 0.23108705332832E+03
 0.23108705324079E+03
 0.23108705317593E+03
 0.23108705312967E+03
 0.23108705310255E+03
 0.23108705308061E+03
 0.23108705283111E+03
 0.23108705273684E+03
 0.23108705267808E+03
 0.23108705264758E+03
 0.23108705263393E+03
 0.23108705262583E+03
 0.23108705254140E+03
 0.23108705250933E+03
 0.23108705249249E+03
 0.23108705248629E+03
 0.23108705248444E+03
 0.23108705250299E+03
 0.23108705242526E+03
 0.23108705241698E+03
 0.23108705242113E+03
 0.23108705242823E+03
 0.23108705244147E+03
 0.23108705235700E+03
 0.23108705235528E+03
 0.23108705235356E+03
 0.23108705236394E+03
 0.23108742398929E+03
 0.23108742393172E+03
 0.23108742393016E+03
 0.23108742392460E+03
 0.23108742393053E+03
 0.23108742389560E+03
 0.23108742389563E+03
 0.23108742390729E+03
 0.23108742392154E+03
 0.23108742391807E+03
 0.23108742386890E+03
 0.23108754626822E+03
 0.23108754627383E+03
 0.23108754628574E+03
 0.23108754624118E+03
 0.23108754622297E+03
 0.23108754619390E+03
 0.23108754617995E+03
 0.23108754617845E+03
 0.23108754609857E+03
 0.23108754615585E+03
 0.23108731900104E+03
 0.23108627716297E+03
 0.23108627726546E+03
 0.23108706560484E+03
 0.23108706582072E+03
 0.23108706607275E+03
 0.23108706647115E+03
 0.23108706683354E+03
 0.23108706721070E+03
 0.23108744979492E+03
 0.23108745011332E+03
 0.23108745050977E+03
 0.23108744950267E+03
 0.23108744958199E+03
 0.23108744961165E+03
 0.23108744980245E+03
 0.23108745072950E+03
 0.23108745010471E+03
 0.23108802989712E+03
 0.23108802997315E+03
 0.23108803038878E+03
 0.23108746158492E+03
 0.23108746158018E+03
 0.23108746141147E+03
 0.23108746138055E+03
 0.23108746143851E+03
 0.23108746200507E+03
 0.23108746212218E+03
 0.23108746211810E+03
 0.23108746217203E+03
 0.23108746230786E+03
 0.23108746277165E+03
 0.23108746303658E+03
 0.23108746304539E+03
 0.23108705234429E+03
 0.23108705282874E+03
 0.23108705280456E+03
 0.23108705288299E+03
 0.23108779009451E+03
 0.23108779008385E+03
 0.23108779013766E+03
 0.23108779058622E+03
 0.23108779056666E+03
 0.23108779066393E+03
 0.23108779073447E+03
 0.23108779088088E+03
 0.23108745987090E+03
 0.23108746090531E+03
 0.23108746095796E+03
 0.23108746043061E+03
 0.23108746040305E+03
 0.23108802367433E+03
 0.23108802321853E+03
 0.23108749470234E+03
 0.23108749491139E+03
 0.23108749499723E+03
 0.23108749504847E+03
 0.23108749509855E+03
 0.23108749513915E+03
 0.23108817381865E+03
 0.23108817404248E+03
 0.23108817374337E+03
 0.23108747206210E+03
 0.23108747219094E+03
 0.23108811214840E+03
 0.23108727859892E+03
 0.23108727904523E+03
 0.23108727872224E+03
 0.23108727858826E+03
 0.23108703088317E+03
 0.23108703000198E+03
 0.23108715913775E+03
 0.23108715971073E+03
 0.23108715949624E+03
 0.23108715887824E+03
 0.23108715899476E+03
 0.23108715896158E+03
 0.23108715890960E+03
 0.23108633802143E+03
 0.23108633779818E+03
 0.23108633754399E+03
 0.23108731844352E+03
 0.23108660225478E+03
 0.23108777704558E+03
 0.23108777807765E+03
 0.23108777706006E+03
 0.23108694255656E+03
 0.23108694164492E+03
 0.23108616587384E+03
 0.23108616593421E+03
 0.23108616576380E+03
 0.23108669531227E+03
 0.23108709768230E+03
 0.23108709773164E+03
 0.23108709746448E+03
 0.23108709689330E+03
 0.23108709731742E+03
 0.23108709721464E+03
 0.23108709718819E+03
 0.23108740967712E+03
 0.23108740855300E+03
 0.23108711419494E+03
 0.23108711339732E+03
 0.23108711388221E+03
 0.23108720033861E+03
 0.23108719963349E+03
 0.23108720002239E+03
 0.23108698674640E+03
 0.23108672494963E+03
 0.23108672495891E+03
