 0.45111771269135E+14
 0.45111778370666E+14
 0.45111778373602E+14
 0.45111778373602E+14
 0.45111778373602E+14
 0.45111778373605E+14
 0.45111778373636E+14
 0.45111778373685E+14
 0.45111778373891E+14
 0.45111778374185E+14
 0.45111778374380E+14
 0.45111778375132E+14
 0.45111778376253E+14
 0.45111778376568E+14
 0.45111778378563E+14
 0.45111778378894E+14
 0.45111778380598E+14
 0.45111778381145E+14
 0.45111778381103E+14
 0.45111778382021E+14
 0.45111778382147E+14
 0.45111778382009E+14
 0.45111778382148E+14
 0.45111778381977E+14
 0.45111778381711E+14
 0.45111778381221E+14
 0.45111778380716E+14
 0.45111778380400E+14
 0.45111778379448E+14
 0.45111778378531E+14
 0.45111778378066E+14
 0.45111778377676E+14
 0.45111778375582E+14
 0.45111778374713E+14
 0.45111778374086E+14
 0.45111778371986E+14
 0.45111778370803E+14
 0.45111778365192E+14
 0.45111778361817E+14
 0.45111778360006E+14
 0.45111778352970E+14
 0.45111778347747E+14
 0.45111778344947E+14
 0.45111787167013E+14
 0.45111787165812E+14
 0.45111787164868E+14
 0.45111787164175E+14
 0.45111787163846E+14
 0.45111787163510E+14
 0.45111787160133E+14
 0.45111787158965E+14
 0.45111787158195E+14
 0.45111787157724E+14
 0.45111787157631E+14
 0.45111787157551E+14
 0.45111787156249E+14
 0.45111787155837E+14
 0.45111787155648E+14
 0.45111787155563E+14
 0.45111787155521E+14
 0.45111787155962E+14
 0.45111787154914E+14
 0.45111787154888E+14
 0.45111787155125E+14
 0.45111787155355E+14
 0.45111787155636E+14
 0.45111787154853E+14
 0.45111787155064E+14
 0.45111787155165E+14
 0.45111787155408E+14
 0.45111793410214E+14
 0.45111793409851E+14
 0.45111793410044E+14
 0.45111793410038E+14
 0.45111793410203E+14
 0.45111793410064E+14
 0.45111793410304E+14
 0.45111793410656E+14
 0.45111793410975E+14
 0.45111793411013E+14
 0.45111793410623E+14
 0.45111795488100E+14
 0.45111795488298E+14
 0.45111795488544E+14
 0.45111795487969E+14
 0.45111795487810E+14
 0.45111795487538E+14
 0.45111795487418E+14
 0.45111795487424E+14
 0.45111795485587E+14
 0.45111795486311E+14
 0.45111791834891E+14
 0.45111774486233E+14
 0.45111774487072E+14
 0.45111787745291E+14
 0.45111787746131E+14
 0.45111787748396E+14
 0.45111787745608E+14
 0.45111787743840E+14
 0.45111787743416E+14
 0.45111794195862E+14
 0.45111794195973E+14
 0.45111794197928E+14
 0.45111794180560E+14
 0.45111794179191E+14
 0.45111794177553E+14
 0.45111794178641E+14
 0.45111794189854E+14
 0.45111794179861E+14
 0.45111803906472E+14
 0.45111803903034E+14
 0.45111803906006E+14
 0.45111794599768E+14
 0.45111794597747E+14
 0.45111794593806E+14
 0.45111794592316E+14
 0.45111794592237E+14
 0.45111794584292E+14
 0.45111794581226E+14
 0.45111794577497E+14
 0.45111794576010E+14
 0.45111794576213E+14
 0.45111794581334E+14
 0.45111794583355E+14
 0.45111794582552E+14
 0.45111787728508E+14
 0.45111787731083E+14
 0.45111787727585E+14
 0.45111787726657E+14
 0.45111799895249E+14
 0.45111799894116E+14
 0.45111799894109E+14
 0.45111799888340E+14
 0.45111799884246E+14
 0.45111799882987E+14
 0.45111799882389E+14
 0.45111799883523E+14
 0.45111794336627E+14
 0.45111794339581E+14
 0.45111794336947E+14
 0.45111794327610E+14
 0.45111794325854E+14
 0.45111803739096E+14
 0.45111803732152E+14
 0.45111794902321E+14
 0.45111794894827E+14
 0.45111794893853E+14
 0.45111794893032E+14
 0.45111794893593E+14
 0.45111794894372E+14
 0.45111806134941E+14
 0.45111806128461E+14
 0.45111806123947E+14
 0.45111794387205E+14
 0.45111794390634E+14
 0.45111805214115E+14
 0.45111791248116E+14
 0.45111791255129E+14
 0.45111791248724E+14
 0.45111791247288E+14
 0.45111786915579E+14
 0.45111786914483E+14
 0.45111789010317E+14
 0.45111789003674E+14
 0.45111789005394E+14
 0.45111789014566E+14
 0.45111789002261E+14
 0.45111789009379E+14
 0.45111789007874E+14
 0.45111775269644E+14
 0.45111775274023E+14
 0.45111775283859E+14
 0.45111791658162E+14
 0.45111779604192E+14
 0.45111799203965E+14
 0.45111799220288E+14
 0.45111799219597E+14
 0.45111785312516E+14
 0.45111785312273E+14
 0.45111772343683E+14
 0.45111772340021E+14
 0.45111772340555E+14
 0.45111781222362E+14
 0.45111787769888E+14
 0.45111787783462E+14
 0.45111787788625E+14
 0.45111787772062E+14
 0.45111787765480E+14
 0.45111787761968E+14
 0.45111787763812E+14
 0.45111792953461E+14
 0.45111792993073E+14
 0.45111787914270E+14
 0.45111787947859E+14
 0.45111787894613E+14
 0.45111789476346E+14
 0.45111789465707E+14
 0.45111789478421E+14
 0.45111785966464E+14
 0.45111781672006E+14
 0.45111781667642E+14
