 0.11129378483652E+04
 0.11129405726830E+04
 0.11129405736350E+04
 0.11129405736350E+04
 0.11129405736421E+04
 0.11129405734522E+04
 0.11129405725430E+04
 0.11129405724154E+04
 0.11129405724757E+04
 0.11129405728572E+04
 0.11129405731796E+04
 0.11129405741667E+04
 0.11129405759857E+04
 0.11129405765964E+04
 0.11129405803339E+04
 0.11129405810078E+04
 0.11129405845906E+04
 0.11129405858046E+04
 0.11129405859863E+04
 0.11129405882100E+04
 0.11129405886733E+04
 0.11129405886104E+04
 0.11129405893523E+04
 0.11129405892946E+04
 0.11129405889719E+04
 0.11129405885684E+04
 0.11129405879442E+04
 0.11129405874714E+04
 0.11129405863293E+04
 0.11129405850471E+04
 0.11129405843084E+04
 0.11129405836715E+04
 0.11129405811467E+04
 0.11129405798275E+04
 0.11129405787626E+04
 0.11129405772890E+04
 0.11129405758382E+04
 0.11129405726124E+04
 0.11129405699007E+04
 0.11129405685096E+04
 0.11129405665358E+04
 0.11129405651706E+04
 0.11129405644559E+04
 0.11129430616503E+04
 0.11129430612035E+04
 0.11129430606753E+04
 0.11129430602171E+04
 0.11129430601597E+04
 0.11129430598491E+04
 0.11129430592360E+04
 0.11129430592424E+04
 0.11129430590651E+04
 0.11129430586947E+04
 0.11129430588281E+04
 0.11129430588473E+04
 0.11129430586614E+04
 0.11129430587991E+04
 0.11129430589126E+04
 0.11129430588692E+04
 0.11129430587628E+04
 0.11129430593455E+04
 0.11129430588516E+04
 0.11129430588798E+04
 0.11129430592455E+04
 0.11129430595284E+04
 0.11129430597415E+04
 0.11129430594898E+04
 0.11129430597512E+04
 0.11129430598161E+04
 0.11129430599060E+04
 0.11129447346545E+04
 0.11129447346258E+04
 0.11129447347781E+04
 0.11129447346033E+04
 0.11129447345816E+04
 0.11129447345431E+04
 0.11129447346814E+04
 0.11129447347901E+04
 0.11129447348337E+04
 0.11129447347993E+04
 0.11129447344355E+04
 0.11129450589844E+04
 0.11129450589621E+04
 0.11129450588936E+04
 0.11129450583235E+04
 0.11129450581390E+04
 0.11129450581378E+04
 0.11129450580416E+04
 0.11129450579275E+04
 0.11129450568690E+04
 0.11129450568496E+04
 0.11129435864618E+04
 0.11129378276459E+04
 0.11129378276764E+04
 0.11129416016769E+04
 0.11129416020665E+04
 0.11129416026807E+04
 0.11129416041343E+04
 0.11129416054247E+04
 0.11129416065717E+04
 0.11129433192682E+04
 0.11129433204023E+04
 0.11129433216897E+04
 0.11129433188677E+04
 0.11129433192634E+04
 0.11129433194074E+04
 0.11129433201557E+04
 0.11129433217920E+04
 0.11129433200270E+04
 0.11129457637503E+04
 0.11129457644676E+04
 0.11129457656791E+04
 0.11129423732261E+04
 0.11129423733167E+04
 0.11129423729851E+04
 0.11129423736001E+04
 0.11129423743156E+04
 0.11129423778186E+04
 0.11129423786730E+04
 0.11129423789606E+04
 0.11129423792334E+04
 0.11129423800484E+04
 0.11129423817292E+04
 0.11129423815393E+04
 0.11129423818644E+04
 0.11129399719404E+04
 0.11129399738889E+04
 0.11129399744066E+04
 0.11129399749305E+04
 0.11129442171427E+04
 0.11129442178388E+04
 0.11129442184990E+04
 0.11129442217704E+04
 0.11129442215765E+04
 0.11129442224869E+04
 0.11129442231435E+04
 0.11129442241132E+04
 0.11129426994605E+04
 0.11129427026541E+04
 0.11129427032726E+04
 0.11129427029606E+04
 0.11129427036047E+04
 0.11129453635878E+04
 0.11129453624724E+04
 0.11129428959147E+04
 0.11129428979905E+04
 0.11129428983150E+04
 0.11129428985308E+04
 0.11129428989456E+04
 0.11129429001935E+04
 0.11129467791740E+04
 0.11129467805889E+04
 0.11129467796253E+04
 0.11129433462180E+04
 0.11129433475668E+04
 0.11129456730551E+04
 0.11129422622266E+04
 0.11129422662848E+04
 0.11129422645860E+04
 0.11129422650851E+04
 0.11129413135078E+04
 0.11129413123811E+04
 0.11129423172547E+04
 0.11129423185845E+04
 0.11129423196074E+04
 0.11129423157442E+04
 0.11129423160228E+04
 0.11129423155522E+04
 0.11129423169477E+04
 0.11129383002203E+04
 0.11129383005664E+04
 0.11129382958131E+04
 0.11129434081274E+04
 0.11129402339078E+04
 0.11129460538427E+04
 0.11129460559777E+04
 0.11129460530692E+04
 0.11129419435749E+04
 0.11129419402927E+04
 0.11129377750915E+04
 0.11129377767295E+04
 0.11129377736797E+04
 0.11129401935291E+04
 0.11129427633300E+04
 0.11129427595838E+04
 0.11129427589370E+04
 0.11129427563029E+04
 0.11129427608911E+04
 0.11129427615796E+04
 0.11129427582331E+04
 0.11129447052780E+04
 0.11129446971361E+04
 0.11129432792058E+04
 0.11129432780284E+04
 0.11129432849436E+04
 0.11129434519920E+04
 0.11129434478584E+04
 0.11129434496036E+04
 0.11129427048929E+04
 0.11129408410236E+04
 0.11129408333003E+04
