 0.23134034352201E+03
 0.23134077260909E+03
 0.23134077297892E+03
 0.23134077297892E+03
 0.23134077298214E+03
 0.23134077316127E+03
 0.23134077290649E+03
 0.23134077271314E+03
 0.23134077263425E+03
 0.23134077268036E+03
 0.23134077274457E+03
 0.23134077280885E+03
 0.23134077288160E+03
 0.23134077291873E+03
 0.23134077300373E+03
 0.23134077301645E+03
 0.23134077308517E+03
 0.23134077310497E+03
 0.23134077311248E+03
 0.23134077315049E+03
 0.23134077315778E+03
 0.23134077315797E+03
 0.23134077316712E+03
 0.23134077316471E+03
 0.23134077316015E+03
 0.23134077314185E+03
 0.23134077312683E+03
 0.23134077311812E+03
 0.23134077307825E+03
 0.23134077304494E+03
 0.23134077302778E+03
 0.23134077301632E+03
 0.23134077291925E+03
 0.23134077288359E+03
 0.23134077286110E+03
 0.23134077273535E+03
 0.23134077267790E+03
 0.23134077233952E+03
 0.23134077214823E+03
 0.23134077204015E+03
 0.23134077155111E+03
 0.23134077118309E+03
 0.23134077098386E+03
 0.23134129129658E+03
 0.23134129120913E+03
 0.23134129114433E+03
 0.23134129109812E+03
 0.23134129107104E+03
 0.23134129104911E+03
 0.23134129080009E+03
 0.23134129070601E+03
 0.23134129064737E+03
 0.23134129061692E+03
 0.23134129060330E+03
 0.23134129059524E+03
 0.23134129051108E+03
 0.23134129047913E+03
 0.23134129046236E+03
 0.23134129045621E+03
 0.23134129045439E+03
 0.23134129047294E+03
 0.23134129039551E+03
 0.23134129038731E+03
 0.23134129039151E+03
 0.23134129039863E+03
 0.23134129041189E+03
 0.23134129032784E+03
 0.23134129032622E+03
 0.23134129032456E+03
 0.23134129033498E+03
 0.23134165998243E+03
 0.23134165992532E+03
 0.23134165992388E+03
 0.23134165991842E+03
 0.23134165992440E+03
 0.23134165988987E+03
 0.23134165989007E+03
 0.23134165990186E+03
 0.23134165991617E+03
 0.23134165991275E+03
 0.23134165986413E+03
 0.23134178167402E+03
 0.23134178167973E+03
 0.23134178169171E+03
 0.23134178164769E+03
 0.23134178162969E+03
 0.23134178160076E+03
 0.23134178158690E+03
 0.23134178158544E+03
 0.23134178150625E+03
 0.23134178156361E+03
 0.23134155572877E+03
 0.23134051973870E+03
 0.23134051984125E+03
 0.23134130390444E+03
 0.23134130412025E+03
 0.23134130437213E+03
 0.23134130476954E+03
 0.23134130513101E+03
 0.23134130550726E+03
 0.23134168606049E+03
 0.23134168637814E+03
 0.23134168677379E+03
 0.23134168576754E+03
 0.23134168584651E+03
 0.23134168587592E+03
 0.23134168606634E+03
 0.23134168699200E+03
 0.23134168636772E+03
 0.23134226308263E+03
 0.23134226315795E+03
 0.23134226357264E+03
 0.23134169801480E+03
 0.23134169800974E+03
 0.23134169784096E+03
 0.23134169780986E+03
 0.23134169786755E+03
 0.23134169843113E+03
 0.23134169854726E+03
 0.23134169854261E+03
 0.23134169859605E+03
 0.23134169873138E+03
 0.23134169919433E+03
 0.23134169945848E+03
 0.23134169946699E+03
 0.23134129112832E+03
 0.23134129161132E+03
 0.23134129158661E+03
 0.23134129166454E+03
 0.23134202468960E+03
 0.23134202467866E+03
 0.23134202473216E+03
 0.23134202517828E+03
 0.23134202515795E+03
 0.23134202525451E+03
 0.23134202532449E+03
 0.23134202547042E+03
 0.23134169622644E+03
 0.23134169725768E+03
 0.23134169730966E+03
 0.23134169678261E+03
 0.23134169675474E+03
 0.23134225699503E+03
 0.23134225653947E+03
 0.23134173086307E+03
 0.23134173107016E+03
 0.23134173115538E+03
 0.23134173120615E+03
 0.23134173125586E+03
 0.23134173129632E+03
 0.23134240615075E+03
 0.23134240637265E+03
 0.23134240607343E+03
 0.23134170820760E+03
 0.23134170833621E+03
 0.23134234501615E+03
 0.23134151582640E+03
 0.23134151627124E+03
 0.23134151594838E+03
 0.23134151581466E+03
 0.23134126940736E+03
 0.23134126852756E+03
 0.23134139685912E+03
 0.23134139743054E+03
 0.23134139721680E+03
 0.23134139660002E+03
 0.23134139671600E+03
 0.23134139668390E+03
 0.23134139663199E+03
 0.23134058022365E+03
 0.23134058000173E+03
 0.23134057974914E+03
 0.23134155521911E+03
 0.23134084284868E+03
 0.23134201122033E+03
 0.23134201225149E+03
 0.23134201123664E+03
 0.23134118128893E+03
 0.23134118037966E+03
 0.23134040893428E+03
 0.23134040899433E+03
 0.23134040882477E+03
 0.23134093553225E+03
 0.23134133556037E+03
 0.23134133561067E+03
 0.23134133534480E+03
 0.23134133477326E+03
 0.23134133519691E+03
 0.23134133509437E+03
 0.23134133506785E+03
 0.23134164574645E+03
 0.23134164462797E+03
 0.23134135186359E+03
 0.23134135107118E+03
 0.23134135155092E+03
 0.23134143760456E+03
 0.23134143690026E+03
 0.23134143728946E+03
 0.23134122509540E+03
 0.23134096487267E+03
 0.23134096488086E+03
