-0.17959472271050E+13
-0.17263533711687E+13
-0.17269357537941E+13
-0.17303365451369E+13
-0.17356444212862E+13
-0.17428133271690E+13
-0.17515400571497E+13
-0.17617781841147E+13
-0.17734890119687E+13
-0.17866321111353E+13
-0.18011640190080E+13
-0.18170374124788E+13
-0.18341989167672E+13
-0.18525954015551E+13
-0.18721628013109E+13
-0.18928443232873E+13
-0.19145658674397E+13
-0.19372556799282E+13
-0.19608428868775E+13
-0.19852232307343E+13
-0.20103316814663E+13
-0.20361110684331E+13
-0.20624257956936E+13
-0.20891991811656E+13
-0.21163592707494E+13
-0.21437518550687E+13
-0.21712751555613E+13
-0.21988712404145E+13
-0.22263955977030E+13
-0.22537685320018E+13
-0.22808472445549E+13
-0.23075116024570E+13
-0.23336769193296E+13
-0.23592120376439E+13
-0.23840052206065E+13
-0.24079190878853E+13
-0.24309110275070E+13
-0.24527372556795E+13
-0.24733350073892E+13
-0.24925775452388E+13
-0.25103630492696E+13
-0.25264954672143E+13
-0.25409389485065E+13
-0.25536365526957E+13
-0.25642531870155E+13
-0.25729685669042E+13
-0.25795359071183E+13
-0.25840655258253E+13
-0.25861946683719E+13
-0.25858056919455E+13
-0.25826848663076E+13
-0.25769745543441E+13
-0.25687896474095E+13
-0.25578407704953E+13
-0.25444202149900E+13
-0.25279021533545E+13
-0.25084827122277E+13
-0.24856722001278E+13
-0.24598261019675E+13
-0.24312371138863E+13
-0.24000056061022E+13
-0.23652998500867E+13
-0.23277202572666E+13
-0.22863055516301E+13
-0.22417288743577E+13
-0.21944770364295E+13
-0.21441025114520E+13
-0.20913235539263E+13
-0.20352866960750E+13
-0.19746039876080E+13
-0.19120875780593E+13
-0.18466099355363E+13
-0.17782347354313E+13
-0.17076973682708E+13
-0.16344458785053E+13
-0.15579771699262E+13
-0.14770457571902E+13
-0.13951949403932E+13
-0.13108401424199E+13
-0.12251920749080E+13
-0.11364464374385E+13
-0.10459639049971E+13
-0.95070432134254E+12
-0.85548333002018E+12
-0.75839741058974E+12
-0.65950132540122E+12
-0.56046940473450E+12
-0.45956351655555E+12
-0.35471577155899E+12
-0.24938357679806E+12
-0.14380475197310E+12
-0.37258224811626E+11
 0.70172244645483E+11
 0.17671757297709E+12
 0.28459475821402E+12
 0.39283955293524E+12
 0.50136464750470E+12
 0.61217365664075E+12
 0.72267490089975E+12
 0.83145770266224E+12
 0.93986184693357E+12
 0.10477246580085E+13
 0.11549687475669E+13
 0.12597051288922E+13
 0.13640427272138E+13
 0.14670196173071E+13
 0.15719463299441E+13
 0.16752024701877E+13
 0.17752124373349E+13
 0.18735408144656E+13
 0.19701759550863E+13
 0.20623552865587E+13
 0.21539404417237E+13
 0.22431636529055E+13
 0.23356914876379E+13
 0.24214437482841E+13
 0.25048119964882E+13
 0.25855595764907E+13
 0.26637779477326E+13
 0.27361058714842E+13
 0.28071806130883E+13
 0.28790135942133E+13
 0.29479009720156E+13
 0.30117157316766E+13
 0.30726150158926E+13
 0.31301800741778E+13
 0.31825821334312E+13
 0.32325156341518E+13
 0.32790240758220E+13
 0.33258248089180E+13
 0.33710399072911E+13
 0.34097651244651E+13
 0.34452794558573E+13
 0.34751403295985E+13
 0.35026425032606E+13
 0.35268489621672E+13
 0.35551747346825E+13
 0.35749442352482E+13
 0.35916499219411E+13
 0.36054732781064E+13
 0.36123342749467E+13
 0.36179932176831E+13
 0.36247617417187E+13
 0.36305340269019E+13
 0.36299336644837E+13
 0.36266042598645E+13
 0.36208580859318E+13
 0.36087927538541E+13
 0.35956302463935E+13
 0.35840480351377E+13
 0.35721477441894E+13
 0.35543531791556E+13
 0.35344189835239E+13
 0.35095220210605E+13
 0.34834648778285E+13
 0.34597491215338E+13
 0.34345731725557E+13
 0.34051454957701E+13
 0.33741157546383E+13
 0.33416992034148E+13
 0.33027092781836E+13
 0.32692906786222E+13
 0.32350733416757E+13
 0.31971214109223E+13
 0.31581065158164E+13
 0.31181758740227E+13
 0.30732789188704E+13
 0.30290151600491E+13
 0.29896888897121E+13
 0.29484466427269E+13
 0.29043004598083E+13
 0.28595981436614E+13
 0.28143700257796E+13
 0.27649930833598E+13
 0.27167441330290E+13
 0.26730725800703E+13
 0.26288464035155E+13
 0.25819595354111E+13
 0.25349213108716E+13
 0.24837387429122E+13
 0.24360856414120E+13
 0.23872240486833E+13
 0.23399678670090E+13
 0.22984475789440E+13
 0.22514875103764E+13
 0.22047384726130E+13
 0.21553008398683E+13
 0.21086693028961E+13
 0.20611052695522E+13
 0.20174217003800E+13
 0.19694537326159E+13
 0.19266637125853E+13
 0.18845740089226E+13
 0.18403328745853E+13
 0.17935857149014E+13
 0.17492775093768E+13
 0.17047291663826E+13
 0.16676596719485E+13
 0.16258709851456E+13
 0.15845904095041E+13
 0.15439149131152E+13
