 0.11680136384886E+07
 0.11680108895618E+07
 0.11680108888430E+07
 0.11680108888430E+07
 0.11680108888441E+07
 0.11680108890154E+07
 0.11680108894409E+07
 0.11680108897154E+07
 0.11680108900668E+07
 0.11680108898625E+07
 0.11680108895369E+07
 0.11680108878929E+07
 0.11680108844944E+07
 0.11680108833038E+07
 0.11680108759082E+07
 0.11680108745131E+07
 0.11680108672528E+07
 0.11680108647331E+07
 0.11680108642546E+07
 0.11680108596438E+07
 0.11680108586154E+07
 0.11680108586602E+07
 0.11680108570400E+07
 0.11680108570446E+07
 0.11680108576213E+07
 0.11680108583440E+07
 0.11680108594890E+07
 0.11680108603934E+07
 0.11680108626399E+07
 0.11680108651326E+07
 0.11680108665905E+07
 0.11680108678370E+07
 0.11680108728873E+07
 0.11680108755112E+07
 0.11680108776266E+07
 0.11680108806708E+07
 0.11680108835705E+07
 0.11680108900883E+07
 0.11680108955073E+07
 0.11680108982793E+07
 0.11680109016941E+07
 0.11680109039785E+07
 0.11680109051359E+07
 0.11680091873156E+07
 0.11680091880841E+07
 0.11680091890341E+07
 0.11680091898619E+07
 0.11680091899101E+07
 0.11680091904783E+07
 0.11680091909349E+07
 0.11680091905885E+07
 0.11680091907099E+07
 0.11680091913180E+07
 0.11680091909574E+07
 0.11680091908371E+07
 0.11680091906360E+07
 0.11680091900664E+07
 0.11680091896302E+07
 0.11680091895886E+07
 0.11680091897010E+07
 0.11680091884580E+07
 0.11680091887017E+07
 0.11680091883962E+07
 0.11680091875193E+07
 0.11680091868506E+07
 0.11680091863348E+07
 0.11680091859471E+07
 0.11680091851421E+07
 0.11680091848455E+07
 0.11680091845390E+07
 0.11680081056709E+07
 0.11680081047841E+07
 0.11680081041777E+07
 0.11680081043328E+07
 0.11680081042492E+07
 0.11680081035146E+07
 0.11680081028466E+07
 0.11680081023400E+07
 0.11680081020832E+07
 0.11680081020539E+07
 0.11680081017544E+07
 0.11680081820547E+07
 0.11680081818855E+07
 0.11680081818748E+07
 0.11680081820731E+07
 0.11680081820776E+07
 0.11680081818353E+07
 0.11680081819055E+07
 0.11680081820804E+07
 0.11680081832978E+07
 0.11680081832366E+07
 0.11680097267855E+07
 0.11680146791832E+07
 0.11680146791345E+07
 0.11680120909499E+07
 0.11680120907317E+07
 0.11680120899405E+07
 0.11680120905905E+07
 0.11680120911175E+07
 0.11680120916120E+07
 0.11680110391092E+07
 0.11680110390571E+07
 0.11680110384730E+07
 0.11680110444376E+07
 0.11680110448799E+07
 0.11680110455512E+07
 0.11680110449751E+07
 0.11680110438279E+07
 0.11680110473682E+07
 0.11680098036135E+07
 0.11680098044501E+07
 0.11680098040447E+07
 0.11680130445398E+07
 0.11680130454254E+07
 0.11680130467341E+07
 0.11680130461093E+07
 0.11680130453196E+07
 0.11680130468161E+07
 0.11680130478455E+07
 0.11680130491630E+07
 0.11680130499768E+07
 0.11680130495166E+07
 0.11680130475406E+07
 0.11680130495348E+07
 0.11680130496134E+07
 0.11680152049883E+07
 0.11680152042683E+07
 0.11680152049107E+07
 0.11680152051445E+07
 0.11680114391677E+07
 0.11680114384834E+07
 0.11680114378225E+07
 0.11680114380417E+07
 0.11680114407633E+07
 0.11680114407093E+07
 0.11680114406816E+07
 0.11680114396435E+07
 0.11680124274797E+07
 0.11680124286205E+07
 0.11680124293447E+07
 0.11680124303305E+07
 0.11680124299274E+07
 0.11680106147919E+07
 0.11680106171432E+07
 0.11680122487634E+07
 0.11680122504697E+07
 0.11680122514006E+07
 0.11680122521497E+07
 0.11680122519357E+07
 0.11680122495449E+07
 0.11680087617232E+07
 0.11680087645223E+07
 0.11680087669945E+07
 0.11680112243670E+07
 0.11680112214986E+07
 0.11680105661508E+07
 0.11680121638514E+07
 0.11680121576784E+07
 0.11680121617610E+07
 0.11680121603004E+07
 0.11680125165979E+07
 0.11680125142566E+07
 0.11680113581392E+07
 0.11680113616986E+07
 0.11680113573079E+07
 0.11680113590007E+07
 0.11680113629389E+07
 0.11680113602486E+07
 0.11680113576369E+07
 0.11680142105270E+07
 0.11680142058273E+07
 0.11680142096900E+07
 0.11680101511733E+07
 0.11680120489156E+07
 0.11680077697820E+07
 0.11680077658234E+07
 0.11680077644473E+07
 0.11680107197015E+07
 0.11680107197873E+07
 0.11680141644163E+07
 0.11680141628571E+07
 0.11680141671356E+07
 0.11680126599933E+07
 0.11680100635276E+07
 0.11680100662970E+07
 0.11680100633082E+07
 0.11680100719607E+07
 0.11680100664410E+07
 0.11680100653197E+07
 0.11680100716987E+07
 0.11680081502117E+07
 0.11680081435301E+07
 0.11680091654208E+07
 0.11680091479972E+07
 0.11680091578636E+07
 0.11680093454059E+07
 0.11680093532568E+07
 0.11680093469452E+07
 0.11680095084160E+07
 0.11680115696042E+07
 0.11680115885008E+07
