 0.27032548173637E+08
 0.27032516616884E+08
 0.27032516560065E+08
 0.27032516560065E+08
 0.27032516559681E+08
 0.27032516512561E+08
 0.27032516537785E+08
 0.27032516583124E+08
 0.27032516612625E+08
 0.27032516615648E+08
 0.27032516608771E+08
 0.27032516603653E+08
 0.27032516596359E+08
 0.27032516589795E+08
 0.27032516580329E+08
 0.27032516577803E+08
 0.27032516567759E+08
 0.27032516563787E+08
 0.27032516559785E+08
 0.27032516552213E+08
 0.27032516549217E+08
 0.27032516547152E+08
 0.27032516543554E+08
 0.27032516541424E+08
 0.27032516540156E+08
 0.27032516541562E+08
 0.27032516541248E+08
 0.27032516541248E+08
 0.27032516547079E+08
 0.27032516550262E+08
 0.27032516552133E+08
 0.27032516552720E+08
 0.27032516569639E+08
 0.27032516574618E+08
 0.27032516577099E+08
 0.27032516605357E+08
 0.27032516615415E+08
 0.27032516688640E+08
 0.27032516727030E+08
 0.27032516748868E+08
 0.27032516846309E+08
 0.27032516918863E+08
 0.27032516957491E+08
 0.27032476911581E+08
 0.27032476928099E+08
 0.27032476939568E+08
 0.27032476947271E+08
 0.27032476951927E+08
 0.27032476955108E+08
 0.27032476994092E+08
 0.27032477008377E+08
 0.27032477016278E+08
 0.27032477019471E+08
 0.27032477020789E+08
 0.27032477020823E+08
 0.27032477026805E+08
 0.27032477027779E+08
 0.27032477027111E+08
 0.27032477025480E+08
 0.27032477023338E+08
 0.27032477018543E+08
 0.27032477018283E+08
 0.27032477014501E+08
 0.27032477010991E+08
 0.27032477007592E+08
 0.27032477002909E+08
 0.27032477001351E+08
 0.27032476995798E+08
 0.27032476992473E+08
 0.27032476987311E+08
 0.27032446987077E+08
 0.27032446978508E+08
 0.27032446972205E+08
 0.27032446968583E+08
 0.27032446964192E+08
 0.27032446953393E+08
 0.27032446944601E+08
 0.27032446935406E+08
 0.27032446928235E+08
 0.27032446926682E+08
 0.27032446913443E+08
 0.27032436070782E+08
 0.27032436064450E+08
 0.27032436058075E+08
 0.27032436045258E+08
 0.27032436040604E+08
 0.27032436041699E+08
 0.27032436041894E+08
 0.27032436040739E+08
 0.27032436035997E+08
 0.27032436020233E+08
 0.27032453093259E+08
 0.27032530070511E+08
 0.27032530046895E+08
 0.27032470243739E+08
 0.27032470207182E+08
 0.27032470159838E+08
 0.27032470152622E+08
 0.27032470143027E+08
 0.27032470122259E+08
 0.27032440027162E+08
 0.27032440006813E+08
 0.27032439963372E+08
 0.27032440199490E+08
 0.27032440210492E+08
 0.27032440226152E+08
 0.27032440204670E+08
 0.27032440041278E+08
 0.27032440183370E+08
 0.27032395330777E+08
 0.27032395367385E+08
 0.27032395319941E+08
 0.27032437689932E+08
 0.27032437716009E+08
 0.27032437769636E+08
 0.27032437792319E+08
 0.27032437795319E+08
 0.27032437868412E+08
 0.27032437906599E+08
 0.27032437952153E+08
 0.27032437971751E+08
 0.27032437969064E+08
 0.27032437896788E+08
 0.27032437871984E+08
 0.27032437887609E+08
 0.27032466130670E+08
 0.27032466095785E+08
 0.27032466141576E+08
 0.27032466154226E+08
 0.27032413765265E+08
 0.27032413785804E+08
 0.27032413790070E+08
 0.27032413849807E+08
 0.27032413908125E+08
 0.27032413928534E+08
 0.27032413943436E+08
 0.27032413932410E+08
 0.27032439674575E+08
 0.27032439615115E+08
 0.27032439649780E+08
 0.27032439780608E+08
 0.27032439809080E+08
 0.27032396088206E+08
 0.27032396194902E+08
 0.27032436987159E+08
 0.27032437079094E+08
 0.27032437096482E+08
 0.27032437112438E+08
 0.27032437116019E+08
 0.27032437111849E+08
 0.27032387109535E+08
 0.27032387191192E+08
 0.27032387271531E+08
 0.27032440448133E+08
 0.27032440417209E+08
 0.27032389425226E+08
 0.27032454492849E+08
 0.27032454443163E+08
 0.27032454530573E+08
 0.27032454552268E+08
 0.27032474158172E+08
 0.27032474254862E+08
 0.27032466321492E+08
 0.27032466334927E+08
 0.27032466332953E+08
 0.27032466328604E+08
 0.27032466406181E+08
 0.27032466328556E+08
 0.27032466348035E+08
 0.27032528045437E+08
 0.27032528005341E+08
 0.27032527922862E+08
 0.27032454371225E+08
 0.27032510576617E+08
 0.27032421212294E+08
 0.27032420983407E+08
 0.27032421047439E+08
 0.27032483771920E+08
 0.27032483826959E+08
 0.27032541499094E+08
 0.27032541528547E+08
 0.27032541519036E+08
 0.27032501097469E+08
 0.27032472354223E+08
 0.27032472224577E+08
 0.27032472186118E+08
 0.27032472391986E+08
 0.27032472388113E+08
 0.27032472419574E+08
 0.27032472410839E+08
 0.27032449917845E+08
 0.27032449629075E+08
 0.27032472818696E+08
 0.27032472543439E+08
 0.27032472995597E+08
 0.27032465340113E+08
 0.27032465485609E+08
 0.27032465333352E+08
 0.27032482483811E+08
 0.27032500458868E+08
 0.27032500519108E+08
