 0.13079063474338E+02
 0.13079063474338E+02
 0.13079063474338E+02
 0.13079063474338E+02
 0.13079063474338E+02
 0.13079063471460E+02
 0.13079063477906E+02
 0.13079063475535E+02
 0.13079063474338E+02
 0.13079063474338E+02
 0.13079063474338E+02
 0.13079063474338E+02
 0.13079063474338E+02
 0.13079063474338E+02
 0.13079063474338E+02
 0.13079063474338E+02
 0.13079063474338E+02
 0.13079063474338E+02
 0.13079063474338E+02
 0.13079063474338E+02
 0.13079063474338E+02
 0.13079063474338E+02
 0.13079063474338E+02
 0.13079063474338E+02
 0.13079063474338E+02
 0.13079063474338E+02
 0.13079063474338E+02
 0.13079063474338E+02
 0.13079063474338E+02
 0.13079063474338E+02
 0.13079063474338E+02
 0.13079063474338E+02
 0.13079063474338E+02
 0.13079063474338E+02
 0.13079063474338E+02
 0.13079063474338E+02
 0.13079063474338E+02
 0.13079063474338E+02
 0.13079063474338E+02
 0.13079063474338E+02
 0.13079063474338E+02
 0.13079063474338E+02
 0.13079063474338E+02
 0.13079063474338E+02
 0.13079063474338E+02
 0.13079063474338E+02
 0.13079063474338E+02
 0.13079063474338E+02
 0.13079063474338E+02
 0.13079063474338E+02
 0.13079063474338E+02
 0.13079063474338E+02
 0.13079063474338E+02
 0.13079063474338E+02
 0.13079063474338E+02
 0.13079063474338E+02
 0.13079063474338E+02
 0.13079063474338E+02
 0.13079063474338E+02
 0.13079063474338E+02
 0.13079063474338E+02
 0.13079063474338E+02
 0.13079063474338E+02
 0.13079063474338E+02
 0.13079063474338E+02
 0.13079063474338E+02
 0.13079063474338E+02
 0.13079063474338E+02
 0.13079063474338E+02
 0.13079063474338E+02
 0.13079063474338E+02
 0.13079063474338E+02
 0.13079063474338E+02
 0.13079063474338E+02
 0.13079063474338E+02
 0.13079063474338E+02
 0.13079063474338E+02
 0.13079063474338E+02
 0.13079063474338E+02
 0.13079063474338E+02
 0.13079063474338E+02
 0.13079063474338E+02
 0.13079063474338E+02
 0.13079063474338E+02
 0.13079063474338E+02
 0.13079063474338E+02
 0.13079063474338E+02
 0.13079063474338E+02
 0.13079063474338E+02
 0.13079063474338E+02
 0.13079063474338E+02
 0.13079063474338E+02
 0.13079063474338E+02
 0.13079063474338E+02
 0.13079063474338E+02
 0.13079063474338E+02
 0.13079063474338E+02
 0.13079063474338E+02
 0.13079063474338E+02
 0.13079063474338E+02
 0.13079063474338E+02
 0.13079063474338E+02
 0.13079063474338E+02
 0.13079063474338E+02
 0.13079063474338E+02
 0.13079063474338E+02
 0.13079063474338E+02
 0.13079063474338E+02
 0.13079063474338E+02
 0.13079063474338E+02
 0.13079063474338E+02
 0.13079063474338E+02
 0.13079063474338E+02
 0.13079063474338E+02
 0.13079063474338E+02
 0.13079063474338E+02
 0.13079063474338E+02
 0.13079063474338E+02
 0.13079063474338E+02
 0.13079063474338E+02
 0.13079063474338E+02
 0.13079063474338E+02
 0.13079063474338E+02
 0.13079063474338E+02
 0.13079063474338E+02
 0.13079063474338E+02
 0.13079063474338E+02
 0.13079063474338E+02
 0.13079063474338E+02
 0.13079063474338E+02
 0.13079063474338E+02
 0.13079063474338E+02
 0.13079063474338E+02
 0.13079063474338E+02
 0.13079063474338E+02
 0.13079063474338E+02
 0.13079063474338E+02
 0.13079063474338E+02
 0.13079063474338E+02
 0.13079063474338E+02
 0.13079063474338E+02
 0.13079063474338E+02
 0.13079063474338E+02
 0.13079063474338E+02
 0.13079063474338E+02
 0.13079063474338E+02
 0.13079063474338E+02
 0.13079063474338E+02
 0.13079063474338E+02
 0.13079063474338E+02
 0.13079063474338E+02
 0.13079063474338E+02
 0.13079063474338E+02
 0.13079063474338E+02
 0.13079063474338E+02
 0.13079063474338E+02
 0.13079063474338E+02
 0.13079063474338E+02
 0.13079063474338E+02
 0.13079063474338E+02
 0.13079063474338E+02
 0.13079063474338E+02
 0.13079063474338E+02
 0.13079063474338E+02
 0.13079063474338E+02
 0.13079063474338E+02
 0.13079063474338E+02
 0.13079063474338E+02
 0.13079063474338E+02
 0.13079063474338E+02
 0.13079063474338E+02
 0.13079063474338E+02
 0.13079063474338E+02
 0.13079063474338E+02
 0.13079063474338E+02
 0.13079063474338E+02
 0.13079063474338E+02
 0.13079063474338E+02
 0.13079063474338E+02
 0.13079063474338E+02
 0.13079063474338E+02
 0.13079063474338E+02
 0.13079063474338E+02
 0.13079063474338E+02
 0.13079063474338E+02
 0.13079063474338E+02
 0.13079063474338E+02
 0.13079063474338E+02
 0.13079063474338E+02
 0.13079063474338E+02
 0.13079063474338E+02
 0.13079063474338E+02
 0.13079063474338E+02
 0.13079063474338E+02
 0.13079063474338E+02
 0.13079063474338E+02
 0.13079063474338E+02
 0.13079063474338E+02
 0.13079063474338E+02
 0.13079063474338E+02
 0.13079063474338E+02
 0.13079063474338E+02
 0.13079063474338E+02
 0.13079063474338E+02
 0.13079063474338E+02
 0.13079063474338E+02
 0.13079063474338E+02
 0.13079063474338E+02
 0.13079063474338E+02
 0.13079063474338E+02
 0.13079063474338E+02
 0.13079063474338E+02
 0.13079063474338E+02
 0.13079063474338E+02
 0.13079063474338E+02
 0.13079063474338E+02
 0.13079063473871E+02
 0.13079063473614E+02
 0.13079063473021E+02
 0.13079063472852E+02
 0.13079063472446E+02
 0.13079063472577E+02
 0.13079063472379E+02
 0.13079063472559E+02
 0.13079063472994E+02
 0.13079063473321E+02
 0.13079063473510E+02
 0.13079063473653E+02
 0.13079063476204E+02
 0.13079063476630E+02
 0.13079063476795E+02
 0.13079063476937E+02
 0.13079063482002E+02
 0.13079063483859E+02
 0.13079063484492E+02
 0.13079063484868E+02
 0.13079063484924E+02
 0.13079063485030E+02
 0.13079063495546E+02
 0.13079063498528E+02
 0.13079063500042E+02
 0.13079063500769E+02
 0.13079063501103E+02
 0.13079063501234E+02
 0.13079063501216E+02
 0.13079063501213E+02
 0.13079063519711E+02
 0.13079063523772E+02
 0.13079063526104E+02
 0.13079063527341E+02
 0.13079063527898E+02
 0.13079063528133E+02
 0.13079063528227E+02
 0.13079063528268E+02
 0.13079063528231E+02
 0.13079063528134E+02
 0.13079063551692E+02
 0.13079063556643E+02
 0.13079063559693E+02
 0.13079063561457E+02
 0.13079063562532E+02
 0.13079063563314E+02
 0.13079063564002E+02
 0.13079063563815E+02
 0.13079063563355E+02
 0.13079063562829E+02
 0.13079063562835E+02
 0.13079063562426E+02
 0.13079063562262E+02
 0.13079063583776E+02
 0.13079063587579E+02
 0.13079063589888E+02
 0.13079063591305E+02
 0.13079063592209E+02
 0.13079063592323E+02
 0.13079063592231E+02
 0.13079063592798E+02
 0.13079063593019E+02
 0.13079063592987E+02
 0.13079063592760E+02
 0.13079063592377E+02
 0.13079063591851E+02
 0.13079063591238E+02
 0.13079063590570E+02
 0.13079063589873E+02
 0.13079063589362E+02
 0.13079063588611E+02
 0.13079063587778E+02
 0.13079063586962E+02
 0.13079063586340E+02
 0.13079063586919E+02
 0.13079063586166E+02
 0.13079063584269E+02
 0.13079063582992E+02
 0.13079063581653E+02
 0.13079063581957E+02
 0.13079063582015E+02
 0.13079063581873E+02
 0.13079063581564E+02
 0.13079063581110E+02
 0.13079063580532E+02
 0.13079063579844E+02
 0.13079063579058E+02
 0.13079063578151E+02
 0.13079063576712E+02
 0.13079063575958E+02
 0.13079063575123E+02
 0.13079063574193E+02
 0.13079063572964E+02
 0.13079063571047E+02
 0.13079063570302E+02
 0.13079063569526E+02
 0.13079063568259E+02
 0.13079063566955E+02
 0.13079063565611E+02
 0.13079063564227E+02
 0.13079063562801E+02
 0.13079063561335E+02
 0.13079063559828E+02
 0.13079063558283E+02
 0.13079063556706E+02
 0.13079063555132E+02
 0.13079063555137E+02
 0.13079063550053E+02
 0.13079063551995E+02
 0.13079063551348E+02
 0.13079063551028E+02
 0.13079063545873E+02
 0.13079063546686E+02
 0.13079063546492E+02
 0.13079063545738E+02
 0.13079063544741E+02
 0.13079063543487E+02
 0.13079063542372E+02
 0.13079063541208E+02
 0.13079063540004E+02
 0.13079063538759E+02
 0.13079063537480E+02
 0.13079063536168E+02
 0.13079063534832E+02
 0.13079063533479E+02
 0.13079063532117E+02
 0.13079063530758E+02
 0.13079063529415E+02
 0.13079063528103E+02
 0.13079063525934E+02
 0.13079063524419E+02
 0.13079063523046E+02
 0.13079063521881E+02
 0.13079063522297E+02
 0.13079063520899E+02
 0.13079063519710E+02
 0.13079063519042E+02
 0.13079063516335E+02
 0.13079063515969E+02
 0.13079063513317E+02
 0.13079063511861E+02
 0.13079063511525E+02
 0.13079063510078E+02
 0.13079063508588E+02
 0.13079063507100E+02
 0.13079063500166E+02
 0.13079063506022E+02
 0.13079063504681E+02
 0.13079063504031E+02
 0.13079063503680E+02
 0.13079063492401E+02
 0.13079063490810E+02
 0.13079063489409E+02
 0.13079063489447E+02
 0.13079063489369E+02
 0.13079063488340E+02
 0.13079063486046E+02
 0.13079063489837E+02
 0.13079063487921E+02
 0.13079063487334E+02
 0.13079063486613E+02
 0.13079063488644E+02
 0.13079063488229E+02
 0.13079063487701E+02
 0.13079063487083E+02
 0.13079063486391E+02
 0.13079063485630E+02
 0.13079063484785E+02
 0.13079063483778E+02
 0.13079063479563E+02
 0.13079063479280E+02
 0.13079063478317E+02
 0.13079063473937E+02
 0.13079063473946E+02
 0.13079063471589E+02
 0.13079063473879E+02
 0.13079063478576E+02
 0.13079063477706E+02
 0.13079063476741E+02
 0.13079063475891E+02
 0.13079063475479E+02
 0.13079063474193E+02
 0.13079063473396E+02
 0.13079063472603E+02
 0.13079063471850E+02
 0.13079063471094E+02
 0.13079063470401E+02
 0.13079063469780E+02
 0.13079063469239E+02
 0.13079063469528E+02
 0.13079063469988E+02
 0.13079063471766E+02
 0.13079063472184E+02
 0.13079063472404E+02
 0.13079063470833E+02
 0.13079063471580E+02
 0.13079063470151E+02
 0.13079063471247E+02
 0.13079063472735E+02
 0.13079063472949E+02
 0.13079063472681E+02
 0.13079063473022E+02
 0.13079063472483E+02
 0.13079063472841E+02
 0.13079063473090E+02
 0.13079063472866E+02
 0.13079063469786E+02
 0.13079063470159E+02
 0.13079063470561E+02
 0.13079063469202E+02
 0.13079063468685E+02
 0.13079063469612E+02
 0.13079063470582E+02
 0.13079063471134E+02
 0.13079063472392E+02
 0.13079063472949E+02
 0.13079063473252E+02
 0.13079063471477E+02
 0.13079063473038E+02
 0.13079063473019E+02
 0.13079063473070E+02
 0.13079063473118E+02
 0.13079063473147E+02
 0.13079063473220E+02
 0.13079063473307E+02
 0.13079063473340E+02
 0.13079063473242E+02
 0.13079063473316E+02
 0.13079063473164E+02
 0.13079063473258E+02
 0.13079063473245E+02
 0.13079063468995E+02
 0.13079063469373E+02
 0.13079063469409E+02
 0.13079063470548E+02
 0.13079063471357E+02
 0.13079063471765E+02
 0.13079063471335E+02
 0.13079063471472E+02
 0.13079063471515E+02
 0.13079063471498E+02
 0.13079063471446E+02
 0.13079063471482E+02
 0.13079063471326E+02
 0.13079063471100E+02
 0.13079063470851E+02
 0.13079063470624E+02
 0.13079063470494E+02
 0.13079063471279E+02
 0.13079063471019E+02
 0.13079063470760E+02
 0.13079063470921E+02
 0.13079063471169E+02
 0.13079063471087E+02
 0.13079063467530E+02
 0.13079063468606E+02
 0.13079063468410E+02
 0.13079063468899E+02
 0.13079063467910E+02
 0.13079063467876E+02
 0.13079063468119E+02
 0.13079063468021E+02
 0.13079063468041E+02
 0.13079063467931E+02
 0.13079063467700E+02
 0.13079063467403E+02
 0.13079063467091E+02
 0.13079063466804E+02
 0.13079063466585E+02
 0.13079063465395E+02
 0.13079063460710E+02
 0.13079063459525E+02
 0.13079063458481E+02
 0.13079063456473E+02
 0.13079063456633E+02
 0.13079063457331E+02
 0.13079063457813E+02
 0.13079063458124E+02
 0.13079063458336E+02
 0.13079063458011E+02
 0.13079063457618E+02
 0.13079063456076E+02
 0.13079063456217E+02
 0.13079063456076E+02
 0.13079063455819E+02
 0.13079063455475E+02
 0.13079063455212E+02
 0.13079063454770E+02
 0.13079063454614E+02
 0.13079063454362E+02
 0.13079063454092E+02
 0.13079063453864E+02
 0.13079063453537E+02
 0.13079063453421E+02
 0.13079063452874E+02
 0.13079063450726E+02
 0.13079063450446E+02
 0.13079063451189E+02
 0.13079063452244E+02
 0.13079063452393E+02
 0.13079063452417E+02
 0.13079063452448E+02
 0.13079063452436E+02
 0.13079063452352E+02
 0.13079063452255E+02
 0.13079063451553E+02
 0.13079063451141E+02
 0.13079063450773E+02
 0.13079063450528E+02
 0.13079063451490E+02
 0.13079063451048E+02
 0.13079063450857E+02
 0.13079063451269E+02
 0.13079063451804E+02
 0.13079063451394E+02
 0.13079063451754E+02
 0.13079063451210E+02
 0.13079063451763E+02
 0.13079063452070E+02
 0.13079063452229E+02
 0.13079063452382E+02
 0.13079063452485E+02
 0.13079063452536E+02
 0.13079063452222E+02
 0.13079063452025E+02
 0.13079063451970E+02
 0.13079063450513E+02
 0.13079063450038E+02
 0.13079063449616E+02
 0.13079063449307E+02
 0.13079063450407E+02
 0.13079063449814E+02
 0.13079063449336E+02
 0.13079063449046E+02
 0.13079063449556E+02
 0.13079063449167E+02
 0.13079063450192E+02
 0.13079063450317E+02
 0.13079063452656E+02
 0.13079063452559E+02
 0.13079063452743E+02
 0.13079063452779E+02
 0.13079063452631E+02
 0.13079063452469E+02
 0.13079063452404E+02
 0.13079063451489E+02
 0.13079063451109E+02
 0.13079063450762E+02
 0.13079063450474E+02
 0.13079063449360E+02
 0.13079063448824E+02
 0.13079063449774E+02
 0.13079063450792E+02
 0.13079063451473E+02
 0.13079063449429E+02
 0.13079063451023E+02
 0.13079063451988E+02
 0.13079063451015E+02
 0.13079063452396E+02
 0.13079063451204E+02
 0.13079063451145E+02
 0.13079063454687E+02
 0.13079063454801E+02
 0.13079063453759E+02
 0.13079063454191E+02
 0.13079063454274E+02
 0.13079063453914E+02
 0.13079063452932E+02
 0.13079063452411E+02
 0.13079063452044E+02
 0.13079063452566E+02
 0.13079063453868E+02
 0.13079063454836E+02
 0.13079063455545E+02
 0.13079063456856E+02
 0.13079063457335E+02
 0.13079063457681E+02
 0.13079063457896E+02
 0.13079063457418E+02
 0.13079063457942E+02
 0.13079063458208E+02
 0.13079063458203E+02
 0.13079063459377E+02
 0.13079063459585E+02
 0.13079063459712E+02
 0.13079063459954E+02
 0.13079063460092E+02
 0.13079063460400E+02
 0.13079063460496E+02
 0.13079063460905E+02
 0.13079063459761E+02
 0.13079063458757E+02
 0.13079063460210E+02
 0.13079063460170E+02
 0.13079063461971E+02
 0.13079063462607E+02
 0.13079063462980E+02
 0.13079063463315E+02
 0.13079063463535E+02
 0.13079063464082E+02
 0.13079063464268E+02
 0.13079063464391E+02
 0.13079063464474E+02
 0.13079063465238E+02
 0.13079063465264E+02
 0.13079063465263E+02
 0.13079063465257E+02
 0.13079063465238E+02
 0.13079063465707E+02
 0.13079063465578E+02
 0.13079063465461E+02
 0.13079063465362E+02
 0.13079063465730E+02
 0.13079063465582E+02
 0.13079063466087E+02
 0.13079063466114E+02
 0.13079063467632E+02
 0.13079063468826E+02
 0.13079063469282E+02
 0.13079063469416E+02
 0.13079063469676E+02
 0.13079063469933E+02
 0.13079063470160E+02
 0.13079063470406E+02
 0.13079063469820E+02
 0.13079063469955E+02
 0.13079063471133E+02
 0.13079063470101E+02
 0.13079063470129E+02
 0.13079063470143E+02
 0.13079063470132E+02
 0.13079063470210E+02
 0.13079063470327E+02
 0.13079063472644E+02
 0.13079063472260E+02
 0.13079063472125E+02
 0.13079063472139E+02
 0.13079063472303E+02
 0.13079063473610E+02
 0.13079063476027E+02
 0.13079063477941E+02
 0.13079063478786E+02
 0.13079063478561E+02
 0.13079063479258E+02
 0.13079063481383E+02
 0.13079063482410E+02
 0.13079063477052E+02
 0.13079063477158E+02
 0.13079063477286E+02
 0.13079063477679E+02
 0.13079063477764E+02
 0.13079063477849E+02
 0.13079063477833E+02
 0.13079063478076E+02
 0.13079063478320E+02
 0.13079063478596E+02
 0.13079063478875E+02
 0.13079063479126E+02
 0.13079063478660E+02
 0.13079063478971E+02
 0.13079063479276E+02
 0.13079063479591E+02
 0.13079063479315E+02
 0.13079063478863E+02
 0.13079063478648E+02
 0.13079063481569E+02
 0.13079063481581E+02
 0.13079063481206E+02
 0.13079063480044E+02
 0.13079063479748E+02
 0.13079063479521E+02
 0.13079063479333E+02
 0.13079063479245E+02
 0.13079063479120E+02
 0.13079063479016E+02
 0.13079063478967E+02
 0.13079063479703E+02
 0.13079063480409E+02
 0.13079063481193E+02
 0.13079063482076E+02
 0.13079063483039E+02
 0.13079063483773E+02
 0.13079063482274E+02
 0.13079063483608E+02
 0.13079063494073E+02
 0.13079063483619E+02
 0.13079063484481E+02
 0.13079063482943E+02
 0.13079063479366E+02
 0.13079063481290E+02
 0.13079063481088E+02
 0.13079063479865E+02
 0.13079063479670E+02
 0.13079063479540E+02
 0.13079063479469E+02
 0.13079063479504E+02
 0.13079063479843E+02
 0.13079063480010E+02
 0.13079063480165E+02
 0.13079063483342E+02
 0.13079063484165E+02
 0.13079063494639E+02
 0.13079063491772E+02
 0.13079063489500E+02
 0.13079063488343E+02
 0.13079063484086E+02
 0.13079063492288E+02
 0.13079063489571E+02
 0.13079063492209E+02
 0.13079063484049E+02
 0.13079063481918E+02
 0.13079063480467E+02
 0.13079063480876E+02
 0.13079063479903E+02
 0.13079063479632E+02
 0.13079063479497E+02
 0.13079063479411E+02
 0.13079063479353E+02
 0.13079063480111E+02
 0.13079063480021E+02
 0.13079063482805E+02
 0.13079063483569E+02
 0.13079063484310E+02
 0.13079063493388E+02
 0.13079063491119E+02
 0.13079063489491E+02
 0.13079063483138E+02
 0.13079063494731E+02
 0.13079063491028E+02
 0.13079063483361E+02
 0.13079063481548E+02
 0.13079063481134E+02
 0.13079063480632E+02
 0.13079063480863E+02
 0.13079063480509E+02
 0.13079063479407E+02
 0.13079063479219E+02
 0.13079063479092E+02
 0.13079063479030E+02
 0.13079063479106E+02
 0.13079063479111E+02
 0.13079063479086E+02
 0.13079063478685E+02
 0.13079063480669E+02
 0.13079063481015E+02
 0.13079063479000E+02
 0.13079063479709E+02
 0.13079063480373E+02
 0.13079063478946E+02
 0.13079063479148E+02
 0.13079063478005E+02
 0.13079063478407E+02
 0.13079063480669E+02
 0.13079063480979E+02
 0.13079063480679E+02
 0.13079063479379E+02
 0.13079063479149E+02
 0.13079063479012E+02
 0.13079063478954E+02
 0.13079063478713E+02
 0.13079063479260E+02
 0.13079063478071E+02
 0.13079063478631E+02
 0.13079063478226E+02
 0.13079063477889E+02
 0.13079063477629E+02
 0.13079063477454E+02
 0.13079063477337E+02
 0.13079063477246E+02
 0.13079063477163E+02
 0.13079063477248E+02
 0.13079063477244E+02
 0.13079063477876E+02
 0.13079063482245E+02
 0.13079063480778E+02
 0.13079063480189E+02
 0.13079063479819E+02
 0.13079063479677E+02
 0.13079063479381E+02
 0.13079063479119E+02
 0.13079063477868E+02
 0.13079063477647E+02
 0.13079063477376E+02
 0.13079063477145E+02
 0.13079063476965E+02
 0.13079063476827E+02
 0.13079063476959E+02
 0.13079063477354E+02
 0.13079063477554E+02
 0.13079063476907E+02
 0.13079063477208E+02
 0.13079063477530E+02
 0.13079063478324E+02
 0.13079063479160E+02
 0.13079063479926E+02
 0.13079063480543E+02
 0.13079063479989E+02
 0.13079063480288E+02
 0.13079063478675E+02
 0.13079063477476E+02
 0.13079063477093E+02
 0.13079063478774E+02
 0.13079063478561E+02
 0.13079063478173E+02
 0.13079063478093E+02
 0.13079063477801E+02
 0.13079063477515E+02
 0.13079063477281E+02
 0.13079063477148E+02
 0.13079063477534E+02
 0.13079063478065E+02
 0.13079063478988E+02
 0.13079063480056E+02
 0.13079063481060E+02
 0.13079063482098E+02
 0.13079063488865E+02
 0.13079063485908E+02
 0.13079063485407E+02
 0.13079063482466E+02
 0.13079063481987E+02
 0.13079063481642E+02
 0.13079063481533E+02
 0.13079063480690E+02
 0.13079063480112E+02
 0.13079063479796E+02
 0.13079063479827E+02
 0.13079063479482E+02
 0.13079063479165E+02
 0.13079063478879E+02
 0.13079063478719E+02
 0.13079063478892E+02
 0.13079063478748E+02
 0.13079063479081E+02
 0.13079063478965E+02
 0.13079063479185E+02
 0.13079063480550E+02
 0.13079063483155E+02
 0.13079063483045E+02
 0.13079063482239E+02
 0.13079063481471E+02
 0.13079063480824E+02
 0.13079063479976E+02
 0.13079063479585E+02
 0.13079063479210E+02
 0.13079063478862E+02
 0.13079063478545E+02
 0.13079063478271E+02
 0.13079063478530E+02
 0.13079063478399E+02
 0.13079063478381E+02
 0.13079063478865E+02
 0.13079063479308E+02
 0.13079063480200E+02
 0.13079063481235E+02
 0.13079063482285E+02
 0.13079063483273E+02
 0.13079063492620E+02
 0.13079063489353E+02
 0.13079063487229E+02
 0.13079063487166E+02
 0.13079063487179E+02
 0.13079063483952E+02
 0.13079063483695E+02
 0.13079063483484E+02
 0.13079063482754E+02
 0.13079063482564E+02
 0.13079063482830E+02
 0.13079063483319E+02
 0.13079063482987E+02
 0.13079063483724E+02
 0.13079063482892E+02
 0.13079063481297E+02
 0.13079063481861E+02
 0.13079063481945E+02
 0.13079063482708E+02
 0.13079063488555E+02
 0.13079063484343E+02
 0.13079063484092E+02
 0.13079063483444E+02
 0.13079063482990E+02
 0.13079063482605E+02
 0.13079063482200E+02
 0.13079063481342E+02
 0.13079063480993E+02
 0.13079063480711E+02
 0.13079063480495E+02
 0.13079063480418E+02
 0.13079063480984E+02
 0.13079063482095E+02
 0.13079063483790E+02
 0.13079063485088E+02
 0.13079063494563E+02
 0.13079063490789E+02
 0.13079063489088E+02
 0.13079063489054E+02
 0.13079063485655E+02
 0.13079063485110E+02
 0.13079063484689E+02
 0.13079063483941E+02
 0.13079063483612E+02
 0.13079063483285E+02
 0.13079063482978E+02
 0.13079063482706E+02
 0.13079063482525E+02
 0.13079063482416E+02
 0.13079063482332E+02
 0.13079063482272E+02
 0.13079063482224E+02
 0.13079063482188E+02
 0.13079063482210E+02
 0.13079063482360E+02
 0.13079063482829E+02
 0.13079063482741E+02
 0.13079063482733E+02
 0.13079063482593E+02
 0.13079063482533E+02
 0.13079063482571E+02
 0.13079063482672E+02
 0.13079063483091E+02
 0.13079063483240E+02
 0.13079063483174E+02
 0.13079063482960E+02
 0.13079063482744E+02
 0.13079063482566E+02
 0.13079063483210E+02
 0.13079063483602E+02
 0.13079063483910E+02
 0.13079063484762E+02
 0.13079063485829E+02
 0.13079063486992E+02
 0.13079063488161E+02
 0.13079063492018E+02
 0.13079063491898E+02
 0.13079063488317E+02
 0.13079063487585E+02
 0.13079063486935E+02
 0.13079063485691E+02
 0.13079063485225E+02
 0.13079063484795E+02
 0.13079063484610E+02
 0.13079063484423E+02
 0.13079063484249E+02
 0.13079063484101E+02
 0.13079063483966E+02
 0.13079063483870E+02
 0.13079063483817E+02
 0.13079063483924E+02
 0.13079063484268E+02
 0.13079063484461E+02
 0.13079063484943E+02
 0.13079063485501E+02
 0.13079063484135E+02
 0.13079063484999E+02
 0.13079063485985E+02
 0.13079063486892E+02
 0.13079063487897E+02
 0.13079063494875E+02
 0.13079063491688E+02
 0.13079063491224E+02
 0.13079063488028E+02
 0.13079063487327E+02
 0.13079063486758E+02
 0.13079063485389E+02
 0.13079063485042E+02
 0.13079063487373E+02
 0.13079063486798E+02
 0.13079063485370E+02
 0.13079063485012E+02
 0.13079063484691E+02
 0.13079063484574E+02
 0.13079063484524E+02
 0.13079063484547E+02
 0.13079063484719E+02
 0.13079063484653E+02
 0.13079063484719E+02
 0.13079063484601E+02
 0.13079063484013E+02
 0.13079063483294E+02
 0.13079063482729E+02
 0.13079063482296E+02
 0.13079063481929E+02
 0.13079063481589E+02
 0.13079063481324E+02
 0.13079063481071E+02
 0.13079063480884E+02
 0.13079063480643E+02
 0.13079063481013E+02
 0.13079063480775E+02
 0.13079063480036E+02
 0.13079063479834E+02
 0.13079063479583E+02
 0.13079063479350E+02
 0.13079063479186E+02
 0.13079063478592E+02
 0.13079063477419E+02
 0.13079063476748E+02
 0.13079063476285E+02
 0.13079063475951E+02
 0.13079063475808E+02
 0.13079063472512E+02
 0.13079063472427E+02
 0.13079063472426E+02
 0.13079063480796E+02
 0.13079063476296E+02
 0.13079063474617E+02
 0.13079063470582E+02
 0.13079063469142E+02
 0.13079063467773E+02
 0.13079063465826E+02
 0.13079063464980E+02
 0.13079063464068E+02
 0.13079063463245E+02
 0.13079063462632E+02
 0.13079063462053E+02
 0.13079063461438E+02
 0.13079063460911E+02
 0.13079063460394E+02
 0.13079063459908E+02
 0.13079063459465E+02
 0.13079063459080E+02
 0.13079063458885E+02
 0.13079063458451E+02
 0.13079063458126E+02
 0.13079063458229E+02
 0.13079063458013E+02
 0.13079063458034E+02
 0.13079063458275E+02
 0.13079063458593E+02
 0.13079063459032E+02
 0.13079063459479E+02
 0.13079063456789E+02
 0.13079063457142E+02
 0.13079063457553E+02
 0.13079063458044E+02
 0.13079063458433E+02
 0.13079063458875E+02
 0.13079063459416E+02
 0.13079063466759E+02
 0.13079063464379E+02
 0.13079063463429E+02
 0.13079063462828E+02
 0.13079063462620E+02
 0.13079063462990E+02
 0.13079063464000E+02
 0.13079063466283E+02
 0.13079063457761E+02
 0.13079063456728E+02
 0.13079063455309E+02
 0.13079063454178E+02
 0.13079063454051E+02
 0.13079063453503E+02
 0.13079063453493E+02
 0.13079063453407E+02
 0.13079063453027E+02
 0.13079063452992E+02
 0.13079063452603E+02
 0.13079063452701E+02
 0.13079063453409E+02
 0.13079063454187E+02
 0.13079063455060E+02
 0.13079063464290E+02
 0.13079063460613E+02
 0.13079063461950E+02
 0.13079063458750E+02
 0.13079063458279E+02
 0.13079063454939E+02
 0.13079072066909E+02
 0.13079072066265E+02
 0.13079072064791E+02
 0.13079072064307E+02
 0.13079072063905E+02
 0.13079072063410E+02
 0.13079072063066E+02
 0.13079072062783E+02
 0.13079072041109E+02
 0.13079072039744E+02
 0.13079072038545E+02
 0.13079072037270E+02
 0.13079072036123E+02
 0.13079072035043E+02
 0.13079072034332E+02
 0.13079072033650E+02
 0.13079072033019E+02
 0.13079072032786E+02
 0.13079072032537E+02
 0.13079072032458E+02
 0.13079072032368E+02
 0.13079072032295E+02
 0.13079072029319E+02
 0.13079072029370E+02
 0.13079072029572E+02
 0.13079072029700E+02
 0.13079072029845E+02
 0.13079072039115E+02
 0.13079072035560E+02
 0.13079072032810E+02
 0.13079072031720E+02
 0.13079072031189E+02
 0.13079072027432E+02
 0.13079072026498E+02
 0.13079072025671E+02
 0.13079072024936E+02
 0.13079072023292E+02
 0.13079072022844E+02
 0.13079072022433E+02
 0.13079072021994E+02
 0.13079072021547E+02
 0.13079072021279E+02
 0.13079072021044E+02
 0.13079072020965E+02
 0.13079072020889E+02
 0.13079072020961E+02
 0.13079072022311E+02
 0.13079072022978E+02
 0.13079072026018E+02
 0.13079072025960E+02
 0.13079072025784E+02
 0.13079072026451E+02
 0.13079072030164E+02
 0.13079072019755E+02
 0.13079072020306E+02
 0.13079072020535E+02
 0.13079072029954E+02
 0.13079072026755E+02
 0.13079072024855E+02
 0.13079072024585E+02
 0.13079072021354E+02
 0.13079072020834E+02
 0.13079072020205E+02
 0.13079072019662E+02
 0.13079072018208E+02
 0.13079072017767E+02
 0.13079072017377E+02
 0.13079072016855E+02
 0.13079072016524E+02
 0.13079072016178E+02
 0.13079072015970E+02
 0.13079072015759E+02
 0.13079072015597E+02
 0.13079072015368E+02
 0.13079072015125E+02
 0.13079072015018E+02
 0.13079071998260E+02
 0.13079071997301E+02
 0.13079071996290E+02
 0.13079071995946E+02
 0.13079071995086E+02
 0.13079071994589E+02
 0.13079071994151E+02
 0.13079071993850E+02
 0.13079071993699E+02
 0.13079071993592E+02
 0.13079071993675E+02
 0.13079071993794E+02
 0.13079071990480E+02
 0.13079071990658E+02
 0.13079071990580E+02
 0.13079071990933E+02
 0.13079071991001E+02
 0.13079071991185E+02
 0.13079071991463E+02
 0.13079071998509E+02
 0.13079071995731E+02
 0.13079071993925E+02
 0.13079071993049E+02
 0.13079071992696E+02
 0.13079071992498E+02
 0.13079071989218E+02
 0.13079071988805E+02
 0.13079071988345E+02
 0.13079071987953E+02
 0.13079071987758E+02
 0.13079071987614E+02
 0.13079071987696E+02
 0.13079071990651E+02
 0.13079071991690E+02
 0.13079071994749E+02
 0.13079071996487E+02
 0.13079071986916E+02
 0.13079071985901E+02
 0.13079071982813E+02
 0.13079071982715E+02
 0.13079071982938E+02
 0.13079071985102E+02
 0.13079071982733E+02
 0.13079071983423E+02
 0.13079071984145E+02
 0.13079071984852E+02
 0.13079071985567E+02
 0.13079071995868E+02
 0.13079071991965E+02
 0.13079071989263E+02
 0.13079071988654E+02
 0.13079071985451E+02
 0.13079071984808E+02
 0.13079071984218E+02
 0.13079071983664E+02
 0.13079071982439E+02
 0.13079071981964E+02
 0.13079071981467E+02
 0.13079071981223E+02
 0.13079071966212E+02
 0.13079071965133E+02
 0.13079071964146E+02
 0.13079071963482E+02
 0.13079071962465E+02
 0.13079071961790E+02
 0.13079071960827E+02
 0.13079071960104E+02
 0.13079071959558E+02
 0.13079071958949E+02
 0.13079071958478E+02
 0.13079071958005E+02
 0.13079071957805E+02
 0.13079071957345E+02
 0.13079071957252E+02
 0.13079071957174E+02
 0.13079071957141E+02
 0.13079071957109E+02
 0.13079071957161E+02
 0.13079071957276E+02
 0.13079071957290E+02
 0.13079071957181E+02
 0.13079071956954E+02
 0.13079071956956E+02
 0.13079071956882E+02
 0.13079071956806E+02
 0.13079071956495E+02
 0.13079071956342E+02
 0.13079071955846E+02
 0.13079071955452E+02
 0.13079071954802E+02
 0.13079071953938E+02
 0.13079071952584E+02
 0.13079071952039E+02
 0.13079071951760E+02
 0.13079071951323E+02
 0.13079071951223E+02
 0.13079071951405E+02
 0.13079071951262E+02
 0.13079071950919E+02
 0.13079071950946E+02
 0.13079071950928E+02
 0.13079071950740E+02
 0.13079071950823E+02
 0.13079071950837E+02
 0.13079071950698E+02
 0.13079071951148E+02
 0.13079071951202E+02
 0.13079071951457E+02
 0.13079071951698E+02
 0.13079071952031E+02
 0.13079071952743E+02
 0.13079071953254E+02
 0.13079071953813E+02
 0.13079071954620E+02
 0.13079071951988E+02
 0.13079071952528E+02
 0.13079071939984E+02
 0.13079071939755E+02
 0.13079071940205E+02
 0.13079071947173E+02
 0.13079071943585E+02
 0.13079071941673E+02
 0.13079071941131E+02
 0.13079071937561E+02
 0.13079071936251E+02
 0.13079071935335E+02
 0.13079071933524E+02
 0.13079071933072E+02
 0.13079071932086E+02
 0.13079071931552E+02
 0.13079071931021E+02
 0.13079071930441E+02
 0.13079071930110E+02
 0.13079071929632E+02
 0.13079071928998E+02
 0.13079071928675E+02
 0.13079071928432E+02
 0.13079071927982E+02
 0.13079071927863E+02
 0.13079071927758E+02
 0.13079071927292E+02
 0.13079071927389E+02
 0.13079071927299E+02
 0.13079071927489E+02
 0.13079071927787E+02
 0.13079071928119E+02
 0.13079071928550E+02
 0.13079071929486E+02
 0.13079071930841E+02
 0.13079071930711E+02
 0.13079071930188E+02
 0.13079071930541E+02
 0.13079071931830E+02
 0.13079071935271E+02
 0.13079071935057E+02
 0.13079071935109E+02
 0.13079071935065E+02
 0.13079071931996E+02
 0.13079071927237E+02
 0.13079071926945E+02
 0.13079071926416E+02
 0.13079071926562E+02
 0.13079071926681E+02
 0.13079071926375E+02
 0.13079071926591E+02
 0.13079071926582E+02
 0.13079071926253E+02
 0.13079071926510E+02
 0.13079071926727E+02
 0.13079071926790E+02
 0.13079071913345E+02
 0.13079071913018E+02
 0.13079071912402E+02
 0.13079071911962E+02
 0.13079071911866E+02
 0.13079071912249E+02
 0.13079071912030E+02
 0.13079071912151E+02
 0.13079071912351E+02
 0.13079071913144E+02
 0.13079071918618E+02
 0.13079071918269E+02
 0.13079071915289E+02
 0.13079071916103E+02
 0.13079071916584E+02
 0.13079071916455E+02
 0.13079071917152E+02
 0.13079071925338E+02
 0.13079071922061E+02
 0.13079071919948E+02
 0.13079071919563E+02
 0.13079071915576E+02
 0.13079071915062E+02
 0.13079071913954E+02
 0.13079071912697E+02
 0.13079071911935E+02
 0.13079071911679E+02
 0.13079071911613E+02
 0.13079071911364E+02
 0.13079071911381E+02
 0.13079071910870E+02
 0.13079071912005E+02
 0.13079071913774E+02
 0.13079071915525E+02
 0.13079071910528E+02
 0.13079071910039E+02
 0.13079071911503E+02
 0.13079071908556E+02
 0.13079071908318E+02
 0.13079071908624E+02
 0.13079071909792E+02
 0.13079071916714E+02
 0.13079071911883E+02
 0.13079071912194E+02
 0.13079071912406E+02
 0.13079071911986E+02
 0.13079071916170E+02
 0.13079071913227E+02
 0.13079071913378E+02
 0.13079071914575E+02
 0.13079071911668E+02
 0.13079071911681E+02
 0.13079071912595E+02
 0.13079071913950E+02
 0.13079071909867E+02
 0.13079071908076E+02
 0.13079071917934E+02
 0.13079071915451E+02
 0.13079071911954E+02
 0.13079071909142E+02
 0.13079071906981E+02
 0.13079071904576E+02
 0.13079071903212E+02
 0.13079071902207E+02
 0.13079071902727E+02
 0.13079071902335E+02
 0.13079071902631E+02
 0.13079071902168E+02
 0.13079071902973E+02
 0.13079071903494E+02
 0.13079071903926E+02
 0.13079071904635E+02
 0.13079071905153E+02
 0.13079071905379E+02
 0.13079071906309E+02
 0.13079071907690E+02
 0.13079071907514E+02
 0.13079071908291E+02
 0.13079071919019E+02
 0.13079071918064E+02
 0.13079071900178E+02
 0.13079071900129E+02
 0.13079071900883E+02
 0.13079071900617E+02
 0.13079071901438E+02
 0.13079071898375E+02
 0.13079071899296E+02
 0.13079071899862E+02
 0.13079071900398E+02
 0.13079071901370E+02
 0.13079071911678E+02
 0.13079071911142E+02
 0.13079071910464E+02
 0.13079071911779E+02
 0.13079071914008E+02
 0.13079071917856E+02
 0.13079071922336E+02
 0.13079071933038E+02
 0.13079071921318E+02
 0.13079071910330E+02
 0.13079071911519E+02
 0.13079071904065E+02
 0.13079071904433E+02
 0.13079071906096E+02
 0.13079071906331E+02
 0.13079071907389E+02
 0.13079071907883E+02
 0.13079071901323E+02
 0.13079071896020E+02
 0.13079071896222E+02
 0.13079071896753E+02
 0.13079071903836E+02
 0.13079071904517E+02
 0.13079071898000E+02
 0.13079071898649E+02
 0.13079071898700E+02
 0.13079071899938E+02
 0.13079071900595E+02
 0.13079071902065E+02
 0.13079071902449E+02
 0.13079071903342E+02
 0.13079071904703E+02
 0.13079071905076E+02
 0.13079071922799E+02
 0.13079071924574E+02
 0.13079071926881E+02
 0.13079071929353E+02
 0.13079071931980E+02
 0.13079071934467E+02
 0.13079071987212E+02
 0.13079071984457E+02
 0.13079071982374E+02
 0.13079071980956E+02
 0.13079071979140E+02
 0.13079071970528E+02
 0.13079071968799E+02
 0.13079071967476E+02
 0.13079071967228E+02
 0.13079071974861E+02
 0.13079071972649E+02
 0.13079071970711E+02
 0.13079071969751E+02
 0.13079071968989E+02
 0.13079071969084E+02
 0.13079071974754E+02
 0.13079071975385E+02
 0.13079071976551E+02
 0.13079071979882E+02
 0.13079071982452E+02
 0.13079071985241E+02
 0.13079071990208E+02
 0.13079071996360E+02
 0.13079071944225E+02
 0.13079071944821E+02
 0.13079071937698E+02
 0.13079071935542E+02
 0.13079071931418E+02
 0.13079071930038E+02
 0.13079071947980E+02
 0.13079071964999E+02
 0.13079071935140E+02
 0.13079071931130E+02
 0.13079071926415E+02
 0.13079071921132E+02
 0.13079071917497E+02
 0.13079071916051E+02
 0.13079071926119E+02
 0.13079071930290E+02
 0.13079071924444E+02
 0.13079071925670E+02
 0.13079071926533E+02
 0.13079071928909E+02
 0.13079071922235E+02
 0.13079071923869E+02
 0.13079071922011E+02
 0.13079071922975E+02
 0.13079071923053E+02
 0.13079071923436E+02
 0.13079071924080E+02
 0.13079071923706E+02
 0.13079071923608E+02
 0.13079071924283E+02
 0.13079071922680E+02
 0.13079071924117E+02
 0.13079071924161E+02
 0.13079071924211E+02
 0.13079071925180E+02
 0.13079071926620E+02
 0.13079071926832E+02
 0.13079071927950E+02
 0.13079071928880E+02
 0.13079071930467E+02
 0.13079071930872E+02
 0.13079071932537E+02
 0.13079071933094E+02
 0.13079071935513E+02
 0.13079071937212E+02
 0.13079071939642E+02
 0.13079071941959E+02
 0.13079071943078E+02
 0.13079071943832E+02
 0.13079071945437E+02
 0.13079071946739E+02
 0.13079071947616E+02
 0.13079071948721E+02
 0.13079071949930E+02
 0.13079071949894E+02
 0.13079071949941E+02
 0.13079071940228E+02
 0.13079071939213E+02
 0.13079071930711E+02
 0.13079071930879E+02
 0.13079071930661E+02
 0.13079071980271E+02
 0.13079071978264E+02
 0.13079071976894E+02
 0.13079071938953E+02
 0.13079071917852E+02
 0.13079071918938E+02
 0.13079071916688E+02
 0.13079071916600E+02
 0.13079071916813E+02
 0.13079071917323E+02
 0.13079071918516E+02
 0.13079071935531E+02
 0.13079071938283E+02
 0.13079071938372E+02
 0.13079071939070E+02
 0.13079071939440E+02
 0.13079071936438E+02
 0.13079071931287E+02
 0.13079071932636E+02
 0.13079071931986E+02
 0.13079071932309E+02
 0.13079071934024E+02
 0.13079071932005E+02
 0.13079071931469E+02
 0.13079071930001E+02
 0.13079071930666E+02
 0.13079071929403E+02
 0.13079071928938E+02
 0.13079071928559E+02
 0.13079071928811E+02
 0.13079071928981E+02
 0.13079071928412E+02
 0.13079071929501E+02
 0.13079071928894E+02
 0.13079071928147E+02
 0.13079071929847E+02
 0.13079071929790E+02
 0.13079071931242E+02
 0.13079071930578E+02
 0.13079071931189E+02
 0.13079071931271E+02
 0.13079071931471E+02
 0.13079071933344E+02
 0.13079071933366E+02
 0.13079071934049E+02
 0.13079071935764E+02
 0.13079071937402E+02
 0.13079071937014E+02
 0.13079071938623E+02
 0.13079071940386E+02
 0.13079071941039E+02
 0.13079071942630E+02
 0.13079065041271E+02
 0.13079065043579E+02
 0.13079065044456E+02
 0.13079065078410E+02
 0.13079065075648E+02
 0.13079065073990E+02
 0.13079065071584E+02
 0.13079065069643E+02
 0.13079065065938E+02
 0.13079065063943E+02
 0.13079065064407E+02
 0.13079065062860E+02
 0.13079065024968E+02
 0.13079065022119E+02
 0.13079065019947E+02
 0.13079065017722E+02
 0.13079065014346E+02
 0.13079065013103E+02
 0.13079065013514E+02
 0.13079065014721E+02
 0.13079065017709E+02
 0.13079065027016E+02
 0.13079065026002E+02
 0.13079065025897E+02
 0.13079065025530E+02
 0.13079065026369E+02
 0.13079065027514E+02
 0.13079065019680E+02
 0.13079065022566E+02
 0.13079065021724E+02
 0.13079065022935E+02
 0.13079065020381E+02
 0.13079065021897E+02
 0.13079065022856E+02
 0.13079065022112E+02
 0.13079065021437E+02
 0.13079065021124E+02
 0.13079065021963E+02
 0.13079065021789E+02
 0.13079065021610E+02
 0.13079065022994E+02
 0.13079065022021E+02
 0.13079065022232E+02
 0.13079065023563E+02
 0.13079065024922E+02
 0.13079065023655E+02
 0.13079065024287E+02
 0.13079065025445E+02
 0.13079065027279E+02
 0.13079065026833E+02
 0.13079065028388E+02
 0.13079065031377E+02
 0.13079065032622E+02
 0.13079065033959E+02
 0.13079065036113E+02
 0.13079065037431E+02
 0.13079065040025E+02
 0.13079065032940E+02
 0.13079065036210E+02
 0.13079065080310E+02
 0.13079065076205E+02
 0.13079065073487E+02
 0.13079065072348E+02
 0.13079065068552E+02
 0.13079065068675E+02
 0.13079065067124E+02
 0.13079065065024E+02
 0.13079065062936E+02
 0.13079065062540E+02
 0.13079065062596E+02
 0.13079065060219E+02
 0.13079065078147E+02
 0.13079065078798E+02
 0.13079065076925E+02
 0.13079065033409E+02
 0.13079065032587E+02
 0.13079065028749E+02
 0.13079065028057E+02
 0.13079065028952E+02
 0.13079065024440E+02
 0.13079065022533E+02
 0.13079065018992E+02
 0.13079065017272E+02
 0.13079065016576E+02
 0.13079065021155E+02
 0.13079065020696E+02
 0.13079065026165E+02
 0.13079065084067E+02
 0.13079065033245E+02
 0.13079065031177E+02
 0.13079065027720E+02
 0.13079065025271E+02
 0.13079065028614E+02
 0.13079065024255E+02
 0.13079065023525E+02
 0.13079065020915E+02
 0.13079065022381E+02
 0.13079065021717E+02
 0.13079065023299E+02
 0.13079065025312E+02
 0.13079065023774E+02
 0.13079065024423E+02
 0.13079065024844E+02
 0.13079065024822E+02
 0.13079065026562E+02
 0.13079065026981E+02
 0.13079065029368E+02
 0.13079065030458E+02
 0.13079065032385E+02
 0.13079065035762E+02
 0.13079065035019E+02
 0.13079065038332E+02
 0.13079065030090E+02
 0.13079065032721E+02
 0.13079065036241E+02
 0.13079065075403E+02
 0.13079065076711E+02
 0.13079065072029E+02
 0.13079065066002E+02
 0.13079065064464E+02
 0.13079065061907E+02
 0.13079065058463E+02
 0.13079065062582E+02
 0.13079065057111E+02
 0.13079065056308E+02
 0.13079065063467E+02
 0.13079065062530E+02
 0.13079065057740E+02
 0.13079065054103E+02
 0.13079065054009E+02
 0.13079065053553E+02
 0.13079065058644E+02
 0.13079065057648E+02
 0.13079065058555E+02
 0.13079065059725E+02
 0.13079065057519E+02
 0.13079065057166E+02
 0.13079065059740E+02
 0.13079065057717E+02
 0.13079065060292E+02
 0.13079065059047E+02
 0.13079065063975E+02
 0.13079065066085E+02
 0.13079065071979E+02
 0.13079065075415E+02
 0.13079065033796E+02
 0.13079065027396E+02
 0.13079065023390E+02
 0.13079065057885E+02
 0.13079065067828E+02
 0.13079065061431E+02
 0.13079065069130E+02
 0.13079065076005E+02
 0.13079065088947E+02
 0.13079065039468E+02
 0.13079065037800E+02
 0.13079065023665E+02
 0.13079065021965E+02
 0.13079065023913E+02
 0.13079065024214E+02
 0.13079065023673E+02
 0.13079065025504E+02
 0.13079065025034E+02
 0.13079065025938E+02
 0.13079065023536E+02
 0.13079065024991E+02
 0.13079065028421E+02
 0.13079065014518E+02
 0.13079065017391E+02
 0.13079065021318E+02
 0.13079065023004E+02
 0.13079065021942E+02
 0.13079065025885E+02
 0.13079065028052E+02
 0.13079065031410E+02
 0.13079065073076E+02
 0.13079065075535E+02
 0.13079065068358E+02
 0.13079065067950E+02
 0.13079065063483E+02
 0.13079065062877E+02
 0.13079065059821E+02
 0.13079065059156E+02
 0.13079065055193E+02
 0.13079065067834E+02
 0.13079065061148E+02
 0.13079065055284E+02
 0.13079065053133E+02
 0.13079065051704E+02
 0.13079065049157E+02
 0.13079065035481E+02
 0.13079065032705E+02
 0.13079065038394E+02
 0.13079065038088E+02
 0.13079065037958E+02
 0.13079065041376E+02
 0.13079065036778E+02
 0.13079065038105E+02
 0.13079065035409E+02
 0.13079065038884E+02
 0.13079065035632E+02
 0.13079065038760E+02
 0.13079065038737E+02
 0.13079065037291E+02
 0.13079065041942E+02
 0.13079065044572E+02
 0.13079065050233E+02
 0.13079065053935E+02
 0.13079065060374E+02
 0.13079065065259E+02
 0.13079065031820E+02
 0.13079065036331E+02
 0.13079065035282E+02
 0.13079065042298E+02
 0.13079065045167E+02
 0.13079065047259E+02
 0.13079065057948E+02
 0.13079065070449E+02
 0.13079065065441E+02
 0.13079065048605E+02
 0.13079065023430E+02
 0.13079065022328E+02
 0.13079065023862E+02
 0.13079065025206E+02
 0.13079065034687E+02
 0.13079065039238E+02
 0.13079065038864E+02
 0.13079065026052E+02
 0.13079065024060E+02
 0.13079065021798E+02
 0.13079065025832E+02
 0.13079065024586E+02
 0.13079065028495E+02
 0.13079065028704E+02
 0.13079065030731E+02
 0.13079065070846E+02
 0.13079065068590E+02
 0.13079065067673E+02
 0.13079065066605E+02
 0.13079065054406E+02
 0.13079065050036E+02
 0.13079065044389E+02
 0.13079065044305E+02
 0.13079065038126E+02
 0.13079065042172E+02
 0.13079065037956E+02
 0.13079065038937E+02
 0.13079065028991E+02
 0.13079065033635E+02
 0.13079065029925E+02
 0.13079065026828E+02
 0.13079065025501E+02
 0.13079065027220E+02
 0.13079065021501E+02
 0.13079065024827E+02
 0.13079065032853E+02
 0.13079065027626E+02
 0.13079065020766E+02
 0.13079065018622E+02
 0.13079065020686E+02
 0.13079065023581E+02
 0.13079065020667E+02
 0.13079065020468E+02
 0.13079065021131E+02
 0.13079065024323E+02
 0.13079065022308E+02
 0.13079065018799E+02
 0.13079065022815E+02
 0.13079065024708E+02
 0.13079065023881E+02
 0.13079065027676E+02
 0.13079065029446E+02
 0.13079065035102E+02
 0.13079065018884E+02
 0.13079065020134E+02
 0.13079065023907E+02
 0.13079065023997E+02
 0.13079065023119E+02
 0.13079065026950E+02
 0.13079065023845E+02
 0.13079065026690E+02
 0.13079065005883E+02
 0.13079065010404E+02
 0.13079065005273E+02
 0.13079065006618E+02
 0.13079065010931E+02
 0.13079065012615E+02
 0.13079065009397E+02
 0.13079065008017E+02
 0.13079065011768E+02
 0.13079065005705E+02
 0.13079065019261E+02
 0.13079065019172E+02
 0.13079065025842E+02
 0.13079065024399E+02
 0.13079065037447E+02
 0.13079065035363E+02
 0.13079065042514E+02
 0.13079065046560E+02
 0.13079065044741E+02
 0.13079065044164E+02
 0.13079065043117E+02
 0.13079065039898E+02
 0.13079065039919E+02
 0.13079065037923E+02
 0.13079065037548E+02
 0.13079065032502E+02
 0.13079065035299E+02
 0.13079065027668E+02
 0.13079065031923E+02
 0.13079065024170E+02
 0.13079065019077E+02
 0.13079065019851E+02
 0.13079065018815E+02
 0.13079065025035E+02
 0.13079065018055E+02
 0.13079065022020E+02
 0.13079065016266E+02
 0.13079065020219E+02
 0.13079065021237E+02
 0.13079065018794E+02
 0.13079065021864E+02
 0.13079065019803E+02
 0.13079065022737E+02
 0.13079065019599E+02
 0.13079065020051E+02
 0.13079065023588E+02
 0.13079065015985E+02
 0.13079065016904E+02
 0.13079065019217E+02
 0.13079065013604E+02
 0.13079065022525E+02
 0.13079065026122E+02
 0.13079065019276E+02
 0.13079065016127E+02
 0.13079065017867E+02
 0.13079065023920E+02
 0.13079065031191E+02
 0.13079065022329E+02
 0.13079065023033E+02
 0.13079065010317E+02
 0.13079065007966E+02
 0.13079064998371E+02
 0.13079065009259E+02
 0.13079065005426E+02
 0.13079065003726E+02
 0.13079065007993E+02
 0.13079065013264E+02
 0.13079065010618E+02
 0.13079065010452E+02
 0.13079065016614E+02
 0.13079065008845E+02
 0.13079065008779E+02
 0.13079065007727E+02
 0.13079065003794E+02
 0.13079065003798E+02
 0.13079065008757E+02
 0.13079065009870E+02
 0.13079064999019E+02
 0.13079065010270E+02
 0.13079065006609E+02
 0.13079065010786E+02
 0.13079065003124E+02
 0.13079065005517E+02
 0.13079064998522E+02
 0.13079065020887E+02
 0.13079065016059E+02
 0.13079065019749E+02
 0.13079065023633E+02
 0.13079065023101E+02
 0.13079065017685E+02
 0.13079065014464E+02
 0.13079065018265E+02
 0.13079065014830E+02
 0.13079065018380E+02
 0.13079065014070E+02
 0.13079065016141E+02
 0.13079065014302E+02
 0.13079065019004E+02
 0.13079065017311E+02
 0.13079065016335E+02
 0.13079065020645E+02
 0.13079065014794E+02
 0.13079065016597E+02
 0.13079065011533E+02
 0.13079065015200E+02
 0.13079065016334E+02
 0.13079065016093E+02
 0.13079065019826E+02
 0.13079065019044E+02
 0.13079065018819E+02
 0.13079065026058E+02
 0.13079065015886E+02
 0.13079065024687E+02
 0.13079065019445E+02
 0.13079065020145E+02
 0.13079065018153E+02
 0.13079065020096E+02
 0.13079065018981E+02
 0.13079065013816E+02
 0.13079065008923E+02
 0.13079065012262E+02
 0.13079065010874E+02
 0.13079065012244E+02
 0.13079065005798E+02
 0.13079065008083E+02
 0.13079065020187E+02
 0.13079065016060E+02
