 0.27164628962566E+03
 0.27164628962566E+03
 0.27164628962566E+03
 0.27164628962566E+03
 0.27164628962566E+03
 0.27164628981134E+03
 0.27164628976868E+03
 0.27164628966280E+03
 0.27164628962566E+03
 0.27164628962566E+03
 0.27164628962566E+03
 0.27164628962566E+03
 0.27164628962566E+03
 0.27164628962566E+03
 0.27164628962566E+03
 0.27164628962566E+03
 0.27164628962566E+03
 0.27164628962566E+03
 0.27164628962566E+03
 0.27164628962566E+03
 0.27164628962566E+03
 0.27164628962566E+03
 0.27164628962566E+03
 0.27164628962566E+03
 0.27164628962566E+03
 0.27164628962566E+03
 0.27164628962566E+03
 0.27164628962566E+03
 0.27164628962566E+03
 0.27164628962566E+03
 0.27164628962566E+03
 0.27164628962566E+03
 0.27164628962566E+03
 0.27164628962566E+03
 0.27164628962566E+03
 0.27164628962566E+03
 0.27164628962566E+03
 0.27164628962566E+03
 0.27164628962566E+03
 0.27164628962566E+03
 0.27164628962566E+03
 0.27164628962566E+03
 0.27164628962566E+03
 0.27164628962566E+03
 0.27164628962566E+03
 0.27164628962566E+03
 0.27164628962566E+03
 0.27164628962566E+03
 0.27164628962566E+03
 0.27164628962566E+03
 0.27164628962566E+03
 0.27164628962566E+03
 0.27164628962566E+03
 0.27164628962566E+03
 0.27164628962566E+03
 0.27164628962566E+03
 0.27164628962566E+03
 0.27164628962566E+03
 0.27164628962566E+03
 0.27164628962566E+03
 0.27164628962566E+03
 0.27164628962566E+03
 0.27164628962566E+03
 0.27164628962566E+03
 0.27164628962566E+03
 0.27164628962566E+03
 0.27164628962566E+03
 0.27164628962566E+03
 0.27164628962566E+03
 0.27164628962566E+03
 0.27164628962566E+03
 0.27164628962566E+03
 0.27164628962566E+03
 0.27164628962566E+03
 0.27164628962566E+03
 0.27164628962566E+03
 0.27164628962566E+03
 0.27164628962566E+03
 0.27164628962566E+03
 0.27164628962566E+03
 0.27164628962566E+03
 0.27164628962566E+03
 0.27164628962566E+03
 0.27164628962566E+03
 0.27164628962566E+03
 0.27164628962566E+03
 0.27164628962566E+03
 0.27164628962566E+03
 0.27164628962566E+03
 0.27164628962566E+03
 0.27164628962566E+03
 0.27164628962566E+03
 0.27164628962566E+03
 0.27164628962566E+03
 0.27164628962566E+03
 0.27164628962566E+03
 0.27164628962566E+03
 0.27164628962566E+03
 0.27164628962566E+03
 0.27164628962566E+03
 0.27164628962566E+03
 0.27164628962566E+03
 0.27164628962566E+03
 0.27164628962566E+03
 0.27164628962566E+03
 0.27164628962566E+03
 0.27164628962566E+03
 0.27164628962566E+03
 0.27164628962566E+03
 0.27164628962566E+03
 0.27164628962566E+03
 0.27164628962566E+03
 0.27164628962566E+03
 0.27164628962566E+03
 0.27164628962566E+03
 0.27164628962566E+03
 0.27164628962566E+03
 0.27164628962566E+03
 0.27164628962566E+03
 0.27164628962566E+03
 0.27164628962566E+03
 0.27164628962566E+03
 0.27164628962566E+03
 0.27164628962566E+03
 0.27164628962566E+03
 0.27164628962566E+03
 0.27164628962566E+03
 0.27164628962566E+03
 0.27164628962566E+03
 0.27164628962566E+03
 0.27164628962566E+03
 0.27164628962566E+03
 0.27164628962566E+03
 0.27164628962566E+03
 0.27164628962566E+03
 0.27164628962566E+03
 0.27164628962566E+03
 0.27164628962566E+03
 0.27164628962566E+03
 0.27164628962566E+03
 0.27164628962566E+03
 0.27164628962566E+03
 0.27164628962566E+03
 0.27164628962566E+03
 0.27164628962566E+03
 0.27164628962566E+03
 0.27164628962566E+03
 0.27164628962566E+03
 0.27164628962566E+03
 0.27164628962566E+03
 0.27164628962566E+03
 0.27164628962566E+03
 0.27164628962566E+03
 0.27164628962566E+03
 0.27164628962566E+03
 0.27164628962566E+03
 0.27164628962566E+03
 0.27164628962566E+03
 0.27164628962566E+03
 0.27164628962566E+03
 0.27164628962566E+03
 0.27164628962566E+03
 0.27164628962566E+03
 0.27164628962566E+03
 0.27164628962566E+03
 0.27164628962566E+03
 0.27164628962566E+03
 0.27164628962566E+03
 0.27164628962566E+03
 0.27164628962566E+03
 0.27164628962566E+03
 0.27164628962566E+03
 0.27164628962566E+03
 0.27164628962566E+03
 0.27164628962566E+03
 0.27164628962566E+03
 0.27164628962566E+03
 0.27164628962566E+03
 0.27164628962566E+03
 0.27164628962566E+03
 0.27164628962566E+03
 0.27164628962566E+03
 0.27164628962566E+03
 0.27164628962566E+03
 0.27164628962566E+03
 0.27164628962566E+03
 0.27164628962566E+03
 0.27164628962566E+03
 0.27164628962566E+03
 0.27164628962566E+03
 0.27164628962566E+03
 0.27164628962566E+03
 0.27164628962566E+03
 0.27164628962566E+03
 0.27164628962566E+03
 0.27164628962566E+03
 0.27164628962566E+03
 0.27164628962566E+03
 0.27164628962566E+03
 0.27164628962566E+03
 0.27164628962566E+03
 0.27164628962566E+03
 0.27164628962566E+03
 0.27164628962566E+03
 0.27164628962566E+03
 0.27164628962566E+03
 0.27164628962566E+03
 0.27164628962566E+03
 0.27164628962566E+03
 0.27164628962566E+03
 0.27164628962566E+03
 0.27164628962566E+03
 0.27164628962566E+03
 0.27164628962566E+03
 0.27164628962566E+03
 0.27164628962566E+03
 0.27164628961633E+03
 0.27164628961175E+03
 0.27164628960382E+03
 0.27164628960266E+03
 0.27164628960475E+03
 0.27164628960774E+03
 0.27164628962580E+03
 0.27164628963039E+03
 0.27164628967181E+03
 0.27164628969066E+03
 0.27164628969538E+03
 0.27164628969753E+03
 0.27164628982305E+03
 0.27164628984056E+03
 0.27164628984475E+03
 0.27164628984659E+03
 0.27164629004706E+03
 0.27164629011398E+03
 0.27164629013727E+03
 0.27164629014410E+03
 0.27164629014581E+03
 0.27164629014574E+03
 0.27164629050330E+03
 0.27164629060876E+03
 0.27164629065611E+03
 0.27164629067483E+03
 0.27164629067925E+03
 0.27164629067651E+03
 0.27164629067626E+03
 0.27164629067485E+03
 0.27164629126051E+03
 0.27164629139480E+03
 0.27164629146558E+03
 0.27164629149876E+03
 0.27164629150615E+03
 0.27164629150706E+03
 0.27164629151002E+03
 0.27164629151007E+03
 0.27164629150591E+03
 0.27164629149843E+03
 0.27164629224284E+03
 0.27164629239374E+03
 0.27164629248321E+03
 0.27164629253097E+03
 0.27164629256059E+03
 0.27164629258589E+03
 0.27164629261026E+03
 0.27164629259293E+03
 0.27164629256803E+03
 0.27164629254284E+03
 0.27164629254491E+03
 0.27164629252675E+03
 0.27164629251748E+03
 0.27164629328500E+03
 0.27164629341730E+03
 0.27164629349457E+03
 0.27164629354144E+03
 0.27164629357130E+03
 0.27164629357173E+03
 0.27164629356769E+03
 0.27164629359029E+03
 0.27164629359847E+03
 0.27164629359650E+03
 0.27164629358694E+03
 0.27164629357151E+03
 0.27164629355104E+03
 0.27164629352767E+03
 0.27164629350257E+03
 0.27164629347671E+03
 0.27164629345875E+03
 0.27164629343122E+03
 0.27164629340091E+03
 0.27164629337169E+03
 0.27164629335000E+03
 0.27164629343377E+03
 0.27164629342057E+03
 0.27164629336489E+03
 0.27164629332899E+03
 0.27164629328946E+03
 0.27164629330645E+03
 0.27164629331293E+03
 0.27164629331111E+03
 0.27164629330255E+03
 0.27164629328840E+03
 0.27164629326956E+03
 0.27164629324676E+03
 0.27164629322049E+03
 0.27164629319031E+03
 0.27164629314340E+03
 0.27164629311838E+03
 0.27164629309071E+03
 0.27164629306005E+03
 0.27164629302017E+03
 0.27164629295796E+03
 0.27164629293370E+03
 0.27164629294845E+03
 0.27164629291737E+03
 0.27164629288285E+03
 0.27164629284530E+03
 0.27164629280509E+03
 0.27164629276252E+03
 0.27164629271785E+03
 0.27164629267129E+03
 0.27164629262311E+03
 0.27164629257362E+03
 0.27164629252398E+03
 0.27164629252495E+03
 0.27164629236279E+03
 0.27164629242511E+03
 0.27164629240472E+03
 0.27164629239631E+03
 0.27164629223210E+03
 0.27164629225825E+03
 0.27164629225204E+03
 0.27164629222796E+03
 0.27164629219617E+03
 0.27164629215623E+03
 0.27164629215208E+03
 0.27164629211988E+03
 0.27164629208529E+03
 0.27164629204857E+03
 0.27164629201002E+03
 0.27164629196991E+03
 0.27164629192858E+03
 0.27164629188634E+03
 0.27164629184356E+03
 0.27164629180064E+03
 0.27164629175804E+03
 0.27164629171626E+03
 0.27164629164727E+03
 0.27164629159884E+03
 0.27164629155483E+03
 0.27164629151734E+03
 0.27164629152970E+03
 0.27164629148477E+03
 0.27164629144631E+03
 0.27164629142398E+03
 0.27164629135469E+03
 0.27164629134547E+03
 0.27164629126343E+03
 0.27164629121827E+03
 0.27164629120811E+03
 0.27164629116216E+03
 0.27164629111437E+03
 0.27164629106622E+03
 0.27164629083892E+03
 0.27164629102949E+03
 0.27164629098529E+03
 0.27164629096267E+03
 0.27164629094745E+03
 0.27164629057426E+03
 0.27164629051862E+03
 0.27164629046909E+03
 0.27164629046718E+03
 0.27164629046168E+03
 0.27164629042470E+03
 0.27164629034569E+03
 0.27164629046881E+03
 0.27164629041490E+03
 0.27164629039438E+03
 0.27164629036872E+03
 0.27164629043735E+03
 0.27164629042208E+03
 0.27164629040262E+03
 0.27164629037973E+03
 0.27164629035388E+03
 0.27164629032518E+03
 0.27164629029298E+03
 0.27164629025416E+03
 0.27164629009770E+03
 0.27164629008372E+03
 0.27164629004494E+03
 0.27164628988293E+03
 0.27164628987751E+03
 0.27164628979503E+03
 0.27164628989006E+03
 0.27164629005362E+03
 0.27164629001996E+03
 0.27164628999229E+03
 0.27164628995986E+03
 0.27164628993930E+03
 0.27164628989273E+03
 0.27164628985976E+03
 0.27164628982626E+03
 0.27164628979348E+03
 0.27164628975995E+03
 0.27164628972802E+03
 0.27164628969815E+03
 0.27164628967079E+03
 0.27164628967353E+03
 0.27164628968257E+03
 0.27164628974184E+03
 0.27164628975090E+03
 0.27164628975216E+03
 0.27164628967785E+03
 0.27164628969791E+03
 0.27164628962887E+03
 0.27164628966274E+03
 0.27164628973404E+03
 0.27164628973734E+03
 0.27164628971820E+03
 0.27164628972826E+03
 0.27164628971370E+03
 0.27164628972403E+03
 0.27164628973055E+03
 0.27164628972415E+03
 0.27164628962329E+03
 0.27164628964090E+03
 0.27164628964863E+03
 0.27164628959551E+03
 0.27164628957049E+03
 0.27164628959767E+03
 0.27164628962718E+03
 0.27164628964172E+03
 0.27164628968368E+03
 0.27164628970003E+03
 0.27164628970653E+03
 0.27164628962422E+03
 0.27164628971168E+03
 0.27164628971028E+03
 0.27164628971134E+03
 0.27164628971133E+03
 0.27164628969450E+03
 0.27164628969567E+03
 0.27164628969842E+03
 0.27164628969969E+03
 0.27164628969665E+03
 0.27164628969940E+03
 0.27164628969387E+03
 0.27164628969718E+03
 0.27164628969626E+03
 0.27164628954994E+03
 0.27164628955911E+03
 0.27164628955487E+03
 0.27164628959192E+03
 0.27164628961770E+03
 0.27164628962893E+03
 0.27164628963512E+03
 0.27164628964144E+03
 0.27164628964388E+03
 0.27164628964350E+03
 0.27164628964124E+03
 0.27164628964758E+03
 0.27164628964356E+03
 0.27164628963623E+03
 0.27164628962729E+03
 0.27164628961832E+03
 0.27164628961174E+03
 0.27164628962749E+03
 0.27164628961869E+03
 0.27164628960960E+03
 0.27164628961539E+03
 0.27164628962372E+03
 0.27164628962081E+03
 0.27164628948893E+03
 0.27164628952456E+03
 0.27164628955722E+03
 0.27164628957503E+03
 0.27164628953429E+03
 0.27164628953401E+03
 0.27164628954561E+03
 0.27164628954331E+03
 0.27164628954663E+03
 0.27164628954491E+03
 0.27164628953859E+03
 0.27164628952916E+03
 0.27164628951843E+03
 0.27164628950794E+03
 0.27164628949917E+03
 0.27164628945761E+03
 0.27164628935265E+03
 0.27164628931872E+03
 0.27164628928795E+03
 0.27164628921809E+03
 0.27164628922633E+03
 0.27164628925402E+03
 0.27164628927377E+03
 0.27164628928710E+03
 0.27164628929590E+03
 0.27164628929115E+03
 0.27164628928331E+03
 0.27164628922960E+03
 0.27164628924002E+03
 0.27164628923971E+03
 0.27164628923484E+03
 0.27164628922657E+03
 0.27164628922139E+03
 0.27164628920522E+03
 0.27164628920352E+03
 0.27164628919839E+03
 0.27164628918990E+03
 0.27164628918490E+03
 0.27164628917616E+03
 0.27164628917271E+03
 0.27164628915025E+03
 0.27164628907408E+03
 0.27164628906386E+03
 0.27164628908973E+03
 0.27164628912784E+03
 0.27164628913337E+03
 0.27164628913448E+03
 0.27164628913665E+03
 0.27164628913742E+03
 0.27164628913508E+03
 0.27164628913157E+03
 0.27164628911020E+03
 0.27164628909555E+03
 0.27164628908188E+03
 0.27164628907207E+03
 0.27164628910183E+03
 0.27164628908599E+03
 0.27164628907773E+03
 0.27164628908848E+03
 0.27164628910373E+03
 0.27164628908896E+03
 0.27164628910119E+03
 0.27164628907386E+03
 0.27164628909249E+03
 0.27164628910253E+03
 0.27164628910744E+03
 0.27164628911303E+03
 0.27164628911701E+03
 0.27164628911819E+03
 0.27164628910976E+03
 0.27164628910250E+03
 0.27164628909947E+03
 0.27164628904728E+03
 0.27164628902847E+03
 0.27164628901111E+03
 0.27164628899755E+03
 0.27164628903474E+03
 0.27164628901129E+03
 0.27164628899125E+03
 0.27164628897770E+03
 0.27164628899324E+03
 0.27164628897586E+03
 0.27164628900859E+03
 0.27164628900906E+03
 0.27164628908996E+03
 0.27164628908253E+03
 0.27164628908850E+03
 0.27164628909241E+03
 0.27164628908710E+03
 0.27164628908069E+03
 0.27164628907717E+03
 0.27164628903509E+03
 0.27164628901820E+03
 0.27164628900223E+03
 0.27164628898823E+03
 0.27164628894083E+03
 0.27164628891539E+03
 0.27164628894403E+03
 0.27164628897629E+03
 0.27164628899728E+03
 0.27164628892505E+03
 0.27164628897706E+03
 0.27164628900784E+03
 0.27164628897132E+03
 0.27164628901693E+03
 0.27164628897169E+03
 0.27164628896766E+03
 0.27164628909817E+03
 0.27164628910060E+03
 0.27164628904521E+03
 0.27164628905778E+03
 0.27164628905701E+03
 0.27164628903955E+03
 0.27164628899664E+03
 0.27164628897102E+03
 0.27164628895139E+03
 0.27164628896335E+03
 0.27164628900443E+03
 0.27164628903456E+03
 0.27164628905616E+03
 0.27164628909794E+03
 0.27164628911189E+03
 0.27164628912170E+03
 0.27164628912715E+03
 0.27164628910982E+03
 0.27164628912580E+03
 0.27164628913298E+03
 0.27164628913091E+03
 0.27164628914901E+03
 0.27164628915222E+03
 0.27164628915260E+03
 0.27164628915613E+03
 0.27164628915705E+03
 0.27164628916217E+03
 0.27164628916258E+03
 0.27164628916957E+03
 0.27164628910444E+03
 0.27164628906932E+03
 0.27164628911485E+03
 0.27164628911150E+03
 0.27164628916838E+03
 0.27164628918715E+03
 0.27164628919758E+03
 0.27164628920655E+03
 0.27164628921186E+03
 0.27164628922899E+03
 0.27164628923402E+03
 0.27164628923679E+03
 0.27164628923823E+03
 0.27164628923511E+03
 0.27164628923015E+03
 0.27164628922441E+03
 0.27164628921878E+03
 0.27164628921273E+03
 0.27164628922844E+03
 0.27164628921816E+03
 0.27164628920843E+03
 0.27164628919949E+03
 0.27164628921159E+03
 0.27164628920072E+03
 0.27164628921870E+03
 0.27164628921577E+03
 0.27164628927134E+03
 0.27164628929332E+03
 0.27164628930168E+03
 0.27164628931140E+03
 0.27164628932023E+03
 0.27164628932681E+03
 0.27164628933219E+03
 0.27164628933770E+03
 0.27164628931966E+03
 0.27164628932116E+03
 0.27164628933668E+03
 0.27164628929753E+03
 0.27164628929196E+03
 0.27164628928584E+03
 0.27164628927872E+03
 0.27164628927479E+03
 0.27164628927225E+03
 0.27164628934631E+03
 0.27164628932800E+03
 0.27164628931732E+03
 0.27164628931150E+03
 0.27164628931082E+03
 0.27164628934956E+03
 0.27164628942044E+03
 0.27164628947177E+03
 0.27164628949740E+03
 0.27164628949042E+03
 0.27164628950768E+03
 0.27164628956095E+03
 0.27164628958589E+03
 0.27164628946893E+03
 0.27164628947149E+03
 0.27164628947507E+03
 0.27164628946908E+03
 0.27164628946770E+03
 0.27164628946679E+03
 0.27164628945208E+03
 0.27164628945379E+03
 0.27164628945591E+03
 0.27164628945866E+03
 0.27164628946191E+03
 0.27164628946530E+03
 0.27164628946692E+03
 0.27164628946850E+03
 0.27164628947103E+03
 0.27164628947192E+03
 0.27164628946636E+03
 0.27164628946041E+03
 0.27164628945767E+03
 0.27164628956636E+03
 0.27164628956663E+03
 0.27164628956007E+03
 0.27164628953054E+03
 0.27164628952107E+03
 0.27164628951324E+03
 0.27164628950629E+03
 0.27164628948594E+03
 0.27164628947657E+03
 0.27164628946693E+03
 0.27164628945870E+03
 0.27164628945926E+03
 0.27164628947397E+03
 0.27164628948987E+03
 0.27164628950805E+03
 0.27164628952862E+03
 0.27164628954537E+03
 0.27164628951072E+03
 0.27164628954064E+03
 0.27164628981203E+03
 0.27164628954075E+03
 0.27164628956130E+03
 0.27164628952566E+03
 0.27164628947323E+03
 0.27164628955810E+03
 0.27164628955342E+03
 0.27164628950625E+03
 0.27164628949798E+03
 0.27164628949263E+03
 0.27164628949057E+03
 0.27164628946282E+03
 0.27164628946281E+03
 0.27164628946428E+03
 0.27164628946852E+03
 0.27164628953502E+03
 0.27164628955410E+03
 0.27164628982640E+03
 0.27164628975139E+03
 0.27164628969010E+03
 0.27164628965857E+03
 0.27164628955799E+03
 0.27164628977092E+03
 0.27164628969850E+03
 0.27164628977022E+03
 0.27164628955819E+03
 0.27164628951002E+03
 0.27164628952799E+03
 0.27164628954660E+03
 0.27164628950586E+03
 0.27164628949249E+03
 0.27164628948618E+03
 0.27164628948313E+03
 0.27164628948295E+03
 0.27164628948032E+03
 0.27164628947174E+03
 0.27164628953063E+03
 0.27164628954839E+03
 0.27164628956582E+03
 0.27164628980295E+03
 0.27164628974343E+03
 0.27164628969996E+03
 0.27164628954352E+03
 0.27164628984317E+03
 0.27164628974682E+03
 0.27164628955331E+03
 0.27164628951578E+03
 0.27164628950707E+03
 0.27164628955065E+03
 0.27164628956022E+03
 0.27164628955055E+03
 0.27164628950731E+03
 0.27164628950023E+03
 0.27164628949616E+03
 0.27164628949608E+03
 0.27164628947041E+03
 0.27164628947082E+03
 0.27164628947147E+03
 0.27164628949319E+03
 0.27164628950215E+03
 0.27164628950988E+03
 0.27164628946786E+03
 0.27164628948471E+03
 0.27164628949925E+03
 0.27164628947122E+03
 0.27164628947700E+03
 0.27164628946138E+03
 0.27164628950447E+03
 0.27164628957526E+03
 0.27164628958156E+03
 0.27164628957747E+03
 0.27164628954418E+03
 0.27164628953828E+03
 0.27164628953544E+03
 0.27164628953553E+03
 0.27164628952898E+03
 0.27164628955115E+03
 0.27164628949710E+03
 0.27164628952357E+03
 0.27164628950836E+03
 0.27164628949452E+03
 0.27164628948279E+03
 0.27164628947344E+03
 0.27164628946756E+03
 0.27164628946364E+03
 0.27164628946127E+03
 0.27164628948113E+03
 0.27164628948752E+03
 0.27164628951663E+03
 0.27164628961171E+03
 0.27164628958523E+03
 0.27164628957197E+03
 0.27164628956652E+03
 0.27164628956391E+03
 0.27164628955786E+03
 0.27164628955176E+03
 0.27164628951313E+03
 0.27164628950479E+03
 0.27164628949363E+03
 0.27164628948335E+03
 0.27164628947510E+03
 0.27164628946879E+03
 0.27164628944040E+03
 0.27164628944001E+03
 0.27164628944348E+03
 0.27164628944687E+03
 0.27164628943669E+03
 0.27164628944138E+03
 0.27164628945789E+03
 0.27164628947471E+03
 0.27164628949038E+03
 0.27164628950417E+03
 0.27164628949182E+03
 0.27164628949875E+03
 0.27164628946520E+03
 0.27164628944100E+03
 0.27164628946994E+03
 0.27164628952922E+03
 0.27164628952388E+03
 0.27164628951280E+03
 0.27164628949227E+03
 0.27164628947900E+03
 0.27164628946390E+03
 0.27164628944952E+03
 0.27164628941800E+03
 0.27164628941959E+03
 0.27164628943133E+03
 0.27164628944950E+03
 0.27164628947080E+03
 0.27164628949261E+03
 0.27164628951562E+03
 0.27164628969081E+03
 0.27164628960873E+03
 0.27164628960525E+03
 0.27164628957429E+03
 0.27164628956671E+03
 0.27164628956072E+03
 0.27164628955892E+03
 0.27164628954306E+03
 0.27164628953050E+03
 0.27164628952505E+03
 0.27164628951292E+03
 0.27164628950229E+03
 0.27164628949114E+03
 0.27164628948004E+03
 0.27164628947294E+03
 0.27164628947822E+03
 0.27164628947210E+03
 0.27164628948364E+03
 0.27164628947851E+03
 0.27164628948303E+03
 0.27164628951212E+03
 0.27164628955764E+03
 0.27164628955508E+03
 0.27164628954148E+03
 0.27164628952607E+03
 0.27164628951088E+03
 0.27164628949468E+03
 0.27164628948361E+03
 0.27164628947198E+03
 0.27164628946000E+03
 0.27164628944815E+03
 0.27164628943620E+03
 0.27164628941507E+03
 0.27164628940097E+03
 0.27164628938782E+03
 0.27164628938523E+03
 0.27164628939315E+03
 0.27164628941012E+03
 0.27164628942982E+03
 0.27164628945106E+03
 0.27164628947194E+03
 0.27164628971291E+03
 0.27164628962377E+03
 0.27164628956377E+03
 0.27164628957152E+03
 0.27164628957792E+03
 0.27164628953404E+03
 0.27164628952900E+03
 0.27164628952455E+03
 0.27164628951003E+03
 0.27164628950527E+03
 0.27164628950926E+03
 0.27164628951685E+03
 0.27164628950976E+03
 0.27164628952138E+03
 0.27164628944343E+03
 0.27164628940790E+03
 0.27164628947671E+03
 0.27164628947632E+03
 0.27164628949066E+03
 0.27164628956231E+03
 0.27164628951888E+03
 0.27164628951244E+03
 0.27164628949672E+03
 0.27164628948718E+03
 0.27164628947753E+03
 0.27164628946480E+03
 0.27164628943372E+03
 0.27164628941625E+03
 0.27164628939871E+03
 0.27164628938147E+03
 0.27164628936531E+03
 0.27164628936240E+03
 0.27164628938475E+03
 0.27164628941774E+03
 0.27164628944552E+03
 0.27164628968978E+03
 0.27164628958692E+03
 0.27164628954398E+03
 0.27164628955410E+03
 0.27164628950937E+03
 0.27164628949929E+03
 0.27164628949046E+03
 0.27164628948413E+03
 0.27164628947383E+03
 0.27164628946182E+03
 0.27164628944893E+03
 0.27164628943561E+03
 0.27164628942462E+03
 0.27164628941655E+03
 0.27164628940934E+03
 0.27164628940262E+03
 0.27164628939607E+03
 0.27164628938955E+03
 0.27164628938817E+03
 0.27164628939884E+03
 0.27164628942384E+03
 0.27164628941743E+03
 0.27164628941428E+03
 0.27164628940470E+03
 0.27164628939871E+03
 0.27164628939812E+03
 0.27164628940144E+03
 0.27164628941887E+03
 0.27164628942329E+03
 0.27164628941881E+03
 0.27164628940769E+03
 0.27164628939528E+03
 0.27164628938320E+03
 0.27164628944253E+03
 0.27164628944796E+03
 0.27164628945711E+03
 0.27164628947807E+03
 0.27164628950251E+03
 0.27164628952973E+03
 0.27164628955814E+03
 0.27164628965366E+03
 0.27164628966880E+03
 0.27164628962383E+03
 0.27164628961169E+03
 0.27164628959855E+03
 0.27164628956648E+03
 0.27164628955106E+03
 0.27164628953477E+03
 0.27164628952736E+03
 0.27164628951910E+03
 0.27164628951060E+03
 0.27164628950224E+03
 0.27164628949364E+03
 0.27164628948532E+03
 0.27164628947714E+03
 0.27164628947078E+03
 0.27164628947207E+03
 0.27164628947595E+03
 0.27164628948609E+03
 0.27164628949716E+03
 0.27164628974442E+03
 0.27164628977719E+03
 0.27164628981179E+03
 0.27164628984545E+03
 0.27164628988076E+03
 0.27164629007364E+03
 0.27164628999670E+03
 0.27164629000673E+03
 0.27164628997997E+03
 0.27164628997711E+03
 0.27164628997462E+03
 0.27164628994979E+03
 0.27164628994827E+03
 0.27164629000587E+03
 0.27164629000139E+03
 0.27164628997339E+03
 0.27164628996976E+03
 0.27164628996512E+03
 0.27164628996541E+03
 0.27164628996732E+03
 0.27164628997122E+03
 0.27164628997887E+03
 0.27164628997957E+03
 0.27164628998378E+03
 0.27164629000503E+03
 0.27164629002898E+03
 0.27164629004553E+03
 0.27164629006310E+03
 0.27164629008454E+03
 0.27164629010513E+03
 0.27164629012481E+03
 0.27164629014497E+03
 0.27164629016470E+03
 0.27164629018532E+03
 0.27164629020185E+03
 0.27164629024422E+03
 0.27164629025850E+03
 0.27164629024840E+03
 0.27164629025936E+03
 0.27164629026736E+03
 0.27164629027249E+03
 0.27164629027643E+03
 0.27164629035851E+03
 0.27164629047556E+03
 0.27164629059841E+03
 0.27164629071860E+03
 0.27164629083573E+03
 0.27164629095194E+03
 0.27164629099993E+03
 0.27164629110292E+03
 0.27164629120415E+03
 0.27164629151826E+03
 0.27164629149284E+03
 0.27164629155148E+03
 0.27164629158234E+03
 0.27164629163502E+03
 0.27164629168340E+03
 0.27164629169036E+03
 0.27164629171604E+03
 0.27164629173709E+03
 0.27164629175740E+03
 0.27164629178463E+03
 0.27164629181049E+03
 0.27164629183408E+03
 0.27164629185787E+03
 0.27164629188039E+03
 0.27164629190193E+03
 0.27164629192293E+03
 0.27164629194305E+03
 0.27164629196488E+03
 0.27164629199981E+03
 0.27164629201762E+03
 0.27164629204148E+03
 0.27164629206471E+03
 0.27164629209546E+03
 0.27164629212860E+03
 0.27164629216209E+03
 0.27164629219727E+03
 0.27164629223235E+03
 0.27164629220788E+03
 0.27164629223887E+03
 0.27164629226994E+03
 0.27164629230214E+03
 0.27164629233277E+03
 0.27164629236379E+03
 0.27164629239628E+03
 0.27164629260808E+03
 0.27164629256344E+03
 0.27164629255621E+03
 0.27164629255797E+03
 0.27164629257017E+03
 0.27164629259719E+03
 0.27164629264159E+03
 0.27164629271868E+03
 0.27164629251143E+03
 0.27164629250227E+03
 0.27164629248444E+03
 0.27164629247439E+03
 0.27164629248449E+03
 0.27164629248572E+03
 0.27164629249729E+03
 0.27164629250689E+03
 0.27164629250442E+03
 0.27164629251424E+03
 0.27164629252252E+03
 0.27164629253431E+03
 0.27164629255806E+03
 0.27164629258391E+03
 0.27164629261226E+03
 0.27164629286036E+03
 0.27164629277001E+03
 0.27164629281558E+03
 0.27164629273448E+03
 0.27164629274325E+03
 0.27164629271023E+03
 0.27164657252880E+03
 0.27164657252232E+03
 0.27164657249268E+03
 0.27164657248526E+03
 0.27164657247752E+03
 0.27164657246641E+03
 0.27164657245920E+03
 0.27164657245488E+03
 0.27164657401270E+03
 0.27164657409109E+03
 0.27164657416707E+03
 0.27164657423660E+03
 0.27164657430360E+03
 0.27164657436676E+03
 0.27164657443175E+03
 0.27164657449788E+03
 0.27164657456601E+03
 0.27164657463789E+03
 0.27164657470605E+03
 0.27164657477379E+03
 0.27164657483884E+03
 0.27164657490205E+03
 0.27164657490637E+03
 0.27164657496465E+03
 0.27164657502355E+03
 0.27164657507964E+03
 0.27164657513374E+03
 0.27164657542451E+03
 0.27164657537765E+03
 0.27164657534702E+03
 0.27164657536860E+03
 0.27164657540522E+03
 0.27164657538955E+03
 0.27164657540698E+03
 0.27164657542397E+03
 0.27164657544029E+03
 0.27164657543090E+03
 0.27164657544883E+03
 0.27164657546601E+03
 0.27164657548122E+03
 0.27164657549460E+03
 0.27164657550743E+03
 0.27164657551823E+03
 0.27164657553211E+03
 0.27164657554612E+03
 0.27164657556202E+03
 0.27164657560546E+03
 0.27164657562721E+03
 0.27164657566706E+03
 0.27164657567141E+03
 0.27164657568013E+03
 0.27164657570847E+03
 0.27164657582098E+03
 0.27164657556945E+03
 0.27164657559065E+03
 0.27164657560560E+03
 0.27164657585541E+03
 0.27164657577886E+03
 0.27164657573800E+03
 0.27164657575145E+03
 0.27164657571940E+03
 0.27164657571740E+03
 0.27164657571284E+03
 0.27164657570811E+03
 0.27164657567909E+03
 0.27164657567335E+03
 0.27164657566669E+03
 0.27164657565621E+03
 0.27164657564861E+03
 0.27164657564384E+03
 0.27164657564105E+03
 0.27164657563778E+03
 0.27164657563511E+03
 0.27164657563084E+03
 0.27164657562593E+03
 0.27164657562382E+03
 0.27164657672723E+03
 0.27164657678094E+03
 0.27164657682924E+03
 0.27164657688602E+03
 0.27164657693432E+03
 0.27164657698966E+03
 0.27164657704291E+03
 0.27164657709615E+03
 0.27164657714922E+03
 0.27164657720030E+03
 0.27164657725289E+03
 0.27164657730371E+03
 0.27164657728826E+03
 0.27164657733524E+03
 0.27164657737472E+03
 0.27164657742117E+03
 0.27164657746052E+03
 0.27164657750113E+03
 0.27164657754157E+03
 0.27164657775952E+03
 0.27164657771689E+03
 0.27164657769713E+03
 0.27164657770890E+03
 0.27164657773355E+03
 0.27164657775834E+03
 0.27164657773761E+03
 0.27164657775240E+03
 0.27164657776446E+03
 0.27164657777690E+03
 0.27164657779191E+03
 0.27164657780629E+03
 0.27164657782343E+03
 0.27164657786798E+03
 0.27164657789668E+03
 0.27164657799275E+03
 0.27164657804879E+03
 0.27164657780711E+03
 0.27164657779197E+03
 0.27164657771208E+03
 0.27164657771500E+03
 0.27164657772551E+03
 0.27164657778547E+03
 0.27164657774916E+03
 0.27164657776984E+03
 0.27164657779163E+03
 0.27164657781335E+03
 0.27164657783532E+03
 0.27164657810737E+03
 0.27164657801013E+03
 0.27164657793964E+03
 0.27164657793650E+03
 0.27164657790460E+03
 0.27164657789774E+03
 0.27164657788988E+03
 0.27164657788173E+03
 0.27164657785372E+03
 0.27164657784359E+03
 0.27164657783222E+03
 0.27164657782481E+03
 0.27164657871876E+03
 0.27164657876096E+03
 0.27164657880055E+03
 0.27164657884283E+03
 0.27164657887564E+03
 0.27164657891196E+03
 0.27164657893977E+03
 0.27164657897100E+03
 0.27164657900091E+03
 0.27164657902740E+03
 0.27164657905370E+03
 0.27164657907712E+03
 0.27164657910817E+03
 0.27164657913363E+03
 0.27164657916576E+03
 0.27164657919554E+03
 0.27164657922488E+03
 0.27164657925119E+03
 0.27164657927920E+03
 0.27164657930554E+03
 0.27164657932912E+03
 0.27164657934835E+03
 0.27164657936428E+03
 0.27164657938403E+03
 0.27164657940008E+03
 0.27164657941419E+03
 0.27164657942268E+03
 0.27164657943271E+03
 0.27164657943401E+03
 0.27164657943511E+03
 0.27164657942765E+03
 0.27164657941131E+03
 0.27164657937414E+03
 0.27164657934370E+03
 0.27164657932958E+03
 0.27164657930751E+03
 0.27164657929004E+03
 0.27164657931405E+03
 0.27164657932158E+03
 0.27164657928343E+03
 0.27164657928309E+03
 0.27164657929159E+03
 0.27164657927616E+03
 0.27164657926329E+03
 0.27164657924873E+03
 0.27164657923015E+03
 0.27164657922417E+03
 0.27164657922068E+03
 0.27164657921467E+03
 0.27164657920938E+03
 0.27164657920380E+03
 0.27164657920508E+03
 0.27164657921400E+03
 0.27164657922709E+03
 0.27164657924579E+03
 0.27164657919699E+03
 0.27164657920510E+03
 0.27164658012676E+03
 0.27164658018240E+03
 0.27164658024600E+03
 0.27164658048463E+03
 0.27164658044147E+03
 0.27164658043979E+03
 0.27164658048153E+03
 0.27164658047417E+03
 0.27164658048754E+03
 0.27164658050514E+03
 0.27164658049410E+03
 0.27164658051436E+03
 0.27164658052110E+03
 0.27164658053125E+03
 0.27164658053935E+03
 0.27164658054344E+03
 0.27164658055081E+03
 0.27164658055552E+03
 0.27164658055577E+03
 0.27164658056023E+03
 0.27164658056441E+03
 0.27164658056223E+03
 0.27164658056191E+03
 0.27164658056032E+03
 0.27164658054874E+03
 0.27164658054493E+03
 0.27164658053062E+03
 0.27164658051655E+03
 0.27164658049621E+03
 0.27164658046310E+03
 0.27164658040078E+03
 0.27164658033107E+03
 0.27164658025753E+03
 0.27164658030042E+03
 0.27164658032445E+03
 0.27164658034443E+03
 0.27164658040550E+03
 0.27164658056727E+03
 0.27164658055695E+03
 0.27164658054717E+03
 0.27164658053394E+03
 0.27164658044324E+03
 0.27164658072985E+03
 0.27164658068442E+03
 0.27164658065067E+03
 0.27164658062964E+03
 0.27164658060774E+03
 0.27164658060936E+03
 0.27164658058773E+03
 0.27164658056082E+03
 0.27164658052704E+03
 0.27164658050316E+03
 0.27164658047620E+03
 0.27164658044598E+03
 0.27164658118406E+03
 0.27164658119390E+03
 0.27164658119402E+03
 0.27164658119178E+03
 0.27164658119630E+03
 0.27164658120735E+03
 0.27164658120814E+03
 0.27164658120624E+03
 0.27164658119138E+03
 0.27164658117873E+03
 0.27164658079400E+03
 0.27164658085360E+03
 0.27164658085460E+03
 0.27164658092482E+03
 0.27164658098507E+03
 0.27164658103318E+03
 0.27164658109089E+03
 0.27164658134941E+03
 0.27164658129813E+03
 0.27164658127561E+03
 0.27164658130978E+03
 0.27164658128628E+03
 0.27164658130044E+03
 0.27164658129987E+03
 0.27164658128595E+03
 0.27164658128609E+03
 0.27164658127991E+03
 0.27164658126690E+03
 0.27164658124685E+03
 0.27164658122343E+03
 0.27164658118257E+03
 0.27164658113208E+03
 0.27164658104127E+03
 0.27164658089129E+03
 0.27164658117379E+03
 0.27164658116560E+03
 0.27164658107565E+03
 0.27164658121419E+03
 0.27164658123503E+03
 0.27164658119049E+03
 0.27164658113145E+03
 0.27164658064774E+03
 0.27164658125041E+03
 0.27164658139688E+03
 0.27164658142926E+03
 0.27164658139521E+03
 0.27164658152087E+03
 0.27164658144838E+03
 0.27164658100371E+03
 0.27164658085547E+03
 0.27164658125910E+03
 0.27164658118054E+03
 0.27164658104793E+03
 0.27164658090013E+03
 0.27164658071177E+03
 0.27164658085378E+03
 0.27164657999394E+03
 0.27164658023646E+03
 0.27164658043660E+03
 0.27164658062783E+03
 0.27164658080538E+03
 0.27164658095697E+03
 0.27164658111393E+03
 0.27164658125868E+03
 0.27164658128749E+03
 0.27164658154445E+03
 0.27164658156048E+03
 0.27164658157138E+03
 0.27164658159227E+03
 0.27164658154208E+03
 0.27164658149088E+03
 0.27164658144729E+03
 0.27164658140041E+03
 0.27164658134721E+03
 0.27164658131053E+03
 0.27164658128052E+03
 0.27164658122701E+03
 0.27164658118693E+03
 0.27164658140917E+03
 0.27164658133067E+03
 0.27164658165869E+03
 0.27164658162035E+03
 0.27164658158818E+03
 0.27164658154412E+03
 0.27164658148408E+03
 0.27164658158757E+03
 0.27164658155154E+03
 0.27164658150334E+03
 0.27164658144541E+03
 0.27164658138768E+03
 0.27164658088235E+03
 0.27164658086255E+03
 0.27164658081841E+03
 0.27164658071689E+03
 0.27164658057049E+03
 0.27164658038026E+03
 0.27164658006302E+03
 0.27164657961001E+03
 0.27164657960816E+03
 0.27164658044035E+03
 0.27164658033594E+03
 0.27164658088719E+03
 0.27164658085523E+03
 0.27164658081211E+03
 0.27164658070973E+03
 0.27164658067110E+03
 0.27164658059643E+03
 0.27164658081108E+03
 0.27164658117038E+03
 0.27164658115189E+03
 0.27164658113893E+03
 0.27164658076733E+03
 0.27164658072297E+03
 0.27164658095682E+03
 0.27164658090211E+03
 0.27164658083475E+03
 0.27164658078069E+03
 0.27164658071828E+03
 0.27164658065848E+03
 0.27164658057924E+03
 0.27164658050708E+03
 0.27164658043796E+03
 0.27164658035200E+03
 0.27164657930982E+03
 0.27164657913347E+03
 0.27164657895725E+03
 0.27164657877395E+03
 0.27164657859126E+03
 0.27164657839513E+03
 0.27164657379154E+03
 0.27164657399205E+03
 0.27164657418319E+03
 0.27164657436882E+03
 0.27164657452508E+03
 0.27164657561564E+03
 0.27164657576113E+03
 0.27164657589864E+03
 0.27164657604107E+03
 0.27164657638446E+03
 0.27164657644312E+03
 0.27164657649801E+03
 0.27164657652870E+03
 0.27164657653439E+03
 0.27164657653210E+03
 0.27164657520614E+03
 0.27164657512277E+03
 0.27164657499856E+03
 0.27164657459941E+03
 0.27164657438084E+03
 0.27164657408014E+03
 0.27164657368779E+03
 0.27164657314146E+03
 0.27164657740079E+03
 0.27164657736598E+03
 0.27164657791875E+03
 0.27164657807380E+03
 0.27164657832792E+03
 0.27164657844748E+03
 0.27164657740563E+03
 0.27164657647672E+03
 0.27164657778585E+03
 0.27164657803702E+03
 0.27164657837107E+03
 0.27164657876180E+03
 0.27164657897376E+03
 0.27164657909307E+03
 0.27164657854147E+03
 0.27164657820421E+03
 0.27164657861269E+03
 0.27164657849543E+03
 0.27164657842067E+03
 0.27164657832120E+03
 0.27164657876509E+03
 0.27164657858767E+03
 0.27164657864660E+03
 0.27164657853847E+03
 0.27164657854808E+03
 0.27164657854705E+03
 0.27164657854148E+03
 0.27164657852404E+03
 0.27164657849630E+03
 0.27164657847614E+03
 0.27164657852191E+03
 0.27164657849862E+03
 0.27164657845713E+03
 0.27164657840220E+03
 0.27164657835796E+03
 0.27164657831148E+03
 0.27164657824733E+03
 0.27164657818253E+03
 0.27164657811006E+03
 0.27164657804380E+03
 0.27164657795388E+03
 0.27164657787014E+03
 0.27164657774297E+03
 0.27164657762539E+03
 0.27164657749315E+03
 0.27164657736454E+03
 0.27164657723796E+03
 0.27164657713916E+03
 0.27164657702371E+03
 0.27164657693218E+03
 0.27164657684207E+03
 0.27164657675219E+03
 0.27164657667783E+03
 0.27164657662626E+03
 0.27164657656727E+03
 0.27164657654900E+03
 0.27164657729470E+03
 0.27164657732811E+03
 0.27164657802612E+03
 0.27164657800731E+03
 0.27164657793544E+03
 0.27164657371157E+03
 0.27164657381450E+03
 0.27164657391913E+03
 0.27164657706297E+03
 0.27164657843542E+03
 0.27164657846745E+03
 0.27164657847099E+03
 0.27164657849601E+03
 0.27164657850878E+03
 0.27164657847799E+03
 0.27164657838790E+03
 0.27164657735053E+03
 0.27164657713886E+03
 0.27164657713925E+03
 0.27164657712303E+03
 0.27164657705197E+03
 0.27164657725763E+03
 0.27164657754076E+03
 0.27164657746996E+03
 0.27164657747069E+03
 0.27164657748813E+03
 0.27164657743112E+03
 0.27164657751469E+03
 0.27164657754327E+03
 0.27164657756478E+03
 0.27164657759006E+03
 0.27164657759068E+03
 0.27164657760583E+03
 0.27164657760798E+03
 0.27164657761165E+03
 0.27164657761193E+03
 0.27164657760369E+03
 0.27164657760067E+03
 0.27164657758147E+03
 0.27164657755592E+03
 0.27164657754364E+03
 0.27164657750953E+03
 0.27164657748879E+03
 0.27164657745477E+03
 0.27164657739738E+03
 0.27164657736840E+03
 0.27164657732090E+03
 0.27164657729232E+03
 0.27164657723083E+03
 0.27164657717701E+03
 0.27164657714132E+03
 0.27164657708180E+03
 0.27164657696906E+03
 0.27164657688533E+03
 0.27164657679399E+03
 0.27164657670697E+03
 0.27164657663840E+03
 0.27164638121654E+03
 0.27164638113765E+03
 0.27164638106061E+03
 0.27164637738162E+03
 0.27164637763371E+03
 0.27164637789073E+03
 0.27164637811724E+03
 0.27164637831024E+03
 0.27164637874161E+03
 0.27164637894393E+03
 0.27164637905365E+03
 0.27164637899941E+03
 0.27164638186981E+03
 0.27164638199490E+03
 0.27164638214979E+03
 0.27164638232199E+03
 0.27164638244580E+03
 0.27164638253070E+03
 0.27164638258932E+03
 0.27164638246016E+03
 0.27164638235553E+03
 0.27164638180290E+03
 0.27164638180325E+03
 0.27164638179570E+03
 0.27164638179279E+03
 0.27164638178858E+03
 0.27164638176840E+03
 0.27164638216917E+03
 0.27164638198961E+03
 0.27164638199906E+03
 0.27164638202750E+03
 0.27164638200139E+03
 0.27164638202151E+03
 0.27164638200438E+03
 0.27164638201352E+03
 0.27164638204016E+03
 0.27164638203009E+03
 0.27164638203040E+03
 0.27164638202523E+03
 0.27164638200009E+03
 0.27164638199975E+03
 0.27164638195335E+03
 0.27164638192443E+03
 0.27164638191679E+03
 0.27164638187095E+03
 0.27164638183210E+03
 0.27164638178280E+03
 0.27164638173833E+03
 0.27164638169669E+03
 0.27164638162286E+03
 0.27164638156484E+03
 0.27164638146673E+03
 0.27164638132828E+03
 0.27164638117168E+03
 0.27164638103272E+03
 0.27164638090350E+03
 0.27164638090253E+03
 0.27164638103081E+03
 0.27164638079721E+03
 0.27164637692202E+03
 0.27164637723169E+03
 0.27164637750635E+03
 0.27164637768949E+03
 0.27164637780730E+03
 0.27164637792707E+03
 0.27164637829727E+03
 0.27164637842153E+03
 0.27164637852990E+03
 0.27164637866460E+03
 0.27164637872609E+03
 0.27164637879398E+03
 0.27164637688591E+03
 0.27164637689088E+03
 0.27164637681730E+03
 0.27164638081530E+03
 0.27164638090607E+03
 0.27164638099229E+03
 0.27164638091222E+03
 0.27164638110237E+03
 0.27164638127525E+03
 0.27164638150611E+03
 0.27164638170381E+03
 0.27164638181071E+03
 0.27164638180148E+03
 0.27164638174848E+03
 0.27164638161255E+03
 0.27164638156124E+03
 0.27164637654640E+03
 0.27164638080967E+03
 0.27164638084070E+03
 0.27164638113344E+03
 0.27164638123774E+03
 0.27164638134394E+03
 0.27164638153206E+03
 0.27164638160267E+03
 0.27164638158141E+03
 0.27164638158541E+03
 0.27164638157510E+03
 0.27164638150827E+03
 0.27164638149975E+03
 0.27164638142601E+03
 0.27164638141133E+03
 0.27164638135028E+03
 0.27164638131627E+03
 0.27164638127170E+03
 0.27164638119906E+03
 0.27164638115236E+03
 0.27164638106333E+03
 0.27164638091968E+03
 0.27164638080232E+03
 0.27164638062887E+03
 0.27164638047729E+03
 0.27164638060800E+03
 0.27164638064796E+03
 0.27164638041582E+03
 0.27164637643857E+03
 0.27164637673553E+03
 0.27164637703602E+03
 0.27164637731229E+03
 0.27164637781773E+03
 0.27164637806383E+03
 0.27164637829999E+03
 0.27164637851355E+03
 0.27164637868582E+03
 0.27164637885565E+03
 0.27164637919481E+03
 0.27164637925088E+03
 0.27164637935230E+03
 0.27164637940686E+03
 0.27164637945783E+03
 0.27164637954763E+03
 0.27164637857438E+03
 0.27164637861306E+03
 0.27164637866764E+03
 0.27164637870839E+03
 0.27164637867838E+03
 0.27164637866013E+03
 0.27164637862452E+03
 0.27164637853240E+03
 0.27164637843605E+03
 0.27164637825939E+03
 0.27164637805089E+03
 0.27164637773514E+03
 0.27164637706187E+03
 0.27164637650984E+03
 0.27164638033036E+03
 0.27164638063779E+03
 0.27164638097212E+03
 0.27164637909429E+03
 0.27164637893983E+03
 0.27164637830075E+03
 0.27164637777849E+03
 0.27164637679455E+03
 0.27164637568490E+03
 0.27164637983518E+03
 0.27164638008706E+03
 0.27164638108623E+03
 0.27164638108313E+03
 0.27164638104834E+03
 0.27164638104491E+03
 0.27164638103722E+03
 0.27164638100800E+03
 0.27164638099345E+03
 0.27164638092868E+03
 0.27164638085314E+03
 0.27164638084233E+03
 0.27164638079781E+03
 0.27164638111590E+03
 0.27164638102908E+03
 0.27164638084415E+03
 0.27164638063399E+03
 0.27164638047434E+03
 0.27164638027752E+03
 0.27164638008126E+03
 0.27164638015103E+03
 0.27164637587381E+03
 0.27164637624671E+03
 0.27164637651319E+03
 0.27164637678481E+03
 0.27164637707854E+03
 0.27164637758666E+03
 0.27164637779611E+03
 0.27164637798259E+03
 0.27164637819205E+03
 0.27164637867390E+03
 0.27164637878282E+03
 0.27164637889957E+03
 0.27164637899802E+03
 0.27164637908667E+03
 0.27164637916325E+03
 0.27164637986827E+03
 0.27164637992353E+03
 0.27164637948654E+03
 0.27164637952940E+03
 0.27164637961521E+03
 0.27164637963819E+03
 0.27164637970820E+03
 0.27164637970819E+03
 0.27164637972235E+03
 0.27164637972320E+03
 0.27164637971475E+03
 0.27164637972212E+03
 0.27164637965513E+03
 0.27164637956527E+03
 0.27164637947548E+03
 0.27164637924248E+03
 0.27164637907596E+03
 0.27164637869289E+03
 0.27164637810659E+03
 0.27164637726488E+03
 0.27164637997483E+03
 0.27164637984012E+03
 0.27164637971277E+03
 0.27164637953547E+03
 0.27164637931225E+03
 0.27164637897302E+03
 0.27164637862258E+03
 0.27164637824608E+03
 0.27164637741799E+03
 0.27164637897450E+03
 0.27164638047365E+03
 0.27164638043614E+03
 0.27164638045691E+03
 0.27164638048240E+03
 0.27164637933281E+03
 0.27164637917829E+03
 0.27164637896737E+03
 0.27164637994252E+03
 0.27164637980307E+03
 0.27164637970502E+03
 0.27164637959670E+03
 0.27164637971950E+03
 0.27164637963347E+03
 0.27164637959769E+03
 0.27164637952181E+03
 0.27164637551083E+03
 0.27164637576894E+03
 0.27164637598533E+03
 0.27164637620455E+03
 0.27164637844369E+03
 0.27164637856575E+03
 0.27164637872978E+03
 0.27164637889693E+03
 0.27164637900090E+03
 0.27164637906592E+03
 0.27164637916818E+03
 0.27164637929627E+03
 0.27164637936768E+03
 0.27164637948841E+03
 0.27164637959035E+03
 0.27164637967739E+03
 0.27164637975508E+03
 0.27164637981582E+03
 0.27164637986122E+03
 0.27164637996334E+03
 0.27164637942818E+03
 0.27164637947095E+03
 0.27164637997745E+03
 0.27164637999030E+03
 0.27164638004803E+03
 0.27164638004504E+03
 0.27164638006785E+03
 0.27164638006752E+03
 0.27164638002380E+03
 0.27164638004814E+03
 0.27164638006272E+03
 0.27164638000660E+03
 0.27164637997200E+03
 0.27164637990658E+03
 0.27164637981115E+03
 0.27164637974222E+03
 0.27164637964977E+03
 0.27164637946747E+03
 0.27164638018213E+03
 0.27164638011919E+03
 0.27164638010632E+03
 0.27164638005271E+03
 0.27164637998176E+03
 0.27164637992498E+03
 0.27164637983530E+03
 0.27164637970191E+03
 0.27164638062863E+03
 0.27164638063113E+03
 0.27164638060743E+03
 0.27164638062946E+03
 0.27164638060179E+03
 0.27164638061481E+03
 0.27164638063269E+03
 0.27164638061976E+03
 0.27164638055373E+03
 0.27164638056154E+03
 0.27164638000482E+03
 0.27164637997789E+03
 0.27164637990429E+03
 0.27164637971008E+03
 0.27164637890693E+03
 0.27164637899285E+03
 0.27164637837803E+03
 0.27164637851341E+03
 0.27164637857141E+03
 0.27164637860127E+03
 0.27164637865325E+03
 0.27164637871733E+03
 0.27164637879676E+03
 0.27164637883585E+03
 0.27164637889899E+03
 0.27164637904492E+03
 0.27164637905849E+03
 0.27164637908786E+03
 0.27164637915939E+03
 0.27164637967020E+03
 0.27164637976063E+03
 0.27164637982955E+03
 0.27164637985888E+03
 0.27164637990448E+03
 0.27164637993103E+03
 0.27164637997359E+03
 0.27164637996935E+03
 0.27164637981534E+03
 0.27164637988897E+03
 0.27164637988061E+03
 0.27164637991079E+03
 0.27164637991878E+03
 0.27164637988075E+03
 0.27164637991515E+03
 0.27164637986324E+03
 0.27164637991544E+03
 0.27164637987124E+03
 0.27164637979514E+03
 0.27164637995705E+03
 0.27164637996456E+03
 0.27164637995370E+03
 0.27164637993717E+03
 0.27164637995853E+03
 0.27164637992927E+03
 0.27164637986842E+03
 0.27164637954979E+03
 0.27164637947555E+03
 0.27164637985936E+03
 0.27164637988718E+03
 0.27164638013467E+03
 0.27164638016123E+03
 0.27164638018370E+03
 0.27164638012115E+03
 0.27164638014983E+03
 0.27164638014298E+03
 0.27164638009972E+03
 0.27164637980638E+03
 0.27164637973701E+03
 0.27164637971836E+03
 0.27164637957172E+03
 0.27164637968740E+03
 0.27164638002434E+03
 0.27164638009462E+03
 0.27164638003193E+03
 0.27164638009451E+03
 0.27164637999414E+03
 0.27164638000205E+03
 0.27164638006278E+03
 0.27164638003266E+03
 0.27164638002729E+03
 0.27164637994854E+03
 0.27164637999407E+03
 0.27164637996726E+03
 0.27164638001086E+03
 0.27164637956478E+03
 0.27164637948394E+03
 0.27164637946108E+03
 0.27164637941275E+03
 0.27164637929279E+03
 0.27164637936662E+03
 0.27164637945089E+03
 0.27164637936855E+03
 0.27164637952245E+03
 0.27164637940202E+03
 0.27164637939931E+03
 0.27164637945573E+03
 0.27164637952128E+03
 0.27164637951351E+03
 0.27164637954515E+03
 0.27164637945332E+03
 0.27164637951530E+03
 0.27164637946303E+03
 0.27164637949168E+03
 0.27164637949345E+03
 0.27164637941418E+03
 0.27164637952684E+03
 0.27164637947877E+03
 0.27164637943772E+03
 0.27164637948620E+03
 0.27164637944750E+03
 0.27164637945306E+03
 0.27164637945337E+03
 0.27164637942950E+03
 0.27164637943166E+03
 0.27164637944915E+03
 0.27164637939565E+03
 0.27164637937513E+03
 0.27164637939487E+03
 0.27164637946406E+03
 0.27164637937357E+03
 0.27164637929300E+03
 0.27164637922001E+03
 0.27164637920507E+03
 0.27164637936471E+03
 0.27164637922606E+03
 0.27164637914082E+03
 0.27164637915341E+03
