 0.84033629154576E+09
 0.84033629154576E+09
 0.84033629154576E+09
 0.84033629154576E+09
 0.84033629154576E+09
 0.84033629154578E+09
 0.84033629154573E+09
 0.84033629154577E+09
 0.84033629154576E+09
 0.84033629154576E+09
 0.84033629154576E+09
 0.84033629154576E+09
 0.84033629154576E+09
 0.84033629154576E+09
 0.84033629154576E+09
 0.84033629154576E+09
 0.84033629154576E+09
 0.84033629154576E+09
 0.84033629154576E+09
 0.84033629154576E+09
 0.84033629154576E+09
 0.84033629154576E+09
 0.84033629154576E+09
 0.84033629154576E+09
 0.84033629154576E+09
 0.84033629154576E+09
 0.84033629154576E+09
 0.84033629154576E+09
 0.84033629154576E+09
 0.84033629154576E+09
 0.84033629154576E+09
 0.84033629154576E+09
 0.84033629154576E+09
 0.84033629154576E+09
 0.84033629154576E+09
 0.84033629154576E+09
 0.84033629154576E+09
 0.84033629154576E+09
 0.84033629154576E+09
 0.84033629154576E+09
 0.84033629154576E+09
 0.84033629154576E+09
 0.84033629154576E+09
 0.84033629154576E+09
 0.84033629154576E+09
 0.84033629154576E+09
 0.84033629154576E+09
 0.84033629154576E+09
 0.84033629154576E+09
 0.84033629154576E+09
 0.84033629154576E+09
 0.84033629154576E+09
 0.84033629154576E+09
 0.84033629154576E+09
 0.84033629154576E+09
 0.84033629154576E+09
 0.84033629154576E+09
 0.84033629154576E+09
 0.84033629154576E+09
 0.84033629154576E+09
 0.84033629154576E+09
 0.84033629154576E+09
 0.84033629154576E+09
 0.84033629154576E+09
 0.84033629154576E+09
 0.84033629154576E+09
 0.84033629154576E+09
 0.84033629154576E+09
 0.84033629154576E+09
 0.84033629154576E+09
 0.84033629154576E+09
 0.84033629154576E+09
 0.84033629154576E+09
 0.84033629154576E+09
 0.84033629154576E+09
 0.84033629154576E+09
 0.84033629154576E+09
 0.84033629154576E+09
 0.84033629154576E+09
 0.84033629154576E+09
 0.84033629154576E+09
 0.84033629154576E+09
 0.84033629154576E+09
 0.84033629154576E+09
 0.84033629154576E+09
 0.84033629154576E+09
 0.84033629154576E+09
 0.84033629154576E+09
 0.84033629154576E+09
 0.84033629154576E+09
 0.84033629154576E+09
 0.84033629154576E+09
 0.84033629154576E+09
 0.84033629154576E+09
 0.84033629154576E+09
 0.84033629154576E+09
 0.84033629154576E+09
 0.84033629154576E+09
 0.84033629154576E+09
 0.84033629154576E+09
 0.84033629154576E+09
 0.84033629154576E+09
 0.84033629154576E+09
 0.84033629154576E+09
 0.84033629154576E+09
 0.84033629154576E+09
 0.84033629154576E+09
 0.84033629154576E+09
 0.84033629154576E+09
 0.84033629154576E+09
 0.84033629154576E+09
 0.84033629154576E+09
 0.84033629154576E+09
 0.84033629154576E+09
 0.84033629154576E+09
 0.84033629154576E+09
 0.84033629154576E+09
 0.84033629154576E+09
 0.84033629154576E+09
 0.84033629154576E+09
 0.84033629154576E+09
 0.84033629154576E+09
 0.84033629154576E+09
 0.84033629154576E+09
 0.84033629154576E+09
 0.84033629154576E+09
 0.84033629154576E+09
 0.84033629154576E+09
 0.84033629154576E+09
 0.84033629154576E+09
 0.84033629154576E+09
 0.84033629154576E+09
 0.84033629154576E+09
 0.84033629154576E+09
 0.84033629154576E+09
 0.84033629154576E+09
 0.84033629154576E+09
 0.84033629154576E+09
 0.84033629154576E+09
 0.84033629154576E+09
 0.84033629154576E+09
 0.84033629154576E+09
 0.84033629154576E+09
 0.84033629154576E+09
 0.84033629154576E+09
 0.84033629154576E+09
 0.84033629154576E+09
 0.84033629154576E+09
 0.84033629154576E+09
 0.84033629154576E+09
 0.84033629154576E+09
 0.84033629154576E+09
 0.84033629154576E+09
 0.84033629154576E+09
 0.84033629154576E+09
 0.84033629154576E+09
 0.84033629154576E+09
 0.84033629154576E+09
 0.84033629154576E+09
 0.84033629154576E+09
 0.84033629154576E+09
 0.84033629154576E+09
 0.84033629154576E+09
 0.84033629154576E+09
 0.84033629154576E+09
 0.84033629154576E+09
 0.84033629154576E+09
 0.84033629154576E+09
 0.84033629154576E+09
 0.84033629154576E+09
 0.84033629154576E+09
 0.84033629154576E+09
 0.84033629154576E+09
 0.84033629154576E+09
 0.84033629154576E+09
 0.84033629154576E+09
 0.84033629154576E+09
 0.84033629154576E+09
 0.84033629154576E+09
 0.84033629154576E+09
 0.84033629154576E+09
 0.84033629154576E+09
 0.84033629154576E+09
 0.84033629154576E+09
 0.84033629154576E+09
 0.84033629154576E+09
 0.84033629154576E+09
 0.84033629154576E+09
 0.84033629154576E+09
 0.84033629154576E+09
 0.84033629154576E+09
 0.84033629154576E+09
 0.84033629154576E+09
 0.84033629154576E+09
 0.84033629154576E+09
 0.84033629154576E+09
 0.84033629154576E+09
 0.84033629154576E+09
 0.84033629154576E+09
 0.84033629154576E+09
 0.84033629154576E+09
 0.84033629154576E+09
 0.84033629154576E+09
 0.84033629154576E+09
 0.84033629154576E+09
 0.84033629154576E+09
 0.84033629154576E+09
 0.84033629154576E+09
 0.84033629154576E+09
 0.84033629154576E+09
 0.84033629154576E+09
 0.84033629154576E+09
 0.84033629154576E+09
 0.84033629154576E+09
 0.84033629154576E+09
 0.84033629154576E+09
 0.84033629154576E+09
 0.84033629154576E+09
 0.84033629154576E+09
 0.84033629154576E+09
 0.84033629154577E+09
 0.84033629154577E+09
 0.84033629154577E+09
 0.84033629154577E+09
 0.84033629154578E+09
 0.84033629154579E+09
 0.84033629154579E+09
 0.84033629154579E+09
 0.84033629154581E+09
 0.84033629154581E+09
 0.84033629154581E+09
 0.84033629154581E+09
 0.84033629154585E+09
 0.84033629154586E+09
 0.84033629154587E+09
 0.84033629154587E+09
 0.84033629154587E+09
 0.84033629154587E+09
 0.84033629154594E+09
 0.84033629154596E+09
 0.84033629154597E+09
 0.84033629154597E+09
 0.84033629154597E+09
 0.84033629154597E+09
 0.84033629154597E+09
 0.84033629154597E+09
 0.84033629154610E+09
 0.84033629154613E+09
 0.84033629154614E+09
 0.84033629154615E+09
 0.84033629154615E+09
 0.84033629154615E+09
 0.84033629154615E+09
 0.84033629154615E+09
 0.84033629154615E+09
 0.84033629154615E+09
 0.84033629154636E+09
 0.84033629154640E+09
 0.84033629154643E+09
 0.84033629154645E+09
 0.84033629154646E+09
 0.84033629154647E+09
 0.84033629154647E+09
 0.84033629154647E+09
 0.84033629154647E+09
 0.84033629154646E+09
 0.84033629154646E+09
 0.84033629154646E+09
 0.84033629154646E+09
 0.84033629154678E+09
 0.84033629154684E+09
 0.84033629154688E+09
 0.84033629154691E+09
 0.84033629154693E+09
 0.84033629154694E+09
 0.84033629154695E+09
 0.84033629154696E+09
 0.84033629154696E+09
 0.84033629154696E+09
 0.84033629154696E+09
 0.84033629154696E+09
 0.84033629154696E+09
 0.84033629154695E+09
 0.84033629154695E+09
 0.84033629154694E+09
 0.84033629154694E+09
 0.84033629154693E+09
 0.84033629154693E+09
 0.84033629154692E+09
 0.84033629154692E+09
 0.84033629154703E+09
 0.84033629154704E+09
 0.84033629154704E+09
 0.84033629154705E+09
 0.84033629154705E+09
 0.84033629154706E+09
 0.84033629154706E+09
 0.84033629154706E+09
 0.84033629154707E+09
 0.84033629154706E+09
 0.84033629154706E+09
 0.84033629154706E+09
 0.84033629154705E+09
 0.84033629154705E+09
 0.84033629154704E+09
 0.84033629154703E+09
 0.84033629154703E+09
 0.84033629154702E+09
 0.84033629154701E+09
 0.84033629154700E+09
 0.84033629154699E+09
 0.84033629154703E+09
 0.84033629154704E+09
 0.84033629154704E+09
 0.84033629154704E+09
 0.84033629154703E+09
 0.84033629154703E+09
 0.84033629154702E+09
 0.84033629154701E+09
 0.84033629154700E+09
 0.84033629154699E+09
 0.84033629154698E+09
 0.84033629154698E+09
 0.84033629154694E+09
 0.84033629154696E+09
 0.84033629154695E+09
 0.84033629154695E+09
 0.84033629154691E+09
 0.84033629154691E+09
 0.84033629154691E+09
 0.84033629154690E+09
 0.84033629154690E+09
 0.84033629154689E+09
 0.84033629154691E+09
 0.84033629154691E+09
 0.84033629154690E+09
 0.84033629154690E+09
 0.84033629154689E+09
 0.84033629154688E+09
 0.84033629154687E+09
 0.84033629154686E+09
 0.84033629154685E+09
 0.84033629154684E+09
 0.84033629154682E+09
 0.84033629154681E+09
 0.84033629154679E+09
 0.84033629154678E+09
 0.84033629154677E+09
 0.84033629154676E+09
 0.84033629154676E+09
 0.84033629154674E+09
 0.84033629154673E+09
 0.84033629154672E+09
 0.84033629154672E+09
 0.84033629154671E+09
 0.84033629154669E+09
 0.84033629154668E+09
 0.84033629154668E+09
 0.84033629154666E+09
 0.84033629154665E+09
 0.84033629154663E+09
 0.84033629154655E+09
 0.84033629154662E+09
 0.84033629154660E+09
 0.84033629154659E+09
 0.84033629154658E+09
 0.84033629154645E+09
 0.84033629154643E+09
 0.84033629154641E+09
 0.84033629154640E+09
 0.84033629154640E+09
 0.84033629154638E+09
 0.84033629154635E+09
 0.84033629154639E+09
 0.84033629154637E+09
 0.84033629154636E+09
 0.84033629154635E+09
 0.84033629154638E+09
 0.84033629154637E+09
 0.84033629154636E+09
 0.84033629154635E+09
 0.84033629154634E+09
 0.84033629154632E+09
 0.84033629154631E+09
 0.84033629154629E+09
 0.84033629154621E+09
 0.84033629154620E+09
 0.84033629154618E+09
 0.84033629154611E+09
 0.84033629154610E+09
 0.84033629154607E+09
 0.84033629154612E+09
 0.84033629154619E+09
 0.84033629154617E+09
 0.84033629154615E+09
 0.84033629154614E+09
 0.84033629154612E+09
 0.84033629154610E+09
 0.84033629154608E+09
 0.84033629154606E+09
 0.84033629154604E+09
 0.84033629154602E+09
 0.84033629154600E+09
 0.84033629154598E+09
 0.84033629154596E+09
 0.84033629154595E+09
 0.84033629154595E+09
 0.84033629154597E+09
 0.84033629154597E+09
 0.84033629154597E+09
 0.84033629154592E+09
 0.84033629154592E+09
 0.84033629154588E+09
 0.84033629154589E+09
 0.84033629154592E+09
 0.84033629154592E+09
 0.84033629154590E+09
 0.84033629154590E+09
 0.84033629154590E+09
 0.84033629154590E+09
 0.84033629154590E+09
 0.84033629154590E+09
 0.84033629154586E+09
 0.84033629154587E+09
 0.84033629154587E+09
 0.84033629154584E+09
 0.84033629154583E+09
 0.84033629154583E+09
 0.84033629154584E+09
 0.84033629154585E+09
 0.84033629154586E+09
 0.84033629154586E+09
 0.84033629154586E+09
 0.84033629154582E+09
 0.84033629154586E+09
 0.84033629154586E+09
 0.84033629154586E+09
 0.84033629154586E+09
 0.84033629154583E+09
 0.84033629154583E+09
 0.84033629154583E+09
 0.84033629154583E+09
 0.84033629154583E+09
 0.84033629154583E+09
 0.84033629154583E+09
 0.84033629154583E+09
 0.84033629154583E+09
 0.84033629154577E+09
 0.84033629154577E+09
 0.84033629154577E+09
 0.84033629154578E+09
 0.84033629154579E+09
 0.84033629154579E+09
 0.84033629154579E+09
 0.84033629154579E+09
 0.84033629154579E+09
 0.84033629154579E+09
 0.84033629154579E+09
 0.84033629154580E+09
 0.84033629154580E+09
 0.84033629154579E+09
 0.84033629154579E+09
 0.84033629154579E+09
 0.84033629154578E+09
 0.84033629154578E+09
 0.84033629154578E+09
 0.84033629154577E+09
 0.84033629154578E+09
 0.84033629154578E+09
 0.84033629154578E+09
 0.84033629154571E+09
 0.84033629154573E+09
 0.84033629154575E+09
 0.84033629154576E+09
 0.84033629154573E+09
 0.84033629154574E+09
 0.84033629154574E+09
 0.84033629154574E+09
 0.84033629154574E+09
 0.84033629154575E+09
 0.84033629154574E+09
 0.84033629154574E+09
 0.84033629154574E+09
 0.84033629154573E+09
 0.84033629154573E+09
 0.84033629154571E+09
 0.84033629154568E+09
 0.84033629154567E+09
 0.84033629154566E+09
 0.84033629154563E+09
 0.84033629154563E+09
 0.84033629154564E+09
 0.84033629154565E+09
 0.84033629154566E+09
 0.84033629154566E+09
 0.84033629154566E+09
 0.84033629154566E+09
 0.84033629154564E+09
 0.84033629154565E+09
 0.84033629154565E+09
 0.84033629154566E+09
 0.84033629154566E+09
 0.84033629154566E+09
 0.84033629154565E+09
 0.84033629154565E+09
 0.84033629154566E+09
 0.84033629154565E+09
 0.84033629154565E+09
 0.84033629154565E+09
 0.84033629154565E+09
 0.84033629154564E+09
 0.84033629154561E+09
 0.84033629154560E+09
 0.84033629154562E+09
 0.84033629154563E+09
 0.84033629154564E+09
 0.84033629154564E+09
 0.84033629154564E+09
 0.84033629154565E+09
 0.84033629154565E+09
 0.84033629154565E+09
 0.84033629154564E+09
 0.84033629154564E+09
 0.84033629154563E+09
 0.84033629154563E+09
 0.84033629154564E+09
 0.84033629154564E+09
 0.84033629154563E+09
 0.84033629154564E+09
 0.84033629154565E+09
 0.84033629154564E+09
 0.84033629154565E+09
 0.84033629154562E+09
 0.84033629154563E+09
 0.84033629154564E+09
 0.84033629154564E+09
 0.84033629154564E+09
 0.84033629154565E+09
 0.84033629154565E+09
 0.84033629154565E+09
 0.84033629154565E+09
 0.84033629154565E+09
 0.84033629154563E+09
 0.84033629154563E+09
 0.84033629154562E+09
 0.84033629154562E+09
 0.84033629154563E+09
 0.84033629154562E+09
 0.84033629154561E+09
 0.84033629154561E+09
 0.84033629154562E+09
 0.84033629154561E+09
 0.84033629154563E+09
 0.84033629154563E+09
 0.84033629154565E+09
 0.84033629154565E+09
 0.84033629154565E+09
 0.84033629154566E+09
 0.84033629154566E+09
 0.84033629154566E+09
 0.84033629154566E+09
 0.84033629154565E+09
 0.84033629154564E+09
 0.84033629154564E+09
 0.84033629154563E+09
 0.84033629154561E+09
 0.84033629154559E+09
 0.84033629154560E+09
 0.84033629154562E+09
 0.84033629154563E+09
 0.84033629154560E+09
 0.84033629154562E+09
 0.84033629154563E+09
 0.84033629154562E+09
 0.84033629154564E+09
 0.84033629154562E+09
 0.84033629154562E+09
 0.84033629154568E+09
 0.84033629154568E+09
 0.84033629154567E+09
 0.84033629154567E+09
 0.84033629154567E+09
 0.84033629154567E+09
 0.84033629154565E+09
 0.84033629154563E+09
 0.84033629154562E+09
 0.84033629154563E+09
 0.84033629154564E+09
 0.84033629154565E+09
 0.84033629154566E+09
 0.84033629154568E+09
 0.84033629154569E+09
 0.84033629154569E+09
 0.84033629154570E+09
 0.84033629154569E+09
 0.84033629154569E+09
 0.84033629154570E+09
 0.84033629154570E+09
 0.84033629154571E+09
 0.84033629154572E+09
 0.84033629154572E+09
 0.84033629154572E+09
 0.84033629154572E+09
 0.84033629154572E+09
 0.84033629154573E+09
 0.84033629154573E+09
 0.84033629154569E+09
 0.84033629154568E+09
 0.84033629154570E+09
 0.84033629154569E+09
 0.84033629154572E+09
 0.84033629154572E+09
 0.84033629154573E+09
 0.84033629154573E+09
 0.84033629154574E+09
 0.84033629154575E+09
 0.84033629154575E+09
 0.84033629154575E+09
 0.84033629154575E+09
 0.84033629154576E+09
 0.84033629154575E+09
 0.84033629154575E+09
 0.84033629154575E+09
 0.84033629154575E+09
 0.84033629154576E+09
 0.84033629154575E+09
 0.84033629154574E+09
 0.84033629154574E+09
 0.84033629154575E+09
 0.84033629154574E+09
 0.84033629154575E+09
 0.84033629154575E+09
 0.84033629154577E+09
 0.84033629154577E+09
 0.84033629154577E+09
 0.84033629154577E+09
 0.84033629154578E+09
 0.84033629154578E+09
 0.84033629154578E+09
 0.84033629154578E+09
 0.84033629154578E+09
 0.84033629154578E+09
 0.84033629154579E+09
 0.84033629154577E+09
 0.84033629154577E+09
 0.84033629154577E+09
 0.84033629154576E+09
 0.84033629154576E+09
 0.84033629154575E+09
 0.84033629154578E+09
 0.84033629154577E+09
 0.84033629154577E+09
 0.84033629154576E+09
 0.84033629154576E+09
 0.84033629154577E+09
 0.84033629154579E+09
 0.84033629154581E+09
 0.84033629154582E+09
 0.84033629154581E+09
 0.84033629154582E+09
 0.84033629154583E+09
 0.84033629154584E+09
 0.84033629154582E+09
 0.84033629154582E+09
 0.84033629154582E+09
 0.84033629154582E+09
 0.84033629154581E+09
 0.84033629154581E+09
 0.84033629154580E+09
 0.84033629154580E+09
 0.84033629154580E+09
 0.84033629154579E+09
 0.84033629154579E+09
 0.84033629154579E+09
 0.84033629154580E+09
 0.84033629154579E+09
 0.84033629154579E+09
 0.84033629154579E+09
 0.84033629154579E+09
 0.84033629154579E+09
 0.84033629154579E+09
 0.84033629154582E+09
 0.84033629154582E+09
 0.84033629154583E+09
 0.84033629154582E+09
 0.84033629154582E+09
 0.84033629154582E+09
 0.84033629154582E+09
 0.84033629154581E+09
 0.84033629154580E+09
 0.84033629154580E+09
 0.84033629154579E+09
 0.84033629154578E+09
 0.84033629154578E+09
 0.84033629154578E+09
 0.84033629154578E+09
 0.84033629154578E+09
 0.84033629154578E+09
 0.84033629154578E+09
 0.84033629154578E+09
 0.84033629154584E+09
 0.84033629154578E+09
 0.84033629154578E+09
 0.84033629154578E+09
 0.84033629154580E+09
 0.84033629154583E+09
 0.84033629154583E+09
 0.84033629154581E+09
 0.84033629154581E+09
 0.84033629154580E+09
 0.84033629154580E+09
 0.84033629154578E+09
 0.84033629154579E+09
 0.84033629154578E+09
 0.84033629154578E+09
 0.84033629154578E+09
 0.84033629154578E+09
 0.84033629154584E+09
 0.84033629154582E+09
 0.84033629154580E+09
 0.84033629154579E+09
 0.84033629154578E+09
 0.84033629154582E+09
 0.84033629154580E+09
 0.84033629154582E+09
 0.84033629154578E+09
 0.84033629154577E+09
 0.84033629154581E+09
 0.84033629154582E+09
 0.84033629154580E+09
 0.84033629154580E+09
 0.84033629154579E+09
 0.84033629154579E+09
 0.84033629154579E+09
 0.84033629154577E+09
 0.84033629154577E+09
 0.84033629154577E+09
 0.84033629154577E+09
 0.84033629154577E+09
 0.84033629154583E+09
 0.84033629154581E+09
 0.84033629154580E+09
 0.84033629154577E+09
 0.84033629154583E+09
 0.84033629154581E+09
 0.84033629154577E+09
 0.84033629154576E+09
 0.84033629154576E+09
 0.84033629154581E+09
 0.84033629154581E+09
 0.84033629154581E+09
 0.84033629154579E+09
 0.84033629154579E+09
 0.84033629154579E+09
 0.84033629154579E+09
 0.84033629154577E+09
 0.84033629154577E+09
 0.84033629154577E+09
 0.84033629154578E+09
 0.84033629154576E+09
 0.84033629154576E+09
 0.84033629154576E+09
 0.84033629154576E+09
 0.84033629154576E+09
 0.84033629154576E+09
 0.84033629154576E+09
 0.84033629154576E+09
 0.84033629154578E+09
 0.84033629154580E+09
 0.84033629154580E+09
 0.84033629154580E+09
 0.84033629154580E+09
 0.84033629154580E+09
 0.84033629154579E+09
 0.84033629154579E+09
 0.84033629154579E+09
 0.84033629154580E+09
 0.84033629154578E+09
 0.84033629154579E+09
 0.84033629154578E+09
 0.84033629154577E+09
 0.84033629154577E+09
 0.84033629154576E+09
 0.84033629154576E+09
 0.84033629154576E+09
 0.84033629154576E+09
 0.84033629154577E+09
 0.84033629154577E+09
 0.84033629154578E+09
 0.84033629154578E+09
 0.84033629154578E+09
 0.84033629154578E+09
 0.84033629154579E+09
 0.84033629154579E+09
 0.84033629154579E+09
 0.84033629154579E+09
 0.84033629154578E+09
 0.84033629154577E+09
 0.84033629154577E+09
 0.84033629154577E+09
 0.84033629154576E+09
 0.84033629154576E+09
 0.84033629154574E+09
 0.84033629154574E+09
 0.84033629154574E+09
 0.84033629154575E+09
 0.84033629154574E+09
 0.84033629154573E+09
 0.84033629154573E+09
 0.84033629154573E+09
 0.84033629154573E+09
 0.84033629154573E+09
 0.84033629154573E+09
 0.84033629154573E+09
 0.84033629154573E+09
 0.84033629154573E+09
 0.84033629154576E+09
 0.84033629154578E+09
 0.84033629154577E+09
 0.84033629154577E+09
 0.84033629154577E+09
 0.84033629154576E+09
 0.84033629154576E+09
 0.84033629154575E+09
 0.84033629154573E+09
 0.84033629154573E+09
 0.84033629154572E+09
 0.84033629154572E+09
 0.84033629154572E+09
 0.84033629154572E+09
 0.84033629154572E+09
 0.84033629154576E+09
 0.84033629154574E+09
 0.84033629154574E+09
 0.84033629154575E+09
 0.84033629154575E+09
 0.84033629154576E+09
 0.84033629154576E+09
 0.84033629154576E+09
 0.84033629154576E+09
 0.84033629154576E+09
 0.84033629154576E+09
 0.84033629154576E+09
 0.84033629154576E+09
 0.84033629154576E+09
 0.84033629154575E+09
 0.84033629154576E+09
 0.84033629154575E+09
 0.84033629154576E+09
 0.84033629154576E+09
 0.84033629154576E+09
 0.84033629154575E+09
 0.84033629154574E+09
 0.84033629154574E+09
 0.84033629154575E+09
 0.84033629154575E+09
 0.84033629154575E+09
 0.84033629154576E+09
 0.84033629154575E+09
 0.84033629154575E+09
 0.84033629154575E+09
 0.84033629154575E+09
 0.84033629154574E+09
 0.84033629154573E+09
 0.84033629154572E+09
 0.84033629154571E+09
 0.84033629154571E+09
 0.84033629154570E+09
 0.84033629154570E+09
 0.84033629154570E+09
 0.84033629154570E+09
 0.84033629154570E+09
 0.84033629154575E+09
 0.84033629154573E+09
 0.84033629154571E+09
 0.84033629154572E+09
 0.84033629154573E+09
 0.84033629154573E+09
 0.84033629154573E+09
 0.84033629154573E+09
 0.84033629154573E+09
 0.84033629154573E+09
 0.84033629154573E+09
 0.84033629154573E+09
 0.84033629154573E+09
 0.84033629154573E+09
 0.84033629154569E+09
 0.84033629154569E+09
 0.84033629154573E+09
 0.84033629154573E+09
 0.84033629154573E+09
 0.84033629154570E+09
 0.84033629154572E+09
 0.84033629154572E+09
 0.84033629154572E+09
 0.84033629154572E+09
 0.84033629154573E+09
 0.84033629154572E+09
 0.84033629154572E+09
 0.84033629154571E+09
 0.84033629154570E+09
 0.84033629154569E+09
 0.84033629154568E+09
 0.84033629154568E+09
 0.84033629154567E+09
 0.84033629154567E+09
 0.84033629154567E+09
 0.84033629154572E+09
 0.84033629154570E+09
 0.84033629154569E+09
 0.84033629154570E+09
 0.84033629154571E+09
 0.84033629154571E+09
 0.84033629154571E+09
 0.84033629154570E+09
 0.84033629154570E+09
 0.84033629154570E+09
 0.84033629154569E+09
 0.84033629154569E+09
 0.84033629154568E+09
 0.84033629154567E+09
 0.84033629154567E+09
 0.84033629154567E+09
 0.84033629154566E+09
 0.84033629154566E+09
 0.84033629154566E+09
 0.84033629154566E+09
 0.84033629154567E+09
 0.84033629154567E+09
 0.84033629154567E+09
 0.84033629154566E+09
 0.84033629154566E+09
 0.84033629154566E+09
 0.84033629154566E+09
 0.84033629154567E+09
 0.84033629154567E+09
 0.84033629154567E+09
 0.84033629154566E+09
 0.84033629154565E+09
 0.84033629154565E+09
 0.84033629154561E+09
 0.84033629154561E+09
 0.84033629154560E+09
 0.84033629154560E+09
 0.84033629154559E+09
 0.84033629154559E+09
 0.84033629154559E+09
 0.84033629154560E+09
 0.84033629154561E+09
 0.84033629154562E+09
 0.84033629154562E+09
 0.84033629154562E+09
 0.84033629154562E+09
 0.84033629154562E+09
 0.84033629154561E+09
 0.84033629154561E+09
 0.84033629154560E+09
 0.84033629154560E+09
 0.84033629154559E+09
 0.84033629154559E+09
 0.84033629154558E+09
 0.84033629154557E+09
 0.84033629154557E+09
 0.84033629154557E+09
 0.84033629154556E+09
 0.84033629154556E+09
 0.84033629154556E+09
 0.84033629154550E+09
 0.84033629154549E+09
 0.84033629154548E+09
 0.84033629154548E+09
 0.84033629154548E+09
 0.84033629154551E+09
 0.84033629154548E+09
 0.84033629154549E+09
 0.84033629154549E+09
 0.84033629154550E+09
 0.84033629154549E+09
 0.84033629154550E+09
 0.84033629154549E+09
 0.84033629154548E+09
 0.84033629154548E+09
 0.84033629154548E+09
 0.84033629154548E+09
 0.84033629154548E+09
 0.84033629154548E+09
 0.84033629154547E+09
 0.84033629154547E+09
 0.84033629154547E+09
 0.84033629154547E+09
 0.84033629154546E+09
 0.84033629154546E+09
 0.84033629154545E+09
 0.84033629154544E+09
 0.84033629154543E+09
 0.84033629154542E+09
 0.84033629154541E+09
 0.84033629154540E+09
 0.84033629154539E+09
 0.84033629154538E+09
 0.84033629154538E+09
 0.84033629154537E+09
 0.84033629154538E+09
 0.84033629154537E+09
 0.84033629154536E+09
 0.84033629154534E+09
 0.84033629154534E+09
 0.84033629154533E+09
 0.84033629154532E+09
 0.84033629154531E+09
 0.84033629154529E+09
 0.84033629154527E+09
 0.84033629154526E+09
 0.84033629154525E+09
 0.84033629154523E+09
 0.84033629154522E+09
 0.84033629154521E+09
 0.84033629154520E+09
 0.84033629154523E+09
 0.84033629154520E+09
 0.84033629154519E+09
 0.84033629154520E+09
 0.84033629154518E+09
 0.84033629154518E+09
 0.84033629154518E+09
 0.84033629154517E+09
 0.84033629154516E+09
 0.84033629154515E+09
 0.84033629154515E+09
 0.84033629154513E+09
 0.84033629154513E+09
 0.84033629154512E+09
 0.84033629154511E+09
 0.84033629154510E+09
 0.84033629154509E+09
 0.84033629154508E+09
 0.84033629154507E+09
 0.84033629154508E+09
 0.84033629154507E+09
 0.84033629154505E+09
 0.84033629154505E+09
 0.84033629154504E+09
 0.84033629154504E+09
 0.84033629154504E+09
 0.84033629154503E+09
 0.84033629154503E+09
 0.84033629154503E+09
 0.84033629154502E+09
 0.84033629154502E+09
 0.84033629154501E+09
 0.84033629154501E+09
 0.84033629154501E+09
 0.84033629154501E+09
 0.84033629154504E+09
 0.84033629154502E+09
 0.84033629154502E+09
 0.84033629154501E+09
 0.84033629154501E+09
 0.84033629154501E+09
 0.84033629154502E+09
 0.84033629154503E+09
 0.84033629154498E+09
 0.84033629154498E+09
 0.84033629154497E+09
 0.84033629154497E+09
 0.84033629154497E+09
 0.84033629154496E+09
 0.84033629154496E+09
 0.84033629154496E+09
 0.84033629154496E+09
 0.84033629154496E+09
 0.84033629154496E+09
 0.84033629154495E+09
 0.84033629154495E+09
 0.84033629154495E+09
 0.84033629154495E+09
 0.84033629154500E+09
 0.84033629154498E+09
 0.84033629154498E+09
 0.84033629154495E+09
 0.84033629154497E+09
 0.84033629154498E+09
 0.84033629138689E+09
 0.84033629138688E+09
 0.84033629138689E+09
 0.84033629138689E+09
 0.84033629138688E+09
 0.84033629138688E+09
 0.84033629138688E+09
 0.84033629138688E+09
 0.84033629138679E+09
 0.84033629138678E+09
 0.84033629138676E+09
 0.84033629138676E+09
 0.84033629138675E+09
 0.84033629138674E+09
 0.84033629138673E+09
 0.84033629138673E+09
 0.84033629138672E+09
 0.84033629138670E+09
 0.84033629138670E+09
 0.84033629138670E+09
 0.84033629138671E+09
 0.84033629138672E+09
 0.84033629138670E+09
 0.84033629138670E+09
 0.84033629138669E+09
 0.84033629138668E+09
 0.84033629138669E+09
 0.84033629138674E+09
 0.84033629138671E+09
 0.84033629138668E+09
 0.84033629138668E+09
 0.84033629138669E+09
 0.84033629138670E+09
 0.84033629138671E+09
 0.84033629138671E+09
 0.84033629138670E+09
 0.84033629138671E+09
 0.84033629138670E+09
 0.84033629138669E+09
 0.84033629138669E+09
 0.84033629138670E+09
 0.84033629138669E+09
 0.84033629138669E+09
 0.84033629138669E+09
 0.84033629138669E+09
 0.84033629138669E+09
 0.84033629138668E+09
 0.84033629138667E+09
 0.84033629138666E+09
 0.84033629138666E+09
 0.84033629138666E+09
 0.84033629138666E+09
 0.84033629138669E+09
 0.84033629138663E+09
 0.84033629138662E+09
 0.84033629138664E+09
 0.84033629138667E+09
 0.84033629138666E+09
 0.84033629138665E+09
 0.84033629138667E+09
 0.84033629138666E+09
 0.84033629138667E+09
 0.84033629138667E+09
 0.84033629138666E+09
 0.84033629138667E+09
 0.84033629138667E+09
 0.84033629138666E+09
 0.84033629138667E+09
 0.84033629138666E+09
 0.84033629138667E+09
 0.84033629138666E+09
 0.84033629138666E+09
 0.84033629138665E+09
 0.84033629138665E+09
 0.84033629138665E+09
 0.84033629138664E+09
 0.84033629138665E+09
 0.84033629138664E+09
 0.84033629138666E+09
 0.84033629138661E+09
 0.84033629138665E+09
 0.84033629138662E+09
 0.84033629138663E+09
 0.84033629138664E+09
 0.84033629138663E+09
 0.84033629138664E+09
 0.84033629138663E+09
 0.84033629138661E+09
 0.84033629138664E+09
 0.84033629138662E+09
 0.84033629138666E+09
 0.84033629138662E+09
 0.84033629138663E+09
 0.84033629138663E+09
 0.84033629138664E+09
 0.84033629138668E+09
 0.84033629138668E+09
 0.84033629138665E+09
 0.84033629138668E+09
 0.84033629138668E+09
 0.84033629138666E+09
 0.84033629138667E+09
 0.84033629138666E+09
 0.84033629138666E+09
 0.84033629138668E+09
 0.84033629138667E+09
 0.84033629138667E+09
 0.84033629138666E+09
 0.84033629138665E+09
 0.84033629138665E+09
 0.84033629138668E+09
 0.84033629138670E+09
 0.84033629138662E+09
 0.84033629138663E+09
 0.84033629138665E+09
 0.84033629138665E+09
 0.84033629138665E+09
 0.84033629138664E+09
 0.84033629138663E+09
 0.84033629138663E+09
 0.84033629138663E+09
 0.84033629138664E+09
 0.84033629138665E+09
 0.84033629138671E+09
 0.84033629138670E+09
 0.84033629138666E+09
 0.84033629138665E+09
 0.84033629138670E+09
 0.84033629138669E+09
 0.84033629138669E+09
 0.84033629138670E+09
 0.84033629138668E+09
 0.84033629138670E+09
 0.84033629138673E+09
 0.84033629138671E+09
 0.84033629138675E+09
 0.84033629138679E+09
 0.84033629138679E+09
 0.84033629138674E+09
 0.84033629138677E+09
 0.84033629138674E+09
 0.84033629138678E+09
 0.84033629138678E+09
 0.84033629138676E+09
 0.84033629138675E+09
 0.84033629138674E+09
 0.84033629138680E+09
 0.84033629138676E+09
 0.84033629138678E+09
 0.84033629138677E+09
 0.84033629138676E+09
 0.84033629138677E+09
 0.84033629138677E+09
 0.84033629138677E+09
 0.84033629138678E+09
 0.84033629138679E+09
 0.84033629138678E+09
 0.84033629138681E+09
 0.84033629138679E+09
 0.84033629138679E+09
 0.84033629138678E+09
 0.84033629138681E+09
 0.84033629138678E+09
 0.84033629138682E+09
 0.84033629138679E+09
 0.84033629138680E+09
 0.84033629138681E+09
 0.84033629138684E+09
 0.84033629138681E+09
 0.84033629138684E+09
 0.84033629138684E+09
 0.84033629138685E+09
 0.84033629138687E+09
 0.84033629138689E+09
 0.84033629138691E+09
 0.84033629138689E+09
 0.84033629138687E+09
 0.84033629138690E+09
 0.84033629138686E+09
 0.84033629138684E+09
 0.84033629138691E+09
 0.84033629138688E+09
 0.84033629138688E+09
 0.84033629138685E+09
 0.84033629138688E+09
 0.84033629138690E+09
 0.84033629138687E+09
 0.84033629138689E+09
 0.84033629138692E+09
 0.84033629138688E+09
 0.84033629138691E+09
 0.84033629138691E+09
 0.84033629138694E+09
 0.84033629138701E+09
 0.84033629138693E+09
 0.84033629138702E+09
 0.84033629138705E+09
 0.84033629138699E+09
 0.84033629138700E+09
 0.84033629138694E+09
 0.84033629138706E+09
 0.84033629138706E+09
 0.84033629138705E+09
 0.84033629138699E+09
 0.84033629138708E+09
 0.84033629138706E+09
 0.84033629138702E+09
 0.84033629138701E+09
 0.84033629138696E+09
 0.84033629138699E+09
 0.84033629138706E+09
 0.84033629138705E+09
 0.84033629138705E+09
 0.84033629138709E+09
 0.84033629138707E+09
 0.84033629138705E+09
 0.84033629138715E+09
 0.84033629138710E+09
 0.84033629138715E+09
 0.84033629138712E+09
 0.84033629138709E+09
 0.84033629138710E+09
 0.84033629138718E+09
 0.84033629138721E+09
 0.84033629138715E+09
 0.84033629138717E+09
 0.84033629138731E+09
 0.84033629138720E+09
 0.84033629138710E+09
 0.84033629138711E+09
 0.84033629138719E+09
 0.84033629138717E+09
 0.84033629138723E+09
 0.84033629138718E+09
 0.84033629138713E+09
 0.84033629138707E+09
 0.84033629138716E+09
 0.84033629138711E+09
 0.84033629138708E+09
 0.84033629138716E+09
 0.84033629138710E+09
 0.84033629138711E+09
 0.84033629138721E+09
 0.84033629138715E+09
 0.84033629138711E+09
 0.84033629138712E+09
 0.84033629138719E+09
 0.84033629138717E+09
 0.84033629138725E+09
 0.84033629138730E+09
 0.84033629138733E+09
 0.84033629138713E+09
 0.84033629138723E+09
 0.84033629138727E+09
 0.84033629138735E+09
 0.84033629138724E+09
 0.84033629138727E+09
 0.84033629138746E+09
 0.84033629138751E+09
 0.84033629138731E+09
 0.84033629138725E+09
 0.84033629138742E+09
 0.84033629138731E+09
 0.84033629138751E+09
 0.84033629138737E+09
 0.84033629138724E+09
 0.84033629138725E+09
 0.84033629138745E+09
 0.84033629138734E+09
 0.84033629138745E+09
 0.84033629138737E+09
 0.84033629138744E+09
 0.84033629138742E+09
 0.84033629138736E+09
 0.84033629138743E+09
 0.84033629138742E+09
 0.84033629138764E+09
 0.84033629138753E+09
 0.84033629138742E+09
 0.84033629138758E+09
 0.84033629138740E+09
 0.84033629138752E+09
 0.84033629138743E+09
 0.84033629138745E+09
 0.84033629138739E+09
 0.84033629138741E+09
 0.84033629138734E+09
 0.84033629138751E+09
 0.84033629138752E+09
 0.84033629138738E+09
 0.84033629138740E+09
 0.84033629138756E+09
 0.84033629138744E+09
 0.84033629138740E+09
 0.84033629138755E+09
 0.84033629138750E+09
 0.84033629138746E+09
 0.84033629138752E+09
 0.84033629138756E+09
 0.84033629138748E+09
 0.84033629138770E+09
 0.84033629138754E+09
 0.84033629138788E+09
 0.84033629138756E+09
 0.84033629138783E+09
 0.84033629138783E+09
 0.84033629138764E+09
 0.84033629138777E+09
 0.84033629138773E+09
 0.84033629138788E+09
 0.84033629138775E+09
 0.84033629138739E+09
 0.84033629138740E+09
 0.84033629138771E+09
 0.84033629138751E+09
 0.84033629138755E+09
 0.84033629138761E+09
 0.84033629138752E+09
 0.84033629138761E+09
 0.84033629138778E+09
 0.84033629138770E+09
 0.84033629138736E+09
 0.84033629138777E+09
 0.84033629138775E+09
 0.84033629138776E+09
 0.84033629138784E+09
 0.84033629138761E+09
 0.84033629138775E+09
 0.84033629138755E+09
 0.84033629138782E+09
 0.84033629138775E+09
 0.84033629138774E+09
 0.84033629138757E+09
 0.84033629138760E+09
 0.84033629138760E+09
 0.84033629138753E+09
 0.84033629138774E+09
 0.84033629138788E+09
 0.84033629138776E+09
 0.84033629138776E+09
 0.84033629138766E+09
 0.84033629138785E+09
 0.84033629138805E+09
 0.84033629138773E+09
 0.84033629138781E+09
 0.84033629138774E+09
 0.84033629138790E+09
 0.84033629138787E+09
 0.84033629138797E+09
 0.84033629138765E+09
 0.84033629138782E+09
 0.84033629138772E+09
 0.84033629138786E+09
 0.84033629138814E+09
 0.84033629138790E+09
 0.84033629138779E+09
 0.84033629138757E+09
 0.84033629138801E+09
 0.84033629138794E+09
 0.84033629138791E+09
 0.84033629138789E+09
 0.84033629138834E+09
 0.84033629138804E+09
 0.84033629138817E+09
 0.84033629138781E+09
 0.84033629138804E+09
 0.84033629138816E+09
 0.84033629138796E+09
 0.84033629138837E+09
 0.84033629138814E+09
 0.84033629138840E+09
 0.84033629138834E+09
 0.84033629138820E+09
 0.84033629138824E+09
 0.84033629138815E+09
 0.84033629138852E+09
 0.84033629138881E+09
 0.84033629138878E+09
 0.84033629138856E+09
 0.84033629138861E+09
 0.84033629138836E+09
 0.84033629138859E+09
 0.84033629138856E+09
 0.84033629138806E+09
 0.84033629138854E+09
 0.84033629138841E+09
 0.84033629138822E+09
 0.84033629138819E+09
 0.84033629138846E+09
 0.84033629138841E+09
 0.84033629138820E+09
 0.84033629138835E+09
 0.84033629138830E+09
 0.84033629138836E+09
 0.84033629138826E+09
 0.84033629138862E+09
 0.84033629138829E+09
 0.84033629138844E+09
 0.84033629138842E+09
 0.84033629138830E+09
 0.84033629138816E+09
 0.84033629138811E+09
 0.84033629138830E+09
 0.84033629138838E+09
 0.84033629138837E+09
 0.84033629138813E+09
 0.84033629138812E+09
 0.84033629138830E+09
 0.84033629138818E+09
 0.84033629138830E+09
 0.84033629138806E+09
 0.84033629138798E+09
 0.84033629138804E+09
 0.84033629138843E+09
 0.84033629138798E+09
 0.84033629138820E+09
 0.84033629138822E+09
 0.84033629138771E+09
 0.84033629138740E+09
 0.84033629138790E+09
 0.84033629138845E+09
 0.84033629138870E+09
 0.84033629138862E+09
 0.84033629138822E+09
 0.84033629138751E+09
 0.84033629138808E+09
 0.84033629138816E+09
 0.84033629138790E+09
 0.84033629138821E+09
 0.84033629138752E+09
 0.84033629138807E+09
 0.84033629138836E+09
 0.84033629138808E+09
 0.84033629138740E+09
 0.84033629138799E+09
 0.84033629138781E+09
 0.84033629138786E+09
 0.84033629138793E+09
 0.84033629138837E+09
 0.84033629138803E+09
 0.84033629138874E+09
 0.84033629138844E+09
 0.84033629138845E+09
 0.84033629138807E+09
 0.84033629138786E+09
 0.84033629138802E+09
 0.84033629138850E+09
 0.84033629138829E+09
 0.84033629138829E+09
 0.84033629138840E+09
 0.84033629138837E+09
 0.84033629138812E+09
 0.84033629138859E+09
 0.84033629138877E+09
 0.84033629138840E+09
 0.84033629138870E+09
 0.84033629138751E+09
 0.84033629138788E+09
 0.84033629138871E+09
 0.84033629138853E+09
 0.84033629138913E+09
 0.84033629138923E+09
 0.84033629138872E+09
 0.84033629138876E+09
 0.84033629138717E+09
 0.84033629138894E+09
 0.84033629138862E+09
 0.84033629138843E+09
 0.84033629138787E+09
 0.84033629138840E+09
 0.84033629138839E+09
 0.84033629138862E+09
 0.84033629138871E+09
 0.84033629138837E+09
 0.84033629138871E+09
 0.84033629138856E+09
 0.84033629138844E+09
 0.84033629138876E+09
 0.84033629138879E+09
 0.84033629138881E+09
 0.84033629138784E+09
 0.84033629138829E+09
 0.84033629138815E+09
 0.84033629138890E+09
 0.84033629138810E+09
 0.84033629138896E+09
 0.84033629138885E+09
 0.84033629138888E+09
 0.84033629138855E+09
 0.84033629138838E+09
 0.84033629138887E+09
 0.84033629138813E+09
 0.84033629138860E+09
 0.84033629138949E+09
 0.84033629138835E+09
 0.84033629138843E+09
 0.84033629138798E+09
 0.84033629138910E+09
 0.84033629138858E+09
 0.84033629138925E+09
 0.84033629138951E+09
 0.84033629138833E+09
 0.84033629138927E+09
 0.84033629138935E+09
 0.84033629138852E+09
 0.84033629138811E+09
 0.84033629138952E+09
 0.84033629138944E+09
 0.84033629138878E+09
 0.84033629138924E+09
 0.84033629138871E+09
 0.84033628405424E+09
 0.84033628405305E+09
 0.84033628405343E+09
 0.84033628405750E+09
 0.84033628405725E+09
 0.84033628405621E+09
 0.84033628405624E+09
 0.84033628405576E+09
 0.84033628405622E+09
 0.84033628405685E+09
 0.84033628405530E+09
 0.84033628405670E+09
 0.84033628405450E+09
 0.84033628405497E+09
 0.84033628405500E+09
 0.84033628405501E+09
 0.84033628405671E+09
 0.84033628405678E+09
 0.84033628405538E+09
 0.84033628405636E+09
 0.84033628405440E+09
 0.84033628405494E+09
 0.84033628405606E+09
 0.84033628405612E+09
 0.84033628405626E+09
 0.84033628405571E+09
 0.84033628405514E+09
 0.84033628405501E+09
 0.84033628405537E+09
 0.84033628405648E+09
 0.84033628405486E+09
 0.84033628405773E+09
 0.84033628405590E+09
 0.84033628405519E+09
 0.84033628405577E+09
 0.84033628405587E+09
 0.84033628405596E+09
 0.84033628405518E+09
 0.84033628405523E+09
 0.84033628405540E+09
 0.84033628405453E+09
 0.84033628405538E+09
 0.84033628405578E+09
 0.84033628405509E+09
 0.84033628405392E+09
 0.84033628405630E+09
 0.84033628405646E+09
 0.84033628405593E+09
 0.84033628405438E+09
 0.84033628405644E+09
 0.84033628405582E+09
 0.84033628405481E+09
 0.84033628405555E+09
 0.84033628405647E+09
 0.84033628405629E+09
 0.84033628405619E+09
 0.84033628405370E+09
 0.84033628405404E+09
 0.84033628405315E+09
 0.84033628405315E+09
 0.84033628405444E+09
 0.84033628405514E+09
 0.84033628405331E+09
 0.84033628405654E+09
 0.84033628405466E+09
 0.84033628405285E+09
 0.84033628405344E+09
 0.84033628405435E+09
 0.84033628405484E+09
 0.84033628405324E+09
 0.84033628405424E+09
 0.84033628405352E+09
 0.84033628405344E+09
 0.84033628405669E+09
 0.84033628405329E+09
 0.84033628405315E+09
 0.84033628405595E+09
 0.84033628405578E+09
 0.84033628405187E+09
 0.84033628405465E+09
 0.84033628405245E+09
 0.84033628405515E+09
 0.84033628405442E+09
 0.84033628405594E+09
 0.84033628405097E+09
 0.84033628405501E+09
 0.84033628405053E+09
 0.84033628405183E+09
 0.84033628405394E+09
 0.84033628405437E+09
 0.84033628405364E+09
 0.84033628405675E+09
 0.84033628405134E+09
 0.84033628405256E+09
 0.84033628405175E+09
 0.84033628405569E+09
 0.84033628405294E+09
 0.84033628405454E+09
 0.84033628405369E+09
 0.84033628405111E+09
 0.84033628405335E+09
 0.84033628405453E+09
 0.84033628405421E+09
 0.84033628405508E+09
 0.84033628405438E+09
 0.84033628405419E+09
 0.84033628405256E+09
 0.84033628405425E+09
 0.84033628405360E+09
 0.84033628405283E+09
 0.84033628405611E+09
 0.84033628405441E+09
 0.84033628405356E+09
 0.84033628405094E+09
 0.84033628404967E+09
 0.84033628405967E+09
 0.84033628405241E+09
 0.84033628405345E+09
 0.84033628405909E+09
 0.84033628405645E+09
 0.84033628405669E+09
 0.84033628405865E+09
 0.84033628404740E+09
 0.84033628405529E+09
 0.84033628405342E+09
 0.84033628405504E+09
 0.84033628405065E+09
 0.84033628405300E+09
 0.84033628405547E+09
 0.84033628405097E+09
 0.84033628405191E+09
 0.84033628405207E+09
 0.84033628405128E+09
 0.84033628405156E+09
 0.84033628404984E+09
 0.84033628405245E+09
 0.84033628405376E+09
 0.84033628404909E+09
 0.84033628405530E+09
 0.84033628405103E+09
 0.84033628405506E+09
 0.84033628405061E+09
 0.84033628405276E+09
 0.84033628405241E+09
 0.84033628405694E+09
 0.84033628405245E+09
 0.84033628405351E+09
 0.84033628405483E+09
 0.84033628405799E+09
 0.84033628405330E+09
 0.84033628405491E+09
 0.84033628405105E+09
 0.84033628405426E+09
 0.84033628405336E+09
 0.84033628405437E+09
 0.84033628405355E+09
 0.84033628405142E+09
 0.84033628405343E+09
 0.84033628405011E+09
 0.84033628405228E+09
 0.84033628405204E+09
 0.84033628405140E+09
 0.84033628405313E+09
 0.84033628405198E+09
 0.84033628405409E+09
 0.84033628405510E+09
 0.84033628405094E+09
 0.84033628405990E+09
 0.84033628405567E+09
 0.84033628404886E+09
 0.84033628405249E+09
 0.84033628405858E+09
 0.84033628405481E+09
 0.84033628405530E+09
 0.84033628405368E+09
 0.84033628406681E+09
 0.84033628405226E+09
 0.84033628406143E+09
 0.84033628405669E+09
 0.84033628405796E+09
 0.84033628405398E+09
 0.84033628405606E+09
 0.84033628405187E+09
 0.84033628405638E+09
 0.84033628404891E+09
 0.84033628405646E+09
 0.84033628405783E+09
 0.84033628405346E+09
 0.84033628405530E+09
 0.84033628405725E+09
 0.84033628405553E+09
 0.84033628405765E+09
 0.84033628406309E+09
 0.84033628406121E+09
 0.84033628405753E+09
 0.84033628405009E+09
 0.84033628405839E+09
 0.84033628405535E+09
 0.84033628406132E+09
 0.84033628405277E+09
 0.84033628405930E+09
 0.84033628405292E+09
 0.84033628405564E+09
 0.84033628406221E+09
 0.84033628405785E+09
 0.84033628405535E+09
 0.84033628406005E+09
 0.84033628405989E+09
 0.84033628405468E+09
 0.84033628405825E+09
 0.84033628405674E+09
 0.84033628405268E+09
 0.84033628405973E+09
 0.84033628405258E+09
 0.84033628405556E+09
 0.84033628406270E+09
 0.84033628405551E+09
 0.84033628405605E+09
 0.84033628406220E+09
 0.84033628405334E+09
 0.84033628405792E+09
 0.84033628406059E+09
 0.84033628405803E+09
 0.84033628405674E+09
 0.84033628406575E+09
 0.84033628406362E+09
 0.84033628406917E+09
 0.84033628404995E+09
 0.84033628406297E+09
 0.84033628406715E+09
 0.84033628406298E+09
 0.84033628406442E+09
 0.84033628406179E+09
 0.84033628406034E+09
 0.84033628405786E+09
 0.84033628407069E+09
 0.84033628406753E+09
 0.84033628406586E+09
 0.84033628406116E+09
 0.84033628406324E+09
 0.84033628406140E+09
 0.84033628406731E+09
 0.84033628406800E+09
 0.84033628406954E+09
 0.84033628405387E+09
 0.84033628405642E+09
 0.84033628405437E+09
 0.84033628407162E+09
 0.84033628405628E+09
 0.84033628405970E+09
 0.84033628406123E+09
 0.84033628406359E+09
 0.84033628405793E+09
 0.84033628406850E+09
 0.84033628405574E+09
 0.84033628405781E+09
 0.84033628406943E+09
 0.84033628406777E+09
 0.84033628406700E+09
 0.84033628406603E+09
 0.84033628405518E+09
 0.84033628406257E+09
 0.84033628406743E+09
 0.84033628406432E+09
 0.84033628405548E+09
 0.84033628406668E+09
 0.84033628406912E+09
 0.84033628406317E+09
 0.84033628405756E+09
 0.84033628406401E+09
 0.84033628406151E+09
 0.84033628406059E+09
 0.84033628405511E+09
 0.84033628406725E+09
 0.84033628406388E+09
 0.84033628405560E+09
 0.84033628405655E+09
 0.84033628405889E+09
 0.84033628405732E+09
 0.84033628406608E+09
 0.84033628406654E+09
 0.84033628404815E+09
 0.84033628403194E+09
 0.84033628404800E+09
 0.84033628403875E+09
 0.84033628403026E+09
 0.84033628402980E+09
 0.84033628404101E+09
 0.84033628404555E+09
 0.84033628402940E+09
 0.84033628405770E+09
 0.84033628403983E+09
 0.84033628404810E+09
 0.84033628403027E+09
 0.84033628403610E+09
 0.84033628404094E+09
 0.84033628404633E+09
 0.84033628405941E+09
 0.84033628404549E+09
 0.84033628403476E+09
 0.84033628403965E+09
 0.84033628403732E+09
 0.84033628404338E+09
 0.84033628404269E+09
 0.84033628404539E+09
 0.84033628403684E+09
 0.84033628405477E+09
 0.84033628403092E+09
 0.84033628405028E+09
 0.84033628404217E+09
 0.84033628403259E+09
 0.84033628405252E+09
 0.84033628404486E+09
 0.84033628404550E+09
 0.84033628402979E+09
 0.84033628405504E+09
 0.84033628403418E+09
 0.84033628405046E+09
 0.84033628404444E+09
 0.84033628404088E+09
 0.84033628404429E+09
 0.84033628404576E+09
 0.84033628404357E+09
 0.84033628402986E+09
 0.84033628404044E+09
 0.84033628404795E+09
 0.84033628403208E+09
 0.84033628405409E+09
 0.84033628404675E+09
 0.84033628403708E+09
 0.84033628406054E+09
 0.84033628402632E+09
 0.84033628401622E+09
 0.84033628404574E+09
 0.84033628405384E+09
 0.84033628404539E+09
 0.84033628404970E+09
 0.84033628402868E+09
 0.84033628403679E+09
 0.84033628403926E+09
 0.84033628405072E+09
 0.84033628408279E+09
 0.84033628410104E+09
 0.84033628405599E+09
 0.84033628406890E+09
 0.84033628407472E+09
 0.84033628405484E+09
 0.84033628405590E+09
 0.84033628407370E+09
 0.84033628408160E+09
 0.84033628404701E+09
 0.84033628407390E+09
 0.84033628404493E+09
 0.84033628405147E+09
 0.84033628408248E+09
 0.84033628408163E+09
 0.84033628405002E+09
 0.84033628405565E+09
 0.84033628408986E+09
 0.84033628404175E+09
 0.84033628407145E+09
 0.84033628404368E+09
 0.84033628408226E+09
 0.84033628407994E+09
 0.84033628410202E+09
 0.84033628404475E+09
 0.84033628407247E+09
 0.84033628405795E+09
 0.84033628404140E+09
 0.84033628405276E+09
 0.84033628407773E+09
 0.84033628409119E+09
 0.84033628406872E+09
 0.84033628407822E+09
 0.84033628406715E+09
 0.84033628407796E+09
 0.84033628407808E+09
 0.84033628407326E+09
 0.84033628407047E+09
 0.84033628406752E+09
 0.84033628406699E+09
 0.84033628405770E+09
 0.84033628407318E+09
 0.84033628407384E+09
 0.84033628408146E+09
 0.84033628408268E+09
 0.84033628407510E+09
 0.84033628407805E+09
 0.84033628406350E+09
 0.84033628406701E+09
 0.84033628406783E+09
 0.84033628404958E+09
 0.84033628407429E+09
 0.84033628405266E+09
 0.84033628406726E+09
 0.84033628406527E+09
 0.84033628406202E+09
 0.84033628406408E+09
 0.84033628405912E+09
 0.84033628407873E+09
 0.84033628405639E+09
 0.84033628404686E+09
 0.84033628406451E+09
 0.84033628405681E+09
 0.84033628408409E+09
 0.84033628406452E+09
 0.84033628401265E+09
 0.84033628405094E+09
