-0.83042817390371E+09
-0.83042646160237E+09
-0.83042218401266E+09
-0.83042053948563E+09
-0.83041980533044E+09
-0.83041945745034E+09
-0.83041930536054E+09
-0.83041926741796E+09
-0.83041930405312E+09
-0.83041939425415E+09
-0.83041952603018E+09
-0.83041969213973E+09
-0.83041988800165E+09
-0.83042011060390E+09
-0.83042035790080E+09
-0.83042062846387E+09
-0.83042092127144E+09
-0.83042123557740E+09
-0.83042157082683E+09
-0.83042192660028E+09
-0.83042230257610E+09
-0.83042269850453E+09
-0.83042311418936E+09
-0.83042354947493E+09
-0.83042400423661E+09
-0.83042447837382E+09
-0.83042497180481E+09
-0.83042548446275E+09
-0.83042601629270E+09
-0.83042656724928E+09
-0.83042713729495E+09
-0.83042772639848E+09
-0.83042833453392E+09
-0.83042896167968E+09
-0.83042960781779E+09
-0.83043027293337E+09
-0.83043095701410E+09
-0.83043166004989E+09
-0.83043238203252E+09
-0.83043312295542E+09
-0.83043388281340E+09
-0.83043466160251E+09
-0.83043545931988E+09
-0.83043627596358E+09
-0.83043711153251E+09
-0.83043796602631E+09
-0.83043883944531E+09
-0.83043973179041E+09
-0.83044064306307E+09
-0.83044157326524E+09
-0.83044252239929E+09
-0.83044349046805E+09
-0.83044447747470E+09
-0.83044548342276E+09
-0.83044650831611E+09
-0.83044755215893E+09
-0.83044861495566E+09
-0.83044969671105E+09
-0.83045079743008E+09
-0.83045191711800E+09
-0.83045305578028E+09
-0.83045421342262E+09
-0.83045539005094E+09
-0.83045658567136E+09
-0.83045780029023E+09
-0.83045903391406E+09
-0.83046028654958E+09
-0.83046155820372E+09
-0.83046284888356E+09
-0.83046415859639E+09
-0.83046548734967E+09
-0.83046683515105E+09
-0.83046820200833E+09
-0.83046958792950E+09
-0.83047099292273E+09
-0.83047241699633E+09
-0.83047386015883E+09
-0.83047532241889E+09
-0.83047680378534E+09
-0.83047830426720E+09
-0.83047982387364E+09
-0.83048136261402E+09
-0.83048292049784E+09
-0.83048449753480E+09
-0.83048609373475E+09
-0.83048770910771E+09
-0.83048934366388E+09
-0.83049099741364E+09
-0.83049267036753E+09
-0.83049436253625E+09
-0.83049607393071E+09
-0.83049780456197E+09
-0.83049955444128E+09
-0.83050132358007E+09
-0.83050311198993E+09
-0.83050491968267E+09
-0.83050674667025E+09
-0.83050859296484E+09
-0.83051045857878E+09
-0.83051234352460E+09
-0.83051424781504E+09
-0.83051617146302E+09
-0.83051811448166E+09
-0.83052007688426E+09
-0.83052205868436E+09
-0.83052405989567E+09
-0.83052608053211E+09
-0.83052812060783E+09
-0.83053018013716E+09
-0.83053225913467E+09
-0.83053435761512E+09
-0.83053647559353E+09
-0.83053861308510E+09
-0.83054077010527E+09
-0.83054294666973E+09
-0.83054514279438E+09
-0.83054735849536E+09
-0.83054959378905E+09
-0.83055184869208E+09
-0.83055412322133E+09
-0.83055641739392E+09
-0.83055873122724E+09
-0.83056106473892E+09
-0.83056341794687E+09
-0.83056579086928E+09
-0.83056818352458E+09
-0.83057059593152E+09
-0.83057302810909E+09
-0.83057548007662E+09
-0.83057795185369E+09
-0.83058044346021E+09
-0.83058295491639E+09
-0.83058548624273E+09
-0.83058803746009E+09
-0.83059060858962E+09
-0.83059319965281E+09
-0.83059581067152E+09
-0.83059844166792E+09
-0.83060109266455E+09
-0.83060376368431E+09
-0.83060645475047E+09
-0.83060916588669E+09
-0.83061189711700E+09
-0.83061464846585E+09
-0.83061741995808E+09
-0.83062021161895E+09
-0.83062302347417E+09
-0.83062585554986E+09
-0.83062870787261E+09
-0.83063158046948E+09
-0.83063447336798E+09
-0.83063738659613E+09
-0.83064032018245E+09
-0.83064327415599E+09
-0.83064624854631E+09
-0.83064924338355E+09
-0.83065225869838E+09
-0.83065529452209E+09
-0.83065835088656E+09
-0.83066142782430E+09
-0.83066452536846E+09
-0.83066764355286E+09
-0.83067078241201E+09
-0.83067394198114E+09
-0.83067712229624E+09
-0.83068032339404E+09
-0.83068354531209E+09
-0.83068678808877E+09
-0.83069005176335E+09
-0.83069333637597E+09
-0.83069664196774E+09
-0.83069996858074E+09
-0.83070331625810E+09
-0.83070668504401E+09
-0.83071007498382E+09
-0.83071348612404E+09
-0.83071691851245E+09
-0.83072037219813E+09
-0.83072384723156E+09
-0.83072734366470E+09
-0.83073086155103E+09
-0.83073440094571E+09
-0.83073796190563E+09
-0.83074154448955E+09
-0.83074514875821E+09
-0.83074877477450E+09
-0.83075242260358E+09
-0.83075609231307E+09
-0.83075978397324E+09
-0.83076349765724E+09
-0.83076723344131E+09
-0.83077099140514E+09
-0.83077477163210E+09
-0.83077857420970E+09
-0.83078239922992E+09
-0.83078624678985E+09
-0.83079011699213E+09
-0.83079400994580E+09
-0.83079792576702E+09
-0.83080186458017E+09
-0.83080582651907E+09
-0.83080981172856E+09
-0.83081382036643E+09
-0.83081785260597E+09
-0.83082190863924E+09
-0.83082598868154E+09
-0.83083009297750E+09
-0.83083422180980E+09
-0.83083837551223E+09
-0.83084255449007E+09
-0.83084675925458E+09
-0.83085099048668E+09
-0.83085524917166E+09
-0.83085953694023E+09
-0.83086385649410E+09
-0.83086820513087E+09
-0.83087257731454E+09
-0.83087697185789E+09
-0.83088138841891E+09
-0.83088582700007E+09
-0.83089028737138E+09
-0.83089476971072E+09
-0.83089927401966E+09
-0.83090380004936E+09
-0.83090834811238E+09
-0.83091291829842E+09
-0.83091751033350E+09
-0.83092212424488E+09
-0.83092676023037E+09
-0.83093141839801E+09
-0.83093609874537E+09
-0.83094080110996E+09
-0.83094552564929E+09
-0.83095027229383E+09
-0.83095504130860E+09
-0.83095983250002E+09
-0.83096464597325E+09
-0.83096948169914E+09
-0.83097433986734E+09
-0.83097922033153E+09
-0.83098412335938E+09
-0.83098904857901E+09
-0.83099399628213E+09
-0.83099896672090E+09
-0.83100395934121E+09
-0.83100897442043E+09
-0.83101401240883E+09
-0.83101907255718E+09
-0.83102415566837E+09
-0.83102926133524E+09
-0.83103438966454E+09
-0.83103954085021E+09
-0.83104471441126E+09
-0.83104991087925E+09
-0.83105513011218E+09
-0.83106037222459E+09
-0.83106563713717E+09
-0.83107092512300E+09
-0.83107623579521E+09
-0.83108156912725E+09
-0.83108692600162E+09
-0.83109230589850E+09
-0.83109770733504E+09
-0.83110313262264E+09
-0.83110858086427E+09
-0.83111405212782E+09
-0.83111954648306E+09
-0.83112506418411E+09
-0.83113060513368E+09
-0.83113616834262E+09
-0.83114175466476E+09
-0.83114736511280E+09
-0.83115299851205E+09
-0.83115865542657E+09
-0.83116433452398E+09
-0.83117003774457E+09
-0.83117576399789E+09
-0.83118151347096E+09
-0.83118728633433E+09
-0.83119308247560E+09
-0.83119890196342E+09
-0.83120474485566E+09
-0.83121061121662E+09
-0.83121650088947E+09
-0.83122241401981E+09
-0.83122835047143E+09
-0.83123431069730E+09
-0.83124029373411E+09
-0.83124630071092E+09
-0.83125233147485E+09
-0.83125838596612E+09
-0.83126446307134E+09
-0.83127056445157E+09
-0.83127668910369E+09
-0.83128283735618E+09
-0.83128900918480E+09
-0.83129520460526E+09
-0.83130142385936E+09
-0.83130766653306E+09
-0.83131393286123E+09
-0.83132022284441E+09
-0.83132653648227E+09
-0.83133287376943E+09
-0.83133923472346E+09
-0.83134561966510E+09
-0.83135202828748E+09
-0.83135845960630E+09
-0.83136491561935E+09
-0.83137139568088E+09
-0.83137789711648E+09
-0.83138442576275E+09
-0.83139097679627E+09
-0.83139755122177E+09
-0.83140414937849E+09
-0.83141077127332E+09
-0.83141741690377E+09
-0.83142408625204E+09
-0.83143077932901E+09
-0.83143749641015E+09
-0.83144423707041E+09
-0.83145100125881E+09
-0.83145778917841E+09
-0.83146459830353E+09
-0.83147143651235E+09
-0.83147829555734E+09
-0.83148518021253E+09
-0.83149208782485E+09
-0.83149902526055E+09
-0.83150597377259E+09
-0.83151294954766E+09
-0.83151995011864E+09
-0.83152697520140E+09
-0.83153402419182E+09
-0.83154109569854E+09
-0.83154819136419E+09
-0.83155531055183E+09
-0.83156245348605E+09
-0.83156961977798E+09
-0.83157680960594E+09
-0.83158402293444E+09
-0.83159125973607E+09
-0.83159852019061E+09
-0.83160580392506E+09
-0.83161311112011E+09
-0.83162044176370E+09
-0.83162779031902E+09
-0.83163516707861E+09
-0.83164256688874E+09
-0.83164999052806E+09
-0.83165743589256E+09
-0.83166490546615E+09
-0.83167239750456E+09
-0.83167991530404E+09
-0.83168745081693E+09
-0.83169501452627E+09
-0.83170259780889E+09
-0.83171020518740E+09
-0.83171783489867E+09
-0.83172549008872E+09
-0.83173316602785E+09
-0.83174086372430E+09
-0.83174860541428E+09
-0.83175632804018E+09
-0.83176409381662E+09
-0.83177188584870E+09
-0.83177969962052E+09
-0.83178754215892E+09
-0.83179539392080E+09
-0.83180326650271E+09
-0.83181116216213E+09
-0.83181908398481E+09
-0.83182702832411E+09
-0.83183499544855E+09
-0.83184297319274E+09
-0.83185098976315E+09
-0.83185902053404E+09
-0.83186707349065E+09
-0.83187513733700E+09
-0.83188323163293E+09
-0.83189134721681E+09
-0.83189948397747E+09
-0.83190764176505E+09
-0.83191582048769E+09
-0.83192402090884E+09
-0.83193224159516E+09
-0.83194048266936E+09
-0.83194874487482E+09
-0.83195702028162E+09
-0.83196532779122E+09
-0.83197365086414E+09
-0.83198199402821E+09
-0.83199036891070E+09
-0.83199878107373E+09
-0.83200715734272E+09
-0.83201559297524E+09
-0.83202404910114E+09
-0.83203250586052E+09
-0.83204096483265E+09
-0.83204946260126E+09
-0.83205797904963E+09
-0.83206651060458E+09
-0.83207506671758E+09
-0.83208364152602E+09
-0.83209223600616E+09
-0.83210084839701E+09
-0.83210947935151E+09
-0.83211812915801E+09
-0.83212677741635E+09
-0.83213545990042E+09
-0.83214416016568E+09
-0.83215287728062E+09
-0.83216160871255E+09
-0.83217034427586E+09
-0.83217913464909E+09
-0.83218791449585E+09
-0.83219671764896E+09
-0.83220554195011E+09
-0.83221437825900E+09
-0.83222322570696E+09
-0.83223209567616E+09
-0.83224097661424E+09
-0.83224988666485E+09
-0.83225880647326E+09
-0.83226778165361E+09
-0.83227671803042E+09
-0.83228564188222E+09
-0.83229461040310E+09
-0.83230358982477E+09
-0.83231259484767E+09
-0.83232161403593E+09
-0.83233062430970E+09
-0.83233966754085E+09
-0.83234872445272E+09
-0.83235778716239E+09
-0.83236687893791E+09
-0.83237597561260E+09
-0.83238508523157E+09
-0.83239420782120E+09
-0.83240333712665E+09
-0.83241250105989E+09
-0.83242164386808E+09
-0.83243080244641E+09
-0.83243997214056E+09
-0.83244920088399E+09
-0.83245836918742E+09
-0.83246762071968E+09
-0.83247686279485E+09
-0.83248616047674E+09
-0.83249541956830E+09
-0.83250462653929E+09
-0.83251388281689E+09
-0.83252316510929E+09
-0.83253246018049E+09
-0.83254175378898E+09
-0.83255106455061E+09
-0.83256038534219E+09
-0.83256971618773E+09
-0.83257905720178E+09
-0.83258837021953E+09
-0.83259772494232E+09
-0.83260708803509E+09
-0.83261645920547E+09
-0.83262583898228E+09
-0.83263522776658E+09
-0.83264462538263E+09
-0.83265402363139E+09
-0.83266342976517E+09
-0.83267286311890E+09
-0.83268227865293E+09
-0.83269173369478E+09
-0.83270126799569E+09
-0.83271067786055E+09
-0.83272009353519E+09
-0.83272956818616E+09
-0.83273908234518E+09
-0.83274860060131E+09
-0.83275800539324E+09
-0.83276749335615E+09
-0.83277697985134E+09
-0.83278646437031E+09
-0.83279597346203E+09
-0.83280548979378E+09
-0.83281501360198E+09
-0.83282454531814E+09
-0.83283408635635E+09
-0.83284357254598E+09
-0.83285316071419E+09
-0.83286271489500E+09
-0.83287227637137E+09
-0.83288178296044E+09
-0.83289134983367E+09
-0.83290092278329E+09
-0.83291050116925E+09
-0.83292008549857E+09
-0.83292967594229E+09
-0.83293927243182E+09
-0.83294887542943E+09
-0.83295846504469E+09
-0.83296809526325E+09
-0.83297771838416E+09
-0.83298734155665E+09
-0.83299696085172E+09
-0.83300658766849E+09
-0.83301623969097E+09
-0.83302587546481E+09
-0.83303557360325E+09
-0.83304516382002E+09
-0.83305490301706E+09
-0.83306457701496E+09
-0.83307430172304E+09
-0.83308401170773E+09
-0.83309385816930E+09
-0.83310353774462E+09
-0.83311321363984E+09
-0.83312284457885E+09
-0.83313254088749E+09
-0.83314227695709E+09
-0.83315202247624E+09
-0.83316177819930E+09
-0.83317154519002E+09
-0.83318132507994E+09
-0.83319101770378E+09
-0.83320079934904E+09
-0.83321059011095E+09
-0.83322039138860E+09
-0.83323019133339E+09
-0.83324000788109E+09
-0.83324980342793E+09
-0.83325968581228E+09
-0.83326955950080E+09
-0.83327938009360E+09
-0.83328932395727E+09
-0.83329931719591E+09
-0.83330916447073E+09
-0.83331902057416E+09
-0.83332889009029E+09
-0.83333881903105E+09
-0.83334876912070E+09
-0.83335873663670E+09
-0.83336860441264E+09
-0.83337857482544E+09
-0.83338856042824E+09
-0.83339855676299E+09
-0.83340856656798E+09
-0.83341859030386E+09
-0.83342862942560E+09
-0.83343865951369E+09
-0.83344873380611E+09
-0.83345879129507E+09
-0.83346887417322E+09
-0.83347903714663E+09
-0.83348914466160E+09
-0.83349930802429E+09
-0.83350949350291E+09
-0.83351970356555E+09
-0.83353010631406E+09
-0.83354024051777E+09
-0.83355028314343E+09
-0.83356052486808E+09
-0.83357079116267E+09
-0.83358108592607E+09
-0.83359133979440E+09
-0.83360165277851E+09
-0.83361198688005E+09
-0.83362234361410E+09
-0.83363258208614E+09
-0.83364295739633E+09
-0.83365335447692E+09
-0.83366376639459E+09
-0.83367419976294E+09
-0.83368461524254E+09
-0.83369509952431E+09
-0.83370556856449E+09
-0.83371615946650E+09
-0.83372665528724E+09
-0.83373717935820E+09
-0.83374787493213E+09
-0.83375877447646E+09
-0.83376926829771E+09
-0.83377971073845E+09
-0.83379067562671E+09
-0.83380129443046E+09
-0.83381191939877E+09
-0.83382246978140E+09
-0.83383314054807E+09
-0.83384389725637E+09
-0.83385468054628E+09
-0.83386548973124E+09
-0.83387632488168E+09
-0.83388718793375E+09
-0.83389791830106E+09
-0.83390880178069E+09
-0.83391970845962E+09
-0.83393063872378E+09
-0.83394153541449E+09
-0.83395253548724E+09
-0.83396352390969E+09
-0.83397461133224E+09
-0.83398558456136E+09
-0.83399664899164E+09
-0.83400773436999E+09
-0.83401891738937E+09
-0.83403000710804E+09
-0.83404121125454E+09
-0.83405237329635E+09
-0.83406367602846E+09
-0.83407491848230E+09
-0.83408655198687E+09
-0.83409754583642E+09
-0.83410894530701E+09
-0.83412004598359E+09
-0.83413131855288E+09
-0.83414268212628E+09
-0.83415408055453E+09
-0.83416551264569E+09
-0.83417677997780E+09
-0.83418822235826E+09
-0.83419969090587E+09
-0.83421118513836E+09
-0.83422269859810E+09
-0.83423423475790E+09
-0.83424579399562E+09
-0.83425737666710E+09
-0.83426897678147E+09
-0.83428055278598E+09
-0.83429221198338E+09
-0.83430388350237E+09
-0.83431557571940E+09
-0.83432740256198E+09
-0.83433905584809E+09
-0.83435081476722E+09
-0.83436266787515E+09
-0.83437460833700E+09
-0.83438688304086E+09
-0.83439854733073E+09
-0.83441016044477E+09
-0.83442194961272E+09
-0.83443386324072E+09
-0.83444581178873E+09
-0.83445779789173E+09
-0.83446958457234E+09
-0.83448156869901E+09
-0.83449380760490E+09
-0.83450562177485E+09
-0.83451767120997E+09
-0.83452974270582E+09
-0.83454183691797E+09
-0.83455395308196E+09
-0.83456608651432E+09
-0.83457815425031E+09
-0.83459035580253E+09
-0.83460256906450E+09
-0.83461479314454E+09
-0.83462703165373E+09
-0.83463932780326E+09
-0.83465154651878E+09
-0.83466403364308E+09
-0.83467640375333E+09
-0.83468924261912E+09
-0.83470143325905E+09
-0.83471341143061E+09
-0.83472580141465E+09
-0.83473822239444E+09
-0.83475068386036E+09
-0.83476318932371E+09
-0.83477558363691E+09
-0.83478809344856E+09
-0.83480063122963E+09
-0.83481289616225E+09
-0.83482542694430E+09
-0.83483797682235E+09
-0.83485054815437E+09
-0.83486313696937E+09
-0.83487574117788E+09
-0.83488827538971E+09
-0.83490094856928E+09
-0.83491362905364E+09
-0.83492631110645E+09
-0.83493907986284E+09
-0.83495163247119E+09
-0.83496465496884E+09
-0.83497797013240E+09
-0.83499080196465E+09
-0.83500340234758E+09
-0.83501574572664E+09
-0.83502856052486E+09
-0.83504140988105E+09
-0.83505430095868E+09
-0.83506711072875E+09
-0.83508000748724E+09
-0.83509293184306E+09
-0.83510588996013E+09
-0.83511852125104E+09
-0.83513145339329E+09
-0.83514440286831E+09
-0.83515737043008E+09
-0.83517035373475E+09
-0.83518334915143E+09
-0.83519627241842E+09
-0.83520933917138E+09
-0.83522241066007E+09
-0.83523569840214E+09
-0.83524854276937E+09
-0.83526178789062E+09
-0.83527513044950E+09
-0.83528890177790E+09
-0.83530179014395E+09
-0.83531440853465E+09
-0.83532757395037E+09
-0.83534077569791E+09
-0.83535402009772E+09
-0.83536695523858E+09
-0.83538042121107E+09
-0.83539369511478E+09
-0.83540700063653E+09
-0.83541991883403E+09
-0.83543318722907E+09
-0.83544647200951E+09
-0.83545977088820E+09
-0.83547308372705E+09
-0.83548640541609E+09
-0.83549966470705E+09
-0.83551305947417E+09
-0.83552645557804E+09
-0.83553988680893E+09
-0.83555320888383E+09
-0.83556699739204E+09
-0.83558132596075E+09
-0.83559441344578E+09
-0.83560740213326E+09
-0.83562069402431E+09
-0.83563418606834E+09
-0.83564772130831E+09
-0.83566131491504E+09
-0.83567443137697E+09
-0.83568831914572E+09
-0.83570150387710E+09
-0.83571504230115E+09
-0.83572859625744E+09
-0.83574216348598E+09
-0.83575574234547E+09
-0.83576933063054E+09
-0.83578282302763E+09
-0.83579649351030E+09
-0.83581016130503E+09
-0.83582400703783E+09
-0.83583713624752E+09
-0.83585141303055E+09
-0.83586593852965E+09
-0.83587972918452E+09
-0.83589317927452E+09
-0.83590623649419E+09
-0.83591998055996E+09
-0.83593376493063E+09
-0.83594760702775E+09
-0.83596095303494E+09
-0.83597471136695E+09
-0.83598848090809E+09
-0.83600210908473E+09
-0.83601608036429E+09
-0.83602988437565E+09
-0.83604356617778E+09
-0.83605746237270E+09
-0.83607135198486E+09
-0.83608548220229E+09
-0.83609905745345E+09
-0.83611312350903E+09
-0.83612737457649E+09
-0.83614233432485E+09
-0.83615581929736E+09
-0.83616964241088E+09
-0.83618287652549E+09
-0.83619684474882E+09
-0.83621086459388E+09
-0.83622493203907E+09
-0.83623886698812E+09
-0.83625269332235E+09
-0.83626684276636E+09
-0.83628065065158E+09
-0.83629468573523E+09
-0.83630872313147E+09
-0.83632275908936E+09
-0.83633679846533E+09
-0.83635084313841E+09
-0.83636490006041E+09
-0.83637865068042E+09
-0.83639263367190E+09
-0.83640713292988E+09
-0.83642146890014E+09
-0.83643662826898E+09
-0.83645071376091E+09
-0.83646444044634E+09
-0.83647846420611E+09
-0.83649172068713E+09
-0.83650588312467E+09
-0.83652006608227E+09
-0.83653451334870E+09
-0.83654873330055E+09
-0.83656289888409E+09
-0.83657707519199E+09
-0.83659125919034E+09
-0.83660545139168E+09
-0.83661971932429E+09
-0.83663393914617E+09
-0.83664816792361E+09
-0.83666219190095E+09
-0.83667648993411E+09
-0.83669078894195E+09
-0.83670509002744E+09
-0.83671939436547E+09
-0.83673370372490E+09
-0.83674802131217E+09
-0.83676227660123E+09
-0.83677635982096E+09
-0.83679077931104E+09
-0.83680556162946E+09
-0.83682011669072E+09
-0.83683560695219E+09
-0.83684915021042E+09
-0.83686336338663E+09
-0.83687836367943E+09
-0.83689232745203E+09
-0.83690663620949E+09
-0.83692093619266E+09
-0.83693485407496E+09
-0.83694927951049E+09
-0.83696369224935E+09
-0.83697810330414E+09
-0.83699252371273E+09
-0.83700695599775E+09
-0.83702139445919E+09
-0.83703584190293E+09
-0.83705029792516E+09
-0.83706476213897E+09
-0.83707923396978E+09
-0.83709370547894E+09
-0.83710818198309E+09
-0.83712266220465E+09
-0.83713725026587E+09
-0.83715182961025E+09
-0.83716640588906E+09
-0.83718083942059E+09
-0.83719542507684E+09
-0.83721001441662E+09
-0.83722460761982E+09
-0.83723920639891E+09
-0.83725379831273E+09
-0.83726819543212E+09
-0.83728265069201E+09
-0.83729772957714E+09
-0.83731267692552E+09
-0.83732751527177E+09
-0.83734362369911E+09
-0.83735758031177E+09
-0.83737168072224E+09
-0.83738621162116E+09
-0.83740072732103E+09
-0.83741485472100E+09
-0.83742948046938E+09
-0.83744411070678E+09
-0.83745875154698E+09
-0.83747340219999E+09
-0.83748806210603E+09
-0.83750283359396E+09
-0.83751751691569E+09
-0.83753220759843E+09
-0.83754690549103E+09
-0.83756161137428E+09
-0.83757632352314E+09
-0.83759104265224E+09
-0.83760576857456E+09
-0.83762049493132E+09
-0.83763522406259E+09
-0.83764996016705E+09
-0.83766470339945E+09
-0.83767945401473E+09
-0.83769421268951E+09
-0.83770897917052E+09
-0.83772375526078E+09
-0.83773854362470E+09
-0.83775340127664E+09
-0.83776828993397E+09
-0.83778315853740E+09
-0.83779753262967E+09
-0.83781307896160E+09
-0.83782838409273E+09
-0.83784381543362E+09
-0.83785962920342E+09
-0.83787261582542E+09
-0.83788772908847E+09
-0.83790283497897E+09
-0.83791903202579E+09
-0.83793417575046E+09
-0.83794838996400E+09
-0.83796264042036E+09
-0.83797743375888E+09
-0.83799221767665E+09
-0.83800699125480E+09
-0.83802124788074E+09
-0.83803612163354E+09
-0.83805100333812E+09
-0.83806589254435E+09
-0.83808078891337E+09
-0.83809569119694E+09
-0.83811059994598E+09
-0.83812551521422E+09
-0.83814043820024E+09
-0.83815536842913E+09
-0.83817029973161E+09
-0.83818522360535E+09
-0.83820015395830E+09
-0.83821509103587E+09
-0.83823003538006E+09
-0.83824498780725E+09
-0.83826005951348E+09
-0.83827502861729E+09
-0.83829000319822E+09
-0.83830498335292E+09
-0.83831996920724E+09
-0.83833496104721E+09
-0.83834995907172E+09
-0.83836496325352E+09
-0.83837997567588E+09
-0.83839499675451E+09
-0.83841002685134E+09
-0.83842505544296E+09
-0.83844007880000E+09
-0.83845442052657E+09
-0.83846958912926E+09
-0.83848481270328E+09
-0.83850050233688E+09
-0.83851604105616E+09
-0.83853149272274E+09
-0.83854690864794E+09
-0.83856256234585E+09
-0.83857900351515E+09
-0.83859324926285E+09
-0.83860750685599E+09
-0.83862243953314E+09
-0.83863734727559E+09
-0.83865429025098E+09
-0.83866867978144E+09
-0.83868306061433E+09
-0.83869808700322E+09
-0.83871310689822E+09
-0.83872811983971E+09
-0.83874312523513E+09
-0.83875742191588E+09
-0.83877251540286E+09
-0.83878761472852E+09
-0.83880271959301E+09
-0.83881782975389E+09
-0.83883294407800E+09
-0.83884806416097E+09
-0.83886318906571E+09
-0.83887831877384E+09
-0.83889345308553E+09
-0.83890858589075E+09
-0.83892371853908E+09
-0.83893885527034E+09
-0.83895399610308E+09
-0.83896914107384E+09
-0.83898429024122E+09
-0.83899944368062E+09
-0.83901460149134E+09
-0.83902976379831E+09
-0.83904492982501E+09
-0.83906024062056E+09
-0.83907542093261E+09
-0.83909060010295E+09
-0.83910578270022E+09
-0.83912096880125E+09
-0.83913615841372E+09
-0.83915135152209E+09
-0.83916654804558E+09
-0.83918174771528E+09
-0.83919694959280E+09
-0.83921216588054E+09
-0.83922738328348E+09
-0.83924259825774E+09
-0.83925659095748E+09
-0.83927188076915E+09
-0.83928717504482E+09
-0.83930247360901E+09
-0.83931778235594E+09
-0.83933313596898E+09
-0.83934850030858E+09
-0.83936387626311E+09
-0.83937926476736E+09
-0.83939472296327E+09
-0.83941019227585E+09
-0.83942560376623E+09
-0.83944096558857E+09
-0.83945647716054E+09
-0.83947199047598E+09
-0.83948749198303E+09
-0.83950303704158E+09
-0.83951860690727E+09
-0.83953418115231E+09
-0.83954975844037E+09
-0.83956532866492E+09
-0.83958072306695E+09
-0.83959748707248E+09
-0.83961202249061E+09
-0.83962830673508E+09
-0.83964332825543E+09
-0.83965770014652E+09
-0.83967220186713E+09
-0.83968741284604E+09
-0.83970265815778E+09
-0.83971792233059E+09
-0.83973318634788E+09
-0.83974845011162E+09
-0.83976371351636E+09
-0.83977897159836E+09
-0.83979420516406E+09
-0.83980943572602E+09
-0.83982466317165E+09
-0.83983894774839E+09
-0.83985424007457E+09
-0.83986953486839E+09
-0.83988483205788E+09
-0.83990012848354E+09
-0.83991542524570E+09
-0.83993071726966E+09
-0.83994601039317E+09
-0.83996130582382E+09
-0.83997660348850E+09
-0.83999190333710E+09
-0.84000720531678E+09
-0.84002250939089E+09
-0.84003781552872E+09
-0.84005312370952E+09
-0.84006843392122E+09
-0.84008374615679E+09
-0.84009906041408E+09
-0.84011437669984E+09
-0.84012812942019E+09
-0.84014349819485E+09
-0.84015887005515E+09
-0.84017424500583E+09
-0.84018962305487E+09
-0.84020500422447E+09
-0.84022038854126E+09
-0.84023577604058E+09
-0.84025116957756E+09
-0.84026657121922E+09
-0.84028197667773E+09
-0.84029738598480E+09
-0.84031279911926E+09
-0.84032821604379E+09
-0.84034363668812E+09
-0.84035906094543E+09
-0.84037448862739E+09
-0.84038992686943E+09
-0.84040540280288E+09
-0.84042088846209E+09
-0.84043638471753E+09
-0.84045189263590E+09
-0.84046741344615E+09
-0.84048294854826E+09
-0.84049853989856E+09
-0.84051416125417E+09
-0.84052981916321E+09
-0.84054562745412E+09
-0.84056157739020E+09
-0.84057751421511E+09
-0.84059322080824E+09
-0.84060879710563E+09
-0.84062620601065E+09
-0.84064055012646E+09
-0.84065713196003E+09
-0.84067129044464E+09
-0.84068546572743E+09
-0.84070068856104E+09
-0.84071589373084E+09
-0.84073108034384E+09
-0.84074624739829E+09
-0.84075837324773E+09
-0.84077372572858E+09
-0.84078908578509E+09
-0.84080445272542E+09
-0.84081981855827E+09
-0.84083520139451E+09
-0.84085058959246E+09
-0.84086598293588E+09
-0.84088138125145E+09
-0.84089678441694E+09
-0.84091219235349E+09
-0.84092760501722E+09
-0.84094293886643E+09
-0.84095833158993E+09
-0.84097372603980E+09
-0.84098912219342E+09
-0.84100452003884E+09
-0.84101991956524E+09
-0.84103532076699E+09
-0.84105072364268E+09
-0.84106612819318E+09
-0.84108153442243E+09
-0.84109694233973E+09
-0.84111235195738E+09
-0.84112776329385E+09
-0.84114317636789E+09
-0.84115859121077E+09
-0.84117400784246E+09
-0.84118943051266E+09
-0.84120485708306E+09
-0.84122028621237E+09
-0.84123571793862E+09
-0.84125115229981E+09
-0.84126658933295E+09
-0.84128202906848E+09
-0.84129747153326E+09
-0.84131291674394E+09
-0.84132836470960E+09
-0.84134381541633E+09
-0.84135926883645E+09
-0.84137472490015E+09
-0.84139020994487E+09
-0.84140570685018E+09
-0.84142121423986E+09
-0.84143674314333E+09
-0.84145229878221E+09
-0.84146788837265E+09
-0.84148349846897E+09
-0.84149913273949E+09
-0.84151479613316E+09
-0.84153049555326E+09
-0.84154623543479E+09
-0.84156203160336E+09
-0.84157795471573E+09
-0.84159371745550E+09
-0.84160943714710E+09
-0.84162511166660E+09
-0.84164232581773E+09
-0.84165717096186E+09
-0.84167231055687E+09
-0.84168758397102E+09
-0.84170172711899E+09
-0.84171690244217E+09
-0.84173205160685E+09
-0.84174725049527E+09
-0.84175922163870E+09
-0.84177456548531E+09
-0.84178991873220E+09
-0.84180528036696E+09
-0.84182064959258E+09
-0.84183602578726E+09
-0.84185140847403E+09
-0.84186679728864E+09
-0.84188219195643E+09
-0.84189759228114E+09
-0.84191299812950E+09
-0.84192840942736E+09
-0.84194382613875E+09
-0.84195925022054E+09
-0.84197468765325E+09
-0.84198997193735E+09
-0.84200537073217E+09
-0.84202076951007E+09
-0.84203616810079E+09
-0.84205160158424E+09
-0.84206700307360E+09
-0.84208240931249E+09
-0.84209782347688E+09
-0.84211324163045E+09
-0.84212866764842E+09
-0.84214409694699E+09
-0.84215952952888E+09
-0.84217496543888E+09
-0.84219040472330E+09
-0.84220584744226E+09
-0.84222129365227E+09
-0.84223674340996E+09
-0.84225219676664E+09
-0.84226765375390E+09
-0.84228311438930E+09
-0.84229857866164E+09
-0.84231407840633E+09
-0.84232959105654E+09
-0.84234511371459E+09
-0.84236064724300E+09
-0.84237619267779E+09
-0.84239175128460E+09
-0.84240732460715E+09
-0.84242291452749E+09
-0.84243852343447E+09
-0.84245415437983E+09
-0.84246982041049E+09
-0.84248557639911E+09
-0.84250139180366E+09
-0.84251702420589E+09
-0.84253274844361E+09
-0.84254858102077E+09
-0.84256435970196E+09
-0.84258260459480E+09
-0.84259796829065E+09
-0.84261288662763E+09
-0.84262812471482E+09
-0.84264193388999E+09
-0.84265710308438E+09
-0.84267225994862E+09
-0.84268740381073E+09
-0.84270253436042E+09
-0.84271377733844E+09
-0.84272910464027E+09
-0.84274444339431E+09
-0.84275979248016E+09
-0.84277515104643E+09
-0.84279051845181E+09
-0.84280589422324E+09
-0.84282127803070E+09
-0.84283666964563E+09
-0.84285206893880E+09
-0.84286747863419E+09
-0.84288290329303E+09
-0.84289823354139E+09
-0.84291362035182E+09
-0.84292900981865E+09
-0.84294440194723E+09
-0.84295979676262E+09
-0.84297519429133E+09
-0.84299059893589E+09
-0.84300600798216E+09
-0.84302142118919E+09
-0.84303683863267E+09
-0.84305226038783E+09
-0.84306768652959E+09
-0.84308311713338E+09
-0.84309855227721E+09
-0.84311399203625E+09
-0.84312943647887E+09
-0.84314488566350E+09
-0.84316033886636E+09
-0.84317579652784E+09
-0.84319125900083E+09
-0.84320672628285E+09
-0.84322223061066E+09
-0.84323774326576E+09
-0.84325326380355E+09
-0.84326879638093E+09
-0.84328434207741E+09
-0.84329990216167E+09
-0.84331547819107E+09
-0.84333107208655E+09
-0.84334668620288E+09
-0.84336232339506E+09
-0.84337800205870E+09
-0.84339376230059E+09
-0.84340962673161E+09
-0.84342514718535E+09
-0.84344073697972E+09
-0.84345655083026E+09
-0.84347559894551E+09
-0.84349092265366E+09
-0.84350266535515E+09
-0.84351860380098E+09
-0.84353782836631E+09
-0.84355235853853E+09
-0.84356632125909E+09
-0.84358147501415E+09
-0.84359660708067E+09
-0.84361167998914E+09
-0.84362197631068E+09
-0.84363728828925E+09
-0.84365261541334E+09
-0.84366795615885E+09
-0.84368330938680E+09
-0.84369867227942E+09
-0.84371404558427E+09
-0.84372942953195E+09
-0.84374482569221E+09
-0.84376023832667E+09
-0.84377569346249E+09
-0.84379107128638E+09
-0.84380645336665E+09
-0.84382183965618E+09
-0.84383723012739E+09
-0.84385262476071E+09
-0.84386802527319E+09
-0.84388343245603E+09
-0.84389884556109E+09
-0.84391426467173E+09
-0.84392968988995E+09
-0.84394512131958E+09
-0.84396055906629E+09
-0.84397600323987E+09
-0.84399145395455E+09
-0.84400691132861E+09
-0.84402237547376E+09
-0.84403784651606E+09
-0.84405332456843E+09
-0.84406880973537E+09
-0.84408430211329E+09
-0.84409980178519E+09
-0.84411533678155E+09
-0.84413089806871E+09
-0.84414647318400E+09
-0.84416206203146E+09
-0.84417766689850E+09
-0.84419328863010E+09
-0.84420892802995E+09
-0.84422458559488E+09
-0.84424028187753E+09
-0.84425602643861E+09
-0.84427181101629E+09
-0.84428763216437E+09
-0.84430333225998E+09
-0.84431886346478E+09
-0.84433446868158E+09
-0.84435394357847E+09
-0.84436922746873E+09
-0.84438489005357E+09
-0.84440129721073E+09
-0.84441249435897E+09
-0.84443222249638E+09
-0.84444273861334E+09
-0.84445637075603E+09
-0.84447156247202E+09
-0.84448678859354E+09
-0.84450078139382E+09
-0.84451608052611E+09
-0.84453140140584E+09
-0.84454675287739E+09
-0.84456212267407E+09
-0.84457750839068E+09
-0.84459290892774E+09
-0.84460872975819E+09
-0.84462410802991E+09
-0.84463949613006E+09
-0.84465489657269E+09
-0.84467030373021E+09
-0.84468571684390E+09
-0.84470113432308E+09
-0.84471655571861E+09
-0.84473203050827E+09
-0.84474746500446E+09
-0.84476295296276E+09
-0.84477840492071E+09
-0.84479386585507E+09
-0.84480933545780E+09
-0.84482481363434E+09
-0.84484030041687E+09
-0.84485579586153E+09
-0.84487130006410E+09
-0.84488681313484E+09
-0.84490233518739E+09
-0.84491786636299E+09
-0.84493340678509E+09
-0.84494895659030E+09
-0.84496451593466E+09
-0.84498008492851E+09
-0.84499566371416E+09
-0.84501128753396E+09
-0.84502693526998E+09
-0.84504260098684E+09
-0.84505828566358E+09
-0.84507399426322E+09
-0.84508976476567E+09
-0.84510556585994E+09
-0.84512140194900E+09
-0.84513649616437E+09
-0.84515545651099E+09
-0.84517115893091E+09
-0.84518613281363E+09
-0.84520169302308E+09
-0.84521732864527E+09
-0.84523297699804E+09
-0.84524941115484E+09
-0.84526847555006E+09
-0.84528363464953E+09
-0.84529468318507E+09
-0.84531086807091E+09
-0.84533067497890E+09
-0.84533968255694E+09
-0.84535410007247E+09
-0.84536933082510E+09
-0.84538366576449E+09
-0.84539901856580E+09
-0.84541440336992E+09
-0.84542981480948E+09
-0.84544735230627E+09
-0.84546270317041E+09
-0.84547719493306E+09
-0.84549261210617E+09
-0.84550804347671E+09
-0.84552348777796E+09
-0.84553894397179E+09
-0.84555441115563E+09
-0.84556988858381E+09
-0.84558537557207E+09
-0.84560087307364E+09
-0.84561637900900E+09
-0.84563189479436E+09
-0.84564742639148E+09
-0.84566296873968E+09
-0.84567852212295E+09
-0.84569408624527E+09
-0.84570966121538E+09
-0.84572524714607E+09
-0.84574084414948E+09
-0.84575645233609E+09
-0.84577207172220E+09
-0.84578770212645E+09
-0.84580334485728E+09
-0.84581900645038E+09
-0.84583467207335E+09
-0.84585002104282E+09
-0.84586568960186E+09
-0.84588136906789E+09
-0.84589706059007E+09
-0.84591280042151E+09
-0.84593349399882E+09
-0.84594916209649E+09
-0.84596483752420E+09
-0.84598051848774E+09
-0.84599620134039E+09
-0.84601189675221E+09
-0.84602760808461E+09
-0.84604331147335E+09
-0.84605903391612E+09
-0.84607476147762E+09
-0.84609049336883E+09
-0.84610622963255E+09
-0.84612197143165E+09
-0.84614205425513E+09
-0.84615739373425E+09
-0.84617261311095E+09
-0.84618823972665E+09
-0.84620358061171E+09
-0.84622049249664E+09
-0.84623053699002E+09
-0.84623838727686E+09
-0.84625374275319E+09
-0.84628184289528E+09
-0.84629762358635E+09
-0.84631396525993E+09
-0.84633044805855E+09
-0.84634014125972E+09
-0.84635560816419E+09
-0.84636394568806E+09
-0.84637943002831E+09
-0.84639495270339E+09
-0.84641050993053E+09
-0.84642609850202E+09
-0.84644171566331E+09
-0.84645735903792E+09
-0.84647302660222E+09
-0.84648871948679E+09
-0.84650445368286E+09
-0.84652039608054E+09
-0.84653616618093E+09
-0.84655195477999E+09
-0.84656776101010E+09
-0.84658358405751E+09
-0.84659942327973E+09
-0.84661532679752E+09
-0.84663122009115E+09
-0.84664712749445E+09
-0.84666304863135E+09
-0.84667898315080E+09
-0.84669995780879E+09
-0.84671592879308E+09
-0.84673190900805E+09
-0.84674790573521E+09
-0.84676393541736E+09
-0.84677997419467E+09
-0.84679602159160E+09
-0.84681215032928E+09
-0.84682831212680E+09
-0.84684447104919E+09
-0.84686268917142E+09
-0.84687853409266E+09
-0.84689438801393E+09
-0.84691024964301E+09
-0.84692611730199E+09
-0.84694198960194E+09
-0.84695786496981E+09
-0.84697374103984E+09
-0.84698944343765E+09
-0.84700536242246E+09
-0.84702600905343E+09
-0.84704164279285E+09
-0.84705731861120E+09
-0.84707293913437E+09
-0.84708881069043E+09
-0.84710387587470E+09
-0.84712138415390E+09
-0.84713720137598E+09
-0.84715300949119E+09
-0.84716880085372E+09
-0.84718456751790E+09
-0.84720030935971E+09
-0.84721633442198E+09
-0.84723175800886E+09
-0.84724780058150E+09
-0.84726357563716E+09
-0.84728036061529E+09
-0.84729701398949E+09
-0.84730906608180E+09
-0.84732450425057E+09
-0.84733580718946E+09
-0.84734514012868E+09
-0.84736091585364E+09
-0.84737673522488E+09
-0.84739259370735E+09
-0.84740848791816E+09
-0.84742441499918E+09
-0.84744037243855E+09
-0.84746265293873E+09
-0.84747864978098E+09
-0.84749466757379E+09
-0.84751070481312E+09
-0.84752676013628E+09
-0.84754283232843E+09
-0.84755893587221E+09
-0.84757508401821E+09
-0.84759128382223E+09
-0.84760752998378E+09
-0.84762380446543E+09
-0.84764009387097E+09
-0.84765639712979E+09
-0.84767271320158E+09
-0.84768904135994E+09
-0.84770538078975E+09
-0.84772173056077E+09
-0.84773820551543E+09
-0.84775467816459E+09
-0.84777114715877E+09
-0.84778761284646E+09
-0.84780407553904E+09
-0.84782053528813E+09
-0.84783699214869E+09
-0.84785344594336E+09
-0.84786989624417E+09
-0.84788683634494E+09
-0.84790293370663E+09
-0.84792414801242E+09
-0.84794025345768E+09
-0.84795630102385E+09
-0.84796698799834E+09
-0.84798336517223E+09
-0.84799974448414E+09
-0.84801630925018E+09
-0.84803758181212E+09
-0.84805377950254E+09
-0.84806995683865E+09
-0.84808610806193E+09
-0.84810224849341E+09
-0.84811837572574E+09
-0.84813448633826E+09
-0.84815127333199E+09
-0.84816706967929E+09
-0.84818280204669E+09
-0.84819848430672E+09
-0.84821410465824E+09
-0.84823053089269E+09
-0.84824550648310E+09
-0.84826128798994E+09
-0.84827703200928E+09
-0.84829274463248E+09
-0.84831008774657E+09
-0.84831988638339E+09
-0.84833633800295E+09
-0.84835266909729E+09
-0.84836880471378E+09
-0.84838498213484E+09
-0.84840119718461E+09
-0.84841744601747E+09
-0.84843372503901E+09
-0.84845003021491E+09
-0.84846635518911E+09
-0.84848276319031E+09
-0.84849915529009E+09
-0.84851559263368E+09
-0.84853206118225E+09
-0.84854855778256E+09
-0.84856508047525E+09
-0.84858165335748E+09
-0.84859830536134E+09
-0.84861498614855E+09
-0.84863168236922E+09
-0.84864839253585E+09
-0.84866511260583E+09
-0.84868194279317E+09
-0.84869881585562E+09
-0.84871568466438E+09
-0.84873254974188E+09
-0.84874941134360E+09
-0.84876626977684E+09
-0.84878312533172E+09
-0.84879997772045E+09
-0.84881606481464E+09
-0.84883293388998E+09
-0.84884979983359E+09
-0.84886456337431E+09
-0.84888134155345E+09
-0.84889812315944E+09
-0.84891490838585E+09
-0.84893169715599E+09
-0.84894848942669E+09
-0.84896528522277E+09
-0.84898208449679E+09
-0.84899888940778E+09
-0.84902206274193E+09
-0.84903877349546E+09
-0.84905548221888E+09
-0.84907218781254E+09
-0.84908889448454E+09
-0.84910559562357E+09
-0.84912228841965E+09
-0.84913796816667E+09
-0.84915450076681E+09
-0.84917196717190E+09
-0.84918812887890E+09
-0.84920426869804E+09
-0.84922035431610E+09
-0.84923638601422E+09
-0.84925235303947E+09
-0.84926713949491E+09
-0.84928432949733E+09
-0.84930045522814E+09
-0.84931656539759E+09
-0.84933263891704E+09
-0.84934867781426E+09
-0.84936612587120E+09
-0.84938343386990E+09
-0.84939379923237E+09
-0.84941075923988E+09
-0.84942728777172E+09
-0.84944387301439E+09
-0.84946051074536E+09
-0.84947719482986E+09
-0.84949392018605E+09
-0.84951069811899E+09
-0.84952752065595E+09
-0.84954437905720E+09
-0.84956127120014E+09
-0.84957819495574E+09
-0.84959514859915E+09
-0.84961213033247E+09
-0.84962913842685E+09
-0.84964618762364E+09
-0.84966333583295E+09
-0.84968056217650E+09
-0.84969781602907E+09
-0.84971518078166E+09
-0.84973254084239E+09
-0.84974988078734E+09
-0.84976467363560E+09
-0.84978178352832E+09
-0.84979890580051E+09
-0.84981611564660E+09
-0.84983336506192E+09
-0.84985061021458E+09
-0.84986785573942E+09
-0.84988510600269E+09
-0.84990235854807E+09
-0.84991961915228E+09
-0.84993688544065E+09
-0.84995415766030E+09
-0.84997143604232E+09
-0.84998872113095E+09
-0.85001273722164E+09
-0.85002994674196E+09
-0.85004715711830E+09
-0.85006436714963E+09
-0.85008157746885E+09
-0.85009878669381E+09
-0.85011599386346E+09
-0.85013319755150E+09
-0.85015039661285E+09
-0.85016758861081E+09
-0.85018477119535E+09
-0.85020194090562E+09
-0.85021910540595E+09
-0.85023640205537E+09
-0.85025364539220E+09
-0.85026810461842E+09
-0.85028314339969E+09
-0.85030015521596E+09
-0.85031716079971E+09
-0.85033416047887E+09
-0.85035126619966E+09
-0.85036832509123E+09
-0.85038633044719E+09
-0.85039913767218E+09
-0.85041711218421E+09
-0.85043514003143E+09
-0.85045319183770E+09
-0.85046341897104E+09
-0.85048043826770E+09
-0.85049751328291E+09
-0.85051464476729E+09
-0.85053183994059E+09
-0.85054908267553E+09
-0.85056636951103E+09
-0.85058369712923E+09
-0.85060106305752E+09
-0.85061846504035E+09
-0.85063590125786E+09
-0.85065336984881E+09
-0.85067086971176E+09
-0.85068839911645E+09
-0.85070488545779E+09
-0.85072228843397E+09
-0.85073971078458E+09
-0.85075715223203E+09
-0.85077461142595E+09
-0.85079208809702E+09
-0.85080958005911E+09
-0.85082708781714E+09
-0.85084466379760E+09
-0.85086220487804E+09
-0.85087976793379E+09
-0.85089748323059E+09
-0.85091527949289E+09
-0.85093308051099E+09
-0.85095088637833E+09
-0.85096869731544E+09
-0.85098651379807E+09
-0.85100433591871E+09
-0.85102216438569E+09
-0.85104699920428E+09
-0.85106475531863E+09
-0.85108251348013E+09
-0.85110027338329E+09
-0.85111803487994E+09
-0.85113579734681E+09
-0.85115356051481E+09
-0.85117132391299E+09
-0.85118908643773E+09
-0.85120684776731E+09
-0.85122460616884E+09
-0.85124236075335E+09
-0.85126010931075E+09
-0.85127784951221E+09
-0.85129558810862E+09
-0.85131330822282E+09
-0.85133107713046E+09
-0.85134333616872E+09
-0.85136086884853E+09
-0.85137839485323E+09
-0.85139591150567E+09
-0.85141341571324E+09
-0.85143090159537E+09
-0.85144851215994E+09
-0.85146612206096E+09
-0.85147914939323E+09
-0.85149779347395E+09
-0.85151646099585E+09
-0.85153514685067E+09
-0.85155386325658E+09
-0.85157208814732E+09
-0.85158055129537E+09
-0.85159820826350E+09
-0.85161593947868E+09
-0.85163372622894E+09
-0.85165154045361E+09
-0.85167868323873E+09
-0.85169650507541E+09
-0.85170498993355E+09
-0.85172273822869E+09
-0.85174052195616E+09
-0.85175834034856E+09
-0.85177619437425E+09
-0.85179407372012E+09
-0.85181195970186E+09
-0.85182986995791E+09
-0.85184780391810E+09
-0.85186576124061E+09
-0.85188374099378E+09
-0.85190174220208E+09
-0.85191976445171E+09
-0.85193780510244E+09
-0.85195586720825E+09
-0.85197399207510E+09
-0.85199209164406E+09
-0.85201021536353E+09
-0.85202838724827E+09
-0.85204665976296E+09
-0.85206503385612E+09
-0.85208444233874E+09
-0.85210286537540E+09
-0.85212862613270E+09
-0.85214698018600E+09
-0.85216533629476E+09
-0.85218369443557E+09
-0.85220205488912E+09
-0.85222041642435E+09
-0.85223878018365E+09
-0.85225714510385E+09
-0.85227551146608E+09
-0.85229389673916E+09
-0.85231230487209E+09
-0.85233070892189E+09
-0.85234910699648E+09
-0.85236749762272E+09
-0.85238587851884E+09
-0.85240424645390E+09
-0.85242259672414E+09
-0.85244092297712E+09
-0.85245294845415E+09
-0.85247105822972E+09
-0.85248916452873E+09
-0.85250726542083E+09
-0.85252535899671E+09
-0.85254344226314E+09
-0.85256152998881E+09
-0.85257961081849E+09
-0.85259775655490E+09
-0.85261742528437E+09
-0.85262826100090E+09
-0.85264761934733E+09
-0.85266699137099E+09
-0.85268639252246E+09
-0.85270737723869E+09
-0.85272565760708E+09
-0.85274395357607E+09
-0.85275555697303E+09
-0.85277458953374E+09
-0.85279363397722E+09
-0.85281269109435E+09
-0.85283176216525E+09
-0.85285085209612E+09
-0.85286996450434E+09
-0.85288909505490E+09
-0.85290790495787E+09
-0.85292637260482E+09
-0.85294489126812E+09
-0.85296345895963E+09
-0.85297304418601E+09
-0.85299146096278E+09
-0.85300991591395E+09
-0.85302840736283E+09
-0.85304695790919E+09
-0.85306555414509E+09
-0.85308417028486E+09
-0.85310281426680E+09
-0.85312143280277E+09
-0.85314007500757E+09
-0.85315874189650E+09
-0.85317743191570E+09
-0.85319614494842E+09
-0.85321488037241E+09
-0.85323371593868E+09
-0.85325261331003E+09
-0.85327901000850E+09
-0.85329801896151E+09
-0.85331782004550E+09
-0.85333685829817E+09
-0.85335593897554E+09
-0.85337501718206E+09
-0.85339409539312E+09
-0.85341315921718E+09
-0.85343221762821E+09
-0.85345127410384E+09
-0.85347032696466E+09
-0.85348937664710E+09
-0.85350842264393E+09
-0.85352746304858E+09
-0.85354649725215E+09
-0.85356552202396E+09
-0.85358453611806E+09
-0.85360354230417E+09
-0.85361539907306E+09
-0.85363411968672E+09
-0.85365283896789E+09
-0.85367155583457E+09
-0.85369026848812E+09
-0.85370897573696E+09
-0.85372770642532E+09
-0.85374642762678E+09
-0.85376556176145E+09
-0.85378435514169E+09
-0.85380315364999E+09
-0.85382195597295E+09
-0.85384076157456E+09
-0.85385957358690E+09
-0.85387840563248E+09
-0.85389723962409E+09
-0.85391607448598E+09
-0.85393490927276E+09
-0.85395492616140E+09
-0.85397395425428E+09
-0.85399298176158E+09
-0.85401200696128E+09
-0.85402865813814E+09
-0.85404778778047E+09
-0.85406052764881E+09
-0.85408031419547E+09
-0.85410014644153E+09
-0.85411995588397E+09
-0.85413978671832E+09
-0.85415963545542E+09
-0.85417948435972E+09
-0.85419900050024E+09
-0.85421814546013E+09
-0.85423734597652E+09
-0.85425659940227E+09
-0.85427590464469E+09
-0.85429525837185E+09
-0.85430470146645E+09
-0.85432383959800E+09
-0.85434302376603E+09
-0.85436225504367E+09
-0.85438153472446E+09
-0.85440086622437E+09
-0.85442024940259E+09
-0.85443970927636E+09
-0.85446594073412E+09
-0.85448547482094E+09
-0.85450519798467E+09
-0.85452492858194E+09
-0.85454466552257E+09
-0.85456440976647E+09
-0.85458416759900E+09
-0.85460392804537E+09
-0.85462369334985E+09
-0.85464346639920E+09
-0.85466325078683E+09
-0.85468361644701E+09
-0.85470335998758E+09
-0.85472308472270E+09
-0.85474280595790E+09
-0.85476252365836E+09
-0.85478223465414E+09
-0.85480193759095E+09
-0.85482209670416E+09
-0.85484195646537E+09
-0.85485290022427E+09
-0.85487225804753E+09
-0.85489804180958E+09
-0.85491768036743E+09
-0.85493732082423E+09
-0.85495696385382E+09
-0.85497704586282E+09
-0.85499680764307E+09
-0.85501657139860E+09
-0.85502735008548E+09
-0.85504678951800E+09
-0.85506623589638E+09
-0.85508571238483E+09
-0.85510516552657E+09
-0.85512490489592E+09
-0.85514446011949E+09
-0.85516402226276E+09
-0.85518358915053E+09
-0.85520316125224E+09
-0.85522273807790E+09
-0.85524231814547E+09
-0.85526190004653E+09
-0.85528148379888E+09
-0.85530106569980E+09
-0.85532064507088E+09
-0.85534030927220E+09
-0.85536002997167E+09
-0.85537882441061E+09
-0.85539859796776E+09
-0.85541839528322E+09
-0.85543825216848E+09
-0.85545098240900E+09
-0.85547157940173E+09
-0.85549218938076E+09
-0.85551280249313E+09
-0.85553341894680E+09
-0.85555403111148E+09
-0.85557385745395E+09
-0.85559375560460E+09
-0.85561374607151E+09
-0.85563380662037E+09
-0.85565393403411E+09
-0.85566356878807E+09
-0.85568339215840E+09
-0.85570328371075E+09
-0.85572324443042E+09
-0.85574327798713E+09
-0.85576338798828E+09
-0.85579045659594E+09
-0.85581075162620E+09
-0.85583116819118E+09
-0.85585158866609E+09
-0.85587201606463E+09
-0.85589244813144E+09
-0.85591288845936E+09
-0.85593333137435E+09
-0.85595377361530E+09
-0.85597421433885E+09
-0.85599468883043E+09
-0.85601515243542E+09
-0.85603566321878E+09
-0.85605622496797E+09
-0.85607272176449E+09
-0.85609303213006E+09
-0.85611334890738E+09
-0.85613367346505E+09
-0.85615400841637E+09
-0.85617435183725E+09
-0.85619470529367E+09
-0.85621509207978E+09
