-0.87629435570656E+01
-0.96398875711566E+02
-0.18406730979774E+03
-0.27179787956896E+03
-0.35962038157889E+03
-0.44756485397918E+03
-0.53566165680266E+03
-0.62394155423679E+03
-0.71243579941400E+03
-0.80117622227358E+03
-0.89019532108421E+03
-0.97952635825782E+03
-0.10692034611348E+04
-0.11592617284794E+04
-0.12497373434909E+04
-0.13406676942170E+04
-0.14320915023467E+04
-0.15240489614658E+04
-0.16165818859821E+04
-0.17097338720685E+04
-0.18035504721361E+04
-0.18980793845407E+04
-0.19933706604420E+04
-0.20894769299954E+04
-0.21864536503463E+04
-0.22843593782435E+04
-0.23832560704920E+04
-0.24832094159283E+04
-0.25842892031580E+04
-0.26865697289346E+04
-0.27901302528224E+04
-0.28950555046809E+04
-0.30014362525744E+04
-0.31093699399707E+04
-0.32189614026023E+04
-0.33303236771639E+04
-0.34435789161855E+04
-0.35588594260296E+04
-0.36763088481163E+04
-0.37960835073160E+04
-0.39183539561317E+04
-0.40433067490244E+04
-0.41711464883024E+04
-0.43020981917332E+04
-0.44364100429083E+04
-0.45743565989835E+04
-0.47162425475095E+04
-0.48624071256889E+04
-0.50132293429136E+04
-0.51691341826875E+04
-0.53306000055178E+04
-0.54981674334405E+04
-0.56724500742114E+04
-0.58541475453108E+04
-0.60440613938705E+04
-0.62431146913056E+04
-0.64523763292659E+04
-0.66730913832593E+04
-0.69067193811825E+04
-0.71549829744217E+04
-0.74199304472764E+04
-0.77040168512391E+04
-0.80102105245070E+04
-0.83421346876503E+04
-0.87042582330312E+04
-0.91021566389961E+04
-0.95428746444542E+04
-0.10035439495291E+05
-0.10591602113606E+05
-0.11226930810727E+05
-0.11962467369995E+05
-0.12827304960723E+05
-0.13862733281463E+05
-0.15129154488171E+05
-0.16718129028854E+05
-0.18774445576470E+05
-0.21539077467990E+05
-0.25439180160565E+05
-0.31294765634258E+05
-0.40852736926660E+05
-0.58403216357322E+05
-0.96908340466235E+05
-0.21120131010912E+06
-0.85875648046824E+06
-0.91315540989915E+08
 0.10024068764020E+09
-0.67560064240210E+06
-0.57959344170262E+07
-0.82989902570917E+07
 0.10131294825377E+08
-0.11980300520703E+08
-0.25087551377323E+07
 0.11075041600218E+08
-0.33233259535206E+08
 0.46037792798990E+07
 0.46884430190219E+07
-0.49403759846255E+08
-0.50110841972302E+07
 0.73574050227810E+06
 0.18569559038011E+07
-0.90540685182139E+05
-0.17280602247401E+07
-0.48469656524402E+07
-0.51641267092437E+07
-0.15291652224547E+08
-0.49727794553039E+07
-0.14193492642039E+06
-0.16742897898116E+08
 0.12200218442812E+07
-0.45437695931747E+07
-0.49914573330428E+07
 0.64564038182569E+07
-0.32131905037997E+07
-0.10014552857349E+08
-0.10950587609095E+08
 0.50474192704119E+07
-0.13149533731030E+08
-0.20190521333911E+08
-0.16454926918950E+08
 0.72770404979291E+07
-0.11949263890265E+08
-0.20220928603112E+08
 0.63874942890585E+07
-0.18296709467285E+08
 0.79373093879480E+07
-0.10971853922411E+07
-0.72194286857404E+06
-0.57193148426806E+07
-0.88001262031420E+07
-0.87902299564950E+07
-0.81694285498695E+07
-0.77993375083552E+07
-0.81639767366896E+07
-0.73105499429487E+07
-0.83328292636704E+07
-0.86110207442449E+07
-0.81900639279419E+07
-0.78487872596857E+07
-0.92242454837359E+07
-0.88788900862871E+07
-0.92208182493214E+07
-0.89252695319093E+07
-0.96796533106250E+07
-0.96209824654623E+07
-0.97520463714078E+07
-0.91884290680713E+07
-0.98610019984922E+07
-0.10300023024568E+08
-0.96637655816389E+07
-0.10491412458933E+08
-0.10799509454859E+08
-0.10993849017099E+08
-0.98167761390545E+07
-0.10015998905962E+08
-0.11374027738736E+08
-0.10117404898992E+08
-0.10997862980852E+08
-0.11653697703407E+08
-0.11644303067744E+08
-0.11374657295333E+08
-0.10630769996880E+08
-0.12066462684217E+08
-0.11614370024977E+08
-0.11349437200639E+08
-0.12314859773612E+08
-0.11305070087729E+08
-0.11708638155344E+08
-0.12636419143727E+08
-0.12865583006841E+08
-0.11709208055337E+08
-0.12889318132531E+08
-0.12636942012372E+08
-0.13090112859992E+08
-0.11962339136130E+08
-0.13388004341148E+08
-0.12713693723345E+08
-0.12084608108381E+08
-0.13416979623816E+08
-0.13700230046641E+08
-0.13955700101834E+08
-0.12944839369297E+08
-0.13816732245625E+08
-0.14346537971079E+08
-0.14071301887162E+08
-0.14568926193068E+08
-0.13594711385097E+08
-0.11145265194185E+08
-0.14856708344052E+08
-0.14902184282517E+08
-0.14851771707274E+08
-0.14937226267287E+08
-0.14701800386640E+08
-0.15207103247502E+08
-0.15384465664551E+08
-0.15150975789384E+08
-0.15611813698198E+08
-0.15711895273990E+08
-0.15285371359413E+08
-0.15705327662841E+08
-0.16127583896729E+08
-0.16094756483578E+08
