 0.63050165004287E+01
 0.63050165004287E+01
 0.63050165004287E+01
 0.63050165004287E+01
 0.63050165004287E+01
 0.63050165004287E+01
 0.63050165004287E+01
 0.63050165004287E+01
 0.63050165004287E+01
 0.63050165004287E+01
 0.63050165004287E+01
 0.63050165004287E+01
 0.63050165004287E+01
 0.63050165004287E+01
 0.63050165004287E+01
 0.63050165004287E+01
 0.63050165004287E+01
 0.63050165004287E+01
 0.63050165004287E+01
 0.63050165004287E+01
 0.63050165004287E+01
 0.63050165004287E+01
 0.63050165004287E+01
 0.63050165004287E+01
 0.63050165004287E+01
 0.63050165004287E+01
 0.63050165004287E+01
 0.63050165004287E+01
 0.63050165004287E+01
 0.63050165004287E+01
 0.63050165004287E+01
 0.63050165004287E+01
 0.63050165004287E+01
 0.63050165004287E+01
 0.63050165004287E+01
 0.63050165004287E+01
 0.63050165004287E+01
 0.63050165004287E+01
 0.63050165004287E+01
 0.63050165004287E+01
 0.63050165004287E+01
 0.63050165004287E+01
 0.63050165004287E+01
 0.63050165004287E+01
 0.63050165004287E+01
 0.63050165004287E+01
 0.63050165004287E+01
 0.63050165004287E+01
 0.63050165004287E+01
 0.63050165004287E+01
 0.63050165004287E+01
 0.63050165004287E+01
 0.63050165004287E+01
 0.63050165004287E+01
 0.63050165004287E+01
 0.63050165004287E+01
 0.63050165004287E+01
 0.63050165004287E+01
 0.63050165004287E+01
 0.63050165004287E+01
 0.63050165004287E+01
 0.63050165004287E+01
 0.63050165004287E+01
 0.63050165004287E+01
 0.63050165004287E+01
 0.63050165004287E+01
 0.63050165004287E+01
 0.63050164948067E+01
 0.63050165004287E+01
 0.63050165004287E+01
 0.63050165004287E+01
 0.63050165004287E+01
 0.63050165004287E+01
 0.63050165004287E+01
 0.63050165004287E+01
 0.63050165004287E+01
 0.63050165004287E+01
 0.63050165004287E+01
 0.63050165004287E+01
 0.63050165004287E+01
 0.63050165004287E+01
 0.63050165004285E+01
 0.63050164465944E+01
 0.63050164125280E+01
 0.63050164570075E+01
 0.63050162737110E+01
 0.63050162639416E+01
 0.63050162659564E+01
 0.63050162673215E+01
 0.63050162681824E+01
 0.63050162636737E+01
 0.63050162535795E+01
 0.63050162334452E+01
 0.63050162299856E+01
 0.63050162215784E+01
 0.63050162183675E+01
 0.63050162164043E+01
 0.63050162142298E+01
 0.63050162099634E+01
 0.63050162085397E+01
 0.63050162079632E+01
 0.63050162078666E+01
 0.63050161623555E+01
 0.63050161513420E+01
 0.63050161471129E+01
 0.63050161455324E+01
 0.63050161449020E+01
 0.63050161440175E+01
 0.63050161196266E+01
 0.63050161124974E+01
 0.63050161093438E+01
 0.63050161078864E+01
 0.63050161072623E+01
 0.63050160885384E+01
 0.63050160829487E+01
 0.63050160801755E+01
 0.63050160793095E+01
 0.63050160789985E+01
 0.63050160622822E+01
 0.63050160581494E+01
 0.63050160574878E+01
 0.63050160576940E+01
 0.63050160606336E+01
 0.63050160438009E+01
 0.63050160423904E+01
 0.63050160450543E+01
 0.63050160498079E+01
 0.63050160576415E+01
 0.63050160431369E+01
 0.63050160440368E+01
 0.63050160503672E+01
 0.63050160635303E+01
 0.63050160522725E+01
 0.63050160445254E+01
 0.63050160441728E+01
 0.63050160453234E+01
 0.63050160478396E+01
 0.63050160463858E+01
 0.63050160689179E+01
 0.63050160908910E+01
 0.63050161484737E+01
 0.63050162098845E+01
 0.63050162716725E+01
 0.63050162864719E+01
 0.63050162948660E+01
 0.63050162614316E+01
 0.63050162589808E+01
 0.63050162498482E+01
 0.63050162402094E+01
 0.63050162462441E+01
 0.63050162406471E+01
 0.63050162966317E+01
 0.63050162274621E+01
 0.63050162022529E+01
 0.63050161986341E+01
 0.63050162008973E+01
 0.63050162547037E+01
 0.63050161789408E+01
 0.63050162163291E+01
 0.63050162324880E+01
 0.63050161657352E+01
 0.63050161657594E+01
 0.63050161506932E+01
 0.63050161655549E+01
 0.63050161404378E+01
 0.63050161390960E+01
 0.63050161585662E+01
 0.63050161385304E+01
 0.63050161775100E+01
 0.63050161943378E+01
 0.63050161276651E+01
 0.63050161421836E+01
 0.63050161405194E+01
 0.63050161042799E+01
 0.63050161072012E+01
 0.63050161442239E+01
 0.63050161065154E+01
 0.63050160986492E+01
 0.63050160896293E+01
 0.63050161063253E+01
 0.63050161568002E+01
 0.63050160936292E+01
 0.63050161670040E+01
 0.63050161696378E+01
 0.63050161526476E+01
 0.63050161217973E+01
 0.63050161832850E+01
 0.63050161018596E+01
 0.63050161774162E+01
 0.63050161956672E+01
 0.63050161458350E+01
 0.63050161875007E+01
 0.63050162467680E+01
 0.63050161678176E+01
 0.63050161609634E+01
 0.63050162153862E+01
 0.63050161621223E+01
 0.63050161484194E+01
 0.63050161600706E+01
 0.63050161727809E+01
 0.63050162022141E+01
