 0.10391335335250E+02
 0.10391335335250E+02
 0.10391335335250E+02
 0.10391335335250E+02
 0.10391335335250E+02
 0.10391335335250E+02
 0.10391335335250E+02
 0.10391335335250E+02
 0.10391335335250E+02
 0.10391335335250E+02
 0.10391335335250E+02
 0.10391335335250E+02
 0.10391335335250E+02
 0.10391335335250E+02
 0.10391335335250E+02
 0.10391335335250E+02
 0.10391335335250E+02
 0.10391335335250E+02
 0.10391335335250E+02
 0.10391335335250E+02
 0.10391335335250E+02
 0.10391335335250E+02
 0.10391335335250E+02
 0.10391335335250E+02
 0.10391335335250E+02
 0.10391335335250E+02
 0.10391335335250E+02
 0.10391335335250E+02
 0.10391335335250E+02
 0.10391335335250E+02
 0.10391335335250E+02
 0.10391335335250E+02
 0.10391335335250E+02
 0.10391335335250E+02
 0.10391335335250E+02
 0.10391335335250E+02
 0.10391335335250E+02
 0.10391335335250E+02
 0.10391335335250E+02
 0.10391335335250E+02
 0.10391335335250E+02
 0.10391335335250E+02
 0.10391335335250E+02
 0.10391335335250E+02
 0.10391335335250E+02
 0.10391335335250E+02
 0.10391335335250E+02
 0.10391335335250E+02
 0.10391335335250E+02
 0.10391335335250E+02
 0.10391335335250E+02
 0.10391335335250E+02
 0.10391335335250E+02
 0.10391335335250E+02
 0.10391335335250E+02
 0.10391335335250E+02
 0.10391335335250E+02
 0.10391335335250E+02
 0.10391335335250E+02
 0.10391335335250E+02
 0.10391335335250E+02
 0.10391335335250E+02
 0.10391335335250E+02
 0.10391335335250E+02
 0.10391335335250E+02
 0.10391335335250E+02
 0.10391335335250E+02
 0.10391335357882E+02
 0.10391335335250E+02
 0.10391335335250E+02
 0.10391335335250E+02
 0.10391335335250E+02
 0.10391335335250E+02
 0.10391335335250E+02
 0.10391335335250E+02
 0.10391335335250E+02
 0.10391335335250E+02
 0.10391335335250E+02
 0.10391335335250E+02
 0.10391335335250E+02
 0.10391335335250E+02
 0.10391335325246E+02
 0.10391335213910E+02
 0.10391335109536E+02
 0.10391334881692E+02
 0.10391335332937E+02
 0.10391335388171E+02
 0.10391335397069E+02
 0.10391335414548E+02
 0.10391335428093E+02
 0.10391335451642E+02
 0.10391335499228E+02
 0.10391335577685E+02
 0.10391335601831E+02
 0.10391335646754E+02
 0.10391335669913E+02
 0.10391335690131E+02
 0.10391335699529E+02
 0.10391335698123E+02
 0.10391335696951E+02
 0.10391335695273E+02
 0.10391335694393E+02
 0.10391335621565E+02
 0.10391335607182E+02
 0.10391335601749E+02
 0.10391335598727E+02
 0.10391335596551E+02
 0.10391335596670E+02
 0.10391335557016E+02
 0.10391335546461E+02
 0.10391335541776E+02
 0.10391335539850E+02
 0.10391335538814E+02
 0.10391335506717E+02
 0.10391335495519E+02
 0.10391335486819E+02
 0.10391335480287E+02
 0.10391335475101E+02
 0.10391335442612E+02
 0.10391335429384E+02
 0.10391335411266E+02
 0.10391335399289E+02
 0.10391335383190E+02
 0.10391335351781E+02
 0.10391335326579E+02
 0.10391335308659E+02
 0.10391335286951E+02
 0.10391335256426E+02
 0.10391335215331E+02
 0.10391335191776E+02
 0.10391335162877E+02
 0.10391335120516E+02
 0.10391335081361E+02
 0.10391335081996E+02
 0.10391335073172E+02
 0.10391335056394E+02
 0.10391335048077E+02
 0.10391334984538E+02
 0.10391334879250E+02
 0.10391334815587E+02
 0.10391334692923E+02
 0.10391334703241E+02
 0.10391334755007E+02
 0.10391334978391E+02
 0.10391334914331E+02
 0.10391334966495E+02
 0.10391334902650E+02
 0.10391334844798E+02
 0.10391334851128E+02
 0.10391334796092E+02
 0.10391334799842E+02
 0.10391334581664E+02
 0.10391334766957E+02
 0.10391334863234E+02
 0.10391334856877E+02
 0.10391334814149E+02
 0.10391334579483E+02
 0.10391334825803E+02
 0.10391334626867E+02
 0.10391334529978E+02
 0.10391334802206E+02
 0.10391334795502E+02
 0.10391334771832E+02
 0.10391334655500E+02
 0.10391334755279E+02
 0.10391334735146E+02
 0.10391334659271E+02
 0.10391334745391E+02
 0.10391334478193E+02
 0.10391334395259E+02
 0.10391334645785E+02
 0.10391334581521E+02
 0.10391334576746E+02
 0.10391334683912E+02
 0.10391334642757E+02
 0.10391334477484E+02
 0.10391334666285E+02
 0.10391334673139E+02
 0.10391334648372E+02
 0.10391334566125E+02
 0.10391334353955E+02
 0.10391334636744E+02
 0.10391334353465E+02
 0.10391334383658E+02
 0.10391334420974E+02
 0.10391334558731E+02
 0.10391334520167E+02
 0.10391334650774E+02
 0.10391334402293E+02
 0.10391334408273E+02
 0.10391334740984E+02
 0.10391334667675E+02
 0.10391334563871E+02
 0.10391334765000E+02
 0.10391334723418E+02
 0.10391334482816E+02
 0.10391334761230E+02
 0.10391334735385E+02
 0.10391334688185E+02
 0.10391334713403E+02
 0.10391334662521E+02
