 0.13708341720025E+03
 0.13708341720025E+03
 0.13708341720025E+03
 0.13708341720025E+03
 0.13708341720025E+03
 0.13708341720025E+03
 0.13708341720025E+03
 0.13708341720025E+03
 0.13708341720025E+03
 0.13708341720025E+03
 0.13708341720025E+03
 0.13708341720025E+03
 0.13708341720025E+03
 0.13708341720025E+03
 0.13708341720025E+03
 0.13708341720025E+03
 0.13708341720025E+03
 0.13708341720025E+03
 0.13708341720025E+03
 0.13708341720025E+03
 0.13708341720025E+03
 0.13708341720025E+03
 0.13708341720025E+03
 0.13708341720025E+03
 0.13708341720025E+03
 0.13708341720025E+03
 0.13708341720025E+03
 0.13708341720025E+03
 0.13708341720025E+03
 0.13708341720025E+03
 0.13708341720025E+03
 0.13708341720025E+03
 0.13708341720025E+03
 0.13708341720025E+03
 0.13708341720025E+03
 0.13708341720025E+03
 0.13708341720025E+03
 0.13708341720025E+03
 0.13708341720025E+03
 0.13708341720025E+03
 0.13708341720025E+03
 0.13708341720025E+03
 0.13708341720025E+03
 0.13708341720025E+03
 0.13708341720025E+03
 0.13708341720025E+03
 0.13708341720025E+03
 0.13708341720025E+03
 0.13708341720025E+03
 0.13708341720025E+03
 0.13708341720025E+03
 0.13708341720025E+03
 0.13708341720025E+03
 0.13708341720025E+03
 0.13708341720025E+03
 0.13708341720025E+03
 0.13708341720025E+03
 0.13708341720025E+03
 0.13708341720025E+03
 0.13708341720025E+03
 0.13708341720025E+03
 0.13708341720025E+03
 0.13708341720025E+03
 0.13708341720025E+03
 0.13708341720025E+03
 0.13708341720025E+03
 0.13708341720025E+03
 0.13708341773594E+03
 0.13708341720025E+03
 0.13708341720025E+03
 0.13708341720025E+03
 0.13708341720025E+03
 0.13708341720025E+03
 0.13708341720025E+03
 0.13708341720025E+03
 0.13708341720025E+03
 0.13708341720025E+03
 0.13708341720025E+03
 0.13708341720025E+03
 0.13708341720025E+03
 0.13708341720025E+03
 0.13708341680034E+03
 0.13708341448145E+03
 0.13708341245294E+03
 0.13708340711400E+03
 0.13708341706658E+03
 0.13708341819861E+03
 0.13708341823494E+03
 0.13708341844151E+03
 0.13708341863379E+03
 0.13708341913021E+03
 0.13708342008953E+03
 0.13708342169400E+03
 0.13708342211105E+03
 0.13708342293701E+03
 0.13708342334805E+03
 0.13708342371142E+03
 0.13708342392146E+03
 0.13708342402999E+03
 0.13708342406695E+03
 0.13708342407423E+03
 0.13708342407359E+03
 0.13708342405291E+03
 0.13708342403800E+03
 0.13708342409884E+03
 0.13708342409982E+03
 0.13708342409548E+03
 0.13708342410660E+03
 0.13708342407454E+03
 0.13708342408162E+03
 0.13708342407417E+03
 0.13708342406054E+03
 0.13708342405598E+03
 0.13708342399173E+03
 0.13708342393850E+03
 0.13708342385518E+03
 0.13708342376738E+03
 0.13708342369567E+03
 0.13708342359860E+03
 0.13708342349064E+03
 0.13708342323697E+03
 0.13708342306151E+03
 0.13708342275561E+03
 0.13708342268747E+03
 0.13708342236865E+03
 0.13708342204239E+03
 0.13708342162296E+03
 0.13708342100693E+03
 0.13708342073540E+03
 0.13708342036549E+03
 0.13708341978461E+03
 0.13708341879927E+03
 0.13708341845603E+03
 0.13708341861882E+03
 0.13708341847915E+03
 0.13708341819095E+03
 0.13708341797187E+03
 0.13708341695379E+03
 0.13708341472396E+03
 0.13708341338913E+03
 0.13708341072551E+03
 0.13708341096199E+03
 0.13708341160255E+03
 0.13708341527601E+03
 0.13708341462472E+03
 0.13708341659369E+03
 0.13708341593509E+03
 0.13708341532127E+03
 0.13708341570110E+03
 0.13708341452707E+03
 0.13708341476712E+03
 0.13708340975593E+03
 0.13708341460579E+03
 0.13708341691367E+03
 0.13708341696585E+03
 0.13708341611024E+03
 0.13708341094569E+03
 0.13708341700293E+03
 0.13708341279344E+03
 0.13708341074540E+03
 0.13708341701797E+03
 0.13708341693495E+03
 0.13708341686664E+03
 0.13708341470753E+03
 0.13708341690393E+03
 0.13708341656210E+03
 0.13708341495958E+03
 0.13708341685572E+03
 0.13708341141083E+03
 0.13708340954734E+03
 0.13708341538189E+03
 0.13708341397039E+03
 0.13708341393665E+03
 0.13708341671673E+03
 0.13708341587085E+03
 0.13708341230055E+03
 0.13708341640269E+03
 0.13708341667110E+03
 0.13708341646658E+03
 0.13708341466730E+03
 0.13708340989057E+03
 0.13708341624971E+03
 0.13708340958829E+03
 0.13708341003784E+03
 0.13708341114110E+03
 0.13708341430104E+03
 0.13708341198784E+03
 0.13708341618014E+03
 0.13708341014732E+03
 0.13708340978484E+03
 0.13708341659342E+03
 0.13708341438567E+03
 0.13708341104317E+03
 0.13708341644246E+03
 0.13708341582609E+03
 0.13708341049242E+03
 0.13708341653653E+03
 0.13708341638015E+03
 0.13708341527638E+03
 0.13708341533842E+03
 0.13708341378523E+03
