 0.83176336774615E+02
 0.83176336774615E+02
 0.83176336774615E+02
 0.83176336774615E+02
 0.83176336774615E+02
 0.83176336774615E+02
 0.83176336774615E+02
 0.83176336774615E+02
 0.83176336774615E+02
 0.83176336774615E+02
 0.83176336774615E+02
 0.83176336774615E+02
 0.83176336774615E+02
 0.83176336774615E+02
 0.83176336774615E+02
 0.83176336774615E+02
 0.83176336774615E+02
 0.83176336774615E+02
 0.83176336774615E+02
 0.83176336774615E+02
 0.83176336774615E+02
 0.83176336774615E+02
 0.83176336774615E+02
 0.83176336774615E+02
 0.83176336774615E+02
 0.83176336774615E+02
 0.83176336774615E+02
 0.83176336774615E+02
 0.83176336774615E+02
 0.83176336774615E+02
 0.83176336774615E+02
 0.83176336774615E+02
 0.83176336774615E+02
 0.83176336774615E+02
 0.83176336774615E+02
 0.83176336774615E+02
 0.83176336774615E+02
 0.83176336774615E+02
 0.83176336774615E+02
 0.83176336774615E+02
 0.83176336774615E+02
 0.83176336774615E+02
 0.83176336774615E+02
 0.83176336774615E+02
 0.83176336774615E+02
 0.83176336774615E+02
 0.83176336774615E+02
 0.83176336774615E+02
 0.83176336774615E+02
 0.83176336774615E+02
 0.83176336774615E+02
 0.83176336774615E+02
 0.83176336774615E+02
 0.83176336774615E+02
 0.83176336774615E+02
 0.83176336774615E+02
 0.83176336774615E+02
 0.83176336774615E+02
 0.83176336774615E+02
 0.83176336774615E+02
 0.83176336774615E+02
 0.83176336774615E+02
 0.83176336774615E+02
 0.83176336774615E+02
 0.83176336774615E+02
 0.83176336774615E+02
 0.83176336774615E+02
 0.83176336844325E+02
 0.83176336774615E+02
 0.83176336774615E+02
 0.83176336774615E+02
 0.83176336774615E+02
 0.83176336774615E+02
 0.83176336774615E+02
 0.83176336774615E+02
 0.83176336774615E+02
 0.83176336774615E+02
 0.83176336774615E+02
 0.83176336774615E+02
 0.83176336774615E+02
 0.83176336774615E+02
 0.83176336612038E+02
 0.83176335386032E+02
 0.83176334541260E+02
 0.83176333712356E+02
 0.83176333721140E+02
 0.83176333837016E+02
 0.83176333814416E+02
 0.83176333817859E+02
 0.83176333837456E+02
 0.83176333890690E+02
 0.83176333958710E+02
 0.83176334038621E+02
 0.83176334052746E+02
 0.83176334083413E+02
 0.83176334105086E+02
 0.83176334137835E+02
 0.83176334161359E+02
 0.83176334182187E+02
 0.83176334195208E+02
 0.83176334205459E+02
 0.83176334210840E+02
 0.83176334180843E+02
 0.83176334141633E+02
 0.83176334166253E+02
 0.83176334170179E+02
 0.83176334176650E+02
 0.83176334170774E+02
 0.83176334146960E+02
 0.83176334141696E+02
 0.83176334133073E+02
 0.83176334120993E+02
 0.83176334118290E+02
 0.83176334089212E+02
 0.83176334072806E+02
 0.83176334055310E+02
 0.83176334042888E+02
 0.83176334036795E+02
 0.83176334017424E+02
 0.83176334003281E+02
 0.83176333985656E+02
 0.83176333977790E+02
 0.83176333959821E+02
 0.83176333947834E+02
 0.83176333937501E+02
 0.83176333918125E+02
 0.83176333900103E+02
 0.83176333873991E+02
 0.83176333846835E+02
 0.83176333822807E+02
 0.83176333785183E+02
 0.83176333700047E+02
 0.83176333656681E+02
 0.83176333648177E+02
 0.83176333629407E+02
 0.83176333604017E+02
 0.83176333570852E+02
 0.83176333442545E+02
 0.83176333229585E+02
 0.83176333219117E+02
 0.83176333344436E+02
 0.83176334215476E+02
 0.83176335004890E+02
 0.83176335640980E+02
 0.83176335869302E+02
 0.83176336205367E+02
 0.83176336284465E+02
 0.83176336254616E+02
 0.83176336307264E+02
 0.83176336115049E+02
 0.83176336156858E+02
 0.83176335601216E+02
 0.83176336148249E+02
 0.83176336445373E+02
 0.83176336480178E+02
 0.83176336332896E+02
 0.83176335787453E+02
 0.83176336491613E+02
 0.83176336023063E+02
 0.83176335769108E+02
 0.83176336515404E+02
 0.83176336519009E+02
 0.83176336468276E+02
 0.83176336285439E+02
 0.83176336488107E+02
 0.83176336424147E+02
 0.83176336315992E+02
 0.83176336512842E+02
 0.83176335862093E+02
 0.83176335617242E+02
 0.83176336272532E+02
 0.83176336122017E+02
 0.83176336117815E+02
 0.83176336468774E+02
 0.83176336323486E+02
 0.83176335968495E+02
 0.83176336448809E+02
 0.83176336453033E+02
 0.83176336408198E+02
 0.83176336195063E+02
 0.83176335660914E+02
 0.83176336422453E+02
 0.83176335616032E+02
 0.83176335681864E+02
 0.83176335828450E+02
 0.83176336236127E+02
 0.83176335952409E+02
 0.83176336376517E+02
 0.83176335701741E+02
 0.83176335674715E+02
 0.83176336485326E+02
 0.83176336282207E+02
 0.83176335866872E+02
 0.83176336491494E+02
 0.83176336359922E+02
 0.83176335767509E+02
 0.83176336503613E+02
 0.83176336434837E+02
 0.83176336296625E+02
 0.83176336300089E+02
 0.83176336153242E+02
