 0.84038686354544E+09
 0.84038686354544E+09
 0.84038686354544E+09
 0.84038686354544E+09
 0.84038686354544E+09
 0.84038686354544E+09
 0.84038686354544E+09
 0.84038686354544E+09
 0.84038686354544E+09
 0.84038686354544E+09
 0.84038686354544E+09
 0.84038686354544E+09
 0.84038686354544E+09
 0.84038686354544E+09
 0.84038686354544E+09
 0.84038686354544E+09
 0.84038686354544E+09
 0.84038686354544E+09
 0.84038686354544E+09
 0.84038686354544E+09
 0.84038686354544E+09
 0.84038686354544E+09
 0.84038686354544E+09
 0.84038686354544E+09
 0.84038686354544E+09
 0.84038686354544E+09
 0.84038686354544E+09
 0.84038686354544E+09
 0.84038686354544E+09
 0.84038686354544E+09
 0.84038686354544E+09
 0.84038686354544E+09
 0.84038686354544E+09
 0.84038686354544E+09
 0.84038686354544E+09
 0.84038686354544E+09
 0.84038686354544E+09
 0.84038686354544E+09
 0.84038686354544E+09
 0.84038686354544E+09
 0.84038686354544E+09
 0.84038686354544E+09
 0.84038686354544E+09
 0.84038686354544E+09
 0.84038686354544E+09
 0.84038686354544E+09
 0.84038686354544E+09
 0.84038686354544E+09
 0.84038686354544E+09
 0.84038686354544E+09
 0.84038686354544E+09
 0.84038686354544E+09
 0.84038686354544E+09
 0.84038686354544E+09
 0.84038686354544E+09
 0.84038686354544E+09
 0.84038686354544E+09
 0.84038686354544E+09
 0.84038686354544E+09
 0.84038686354544E+09
 0.84038686354544E+09
 0.84038686354544E+09
 0.84038686354544E+09
 0.84038686354544E+09
 0.84038686354544E+09
 0.84038686354544E+09
 0.84038686354544E+09
 0.84038686354561E+09
 0.84038686354544E+09
 0.84038686354544E+09
 0.84038686354544E+09
 0.84038686354544E+09
 0.84038686354544E+09
 0.84038686354544E+09
 0.84038686354544E+09
 0.84038686354544E+09
 0.84038686354544E+09
 0.84038686354544E+09
 0.84038686354544E+09
 0.84038686354544E+09
 0.84038686354544E+09
 0.84038686354517E+09
 0.84038686354277E+09
 0.84038686354216E+09
 0.84038686354095E+09
 0.84038686353754E+09
 0.84038686353785E+09
 0.84038686353813E+09
 0.84038686353831E+09
 0.84038686353849E+09
 0.84038686353900E+09
 0.84038686354022E+09
 0.84038686354239E+09
 0.84038686354287E+09
 0.84038686354392E+09
 0.84038686354439E+09
 0.84038686354480E+09
 0.84038686354498E+09
 0.84038686354503E+09
 0.84038686354499E+09
 0.84038686354501E+09
 0.84038686354499E+09
 0.84038686354418E+09
 0.84038686354390E+09
 0.84038686354394E+09
 0.84038686354392E+09
 0.84038686354393E+09
 0.84038686354393E+09
 0.84038686354346E+09
 0.84038686354350E+09
 0.84038686354337E+09
 0.84038686354328E+09
 0.84038686354329E+09
 0.84038686354291E+09
 0.84038686354274E+09
 0.84038686354256E+09
 0.84038686354241E+09
 0.84038686354238E+09
 0.84038686354218E+09
 0.84038686354193E+09
 0.84038686354158E+09
 0.84038686354145E+09
 0.84038686354096E+09
 0.84038686354086E+09
 0.84038686354064E+09
 0.84038686354001E+09
 0.84038686353939E+09
 0.84038686353860E+09
 0.84038686353831E+09
 0.84038686353797E+09
 0.84038686353713E+09
 0.84038686353563E+09
 0.84038686353572E+09
 0.84038686353615E+09
 0.84038686353588E+09
 0.84038686353587E+09
 0.84038686353573E+09
 0.84038686353511E+09
 0.84038686353500E+09
 0.84038686353580E+09
 0.84038686353759E+09
 0.84038686354070E+09
 0.84038686354173E+09
 0.84038686354288E+09
 0.84038686354299E+09
 0.84038686354272E+09
 0.84038686354298E+09
 0.84038686354185E+09
 0.84038686354181E+09
 0.84038686354193E+09
 0.84038686354215E+09
 0.84038686354079E+09
 0.84038686354168E+09
 0.84038686354168E+09
 0.84038686354218E+09
 0.84038686354128E+09
 0.84038686354125E+09
 0.84038686354174E+09
 0.84038686354002E+09
 0.84038686354024E+09
 0.84038686354150E+09
 0.84038686354136E+09
 0.84038686354010E+09
 0.84038686353978E+09
 0.84038686353971E+09
 0.84038686354085E+09
 0.84038686353911E+09
 0.84038686353975E+09
 0.84038686353610E+09
 0.84038686353849E+09
 0.84038686354080E+09
 0.84038686353951E+09
 0.84038686354048E+09
 0.84038686353620E+09
 0.84038686353706E+09
 0.84038686353711E+09
 0.84038686353980E+09
 0.84038686353720E+09
 0.84038686353535E+09
 0.84038686353390E+09
 0.84038686353747E+09
 0.84038686353432E+09
 0.84038686353149E+09
 0.84038686354001E+09
 0.84038686354166E+09
 0.84038686354792E+09
 0.84038686354021E+09
 0.84038686353562E+09
 0.84038686353377E+09
 0.84038686354259E+09
 0.84038686353173E+09
 0.84038686353988E+09
 0.84038686353738E+09
 0.84038686353543E+09
 0.84038686353744E+09
 0.84038686351018E+09
 0.84038686351900E+09
 0.84038686350871E+09
 0.84038686351896E+09
 0.84038686351958E+09
 0.84038686355172E+09
