 0.51033005131542E+03
 0.51033005131542E+03
 0.51033005131542E+03
 0.51033005131542E+03
 0.51033005131542E+03
 0.51033005131542E+03
 0.51033005131542E+03
 0.51033005131542E+03
 0.51033005131542E+03
 0.51033005131542E+03
 0.51033005131542E+03
 0.51033005131542E+03
 0.51033005131542E+03
 0.51033005131542E+03
 0.51033005131542E+03
 0.51033005131542E+03
 0.51033005131542E+03
 0.51033005131542E+03
 0.51033005131542E+03
 0.51033005131542E+03
 0.51033005131542E+03
 0.51033005131542E+03
 0.51033005131542E+03
 0.51033005131542E+03
 0.51033005131542E+03
 0.51033005131542E+03
 0.51033005131542E+03
 0.51033005131542E+03
 0.51033005131542E+03
 0.51033005131542E+03
 0.51033005131542E+03
 0.51033005131542E+03
 0.51033005131542E+03
 0.51033005131542E+03
 0.51033005131542E+03
 0.51033005131542E+03
 0.51033005131542E+03
 0.51033005131542E+03
 0.51033005131542E+03
 0.51033005131542E+03
 0.51033005131542E+03
 0.51033005131542E+03
 0.51033005131542E+03
 0.51033005131542E+03
 0.51033005131542E+03
 0.51033005131542E+03
 0.51033005131542E+03
 0.51033005131542E+03
 0.51033005131542E+03
 0.51033005131542E+03
 0.51033005131542E+03
 0.51033005131542E+03
 0.51033005131542E+03
 0.51033005131542E+03
 0.51033005131542E+03
 0.51033005131542E+03
 0.51033005131542E+03
 0.51033005131542E+03
 0.51033005131542E+03
 0.51033005131542E+03
 0.51033005131542E+03
 0.51033005131542E+03
 0.51033005131542E+03
 0.51033005131542E+03
 0.51033005131542E+03
 0.51033005131542E+03
 0.51033005131542E+03
 0.51033004917461E+03
 0.51033005131542E+03
 0.51033005131542E+03
 0.51033005131542E+03
 0.51033005131542E+03
 0.51033005131542E+03
 0.51033005131542E+03
 0.51033005131542E+03
 0.51033005131542E+03
 0.51033005131542E+03
 0.51033005131542E+03
 0.51033005131542E+03
 0.51033005131542E+03
 0.51033005131542E+03
 0.51033004837235E+03
 0.51033002354568E+03
 0.51033000538938E+03
 0.51033001909900E+03
 0.51032994886880E+03
 0.51032994230963E+03
 0.51032994164976E+03
 0.51032994004847E+03
 0.51032993883856E+03
 0.51032993794341E+03
 0.51032993788537E+03
 0.51032993960405E+03
 0.51032993984546E+03
 0.51032994115804E+03
 0.51032994166794E+03
 0.51032994205535E+03
 0.51032994204552E+03
 0.51032994162584E+03
 0.51032994139545E+03
 0.51032994115026E+03
 0.51032994107613E+03
 0.51032993888521E+03
 0.51032993880682E+03
 0.51032993831810E+03
 0.51032993815248E+03
 0.51032993801535E+03
 0.51032993801143E+03
 0.51032993709778E+03
 0.51032993674366E+03
 0.51032993672246E+03
 0.51032993682526E+03
 0.51032993678997E+03
 0.51032993618445E+03
 0.51032993603913E+03
 0.51032993590407E+03
 0.51032993580070E+03
 0.51032993562300E+03
 0.51032993482477E+03
 0.51032993456804E+03
 0.51032993408502E+03
 0.51032993366061E+03
 0.51032993323509E+03
 0.51032993248589E+03
 0.51032993157250E+03
 0.51032993118576E+03
 0.51032993053198E+03
 0.51032992966426E+03
 0.51032992882677E+03
 0.51032992836868E+03
 0.51032992788284E+03
 0.51032992779870E+03
 0.51032992752060E+03
 0.51032992831499E+03
 0.51032992867742E+03
 0.51032992882315E+03
 0.51032993020461E+03
 0.51032993339156E+03
 0.51032994289497E+03
 0.51032995170937E+03
 0.51032997104424E+03
 0.51032999410971E+03
 0.51033001673869E+03
 0.51033001267851E+03
 0.51033002707876E+03
 0.51033002669542E+03
 0.51033003542678E+03
 0.51033003920939E+03
 0.51033003841997E+03
 0.51033004246884E+03
 0.51033004227932E+03
 0.51033006617816E+03
 0.51033004350708E+03
 0.51033003496779E+03
 0.51033003563754E+03
 0.51033003799066E+03
 0.51033006254518E+03
 0.51033003607261E+03
 0.51033005388110E+03
 0.51033006342539E+03
 0.51033003675888E+03
 0.51033003763544E+03
 0.51033003644101E+03
 0.51033004545640E+03
 0.51033003656371E+03
 0.51033003714260E+03
 0.51033004456000E+03
 0.51033003765024E+03
 0.51033006028094E+03
 0.51033006806331E+03
 0.51033004112578E+03
 0.51033004734768E+03
 0.51033004743084E+03
 0.51033003667732E+03
 0.51033003878787E+03
 0.51033005500258E+03
 0.51033003829325E+03
 0.51033003641992E+03
 0.51033003646468E+03
 0.51033004422901E+03
 0.51033006608799E+03
 0.51033003879674E+03
 0.51033006749679E+03
 0.51033006535855E+03
 0.51033006078669E+03
 0.51033004595666E+03
 0.51033005875262E+03
 0.51033003832220E+03
 0.51033006583070E+03
 0.51033006857610E+03
 0.51033004029743E+03
 0.51033004943152E+03
 0.51033006620837E+03
 0.51033004219919E+03
 0.51033004239950E+03
 0.51033006727941E+03
 0.51033004211652E+03
 0.51033004101566E+03
 0.51033004498777E+03
 0.51033004563153E+03
 0.51033005271074E+03
