 0.30964638233675E+03
 0.30964638233675E+03
 0.30964638233675E+03
 0.30964638233675E+03
 0.30964638233675E+03
 0.30964638233675E+03
 0.30964638233675E+03
 0.30964638233675E+03
 0.30964638233675E+03
 0.30964638233675E+03
 0.30964638233675E+03
 0.30964638233675E+03
 0.30964638233675E+03
 0.30964638233675E+03
 0.30964638233675E+03
 0.30964638233675E+03
 0.30964638233675E+03
 0.30964638233675E+03
 0.30964638233675E+03
 0.30964638233675E+03
 0.30964638233675E+03
 0.30964638233675E+03
 0.30964638233675E+03
 0.30964638233675E+03
 0.30964638233675E+03
 0.30964638233675E+03
 0.30964638233675E+03
 0.30964638233675E+03
 0.30964638233675E+03
 0.30964638233675E+03
 0.30964638233675E+03
 0.30964638233675E+03
 0.30964638233675E+03
 0.30964638233675E+03
 0.30964638233675E+03
 0.30964638233675E+03
 0.30964638233675E+03
 0.30964638233675E+03
 0.30964638233675E+03
 0.30964638233675E+03
 0.30964638233675E+03
 0.30964638233675E+03
 0.30964638233675E+03
 0.30964638233675E+03
 0.30964638233675E+03
 0.30964638233675E+03
 0.30964638233675E+03
 0.30964638233675E+03
 0.30964638233675E+03
 0.30964638233675E+03
 0.30964638233675E+03
 0.30964638233675E+03
 0.30964638233675E+03
 0.30964638233675E+03
 0.30964638233675E+03
 0.30964638233675E+03
 0.30964638233675E+03
 0.30964638233675E+03
 0.30964638233675E+03
 0.30964638233675E+03
 0.30964638233675E+03
 0.30964638233675E+03
 0.30964638233675E+03
 0.30964638233675E+03
 0.30964638233675E+03
 0.30964638233675E+03
 0.30964638233675E+03
 0.30964638008730E+03
 0.30964638233675E+03
 0.30964638233675E+03
 0.30964638233675E+03
 0.30964638233675E+03
 0.30964638233675E+03
 0.30964638233675E+03
 0.30964638233675E+03
 0.30964638233675E+03
 0.30964638233675E+03
 0.30964638233675E+03
 0.30964638233675E+03
 0.30964638233675E+03
 0.30964638233675E+03
 0.30964638084912E+03
 0.30964636645917E+03
 0.30964635687984E+03
 0.30964637417213E+03
 0.30964630911111E+03
 0.30964630300560E+03
 0.30964630243903E+03
 0.30964630101365E+03
 0.30964629991816E+03
 0.30964629845188E+03
 0.30964629650295E+03
 0.30964629421906E+03
 0.30964629347609E+03
 0.30964629252098E+03
 0.30964629198259E+03
 0.30964629151876E+03
 0.30964629112595E+03
 0.30964629070369E+03
 0.30964629052889E+03
 0.30964629040183E+03
 0.30964629037833E+03
 0.30964628898402E+03
 0.30964628882416E+03
 0.30964628848184E+03
 0.30964628839377E+03
 0.30964628834445E+03
 0.30964628829509E+03
 0.30964628772449E+03
 0.30964628747402E+03
 0.30964628744589E+03
 0.30964628749409E+03
 0.30964628747290E+03
 0.30964628714237E+03
 0.30964628711338E+03
 0.30964628715448E+03
 0.30964628724386E+03
 0.30964628727532E+03
 0.30964628693814E+03
 0.30964628697358E+03
 0.30964628718789E+03
 0.30964628729743E+03
 0.30964628766331E+03
 0.30964628731802E+03
 0.30964628744551E+03
 0.30964628787567E+03
 0.30964628835931E+03
 0.30964628912712E+03
 0.30964628913120E+03
 0.30964628959935E+03
 0.30964629047660E+03
 0.30964629233432E+03
 0.30964629277944E+03
 0.30964629286207E+03
 0.30964629332761E+03
 0.30964629397249E+03
 0.30964629518211E+03
 0.30964629893779E+03
 0.30964630894804E+03
 0.30964631727240E+03
 0.30964633548714E+03
 0.30964635219079E+03
 0.30964636741299E+03
 0.30964635901977E+03
 0.30964637007836E+03
 0.30964636664933E+03
 0.30964637372927E+03
 0.30964637729978E+03
 0.30964637615882E+03
 0.30964638055185E+03
 0.30964638005026E+03
 0.30964640380189E+03
 0.30964638112760E+03
 0.30964637183937E+03
 0.30964637225745E+03
 0.30964637506958E+03
 0.30964639960342E+03
 0.30964637248022E+03
 0.30964639104981E+03
 0.30964640052163E+03
 0.30964637295122E+03
 0.30964637368404E+03
 0.30964637292474E+03
 0.30964638259127E+03
 0.30964637298877E+03
 0.30964637387405E+03
 0.30964638159178E+03
 0.30964637384902E+03
 0.30964639745679E+03
 0.30964640547655E+03
 0.30964637839233E+03
 0.30964638479549E+03
 0.30964638490652E+03
 0.30964637340860E+03
 0.30964637605901E+03
 0.30964639264050E+03
 0.30964637502411E+03
 0.30964637329689E+03
 0.30964637361910E+03
 0.30964638160097E+03
 0.30964640366529E+03
 0.30964637557703E+03
 0.30964640503581E+03
 0.30964640296804E+03
 0.30964639824767E+03
 0.30964638362941E+03
 0.30964639556233E+03
 0.30964637527524E+03
 0.30964640308123E+03
 0.30964640546518E+03
 0.30964637594528E+03
 0.30964638571818E+03
 0.30964640190157E+03
 0.30964637746313E+03
 0.30964637848714E+03
 0.30964640342556E+03
 0.30964637724560E+03
 0.30964637667484E+03
 0.30964638106363E+03
 0.30964638132699E+03
 0.30964638858407E+03
