 0.52346276753251E+07
 0.52334560869608E+07
 0.52303315047214E+07
 0.52252529824390E+07
 0.52182189797746E+07
 0.52092273581767E+07
 0.51982753752458E+07
 0.51853596774876E+07
 0.51704762913712E+07
 0.51536206126831E+07
 0.51347873941002E+07
 0.51139707308412E+07
 0.50911640444186E+07
 0.50663600642495E+07
 0.50395508071441E+07
 0.50107275543969E+07
 0.49798808264385E+07
 0.49470003547827E+07
 0.49120750511258E+07
 0.48750929733414E+07
 0.48360412881194E+07
 0.47949062299790E+07
 0.47516730563066E+07
 0.47063259980729E+07
 0.46588482058127E+07
 0.46092216904061E+07
 0.45574272581239E+07
 0.45034444393742E+07
 0.44472514104386E+07
 0.43888249074653E+07
 0.43281401318564E+07
 0.42651706460140E+07
 0.41998882583781E+07
 0.41322628964059E+07
 0.40622624660449E+07
 0.39898526959640E+07
 0.39149969645743E+07
 0.38376561075653E+07
 0.37577882032656E+07
 0.36753483327637E+07
 0.35902883111607E+07
 0.35025563856871E+07
 0.34120968957055E+07
 0.33188498886605E+07
 0.32227506849759E+07
 0.31237293834985E+07
 0.30217102974655E+07
 0.29166113089428E+07
 0.28083431270777E+07
 0.26968084324680E+07
 0.25819008858788E+07
 0.24635039746287E+07
 0.23414896635708E+07
 0.22157168094557E+07
 0.20860292870076E+07
 0.19522537613383E+07
 0.18141970234628E+07
 0.16716427818218E+07
 0.15243477711101E+07
 0.13720369965710E+07
 0.12143978732557E+07
 0.10510729383420E+07
 0.88165070038551E+06
 0.70565402689602E+06
 0.52252523664568E+06
 0.33160671767584E+06
 0.13211537458629E+06
-0.76891576065189E+05
-0.29656322656965E+06
-0.52831959371272E+06
-0.77394339934025E+06
-0.10357133108775E+07
-0.13166030104899E+07
-0.16205881310028E+07
-0.19531373229847E+07
-0.23220327995615E+07
-0.27388144258037E+07
-0.32214866543527E+07
-0.38000066890874E+07
-0.45285872741062E+07
-0.55172272918033E+07
-0.70293214329059E+07
-0.98870734076968E+07
-0.18392676336588E+08
-0.20176692819907E+09
 0.56953741058450E+08
 0.32221074414138E+06
-0.59901245723620E+07
-0.44190083014075E+07
-0.10217406100428E+08
-0.51477266291725E+07
-0.10739381642289E+08
-0.15002265777195E+07
 0.37295129592801E+08
-0.11626093026412E+08
 0.72278641048167E+07
 0.21433567611362E+08
-0.10922399334701E+08
-0.84035463406653E+06
 0.46071700595026E+06
-0.22795171763530E+07
-0.26198901476269E+07
-0.14754622900802E+08
-0.10046581465408E+08
-0.34492578066116E+07
-0.90880703713687E+07
 0.25379095933483E+07
-0.11556932863068E+08
-0.26271406063940E+07
-0.18977655085717E+08
-0.69554506993435E+07
-0.37567807026346E+07
-0.89346794134259E+07
 0.15278604903306E+07
-0.77516681070234E+07
-0.43308923309408E+07
-0.11891841312325E+08
-0.24703175163329E+08
-0.21516700772779E+07
-0.78156566154380E+06
-0.19020656543919E+08
-0.17338742261564E+08
-0.10147315432298E+08
 0.21352828726856E+07
-0.13241619932002E+08
-0.13905966888808E+08
-0.96400208880259E+07
-0.77056410986489E+07
-0.64388647838738E+07
-0.83666964012101E+07
-0.81081489293344E+07
-0.84271630469387E+07
-0.83095310084335E+07
-0.86104821489243E+07
-0.93782790359984E+07
-0.95496527308606E+07
-0.96924952980762E+07
-0.97704330776532E+07
-0.98918173694430E+07
-0.10640658653213E+08
-0.10377046795248E+08
-0.10975626093419E+08
-0.10457073569757E+08
-0.10877615330182E+08
-0.10550683146753E+08
-0.10739646692028E+08
-0.10775640165093E+08
-0.11305502550532E+08
-0.10773476190451E+08
-0.11254173241356E+08
-0.11075458160734E+08
-0.11862628065986E+08
-0.10652378240676E+08
-0.11435234134455E+08
-0.12181024425797E+08
-0.11695623248306E+08
-0.11376734221752E+08
-0.12859786555916E+08
-0.12415019265094E+08
-0.12377673594028E+08
-0.12406357307694E+08
-0.12690085760428E+08
-0.12531129157593E+08
-0.14085079639795E+08
-0.13749740606385E+08
-0.13340895246485E+08
-0.13716165154899E+08
-0.14467233145815E+08
-0.14328955940128E+08
-0.14487549077350E+08
-0.14386918921495E+08
-0.14998898429106E+08
-0.15290162173541E+08
-0.15139150008027E+08
-0.15323997267114E+08
-0.14342607219120E+08
-0.14010300898966E+08
-0.15438119815463E+08
-0.16134391085488E+08
-0.15512298030627E+08
-0.16531753192188E+08
-0.17607847586293E+08
-0.16393112905983E+08
-0.16203169947376E+08
-0.16519858157307E+08
-0.15860675916927E+08
-0.17058288074182E+08
-0.17274584620898E+08
-0.17018821550031E+08
-0.17799917672989E+08
-0.17307415527442E+08
-0.18056510243098E+08
-0.18768499589482E+08
-0.17949578381087E+08
-0.19205639101472E+08
-0.18862523560525E+08
-0.18279518688837E+08
-0.18746102379871E+08
-0.20153422046823E+08
-0.19318857785919E+08
-0.19441984778930E+08
