 0.21140088456486E+08
 0.21140088456486E+08
 0.21140088456486E+08
 0.21140088456486E+08
 0.21140088456486E+08
 0.21140088456486E+08
 0.21140088456486E+08
 0.21140088456486E+08
 0.21140088456486E+08
 0.21140088456486E+08
 0.21140088456486E+08
 0.21140088456486E+08
 0.21140088456486E+08
 0.21140088456486E+08
 0.21140088456486E+08
 0.21140088456486E+08
 0.21140088456486E+08
 0.21140088456486E+08
 0.21140088456486E+08
 0.21140088456486E+08
 0.21140088456486E+08
 0.21140088456486E+08
 0.21140088456486E+08
 0.21140088456486E+08
 0.21140088456486E+08
 0.21140088456486E+08
 0.21140088456486E+08
 0.21140088456486E+08
 0.21140088456486E+08
 0.21140088456486E+08
 0.21140088456486E+08
 0.21140088456486E+08
 0.21140088456486E+08
 0.21140088456486E+08
 0.21140088456486E+08
 0.21140088456486E+08
 0.21140088456486E+08
 0.21140088456486E+08
 0.21140088456486E+08
 0.21140088456486E+08
 0.21140088456486E+08
 0.21140088456486E+08
 0.21140088456486E+08
 0.21140088456486E+08
 0.21140088456486E+08
 0.21140088456486E+08
 0.21140088456486E+08
 0.21140088456486E+08
 0.21140088456486E+08
 0.21140088456486E+08
 0.21140088456486E+08
 0.21140088456486E+08
 0.21140088456486E+08
 0.21140088456486E+08
 0.21140088456486E+08
 0.21140088456486E+08
 0.21140088456486E+08
 0.21140088456486E+08
 0.21140088456486E+08
 0.21140088456486E+08
 0.21140088456486E+08
 0.21140088456486E+08
 0.21140088456486E+08
 0.21140088456486E+08
 0.21140088456486E+08
 0.21140088456486E+08
 0.21140088456486E+08
 0.21140088494190E+08
 0.21140088456486E+08
 0.21140088456486E+08
 0.21140088456486E+08
 0.21140088456486E+08
 0.21140088456486E+08
 0.21140088456486E+08
 0.21140088456486E+08
 0.21140088456486E+08
 0.21140088456486E+08
 0.21140088456486E+08
 0.21140088456486E+08
 0.21140088456486E+08
 0.21140088456486E+08
 0.21140088456481E+08
 0.21140088817421E+08
 0.21140089045848E+08
 0.21140088747547E+08
 0.21140089976611E+08
 0.21140090042131E+08
 0.21140090028627E+08
 0.21140090019477E+08
 0.21140090013708E+08
 0.21140090043956E+08
 0.21140090111676E+08
 0.21140090246747E+08
 0.21140090269958E+08
 0.21140090326362E+08
 0.21140090347906E+08
 0.21140090361081E+08
 0.21140090375667E+08
 0.21140090404278E+08
 0.21140090413824E+08
 0.21140090417690E+08
 0.21140090418338E+08
 0.21140090723506E+08
 0.21140090797353E+08
 0.21140090825713E+08
 0.21140090836311E+08
 0.21140090840539E+08
 0.21140090846470E+08
 0.21140091010019E+08
 0.21140091057827E+08
 0.21140091078971E+08
 0.21140091088742E+08
 0.21140091092927E+08
 0.21140091218476E+08
 0.21140091255955E+08
 0.21140091274548E+08
 0.21140091280351E+08
 0.21140091282436E+08
 0.21140091394527E+08
 0.21140091422234E+08
 0.21140091426662E+08
 0.21140091425276E+08
 0.21140091405552E+08
 0.21140091518426E+08
 0.21140091527879E+08
 0.21140091510000E+08
 0.21140091478107E+08
 0.21140091425557E+08
 0.21140091522814E+08
 0.21140091516771E+08
 0.21140091474300E+08
 0.21140091385992E+08
 0.21140091461488E+08
 0.21140091513449E+08
 0.21140091515806E+08
 0.21140091508090E+08
 0.21140091491214E+08
 0.21140091500947E+08
 0.21140091349849E+08
 0.21140091202522E+08
 0.21140090816429E+08
 0.21140090404698E+08
 0.21140089990386E+08
 0.21140089891173E+08
 0.21140089834887E+08
 0.21140090059085E+08
 0.21140090075526E+08
 0.21140090136738E+08
 0.21140090201373E+08
 0.21140090160909E+08
 0.21140090198446E+08
 0.21140089822991E+08
 0.21140090286851E+08
 0.21140090455899E+08
 0.21140090480178E+08
 0.21140090464979E+08
 0.21140090104163E+08
 0.21140090612226E+08
 0.21140090361465E+08
 0.21140090253112E+08
 0.21140090700775E+08
 0.21140090700609E+08
 0.21140090801608E+08
 0.21140090701940E+08
 0.21140090870369E+08
 0.21140090879396E+08
 0.21140090748788E+08
 0.21140090883161E+08
 0.21140090621679E+08
 0.21140090508896E+08
 0.21140090956048E+08
 0.21140090858657E+08
 0.21140090869841E+08
 0.21140091112748E+08
 0.21140091093180E+08
 0.21140090844914E+08
 0.21140091097848E+08
 0.21140091150531E+08
 0.21140091210971E+08
 0.21140091098974E+08
 0.21140090760589E+08
 0.21140091184122E+08
 0.21140090692014E+08
 0.21140090674567E+08
 0.21140090788542E+08
 0.21140090995575E+08
 0.21140090583057E+08
 0.21140091128964E+08
 0.21140090622250E+08
 0.21140090500084E+08
 0.21140090833976E+08
 0.21140090554779E+08
 0.21140090157281E+08
 0.21140090686658E+08
 0.21140090732671E+08
 0.21140090367037E+08
 0.21140090724436E+08
 0.21140090816066E+08
 0.21140090738194E+08
 0.21140090652976E+08
 0.21140090456411E+08
