 0.77828119149937E+07
 0.77828119149937E+07
 0.77828119149937E+07
 0.77828119149937E+07
 0.77828119149937E+07
 0.77828119149937E+07
 0.77828119149937E+07
 0.77828119149937E+07
 0.77828119149937E+07
 0.77828119149937E+07
 0.77828119149937E+07
 0.77828119149937E+07
 0.77828119149937E+07
 0.77828119149937E+07
 0.77828119149937E+07
 0.77828119149937E+07
 0.77828119149937E+07
 0.77828119149937E+07
 0.77828119149937E+07
 0.77828119149937E+07
 0.77828119149937E+07
 0.77828119149937E+07
 0.77828119149937E+07
 0.77828119149937E+07
 0.77828119149937E+07
 0.77828119149937E+07
 0.77828119149937E+07
 0.77828119149937E+07
 0.77828119149937E+07
 0.77828119149937E+07
 0.77828119149937E+07
 0.77828119149937E+07
 0.77828119149937E+07
 0.77828119149937E+07
 0.77828119149937E+07
 0.77828119149937E+07
 0.77828119149937E+07
 0.77828119149937E+07
 0.77828119149937E+07
 0.77828119149937E+07
 0.77828119149937E+07
 0.77828119149937E+07
 0.77828119149937E+07
 0.77828119149937E+07
 0.77828119149937E+07
 0.77828119149937E+07
 0.77828119149937E+07
 0.77828119149937E+07
 0.77828119149937E+07
 0.77828119149937E+07
 0.77828119149937E+07
 0.77828119149937E+07
 0.77828119149937E+07
 0.77828119149937E+07
 0.77828119149937E+07
 0.77828119149937E+07
 0.77828119149937E+07
 0.77828119149937E+07
 0.77828119149937E+07
 0.77828119149937E+07
 0.77828119149937E+07
 0.77828119149937E+07
 0.77828119149937E+07
 0.77828119149937E+07
 0.77828119149937E+07
 0.77828119149937E+07
 0.77828119149937E+07
 0.77828118810937E+07
 0.77828119149937E+07
 0.77828119149937E+07
 0.77828119149937E+07
 0.77828119149937E+07
 0.77828119149937E+07
 0.77828119149937E+07
 0.77828119149937E+07
 0.77828119149937E+07
 0.77828119149937E+07
 0.77828119149937E+07
 0.77828119149937E+07
 0.77828119149937E+07
 0.77828119149937E+07
 0.77828119299767E+07
 0.77828120967298E+07
 0.77828122530700E+07
 0.77828125943570E+07
 0.77828119183853E+07
 0.77828118356507E+07
 0.77828118223250E+07
 0.77828117961446E+07
 0.77828117758558E+07
 0.77828117405859E+07
 0.77828116693166E+07
 0.77828115518129E+07
 0.77828115156469E+07
 0.77828114483646E+07
 0.77828114136789E+07
 0.77828113833969E+07
 0.77828113693205E+07
 0.77828113714275E+07
 0.77828113731821E+07
 0.77828113756967E+07
 0.77828113770151E+07
 0.77828114860989E+07
 0.77828115076408E+07
 0.77828115157804E+07
 0.77828115203065E+07
 0.77828115235662E+07
 0.77828115233878E+07
 0.77828115827829E+07
 0.77828115985941E+07
 0.77828116056108E+07
 0.77828116084953E+07
 0.77828116100472E+07
 0.77828116581225E+07
 0.77828116748956E+07
 0.77828116879260E+07
 0.77828116977084E+07
 0.77828117054773E+07
 0.77828117541417E+07
 0.77828117739539E+07
 0.77828118010903E+07
 0.77828118190310E+07
 0.77828118431410E+07
 0.77828118901900E+07
 0.77828119279382E+07
 0.77828119547755E+07
 0.77828119872876E+07
 0.77828120330042E+07
 0.77828120945594E+07
 0.77828121298405E+07
 0.77828121731215E+07
 0.77828122365629E+07
 0.77828122952152E+07
 0.77828122942689E+07
 0.77828123074842E+07
 0.77828123326166E+07
 0.77828123450734E+07
 0.77828124402458E+07
 0.77828125979597E+07
 0.77828126933297E+07
 0.77828128770902E+07
 0.77828128616641E+07
 0.77828127841302E+07
 0.77828124495256E+07
 0.77828125454848E+07
 0.77828124673425E+07
 0.77828125629809E+07
 0.77828126496293E+07
 0.77828126401481E+07
 0.77828127225890E+07
 0.77828127169749E+07
 0.77828130437804E+07
 0.77828127662299E+07
 0.77828126220130E+07
 0.77828126315400E+07
 0.77828126955350E+07
 0.77828130470516E+07
 0.77828126780828E+07
 0.77828129760608E+07
 0.77828131211979E+07
 0.77828127134266E+07
 0.77828127234674E+07
 0.77828127589131E+07
 0.77828129331682E+07
 0.77828127837044E+07
 0.77828128138726E+07
 0.77828129275132E+07
 0.77828127985169E+07
 0.77828131987298E+07
 0.77828133229834E+07
 0.77828129477308E+07
 0.77828130439815E+07
 0.77828130511442E+07
 0.77828128905763E+07
 0.77828129522315E+07
 0.77828131998008E+07
 0.77828129170128E+07
 0.77828129067220E+07
 0.77828129438045E+07
 0.77828130669930E+07
 0.77828133848446E+07
 0.77828129612132E+07
 0.77828133855230E+07
 0.77828133403737E+07
 0.77828132844922E+07
 0.77828130781987E+07
 0.77828131358942E+07
 0.77828129402093E+07
 0.77828133124020E+07
 0.77828133035270E+07
 0.77828128050441E+07
 0.77828129149314E+07
 0.77828130704016E+07
 0.77828127691036E+07
 0.77828128314097E+07
 0.77828131915657E+07
 0.77828127745983E+07
 0.77828128132178E+07
 0.77828128840153E+07
 0.77828128462461E+07
 0.77828129227623E+07
