 0.26455115253742E+02
 0.27626657512246E+03
 0.49930810204446E+03
 0.69515975926007E+03
 0.85887998007546E+03
 0.99137967124735E+03
 0.11140527164949E+04
 0.12725294112740E+04
 0.14980225858536E+04
 0.15164641064771E+04
 0.17860444650656E+04
 0.16610238287279E+04
-0.40270931069653E+04
 0.85438656087470E+03
 0.66778718136261E+04
-0.23411541164882E+04
 0.21132222675584E+04
-0.52505674865694E+04
 0.13904512896575E+04
-0.17118947705708E+03
 0.18937651145977E+04
-0.45277991834682E+03
 0.63952457635158E+03
 0.15604752722960E+04
-0.19768472932252E+04
-0.14820807584203E+04
-0.23469488170400E+04
-0.85895224143486E+03
-0.24145731209133E+04
-0.26739052672640E+04
-0.26950035814097E+04
-0.28209696195672E+04
-0.29303848298704E+04
-0.30404135231672E+04
-0.31520816885371E+04
-0.32657987705693E+04
-0.33818489952961E+04
-0.35004863677050E+04
-0.36219651003176E+04
-0.37465533247768E+04
-0.38745414452493E+04
-0.40062487310613E+04
-0.41420295731979E+04
-0.42822801129139E+04
-0.44274457000169E+04
-0.45780295652817E+04
-0.47346031011821E+04
-0.48978182056898E+04
-0.50684222472702E+04
-0.52472763590838E+04
-0.54353779785331E+04
-0.56338888347103E+04
-0.58441699817041E+04
-0.60678260263747E+04
-0.63067614750583E+04
-0.65632532321309E+04
-0.68400448925342E+04
-0.71404708495269E+04
-0.74686218315143E+04
-0.78295690422345E+04
-0.82296729414377E+04
-0.86770173439163E+04
-0.91820348003108E+04
-0.97584354419466E+04
-0.10424642447710E+05
-0.11206134953199E+05
-0.12139590394471E+05
-0.13281189218062E+05
-0.14727219386252E+05
-0.16690283737964E+05
-0.20286570219637E+05
-0.88626587816987E+05
-0.12703757177242E+06
-0.21276372013469E+06
-0.22118210338027E+06
-0.39461094159221E+06
-0.66277143039200E+06
-0.36551441965012E+06
-0.15152704985235E+07
-0.16475102557683E+07
-0.38615027673654E+07
-0.11179324063290E+08
-0.12491960725622E+09
 0.81316207459805E+08
 0.22884883776554E+08
 0.94022281179025E+07
-0.45332514940254E+07
-0.16549386806914E+08
-0.90393041148243E+07
-0.75434441955007E+07
-0.20714786024724E+08
-0.43536085859233E+07
-0.54469879670933E+07
-0.56146165599990E+07
-0.10481505142923E+07
-0.87577671162273E+07
-0.13686615507143E+08
-0.41722099398754E+07
-0.34237135750439E+07
-0.36187438533442E+07
-0.35784830355803E+07
-0.35376319122589E+07
-0.35327479867261E+07
-0.36263065178489E+07
-0.38065639136324E+07
-0.38002004334084E+07
-0.39752030429102E+07
-0.40764525290669E+07
-0.42040590721465E+07
-0.42559043903376E+07
-0.44820876082071E+07
-0.45975162475086E+07
-0.47582472904367E+07
-0.46731687466464E+07
-0.49232513825110E+07
-0.50704773801572E+07
-0.51887950421324E+07
-0.52834003661846E+07
-0.52023301289938E+07
-0.54996656720124E+07
-0.55945704710440E+07
-0.55808781379264E+07
-0.56979883628851E+07
-0.58331128484378E+07
-0.59881864243196E+07
-0.61034322876289E+07
-0.61533915019643E+07
-0.62942823953670E+07
-0.63451063377557E+07
-0.64944622226584E+07
-0.65938821631920E+07
-0.65740188493256E+07
-0.66627308056044E+07
-0.68477745422389E+07
-0.68823413987404E+07
-0.69133281220235E+07
-0.72045120468483E+07
-0.73233896786709E+07
-0.73729238702390E+07
-0.72492792393620E+07
-0.73204549517378E+07
-0.77328882910765E+07
-0.78068793870451E+07
-0.78939091878164E+07
-0.80520886131693E+07
-0.80525369980381E+07
-0.80816593013081E+07
-0.82243500541998E+07
-0.84534931896320E+07
-0.83419759920740E+07
-0.86726963092066E+07
-0.87478450245196E+07
-0.88503359104163E+07
-0.89211007512778E+07
-0.85860540229654E+07
-0.90624796485198E+07
-0.93071119759827E+07
-0.93903312660476E+07
-0.93969343381055E+07
-0.96046382448511E+07
-0.96552694818264E+07
-0.97341631678427E+07
-0.99342279864367E+07
-0.99444673339338E+07
-0.97356929235071E+07
-0.10232518021391E+08
-0.10249479477282E+08
-0.10464268463132E+08
-0.10579106013762E+08
-0.10645521471400E+08
-0.10627487882200E+08
-0.10809882460717E+08
-0.10976367344558E+08
-0.11106208096959E+08
-0.11069605573449E+08
-0.11309374014470E+08
-0.11422949363442E+08
-0.11403729309036E+08
-0.11636488184071E+08
-0.11689534905094E+08
-0.11855532774395E+08
-0.11617616091926E+08
-0.11779622778650E+08
-0.11925788265730E+08
-0.12212892916225E+08
-0.12046087809236E+08
-0.12445859267002E+08
-0.12602422232795E+08
-0.12732550867950E+08
-0.12793147734339E+08
-0.12918824932761E+08
-0.12949017478035E+08
-0.13098253668204E+08
-0.13224661877803E+08
-0.13326195526347E+08
-0.13454901693056E+08
-0.13549772644967E+08
-0.13643257576846E+08
-0.13758281914181E+08
-0.13887963022170E+08
-0.13978411720712E+08
