 0.10138467204091E+02
 0.10138467082959E+02
 0.10138467177915E+02
 0.10138467077345E+02
 0.10138467223343E+02
 0.10138467246422E+02
 0.10138467143054E+02
 0.10138467118113E+02
 0.10138467231574E+02
 0.10138467296507E+02
 0.10138467163351E+02
 0.10138467217029E+02
 0.10138467234317E+02
 0.10138467239452E+02
 0.10138467249180E+02
 0.10138467309134E+02
 0.10138467227467E+02
 0.10138467309821E+02
 0.10138467329325E+02
 0.10138467334284E+02
 0.10139675725055E+02
 0.10138906199364E+02
 0.10138467507165E+02
 0.10138467533198E+02
 0.10138467541578E+02
 0.10138467464972E+02
 0.10138467387939E+02
 0.10138467534629E+02
 0.10138467247090E+02
 0.10138459228084E+02
 0.10138459137406E+02
 0.10138459137406E+02
 0.10138459137406E+02
 0.10138459137406E+02
 0.10138459137406E+02
 0.10138459137406E+02
 0.10138459137406E+02
 0.10138459137406E+02
 0.10138459137406E+02
 0.10138459137406E+02
 0.10138459137406E+02
 0.10138459137406E+02
 0.10138459137406E+02
 0.10138459137406E+02
 0.10138459137406E+02
 0.10138459137406E+02
 0.10138459137406E+02
 0.10138459137406E+02
 0.10138459137406E+02
 0.10138459137406E+02
 0.10138459137406E+02
 0.10138459137406E+02
 0.10138459137406E+02
 0.10138459137406E+02
 0.10138459137406E+02
 0.10138459137406E+02
 0.10138459137406E+02
 0.10138459137406E+02
 0.10138459137406E+02
 0.10138459137406E+02
 0.10138459137406E+02
 0.10138459137406E+02
 0.10138459137406E+02
 0.10138459137406E+02
 0.10138459137406E+02
 0.10138459137406E+02
 0.10138459137406E+02
 0.10138459137406E+02
 0.10138459137406E+02
 0.10138459137406E+02
 0.10138459207663E+02
 0.10138459277683E+02
 0.10138459285019E+02
 0.10138459312425E+02
 0.10138459394976E+02
 0.10138459432324E+02
 0.10138459432774E+02
 0.10138459563068E+02
 0.10138459565927E+02
 0.10138459568607E+02
 0.10138459610887E+02
 0.10138459554668E+02
 0.10138457796494E+02
 0.10138457754666E+02
 0.10138457760512E+02
 0.10138457760056E+02
 0.10138457756748E+02
 0.10138457749990E+02
 0.10138457749958E+02
 0.10138457749599E+02
 0.10138457743629E+02
 0.10138457733987E+02
 0.10138457723374E+02
 0.10138457716887E+02
 0.10138459693455E+02
 0.10138459678422E+02
 0.10138459656447E+02
 0.10138459632727E+02
 0.10138461215575E+02
 0.10138461201307E+02
 0.10138461187778E+02
 0.10138461121296E+02
 0.10138461459056E+02
 0.10138461436672E+02
 0.10138461393123E+02
 0.10138461387121E+02
 0.10138461765322E+02
 0.10138461757236E+02
 0.10138461632912E+02
 0.10138467329921E+02
 0.10138467304407E+02
 0.10138467423467E+02
 0.10138467598084E+02
 0.10138467570638E+02
 0.10138467531101E+02
 0.10138467502224E+02
 0.10138464472644E+02
 0.10138464413525E+02
 0.10138464549810E+02
 0.10138464489182E+02
 0.10138464483868E+02
 0.10138464541577E+02
 0.10138464541374E+02
 0.10138464510717E+02
 0.10138464453589E+02
 0.10138464384652E+02
 0.10138464421443E+02
 0.10138464496376E+02
 0.10138464408857E+02
 0.10138464451438E+02
 0.10138464242052E+02
 0.10138464391137E+02
 0.10138464397052E+02
 0.10138464366273E+02
 0.10138464224740E+02
 0.10138464394048E+02
 0.10138464203513E+02
 0.10138464321393E+02
 0.10138464308189E+02
 0.10138464361155E+02
 0.10138466062760E+02
 0.10138466123046E+02
 0.10138466063127E+02
 0.10138466111950E+02
 0.10138466104058E+02
 0.10138466092225E+02
 0.10138466060403E+02
 0.10138466088022E+02
 0.10138466071626E+02
 0.10138467140925E+02
 0.10138461303347E+02
 0.10138461313168E+02
 0.10138461259371E+02
 0.10138461695764E+02
 0.10138461715624E+02
 0.10138461720063E+02
 0.10138463442640E+02
 0.10138463400152E+02
 0.10138463417369E+02
 0.10138462561157E+02
 0.10138462532074E+02
 0.10138462525070E+02
 0.10138462534759E+02
 0.10138462486149E+02
 0.10138462518183E+02
 0.10138462492499E+02
 0.10138462527284E+02
 0.10138462506721E+02
 0.10138462408705E+02
 0.10138462482853E+02
 0.10138462526161E+02
 0.10138462629217E+02
 0.10138462548041E+02
 0.10138462507238E+02
 0.10138462527699E+02
 0.10138462550908E+02
 0.10138462524744E+02
 0.10138461200855E+02
 0.10138462055365E+02
 0.10138461962347E+02
 0.10138461985412E+02
 0.10138462011514E+02
 0.10138462141414E+02
 0.10138462061443E+02
 0.10138462050935E+02
 0.10138461912071E+02
 0.10138462040434E+02
 0.10138462044690E+02
 0.10138461978571E+02
 0.10138462068945E+02
 0.10138462003052E+02
 0.10138462046183E+02
 0.10138462058551E+02
 0.10138462018488E+02
 0.10138461961043E+02
 0.10138462069866E+02
 0.10138462048123E+02
 0.10138459799703E+02
 0.10138459846232E+02
 0.10138459866399E+02
 0.10138459877649E+02
