 0.62217292384131E+01
 0.62217292060544E+01
 0.62217292333604E+01
 0.62217291897109E+01
 0.62217292456001E+01
 0.62217292523249E+01
 0.62217292114556E+01
 0.62217292054097E+01
 0.62217292459489E+01
 0.62217292728204E+01
 0.62217292219229E+01
 0.62217292504912E+01
 0.62217292563772E+01
 0.62217292524635E+01
 0.62217292510085E+01
 0.62217292861874E+01
 0.62217292561039E+01
 0.62217292952004E+01
 0.62217292981401E+01
 0.62217293188136E+01
 0.62223700148987E+01
 0.62219812417418E+01
 0.62217294786001E+01
 0.62217295291880E+01
 0.62217295869267E+01
 0.62217296119052E+01
 0.62217297249382E+01
 0.62217298340820E+01
 0.62217306682455E+01
 0.62217299223349E+01
 0.62217298689437E+01
 0.62217298689437E+01
 0.62217298689437E+01
 0.62217298689437E+01
 0.62217298689437E+01
 0.62217298689437E+01
 0.62217298689437E+01
 0.62217298689437E+01
 0.62217298689437E+01
 0.62217298689437E+01
 0.62217298689437E+01
 0.62217298689437E+01
 0.62217298689437E+01
 0.62217298689437E+01
 0.62217298689437E+01
 0.62217298689437E+01
 0.62217298689437E+01
 0.62217298689437E+01
 0.62217298689437E+01
 0.62217298689437E+01
 0.62217298689437E+01
 0.62217298689437E+01
 0.62217298689437E+01
 0.62217298689437E+01
 0.62217298689437E+01
 0.62217298689437E+01
 0.62217298689437E+01
 0.62217298689437E+01
 0.62217298689437E+01
 0.62217298689437E+01
 0.62217298689437E+01
 0.62217298689437E+01
 0.62217298689437E+01
 0.62217298689437E+01
 0.62217298689437E+01
 0.62217298689437E+01
 0.62217298689437E+01
 0.62217298689437E+01
 0.62217298689437E+01
 0.62217298689437E+01
 0.62217298485249E+01
 0.62217298327384E+01
 0.62217298308693E+01
 0.62217298213238E+01
 0.62217297961047E+01
 0.62217297842621E+01
 0.62217297841526E+01
 0.62217297402496E+01
 0.62217297388742E+01
 0.62217296962237E+01
 0.62217296905286E+01
 0.62217296645369E+01
 0.62217297650470E+01
 0.62217297559366E+01
 0.62217297578419E+01
 0.62217297588657E+01
 0.62217297605078E+01
 0.62217297639376E+01
 0.62217297667206E+01
 0.62217297694695E+01
 0.62217297722674E+01
 0.62217297772498E+01
 0.62217297814475E+01
 0.62217297851668E+01
 0.62217298267868E+01
 0.62217298323766E+01
 0.62217298391983E+01
 0.62217298441723E+01
 0.62217298402443E+01
 0.62217298432551E+01
 0.62217298469813E+01
 0.62217298230481E+01
 0.62217292415978E+01
 0.62217292366538E+01
 0.62217292437253E+01
 0.62217292436625E+01
 0.62217287174717E+01
 0.62217287231484E+01
 0.62217287343571E+01
 0.62217302923256E+01
 0.62217303416027E+01
 0.62217303730251E+01
 0.62217304175532E+01
 0.62217304053290E+01
 0.62217303733675E+01
 0.62217303635981E+01
 0.62217286324427E+01
 0.62217286392094E+01
 0.62217285712839E+01
 0.62217285825476E+01
 0.62217285790078E+01
 0.62217285568312E+01
 0.62217285554162E+01
 0.62217285406605E+01
 0.62217285527836E+01
 0.62217285656400E+01
 0.62217285522531E+01
 0.62217285267523E+01
 0.62217285305456E+01
 0.62217285071598E+01
 0.62217285622983E+01
 0.62217285188803E+01
 0.62217285121100E+01
 0.62217284960509E+01
 0.62217285311526E+01
 0.62217284771269E+01
 0.62217285289106E+01
 0.62217284964207E+01
 0.62217284750427E+01
 0.62217284514732E+01
 0.62217299368077E+01
 0.62217299161483E+01
 0.62217299199406E+01
 0.62217298966221E+01
 0.62217298914009E+01
 0.62217298920725E+01
 0.62217299009962E+01
 0.62217298828024E+01
 0.62217298827098E+01
 0.62217300478182E+01
 0.62217284958553E+01
 0.62217284906450E+01
 0.62217285135040E+01
 0.62217293770981E+01
 0.62217293878071E+01
 0.62217293903745E+01
 0.62217293176336E+01
 0.62217294008482E+01
 0.62217292673569E+01
 0.62217300779693E+01
 0.62217300590649E+01
 0.62217300545164E+01
 0.62217300621806E+01
 0.62217300908084E+01
 0.62217300648754E+01
 0.62217300981444E+01
 0.62217300654584E+01
 0.62217301108425E+01
 0.62217301479994E+01
 0.62217300896984E+01
 0.62217300700563E+01
 0.62217301272519E+01
 0.62217300727719E+01
 0.62217301062018E+01
 0.62217301131596E+01
 0.62217300705436E+01
 0.62217301322441E+01
 0.62217302239209E+01
 0.62217303996965E+01
 0.62217304066560E+01
 0.62217304072845E+01
 0.62217304197446E+01
 0.62217304516267E+01
 0.62217304026636E+01
 0.62217303910797E+01
 0.62217304661342E+01
 0.62217303864743E+01
 0.62217303969313E+01
 0.62217304501534E+01
 0.62217304031306E+01
 0.62217304266498E+01
 0.62217303904554E+01
 0.62217304436032E+01
 0.62217304316190E+01
 0.62217304632409E+01
 0.62217304065355E+01
 0.62217303968022E+01
 0.62217301811258E+01
 0.62217301486674E+01
 0.62217301594562E+01
 0.62217301649294E+01
