 0.84539096917211E+02
 0.84539097811096E+02
 0.84539097444955E+02
 0.84539097822344E+02
 0.84539097399627E+02
 0.84539097195231E+02
 0.84539097762785E+02
 0.84539097944402E+02
 0.84539097446522E+02
 0.84539097203731E+02
 0.84539097734709E+02
 0.84539097772120E+02
 0.84539097638167E+02
 0.84539097457337E+02
 0.84539097354719E+02
 0.84539097415020E+02
 0.84539097775980E+02
 0.84539097453641E+02
 0.84539097300740E+02
 0.84539097402503E+02
 0.84537215132226E+02
 0.84538764395833E+02
 0.84539096112897E+02
 0.84539096215620E+02
 0.84539095770172E+02
 0.84539095763513E+02
 0.84539095539104E+02
 0.84539095973499E+02
 0.84539085706928E+02
 0.84539083546594E+02
 0.84539083805753E+02
 0.84539083805753E+02
 0.84539083805753E+02
 0.84539083805753E+02
 0.84539083805753E+02
 0.84539083805753E+02
 0.84539083805753E+02
 0.84539083805753E+02
 0.84539083805753E+02
 0.84539083805753E+02
 0.84539083805753E+02
 0.84539083805753E+02
 0.84539083805753E+02
 0.84539083805753E+02
 0.84539083805753E+02
 0.84539083805753E+02
 0.84539083805753E+02
 0.84539083805753E+02
 0.84539083805753E+02
 0.84539083805753E+02
 0.84539083805753E+02
 0.84539083805753E+02
 0.84539083805753E+02
 0.84539083805753E+02
 0.84539083805753E+02
 0.84539083805753E+02
 0.84539083805753E+02
 0.84539083805753E+02
 0.84539083805753E+02
 0.84539083805753E+02
 0.84539083805753E+02
 0.84539083805753E+02
 0.84539083805753E+02
 0.84539083805753E+02
 0.84539083805753E+02
 0.84539083805753E+02
 0.84539083805753E+02
 0.84539083805753E+02
 0.84539083805753E+02
 0.84539083805753E+02
 0.84539083851958E+02
 0.84539083958128E+02
 0.84539083991360E+02
 0.84539084064970E+02
 0.84539084324298E+02
 0.84539084440898E+02
 0.84539084446268E+02
 0.84539084776139E+02
 0.84539084775060E+02
 0.84539084591527E+02
 0.84539084484377E+02
 0.84539084056705E+02
 0.84539076113548E+02
 0.84539075460771E+02
 0.84539075455275E+02
 0.84539075444968E+02
 0.84539075432278E+02
 0.84539075416197E+02
 0.84539075410431E+02
 0.84539075409493E+02
 0.84539075405467E+02
 0.84539075401261E+02
 0.84539075395747E+02
 0.84539075396165E+02
 0.84539079536637E+02
 0.84539079532682E+02
 0.84539079516134E+02
 0.84539079493395E+02
 0.84539084248673E+02
 0.84539084231618E+02
 0.84539084209326E+02
 0.84539084160228E+02
 0.84539093682219E+02
 0.84539093647713E+02
 0.84539093536652E+02
 0.84539093531903E+02
 0.84539104602333E+02
 0.84539104642189E+02
 0.84539104508877E+02
 0.84539091519266E+02
 0.84539091816719E+02
 0.84539092485555E+02
 0.84539093058743E+02
 0.84539093159236E+02
 0.84539093267818E+02
 0.84539093274747E+02
 0.84539116312406E+02
 0.84539116162116E+02
 0.84539116732750E+02
 0.84539116577534E+02
 0.84539116579445E+02
 0.84539116775197E+02
 0.84539116781928E+02
 0.84539116776254E+02
 0.84539116613808E+02
 0.84539116398607E+02
 0.84539116528434E+02
 0.84539116788248E+02
 0.84539116595735E+02
 0.84539116761330E+02
 0.84539116052658E+02
 0.84539116590654E+02
 0.84539116605575E+02
 0.84539116590198E+02
 0.84539116131446E+02
 0.84539116733382E+02
 0.84539116086119E+02
 0.84539116507081E+02
 0.84539116547731E+02
 0.84539116740528E+02
 0.84539095903944E+02
 0.84539096106640E+02
 0.84539095961884E+02
 0.84539096139582E+02
 0.84539096140524E+02
 0.84539096103049E+02
 0.84539095998651E+02
 0.84539096133679E+02
 0.84539096083504E+02
 0.84539096263083E+02
 0.84539108347420E+02
 0.84539108375357E+02
 0.84539108186950E+02
 0.84539094497519E+02
 0.84539094513990E+02
 0.84539094504695E+02
 0.84539100226801E+02
 0.84539099820932E+02
 0.84539100360445E+02
 0.84539084524335E+02
 0.84539084533414E+02
 0.84539084535169E+02
 0.84539084535353E+02
 0.84539084327569E+02
 0.84539084485611E+02
 0.84539084314232E+02
 0.84539084503587E+02
 0.84539084291470E+02
 0.84539083900065E+02
 0.84539084313364E+02
 0.84539084482183E+02
 0.84539084479369E+02
 0.84539084507811E+02
 0.84539084312589E+02
 0.84539084304951E+02
 0.84539084523415E+02
 0.84539084253307E+02
 0.84539080002213E+02
 0.84539079307970E+02
 0.84539079063257E+02
 0.84539079120899E+02
 0.84539079139707E+02
 0.84539079282799E+02
 0.84539079307702E+02
 0.84539079317650E+02
 0.84539078704549E+02
 0.84539079301080E+02
 0.84539079284580E+02
 0.84539078937140E+02
 0.84539079319326E+02
 0.84539079090782E+02
 0.84539079300242E+02
 0.84539079126520E+02
 0.84539079103927E+02
 0.84539078842754E+02
 0.84539079307644E+02
 0.84539079288230E+02
 0.84539076069393E+02
 0.84539076277652E+02
 0.84539076290861E+02
 0.84539076298765E+02
