 0.13775862444590E+03
 0.13775862497307E+03
 0.13775862506207E+03
 0.13775862527698E+03
 0.13775862533447E+03
 0.13775862516610E+03
 0.13775862559131E+03
 0.13775862568223E+03
 0.13775862551500E+03
 0.13775862540668E+03
 0.13775862558959E+03
 0.13775862574736E+03
 0.13775862563367E+03
 0.13775862549542E+03
 0.13775862549260E+03
 0.13775862562660E+03
 0.13775862577122E+03
 0.13775862549930E+03
 0.13775862545006E+03
 0.13775862522554E+03
 0.13775779101654E+03
 0.13775846778019E+03
 0.13775862193522E+03
 0.13775862133625E+03
 0.13775861944582E+03
 0.13775861784101E+03
 0.13775861392591E+03
 0.13775861421033E+03
 0.13775857510405E+03
 0.13775847913937E+03
 0.13775847951173E+03
 0.13775847951173E+03
 0.13775847951173E+03
 0.13775847951173E+03
 0.13775847951173E+03
 0.13775847951173E+03
 0.13775847951173E+03
 0.13775847951173E+03
 0.13775847951173E+03
 0.13775847951173E+03
 0.13775847951173E+03
 0.13775847951173E+03
 0.13775847951173E+03
 0.13775847951173E+03
 0.13775847951173E+03
 0.13775847951173E+03
 0.13775847951173E+03
 0.13775847951173E+03
 0.13775847951173E+03
 0.13775847951173E+03
 0.13775847951173E+03
 0.13775847951173E+03
 0.13775847951173E+03
 0.13775847951173E+03
 0.13775847951173E+03
 0.13775847951173E+03
 0.13775847951173E+03
 0.13775847951173E+03
 0.13775847951173E+03
 0.13775847951173E+03
 0.13775847951173E+03
 0.13775847951173E+03
 0.13775847951173E+03
 0.13775847951173E+03
 0.13775847951173E+03
 0.13775847951173E+03
 0.13775847951173E+03
 0.13775847951173E+03
 0.13775847951173E+03
 0.13775847951173E+03
 0.13775848099375E+03
 0.13775848246771E+03
 0.13775848266292E+03
 0.13775848336661E+03
 0.13775848546926E+03
 0.13775848642895E+03
 0.13775848644624E+03
 0.13775848972625E+03
 0.13775848979380E+03
 0.13775849047548E+03
 0.13775849100146E+03
 0.13775849011617E+03
 0.13775845105760E+03
 0.13775844962725E+03
 0.13775844965554E+03
 0.13775844960988E+03
 0.13775844950789E+03
 0.13775844931392E+03
 0.13775844924248E+03
 0.13775844917521E+03
 0.13775844902558E+03
 0.13775844877739E+03
 0.13775844853125E+03
 0.13775844836144E+03
 0.13775848104395E+03
 0.13775848070948E+03
 0.13775848023287E+03
 0.13775847976340E+03
 0.13775850910649E+03
 0.13775850881817E+03
 0.13775850851551E+03
 0.13775850806208E+03
 0.13775854104197E+03
 0.13775854079106E+03
 0.13775853986178E+03
 0.13775853977388E+03
 0.13775857460297E+03
 0.13775857443236E+03
 0.13775857227767E+03
 0.13775859402431E+03
 0.13775859307127E+03
 0.13775859508318E+03
 0.13775859740392E+03
 0.13775859746542E+03
 0.13775859781281E+03
 0.13775859764804E+03
 0.13775863235384E+03
 0.13775863115582E+03
 0.13775863544146E+03
 0.13775863411535E+03
 0.13775863412463E+03
 0.13775863571877E+03
 0.13775863575831E+03
 0.13775863565922E+03
 0.13775863434985E+03
 0.13775863277781E+03
 0.13775863378568E+03
 0.13775863579185E+03
 0.13775863420497E+03
 0.13775863557119E+03
 0.13775863035046E+03
 0.13775863421421E+03
 0.13775863446880E+03
 0.13775863438110E+03
 0.13775863093323E+03
 0.13775863541082E+03
 0.13775863062058E+03
 0.13775863362765E+03
 0.13775863398782E+03
 0.13775863554354E+03
 0.13775859182315E+03
 0.13775859343002E+03
 0.13775859229601E+03
 0.13775859376527E+03
 0.13775859377519E+03
 0.13775859353846E+03
 0.13775859273837E+03
 0.13775859373652E+03
 0.13775859343402E+03
 0.13775860460023E+03
 0.13775857933543E+03
 0.13775857962977E+03
 0.13775857808563E+03
 0.13775854258666E+03
 0.13775854264624E+03
 0.13775854263456E+03
 0.13775857697537E+03
 0.13775857389418E+03
 0.13775857796297E+03
 0.13775852257547E+03
 0.13775852261367E+03
 0.13775852262207E+03
 0.13775852258433E+03
 0.13775852095138E+03
 0.13775852221837E+03
 0.13775852085349E+03
 0.13775852235842E+03
 0.13775852072850E+03
 0.13775851793617E+03
 0.13775852090803E+03
 0.13775852220647E+03
 0.13775852233580E+03
 0.13775852248541E+03
 0.13775852087269E+03
 0.13775852098420E+03
 0.13775852259913E+03
 0.13775852043733E+03
 0.13775849349158E+03
 0.13775850007920E+03
 0.13775849826244E+03
 0.13775849865585E+03
 0.13775849876528E+03
 0.13775850005758E+03
 0.13775850009565E+03
 0.13775850022557E+03
 0.13775849567784E+03
 0.13775850015785E+03
 0.13775849995726E+03
 0.13775849731428E+03
 0.13775850020619E+03
 0.13775849841768E+03
 0.13775850014646E+03
 0.13775849885465E+03
 0.13775849853882E+03
 0.13775849663253E+03
 0.13775850012428E+03
 0.13775850001271E+03
 0.13775846899205E+03
 0.13775847068233E+03
 0.13775847073898E+03
 0.13775847078355E+03
