 0.84038982893470E+09
 0.84038982894319E+09
 0.84038982891288E+09
 0.84038982898300E+09
 0.84038982893614E+09
 0.84038982915744E+09
 0.84038982890469E+09
 0.84038982889843E+09
 0.84038982892926E+09
 0.84038982900390E+09
 0.84038982891817E+09
 0.84038982876886E+09
 0.84038982885272E+09
 0.84038982884758E+09
 0.84038982891952E+09
 0.84038982885541E+09
 0.84038982877559E+09
 0.84038982889059E+09
 0.84038982882749E+09
 0.84038982888118E+09
 0.84050343625983E+09
 0.84044628734121E+09
 0.84038982917920E+09
 0.84038982889991E+09
 0.84038982919912E+09
 0.84038982895867E+09
 0.84038982930077E+09
 0.84038982917719E+09
 0.84038983129610E+09
 0.84038982797610E+09
 0.84038982797489E+09
 0.84038982797489E+09
 0.84038982797489E+09
 0.84038982797489E+09
 0.84038982797489E+09
 0.84038982797489E+09
 0.84038982797489E+09
 0.84038982797489E+09
 0.84038982797489E+09
 0.84038982797489E+09
 0.84038982797489E+09
 0.84038982797489E+09
 0.84038982797489E+09
 0.84038982797489E+09
 0.84038982797489E+09
 0.84038982797489E+09
 0.84038982797489E+09
 0.84038982797489E+09
 0.84038982797489E+09
 0.84038982797489E+09
 0.84038982797489E+09
 0.84038982797489E+09
 0.84038982797489E+09
 0.84038982797489E+09
 0.84038982797489E+09
 0.84038982797489E+09
 0.84038982797489E+09
 0.84038982797489E+09
 0.84038982797489E+09
 0.84038982797489E+09
 0.84038982797489E+09
 0.84038982797489E+09
 0.84038982797489E+09
 0.84038982797489E+09
 0.84038982797489E+09
 0.84038982797489E+09
 0.84038982797489E+09
 0.84038982797489E+09
 0.84038982797489E+09
 0.84038982797489E+09
 0.84038982797696E+09
 0.84038982797883E+09
 0.84038982797912E+09
 0.84038982797994E+09
 0.84038982798131E+09
 0.84038982798189E+09
 0.84038982798191E+09
 0.84038982798216E+09
 0.84038982798214E+09
 0.84038982798117E+09
 0.84038982798083E+09
 0.84038982797999E+09
 0.84038982900588E+09
 0.84038982900503E+09
 0.84038982900510E+09
 0.84038982900508E+09
 0.84038982900500E+09
 0.84038982900482E+09
 0.84038982900476E+09
 0.84038982900468E+09
 0.84038982900450E+09
 0.84038982900415E+09
 0.84038982900381E+09
 0.84038982900353E+09
 0.84038982860174E+09
 0.84038982860121E+09
 0.84038982860044E+09
 0.84038982859966E+09
 0.84038982908638E+09
 0.84038982908591E+09
 0.84038982908548E+09
 0.84038982908455E+09
 0.84038982540148E+09
 0.84038982540130E+09
 0.84038982540062E+09
 0.84038982540060E+09
 0.84038982365463E+09
 0.84038982365504E+09
 0.84038982365519E+09
 0.84038982867203E+09
 0.84038982867261E+09
 0.84038982867417E+09
 0.84038982867554E+09
 0.84038982867506E+09
 0.84038982867473E+09
 0.84038982867453E+09
 0.84038982123405E+09
 0.84038982123351E+09
 0.84038982123465E+09
 0.84038982123388E+09
 0.84038982123383E+09
 0.84038982123464E+09
 0.84038982123465E+09
 0.84038982123458E+09
 0.84038982123388E+09
 0.84038982123362E+09
 0.84038982123339E+09
 0.84038982123448E+09
 0.84038982123386E+09
 0.84038982123432E+09
 0.84038982123262E+09
 0.84038982123360E+09
 0.84038982123388E+09
 0.84038982123371E+09
 0.84038982123267E+09
 0.84038982123412E+09
 0.84038982123254E+09
 0.84038982123365E+09
 0.84038982123334E+09
 0.84038982123425E+09
 0.84038982881455E+09
 0.84038982881518E+09
 0.84038982881417E+09
 0.84038982881515E+09
 0.84038982881506E+09
 0.84038982881496E+09
 0.84038982881464E+09
 0.84038982881524E+09
 0.84038982881518E+09
 0.84038982932012E+09
 0.84038982284349E+09
 0.84038982284372E+09
 0.84038982284311E+09
 0.84038982610381E+09
 0.84038982610366E+09
 0.84038982610354E+09
 0.84038982569186E+09
 0.84038982569072E+09
 0.84038982569199E+09
 0.84038982970121E+09
 0.84038982970178E+09
 0.84038982970099E+09
 0.84038982970047E+09
 0.84038982969971E+09
 0.84038982970147E+09
 0.84038982970128E+09
 0.84038982970053E+09
 0.84038982970153E+09
 0.84038982970372E+09
 0.84038982970083E+09
 0.84038982970537E+09
 0.84038982970648E+09
 0.84038982970509E+09
 0.84038982969805E+09
 0.84038982969704E+09
 0.84038982969933E+09
 0.84038982969731E+09
 0.84038983015436E+09
 0.84038983178537E+09
 0.84038983178800E+09
 0.84038983178249E+09
 0.84038983178582E+09
 0.84038983179354E+09
 0.84038983178971E+09
 0.84038983179409E+09
 0.84038983177271E+09
 0.84038983178847E+09
 0.84038983178372E+09
 0.84038983179144E+09
 0.84038983179468E+09
 0.84038983181073E+09
 0.84038983180679E+09
 0.84038983181922E+09
 0.84038983181336E+09
 0.84038983181569E+09
 0.84038983180889E+09
 0.84038983180914E+09
 0.84038982998637E+09
 0.84038982997456E+09
 0.84038982997248E+09
 0.84038982996295E+09
