 0.45387157310503E+03
 0.45387155442577E+03
 0.45387156353916E+03
 0.45387155474357E+03
 0.45387156607992E+03
 0.45387156955594E+03
 0.45387155872914E+03
 0.45387155502247E+03
 0.45387156614263E+03
 0.45387157145898E+03
 0.45387155948324E+03
 0.45387156072075E+03
 0.45387156319769E+03
 0.45387156642858E+03
 0.45387156860195E+03
 0.45387156875773E+03
 0.45387156087638E+03
 0.45387156729706E+03
 0.45387157050907E+03
 0.45387156758226E+03
 0.45391956771018E+03
 0.45388029397333E+03
 0.45387158975881E+03
 0.45387159009897E+03
 0.45387159870697E+03
 0.45387160380568E+03
 0.45387162155862E+03
 0.45387163156914E+03
 0.45387177929925E+03
 0.45387147209244E+03
 0.45387149167552E+03
 0.45387149167552E+03
 0.45387149167552E+03
 0.45387149167552E+03
 0.45387149167552E+03
 0.45387149167552E+03
 0.45387149167552E+03
 0.45387149167552E+03
 0.45387149167552E+03
 0.45387149167552E+03
 0.45387149167552E+03
 0.45387149167552E+03
 0.45387149167552E+03
 0.45387149167552E+03
 0.45387149167552E+03
 0.45387149167552E+03
 0.45387149167552E+03
 0.45387149167552E+03
 0.45387149167552E+03
 0.45387149167552E+03
 0.45387149167552E+03
 0.45387149167552E+03
 0.45387149167552E+03
 0.45387149167552E+03
 0.45387149167552E+03
 0.45387149167552E+03
 0.45387149167552E+03
 0.45387149167552E+03
 0.45387149167552E+03
 0.45387149167552E+03
 0.45387149167552E+03
 0.45387149167552E+03
 0.45387149167552E+03
 0.45387149167552E+03
 0.45387149167552E+03
 0.45387149167552E+03
 0.45387149167552E+03
 0.45387149167552E+03
 0.45387149167552E+03
 0.45387149167552E+03
 0.45387149368211E+03
 0.45387149561225E+03
 0.45387149532651E+03
 0.45387149427934E+03
 0.45387148843753E+03
 0.45387148556867E+03
 0.45387148534043E+03
 0.45387147116249E+03
 0.45387147088830E+03
 0.45387145953208E+03
 0.45387145017627E+03
 0.45387144146163E+03
 0.45387145966136E+03
 0.45387144637905E+03
 0.45387144608814E+03
 0.45387144587808E+03
 0.45387144553614E+03
 0.45387144487401E+03
 0.45387144454927E+03
 0.45387144426823E+03
 0.45387144393113E+03
 0.45387144336644E+03
 0.45387144295793E+03
 0.45387144265112E+03
 0.45387146753615E+03
 0.45387146703727E+03
 0.45387146649060E+03
 0.45387146600233E+03
 0.45387146623543E+03
 0.45387146607885E+03
 0.45387146612700E+03
 0.45387146552230E+03
 0.45387135272436E+03
 0.45387135346689E+03
 0.45387135583526E+03
 0.45387135617089E+03
 0.45387123196752E+03
 0.45387123370020E+03
 0.45387124366224E+03
 0.45387166894486E+03
 0.45387168278541E+03
 0.45387168938760E+03
 0.45387169038458E+03
 0.45387169965448E+03
 0.45387170415902E+03
 0.45387170661910E+03
 0.45387127955682E+03
 0.45387128552462E+03
 0.45387126868484E+03
 0.45387127312981E+03
 0.45387127312232E+03
 0.45387126789357E+03
 0.45387126783472E+03
 0.45387126785852E+03
 0.45387127205909E+03
 0.45387127891631E+03
 0.45387127358066E+03
 0.45387126716374E+03
 0.45387127253039E+03
 0.45387126732111E+03
 0.45387128730462E+03
 0.45387127159579E+03
 0.45387127117264E+03
 0.45387127080058E+03
 0.45387128427070E+03
 0.45387126685759E+03
 0.45387128537531E+03
 0.45387127364680E+03
 0.45387127067003E+03
 0.45387126549184E+03
 0.45387162725181E+03
 0.45387162088299E+03
 0.45387162418061E+03
 0.45387161917155E+03
 0.45387161890508E+03
 0.45387161958766E+03
 0.45387162263854E+03
 0.45387161880711E+03
 0.45387161962980E+03
 0.45387166419130E+03
 0.45387125466253E+03
 0.45387125347710E+03
 0.45387125866065E+03
 0.45387146357699E+03
 0.45387146494773E+03
 0.45387146411771E+03
 0.45387145489110E+03
 0.45387146921847E+03
 0.45387144970315E+03
 0.45387162756094E+03
 0.45387162666840E+03
 0.45387162650139E+03
 0.45387162703262E+03
 0.45387163359460E+03
 0.45387162828955E+03
 0.45387163424249E+03
 0.45387162798351E+03
 0.45387163407505E+03
 0.45387164638056E+03
 0.45387163290226E+03
 0.45387162856189E+03
 0.45387163047673E+03
 0.45387162777975E+03
 0.45387163487816E+03
 0.45387163494725E+03
 0.45387162774512E+03
 0.45387163774588E+03
 0.45387163251708E+03
 0.45387167919405E+03
 0.45387168432208E+03
 0.45387168351002E+03
 0.45387168376923E+03
 0.45387168136832E+03
 0.45387167924264E+03
 0.45387167838745E+03
 0.45387169761992E+03
 0.45387167849816E+03
 0.45387167975440E+03
 0.45387169086230E+03
 0.45387167898022E+03
 0.45387168553375E+03
 0.45387167843146E+03
 0.45387168452543E+03
 0.45387168432962E+03
 0.45387169337611E+03
 0.45387167917724E+03
 0.45387167928721E+03
 0.45387163335195E+03
 0.45387162765238E+03
 0.45387162793757E+03
 0.45387162827421E+03
