 0.27852987833631E+03
 0.27852986875250E+03
 0.27852987295891E+03
 0.27852986837012E+03
 0.27852987381800E+03
 0.27852987561815E+03
 0.27852986998421E+03
 0.27852986812405E+03
 0.27852987364598E+03
 0.27852987632758E+03
 0.27852987035796E+03
 0.27852987092164E+03
 0.27852987223022E+03
 0.27852987389668E+03
 0.27852987489804E+03
 0.27852987492139E+03
 0.27852987098164E+03
 0.27852987440964E+03
 0.27852987597655E+03
 0.27852987496968E+03
 0.27855481613839E+03
 0.27853445130753E+03
 0.27852989098262E+03
 0.27852989274085E+03
 0.27852990037796E+03
 0.27852990672969E+03
 0.27852992480070E+03
 0.27852993180006E+03
 0.27853006770109E+03
 0.27853006608632E+03
 0.27853007820496E+03
 0.27853007820496E+03
 0.27853007820496E+03
 0.27853007820496E+03
 0.27853007820496E+03
 0.27853007820496E+03
 0.27853007820496E+03
 0.27853007820496E+03
 0.27853007820496E+03
 0.27853007820496E+03
 0.27853007820496E+03
 0.27853007820496E+03
 0.27853007820496E+03
 0.27853007820496E+03
 0.27853007820496E+03
 0.27853007820496E+03
 0.27853007820496E+03
 0.27853007820496E+03
 0.27853007820496E+03
 0.27853007820496E+03
 0.27853007820496E+03
 0.27853007820496E+03
 0.27853007820496E+03
 0.27853007820496E+03
 0.27853007820496E+03
 0.27853007820496E+03
 0.27853007820496E+03
 0.27853007820496E+03
 0.27853007820496E+03
 0.27853007820496E+03
 0.27853007820496E+03
 0.27853007820496E+03
 0.27853007820496E+03
 0.27853007820496E+03
 0.27853007820496E+03
 0.27853007820496E+03
 0.27853007820496E+03
 0.27853007820496E+03
 0.27853007820496E+03
 0.27853007820496E+03
 0.27853007659214E+03
 0.27853007514627E+03
 0.27853007468570E+03
 0.27853007286282E+03
 0.27853006588097E+03
 0.27853006256421E+03
 0.27853006240688E+03
 0.27853004816127E+03
 0.27853004785288E+03
 0.27853003890088E+03
 0.27853003174295E+03
 0.27853002677588E+03
 0.27853009074584E+03
 0.27853008333608E+03
 0.27853008308227E+03
 0.27853008301171E+03
 0.27853008296626E+03
 0.27853008289913E+03
 0.27853008282529E+03
 0.27853008278576E+03
 0.27853008286815E+03
 0.27853008300957E+03
 0.27853008323836E+03
 0.27853008339480E+03
 0.27853004622784E+03
 0.27853004658492E+03
 0.27853004715856E+03
 0.27853004773323E+03
 0.27853000421547E+03
 0.27853000464613E+03
 0.27853000521417E+03
 0.27853000559809E+03
 0.27852990106761E+03
 0.27852990191692E+03
 0.27852990488330E+03
 0.27852990525134E+03
 0.27852979508445E+03
 0.27852979662402E+03
 0.27852980665477E+03
 0.27852998087480E+03
 0.27852999227535E+03
 0.27852999446275E+03
 0.27852999227080E+03
 0.27852999816627E+03
 0.27853000058596E+03
 0.27853000245162E+03
 0.27852974610521E+03
 0.27852975169458E+03
 0.27852973457547E+03
 0.27852973947308E+03
 0.27852973945602E+03
 0.27852973366906E+03
 0.27852973357517E+03
 0.27852973377144E+03
 0.27852973846138E+03
 0.27852974513892E+03
 0.27852974025454E+03
 0.27852973311641E+03
 0.27852973898400E+03
 0.27852973357045E+03
 0.27852975405462E+03
 0.27852973837502E+03
 0.27852973764976E+03
 0.27852973754810E+03
 0.27852975127407E+03
 0.27852973351816E+03
 0.27852975243474E+03
 0.27852974054428E+03
 0.27852973812322E+03
 0.27852973243524E+03
 0.27852997418540E+03
 0.27852996769596E+03
 0.27852997153551E+03
 0.27852996607638E+03
 0.27852996589592E+03
 0.27852996666996E+03
 0.27852996981593E+03
 0.27852996589142E+03
 0.27852996684260E+03
 0.27852997220392E+03
 0.27852981178230E+03
 0.27852981055177E+03
 0.27852981623408E+03
 0.27852996865821E+03
 0.27852996943319E+03
 0.27852996891683E+03
 0.27852991267458E+03
 0.27852992635948E+03
 0.27852990793437E+03
 0.27853007689270E+03
 0.27853007629765E+03
 0.27853007618396E+03
 0.27853007658688E+03
 0.27853008323084E+03
 0.27853007793427E+03
 0.27853008378242E+03
 0.27853007752251E+03
 0.27853008385739E+03
 0.27853009576516E+03
 0.27853008284683E+03
 0.27853007811415E+03
 0.27853007901850E+03
 0.27853007715464E+03
 0.27853008412827E+03
 0.27853008392004E+03
 0.27853007695487E+03
 0.27853008657306E+03
 0.27853012383908E+03
 0.27853013687697E+03
 0.27853014289093E+03
 0.27853014178709E+03
 0.27853014178688E+03
 0.27853013817207E+03
 0.27853013687266E+03
 0.27853013611795E+03
 0.27853015509539E+03
 0.27853013626821E+03
 0.27853013739033E+03
 0.27853014840605E+03
 0.27853013652642E+03
 0.27853014341131E+03
 0.27853013624756E+03
 0.27853014202679E+03
 0.27853014247076E+03
 0.27853015101615E+03
 0.27853013677445E+03
 0.27853013700355E+03
 0.27853016092893E+03
 0.27853015469988E+03
 0.27853015480386E+03
 0.27853015494638E+03
