 0.10000000000000E+01
 0.11000000000000E+02
 0.21000000000000E+02
 0.31000000000000E+02
 0.41000000000000E+02
 0.51000000000000E+02
 0.61000000000000E+02
 0.71000000000000E+02
 0.81000000000000E+02
 0.91000000000000E+02
 0.10100000000000E+03
 0.11100000000000E+03
 0.12100000000000E+03
 0.13100000000000E+03
 0.14100000000000E+03
 0.15100000000000E+03
 0.16100000000000E+03
 0.17100000000000E+03
 0.18100000000000E+03
 0.19100000000000E+03
 0.20100000000000E+03
 0.21100000000000E+03
 0.22100000000000E+03
 0.23100000000000E+03
 0.24100000000000E+03
 0.25100000000000E+03
 0.26100000000000E+03
 0.27100000000000E+03
 0.28100000000000E+03
 0.29100000000000E+03
 0.30100000000000E+03
 0.31100000000000E+03
 0.32100000000000E+03
 0.33100000000000E+03
 0.34100000000000E+03
 0.35100000000000E+03
 0.36100000000000E+03
 0.37100000000000E+03
 0.38100000000000E+03
 0.39100000000000E+03
 0.40100000000000E+03
 0.41100000000000E+03
 0.42100000000000E+03
 0.43100000000000E+03
 0.44100000000000E+03
 0.45100000000000E+03
 0.46100000000000E+03
 0.47100000000000E+03
 0.48100000000000E+03
 0.49100000000000E+03
 0.50100000000000E+03
 0.51100000000000E+03
 0.52100000000000E+03
 0.53100000000000E+03
 0.54100000000000E+03
 0.55100000000000E+03
 0.56100000000000E+03
 0.57100000000000E+03
 0.58100000000000E+03
 0.59100000000000E+03
 0.60100000000000E+03
 0.61100000000000E+03
 0.62100000000000E+03
 0.63100000000000E+03
 0.64100000000000E+03
 0.65100000000000E+03
 0.66100000000000E+03
 0.67100000000000E+03
 0.68100000000000E+03
 0.69100000000000E+03
 0.70100000000000E+03
 0.71100000000000E+03
 0.72100000000000E+03
 0.73100000000000E+03
 0.74100000000000E+03
 0.75100000000000E+03
 0.76100000000000E+03
 0.77100000000000E+03
 0.78100000000000E+03
 0.79100000000000E+03
 0.80100000000000E+03
 0.81100000000000E+03
 0.82100000000000E+03
 0.83100000000000E+03
 0.84100000000000E+03
 0.85100000000000E+03
 0.86100000000000E+03
 0.87100000000000E+03
 0.88100000000000E+03
 0.89100000000000E+03
 0.90100000000000E+03
 0.91100000000000E+03
 0.92100000000000E+03
 0.93100000000000E+03
 0.94100000000000E+03
 0.95100000000000E+03
 0.96100000000000E+03
 0.97100000000000E+03
 0.98100000000000E+03
 0.99100000000000E+03
 0.10010000000000E+04
 0.10110000000000E+04
 0.10210000000000E+04
 0.10310000000000E+04
 0.10410000000000E+04
 0.10510000000000E+04
 0.10610000000000E+04
 0.10710000000000E+04
 0.10810000000000E+04
 0.10910000000000E+04
 0.11010000000000E+04
 0.11110000000000E+04
 0.11210000000000E+04
 0.11310000000000E+04
 0.11410000000000E+04
 0.11510000000000E+04
 0.11610000000000E+04
 0.11710000000000E+04
 0.11810000000000E+04
 0.11910000000000E+04
 0.12010000000000E+04
 0.12110000000000E+04
 0.12210000000000E+04
 0.12310000000000E+04
 0.12410000000000E+04
 0.12510000000000E+04
 0.12610000000000E+04
 0.12710000000000E+04
 0.12810000000000E+04
 0.12910000000000E+04
 0.13010000000000E+04
 0.13110000000000E+04
 0.13210000000000E+04
 0.13310000000000E+04
 0.13410000000000E+04
 0.13510000000000E+04
 0.13610000000000E+04
 0.13710000000000E+04
 0.13810000000000E+04
 0.13910000000000E+04
 0.14010000000000E+04
 0.14110000000000E+04
 0.14210000000000E+04
 0.14310000000000E+04
 0.14410000000000E+04
 0.14510000000000E+04
 0.14610000000000E+04
 0.14710000000000E+04
 0.14810000000000E+04
 0.14910000000000E+04
 0.15010000000000E+04
 0.15110000000000E+04
 0.15210000000000E+04
 0.15310000000000E+04
 0.15410000000000E+04
 0.15510000000000E+04
 0.15610000000000E+04
 0.15710000000000E+04
 0.15810000000000E+04
 0.15910000000000E+04
 0.16010000000000E+04
 0.16110000000000E+04
 0.16210000000000E+04
 0.16310000000000E+04
 0.16410000000000E+04
 0.16510000000000E+04
 0.16610000000000E+04
 0.16710000000000E+04
 0.16810000000000E+04
 0.16910000000000E+04
 0.17010000000000E+04
 0.17110000000000E+04
 0.17210000000000E+04
 0.17310000000000E+04
 0.17410000000000E+04
 0.17510000000000E+04
 0.17610000000000E+04
 0.17710000000000E+04
 0.17810000000000E+04
 0.17910000000000E+04
 0.18010000000000E+04
 0.18110000000000E+04
 0.18210000000000E+04
 0.18310000000000E+04
 0.18410000000000E+04
 0.18510000000000E+04
 0.18610000000000E+04
 0.18710000000000E+04
 0.18810000000000E+04
 0.18910000000000E+04
 0.19010000000000E+04
 0.19110000000000E+04
 0.19210000000000E+04
 0.19310000000000E+04
 0.19410000000000E+04
 0.19510000000000E+04
 0.19610000000000E+04
 0.19710000000000E+04
 0.19810000000000E+04
 0.19910000000000E+04
 0.20010000000000E+04
