-0.83173742185865E+09
-0.83173860036727E+09
-0.83174172051883E+09
-0.83174676724602E+09
-0.83175373489955E+09
-0.83176263407095E+09
-0.83177347214159E+09
-0.83178622902083E+09
-0.83180077690269E+09
-0.83181701101468E+09
-0.83183509416830E+09
-0.83185797991076E+09
-0.83188057081168E+09
-0.83190085173235E+09
-0.83192922532512E+09
-0.83195483007560E+09
-0.83199071561344E+09
-0.83201632198234E+09
-0.83205617981393E+09
-0.83208998665883E+09
-0.83206945647663E+09
-0.83213696767461E+09
-0.83220962235463E+09
-0.83225530217745E+09
-0.83229978212461E+09
-0.83234883981107E+09
-0.83239996051483E+09
-0.83245277245971E+09
-0.83250770526886E+09
-0.83256491879676E+09
-0.83262431057437E+09
-0.83268570188847E+09
-0.83274953627176E+09
-0.83281576199856E+09
-0.83288440378036E+09
-0.83295549887979E+09
-0.83302909121327E+09
-0.83310523000061E+09
-0.83318396951242E+09
-0.83326536922587E+09
-0.83334949419155E+09
-0.83343641554625E+09
-0.83352621115268E+09
-0.83361896636714E+09
-0.83371477494736E+09
-0.83381374012110E+09
-0.83391597584341E+09
-0.83402160827949E+09
-0.83413077755944E+09
-0.83424363986432E+09
-0.83436036991882E+09
-0.83448116398679E+09
-0.83460624349399E+09
-0.83473585943916E+09
-0.83487029780521E+09
-0.83500988625079E+09
-0.83515500245867E+09
-0.83530608465201E+09
-0.83546364498358E+09
-0.83562828678675E+09
-0.83580072710181E+09
-0.83598182654571E+09
-0.83617262963552E+09
-0.83637442040830E+09
-0.83658880122459E+09
-0.83681780840908E+09
-0.83706409051017E+09
-0.83733120460982E+09
-0.83762417691596E+09
-0.83795087405568E+09
-0.83832856923869E+09
-0.83876831619590E+09
-0.83920922591905E+09
-0.83974676581694E+09
-0.84032974113976E+09
-0.84116936350730E+09
-0.84206236455344E+09
-0.84354731734845E+09
-0.84560029322083E+09
-0.84894037293522E+09
-0.85621588471482E+09
-0.87463053073689E+09
-0.10244283391693E+10
-0.89446599704052E+09
-0.85045435389795E+09
-0.84040715300358E+09
-0.82522126400889E+09
-0.83742527252931E+09
-0.85034028153575E+09
-0.84376031186065E+09
-0.83864927976562E+09
-0.83321522033004E+09
-0.83721581878881E+09
-0.84310028893677E+09
-0.84624898470494E+09
-0.83404670083281E+09
-0.84110122593357E+09
-0.84258579954861E+09
-0.84046359688002E+09
-0.84057867694483E+09
-0.84057274622790E+09
-0.84065970290535E+09
-0.84082295565554E+09
-0.84112940005353E+09
-0.84128373100937E+09
-0.84142463314481E+09
-0.84174504211099E+09
-0.84181991462958E+09
-0.84199162433386E+09
-0.84225028527794E+09
-0.84239359544845E+09
-0.84248750652464E+09
-0.84264866579153E+09
-0.84264240904357E+09
-0.84302233194812E+09
-0.84302116900153E+09
-0.84320069398395E+09
-0.84320163676617E+09
-0.84347316299716E+09
-0.84358489761466E+09
-0.84369124707131E+09
-0.84384299441308E+09
-0.84400265671517E+09
-0.84427938250421E+09
-0.84433471891736E+09
-0.84446562613436E+09
-0.84445085484592E+09
-0.84469062139926E+09
-0.84488275554021E+09
-0.84512256222911E+09
-0.84523936680057E+09
-0.84524989183341E+09
-0.84555606492885E+09
-0.84567832540185E+09
-0.84567701715297E+09
-0.84593294852121E+09
-0.84618627640849E+09
-0.84623128384272E+09
-0.84644943659347E+09
-0.84641753341832E+09
-0.84656488554939E+09
-0.84691871400420E+09
-0.84705160288694E+09
-0.84736810399814E+09
-0.84731047699028E+09
-0.84755100277189E+09
-0.84774935400815E+09
-0.84785865025860E+09
-0.84803180126713E+09
-0.84812175354949E+09
-0.84841162866299E+09
-0.84857647729840E+09
-0.84855512660825E+09
-0.84869219547957E+09
-0.84886471898342E+09
-0.84890721511880E+09
-0.84932690715594E+09
-0.84946575072909E+09
-0.84982377334430E+09
-0.84976474503263E+09
-0.85007958821607E+09
-0.85022037172447E+09
-0.85029851507177E+09
-0.85030900953486E+09
-0.85083578094924E+09
-0.85080997607391E+09
-0.85090141498969E+09
-0.85110124718221E+09
-0.85136652804781E+09
-0.85159910113538E+09
-0.85148156013648E+09
-0.85194331082079E+09
-0.85190440760430E+09
-0.85218957938348E+09
-0.85238361909485E+09
-0.85259975470900E+09
-0.85277309047014E+09
-0.85282547782894E+09
-0.85295068246419E+09
-0.85332029027494E+09
-0.85343103428481E+09
-0.85358433750616E+09
-0.85390822022354E+09
-0.85410727445001E+09
-0.85423444668110E+09
-0.85439974806108E+09
-0.85454545502404E+09
-0.85475693683224E+09
-0.85491371922314E+09
-0.85492283027398E+09
-0.85524822178967E+09
-0.85557323506230E+09
-0.85563719105892E+09
-0.85581009056689E+09
-0.85593168714814E+09
-0.85625700597463E+09
-0.85645065016368E+09
-0.85665284258582E+09
-0.85698734319522E+09
-0.85700874534508E+09
-0.85722000070156E+09
