 0.21709937495280E+08
 0.21709937721323E+08
 0.21709937529978E+08
 0.21709937836408E+08
 0.21709937445162E+08
 0.21709937403948E+08
 0.21709937682635E+08
 0.21709937724666E+08
 0.21709937442550E+08
 0.21709937256949E+08
 0.21709937609934E+08
 0.21709937406706E+08
 0.21709937367796E+08
 0.21709937394976E+08
 0.21709937406988E+08
 0.21709937159828E+08
 0.21709937367711E+08
 0.21709937097837E+08
 0.21709937075692E+08
 0.21709936932804E+08
 0.21708400602446E+08
 0.21709637316372E+08
 0.21709935825392E+08
 0.21709935465137E+08
 0.21709935069923E+08
 0.21709934889393E+08
 0.21709934109402E+08
 0.21709933344523E+08
 0.21709927577848E+08
 0.21709932697600E+08
 0.21709933070173E+08
 0.21709933070173E+08
 0.21709933070173E+08
 0.21709933070173E+08
 0.21709933070173E+08
 0.21709933070173E+08
 0.21709933070173E+08
 0.21709933070173E+08
 0.21709933070173E+08
 0.21709933070173E+08
 0.21709933070173E+08
 0.21709933070173E+08
 0.21709933070173E+08
 0.21709933070173E+08
 0.21709933070173E+08
 0.21709933070173E+08
 0.21709933070173E+08
 0.21709933070173E+08
 0.21709933070173E+08
 0.21709933070173E+08
 0.21709933070173E+08
 0.21709933070173E+08
 0.21709933070173E+08
 0.21709933070173E+08
 0.21709933070173E+08
 0.21709933070173E+08
 0.21709933070173E+08
 0.21709933070173E+08
 0.21709933070173E+08
 0.21709933070173E+08
 0.21709933070173E+08
 0.21709933070173E+08
 0.21709933070173E+08
 0.21709933070173E+08
 0.21709933070173E+08
 0.21709933070173E+08
 0.21709933070173E+08
 0.21709933070173E+08
 0.21709933070173E+08
 0.21709933070173E+08
 0.21709933212724E+08
 0.21709933322942E+08
 0.21709933335993E+08
 0.21709933402630E+08
 0.21709933578663E+08
 0.21709933661324E+08
 0.21709933662089E+08
 0.21709933968484E+08
 0.21709933978082E+08
 0.21709934275704E+08
 0.21709934315440E+08
 0.21709934496807E+08
 0.21709933821875E+08
 0.21709933885432E+08
 0.21709933872137E+08
 0.21709933864992E+08
 0.21709933853530E+08
 0.21709933829590E+08
 0.21709933810167E+08
 0.21709933790981E+08
 0.21709933771450E+08
 0.21709933736670E+08
 0.21709933707366E+08
 0.21709933681403E+08
 0.21709933380568E+08
 0.21709933341545E+08
 0.21709933293918E+08
 0.21709933259186E+08
 0.21709933299172E+08
 0.21709933278148E+08
 0.21709933252132E+08
 0.21709933419132E+08
 0.21709937381781E+08
 0.21709937416280E+08
 0.21709937366911E+08
 0.21709937367349E+08
 0.21709940994398E+08
 0.21709940954793E+08
 0.21709940876574E+08
 0.21709930133508E+08
 0.21709929789630E+08
 0.21709929570382E+08
 0.21709929259667E+08
 0.21709929344964E+08
 0.21709929568007E+08
 0.21709929636180E+08
 0.21709941525263E+08
 0.21709941478026E+08
 0.21709941952090E+08
 0.21709941873464E+08
 0.21709941898166E+08
 0.21709942052952E+08
 0.21709942062827E+08
 0.21709942165802E+08
 0.21709942081180E+08
 0.21709941991451E+08
 0.21709942084869E+08
 0.21709942262861E+08
 0.21709942236373E+08
 0.21709942399588E+08
 0.21709942014746E+08
 0.21709942317775E+08
 0.21709942365031E+08
 0.21709942477098E+08
 0.21709942232106E+08
 0.21709942609175E+08
 0.21709942247748E+08
 0.21709942474516E+08
 0.21709942623700E+08
 0.21709942788209E+08
 0.21709932618258E+08
 0.21709932762451E+08
 0.21709932735959E+08
 0.21709932898719E+08
 0.21709932935154E+08
 0.21709932930464E+08
 0.21709932868180E+08
 0.21709932995165E+08
 0.21709932995810E+08
 0.21709931856604E+08
 0.21709942520049E+08
 0.21709942556417E+08
 0.21709942396873E+08
 0.21709936454302E+08
 0.21709936379563E+08
 0.21709936361643E+08
 0.21709936858648E+08
 0.21709936277885E+08
 0.21709937209519E+08
 0.21709931656032E+08
 0.21709931787977E+08
 0.21709931819699E+08
 0.21709931766199E+08
 0.21709931566393E+08
 0.21709931747419E+08
 0.21709931515237E+08
 0.21709931743325E+08
 0.21709931426627E+08
 0.21709931167375E+08
 0.21709931574168E+08
 0.21709931711363E+08
 0.21709931312238E+08
 0.21709931692404E+08
 0.21709931458924E+08
 0.21709931410341E+08
 0.21709931707806E+08
 0.21709931277162E+08
 0.21709930649180E+08
 0.21709929464622E+08
 0.21709929416121E+08
 0.21709929411592E+08
 0.21709929324722E+08
 0.21709929102425E+08
 0.21709929444027E+08
 0.21709929524981E+08
 0.21709929000643E+08
 0.21709929556976E+08
 0.21709929483876E+08
 0.21709929112652E+08
 0.21709929440897E+08
 0.21709929277176E+08
 0.21709929529666E+08
 0.21709929159082E+08
 0.21709929242566E+08
 0.21709929021945E+08
 0.21709929417501E+08
 0.21709929485434E+08
 0.21709930943496E+08
 0.21709931169710E+08
 0.21709931094364E+08
 0.21709931055922E+08
