 0.81759115845944E+07
 0.81759117800445E+07
 0.81759116266007E+07
 0.81759117894871E+07
 0.81759115535573E+07
 0.81759115184870E+07
 0.81759116827458E+07
 0.81759117229110E+07
 0.81759115402153E+07
 0.81759114362142E+07
 0.81759116501410E+07
 0.81759115621139E+07
 0.81759115350461E+07
 0.81759115267154E+07
 0.81759115117255E+07
 0.81759114144037E+07
 0.81759115453437E+07
 0.81759114136388E+07
 0.81759113815682E+07
 0.81759113740913E+07
 0.81750677600829E+07
 0.81757528172903E+07
 0.81759110981604E+07
 0.81759110534556E+07
 0.81759110428511E+07
 0.81759111640654E+07
 0.81759112916359E+07
 0.81759110538457E+07
 0.81759115382166E+07
 0.81759244393833E+07
 0.81759245856217E+07
 0.81759245856217E+07
 0.81759245856217E+07
 0.81759245856217E+07
 0.81759245856217E+07
 0.81759245856217E+07
 0.81759245856217E+07
 0.81759245856217E+07
 0.81759245856217E+07
 0.81759245856217E+07
 0.81759245856217E+07
 0.81759245856217E+07
 0.81759245856217E+07
 0.81759245856217E+07
 0.81759245856217E+07
 0.81759245856217E+07
 0.81759245856217E+07
 0.81759245856217E+07
 0.81759245856217E+07
 0.81759245856217E+07
 0.81759245856217E+07
 0.81759245856217E+07
 0.81759245856217E+07
 0.81759245856217E+07
 0.81759245856217E+07
 0.81759245856217E+07
 0.81759245856217E+07
 0.81759245856217E+07
 0.81759245856217E+07
 0.81759245856217E+07
 0.81759245856217E+07
 0.81759245856217E+07
 0.81759245856217E+07
 0.81759245856217E+07
 0.81759245856217E+07
 0.81759245856217E+07
 0.81759245856217E+07
 0.81759245856217E+07
 0.81759245856217E+07
 0.81759245856217E+07
 0.81759244723287E+07
 0.81759243594145E+07
 0.81759243475857E+07
 0.81759243033911E+07
 0.81759241702620E+07
 0.81759241100308E+07
 0.81759241093049E+07
 0.81759238991617E+07
 0.81759238945505E+07
 0.81759238902190E+07
 0.81759238220247E+07
 0.81759239126886E+07
 0.81759267583469E+07
 0.81759268258008E+07
 0.81759268163741E+07
 0.81759268171089E+07
 0.81759268224436E+07
 0.81759268333415E+07
 0.81759268333915E+07
 0.81759268339701E+07
 0.81759268435967E+07
 0.81759268591457E+07
 0.81759268762595E+07
 0.81759268867194E+07
 0.81759236948944E+07
 0.81759237191354E+07
 0.81759237545712E+07
 0.81759237928194E+07
 0.81759212446548E+07
 0.81759212676616E+07
 0.81759212894776E+07
 0.81759213966940E+07
 0.81759208161061E+07
 0.81759208522069E+07
 0.81759209224386E+07
 0.81759209321181E+07
 0.81759203051503E+07
 0.81759203181955E+07
 0.81759205187129E+07
 0.81759113790944E+07
 0.81759114202506E+07
 0.81759112282393E+07
 0.81759109466218E+07
 0.81759109908828E+07
 0.81759110546479E+07
 0.81759111012192E+07
 0.81759159150926E+07
 0.81759160104375E+07
 0.81759157906405E+07
 0.81759158884164E+07
 0.81759158969872E+07
 0.81759158039190E+07
 0.81759158042463E+07
 0.81759158536915E+07
 0.81759159458227E+07
 0.81759160570056E+07
 0.81759159976657E+07
 0.81759158768198E+07
 0.81759160179698E+07
 0.81759159492966E+07
 0.81759162869886E+07
 0.81759160465454E+07
 0.81759160370089E+07
 0.81759160866486E+07
 0.81759163149108E+07
 0.81759160418561E+07
 0.81759163491457E+07
 0.81759161590335E+07
 0.81759161803265E+07
 0.81759160949092E+07
 0.81759134242205E+07
 0.81759133269955E+07
 0.81759134236252E+07
 0.81759133448914E+07
 0.81759133576182E+07
 0.81759133767025E+07
 0.81759134280238E+07
 0.81759133834836E+07
 0.81759134099282E+07
 0.81759116902207E+07
 0.81759210423551E+07
 0.81759210265177E+07
 0.81759211132791E+07
 0.81759204411643E+07
 0.81759204091309E+07
 0.81759204019712E+07
 0.81759176197037E+07
 0.81759176882190E+07
 0.81759176604631E+07
 0.81759190804114E+07
 0.81759191273229E+07
 0.81759191386121E+07
 0.81759191229793E+07
 0.81759192013728E+07
 0.81759191497250E+07
 0.81759191911476E+07
 0.81759191350363E+07
 0.81759191682110E+07
 0.81759193263179E+07
 0.81759192066996E+07
 0.81759191368955E+07
 0.81759189706913E+07
 0.81759191016030E+07
 0.81759191673429E+07
 0.81759191343330E+07
 0.81759190969232E+07
 0.81759191391026E+07
 0.81759212787861E+07
 0.81759199164543E+07
 0.81759200665045E+07
 0.81759200292512E+07
 0.81759199871850E+07
 0.81759197777504E+07
 0.81759199066947E+07
 0.81759199236849E+07
 0.81759201474432E+07
 0.81759199405669E+07
 0.81759199336556E+07
 0.81759200403706E+07
 0.81759198946434E+07
 0.81759200010750E+07
 0.81759199314725E+07
 0.81759199116461E+07
 0.81759199762048E+07
 0.81759200688772E+07
 0.81759198932953E+07
 0.81759199283666E+07
 0.81759235370041E+07
 0.81759234618435E+07
 0.81759234292980E+07
 0.81759234110597E+07
