-0.62010377431159E+08
-0.68213598218212E+09
-0.13023707823115E+10
-0.19228142428620E+10
-0.25435661983611E+10
-0.31647270311936E+10
-0.37863978528038E+10
-0.44086806886853E+10
-0.50316786681551E+10
-0.56554962199616E+10
-0.62802392748322E+10
-0.69060154761464E+10
-0.75329344000048E+10
-0.81611077860699E+10
-0.87906497806756E+10
-0.94216771938459E+10
-0.10054309772026E+11
-0.10688670488520E+11
-0.11324885853850E+11
-0.11963086248516E+11
-0.12603406280903E+11
-0.13245985173476E+11
-0.13890967180749E+11
-0.14538502043017E+11
-0.15188745480358E+11
-0.15841859732068E+11
-0.16498014147410E+11
-0.17157385834457E+11
-0.17820160374818E+11
-0.18486532613270E+11
-0.19156707532769E+11
-0.19830901227027E+11
-0.20509341984941E+11
-0.21192271503629E+11
-0.21879946249836E+11
-0.22572638993160E+11
-0.23270640538975E+11
-0.23974261694418E+11
-0.24683835507581E+11
-0.25399719828401E+11
-0.26122300250278E+11
-0.26851993504592E+11
-0.27589251397055E+11
-0.28334565396168E+11
-0.29088472011564E+11
-0.29851559135761E+11
-0.30624473569721E+11
-0.31407930014757E+11
-0.32202721896531E+11
-0.33009734499806E+11
-0.33829961047629E+11
-0.34664522574642E+11
-0.35514692749821E+11
-0.36381929243769E+11
-0.37267913880469E+11
-0.38174604778823E+11
-0.39104305168353E+11
-0.40059755889701E+11
-0.41044262358934E+11
-0.42061873089429E+11
-0.43117637868883E+11
-0.44217993761706E+11
-0.45371365768652E+11
-0.46589148503552E+11
-0.47887412722694E+11
-0.49290120022236E+11
-0.50835879168577E+11
-0.52594608932360E+11
-0.54721018753069E+11
-0.57760901079339E+11
-0.89922375022514E+11
-0.20173375975586E+12
-0.35866620837075E+12
-0.54884546179621E+12
-0.76606212733599E+12
-0.10065071158356E+13
-0.12672388020713E+13
-0.15461527398265E+13
-0.18414693968852E+13
-0.21519201271609E+13
-0.24763948586559E+13
-0.28137692425926E+13
-0.31635189584068E+13
-0.35248395760527E+13
-0.38970506818463E+13
-0.42803797531566E+13
-0.46738800461195E+13
-0.50761704516902E+13
-0.54912794980146E+13
-0.59171937918423E+13
-0.63502258767367E+13
-0.67980226052776E+13
-0.72589707282499E+13
-0.77296646981855E+13
-0.82200659581051E+13
-0.87230155381271E+13
-0.92497220863311E+13
-0.97950511382395E+13
-0.10370199926233E+14
-0.10972574619998E+14
-0.11607134515425E+14
-0.12277851434101E+14
-0.12982678958706E+14
-0.13723815582189E+14
-0.14480964983698E+14
-0.15242542914790E+14
-0.15984774059906E+14
-0.16687621993615E+14
-0.17346324918267E+14
-0.17974825684722E+14
-0.18578355373407E+14
-0.19187704179923E+14
-0.19801270135837E+14
-0.20423705916445E+14
-0.21065179523825E+14
-0.21718739667599E+14
-0.22374346236147E+14
-0.23051209899906E+14
-0.23735988265117E+14
-0.24430628894128E+14
-0.25125502752637E+14
-0.25834056426454E+14
-0.26553212868477E+14
-0.27279006748070E+14
-0.28012771048823E+14
-0.28760639864118E+14
-0.29492179030971E+14
-0.30246557227933E+14
-0.31007628703749E+14
-0.31776337819695E+14
-0.32539683602312E+14
-0.33323482632958E+14
-0.34110717661179E+14
-0.34905074262650E+14
-0.35708220771801E+14
-0.36505315676206E+14
-0.37315765080153E+14
-0.38139887969768E+14
-0.38965728309259E+14
-0.39804905305520E+14
-0.40656902922618E+14
-0.41474544495363E+14
-0.42332500919641E+14
-0.43193359318566E+14
-0.44061725563739E+14
-0.44951042771089E+14
-0.45796946872040E+14
-0.46689744481345E+14
-0.47585035078825E+14
-0.48484033311131E+14
-0.49401177268457E+14
-0.50284585706276E+14
-0.51212041461922E+14
-0.52136306741244E+14
-0.53072027876104E+14
-0.54022918122844E+14
-0.54938805905257E+14
-0.55896061830590E+14
-0.56858973444111E+14
-0.57826882504734E+14
-0.58812696085591E+14
-0.59760183491636E+14
-0.60749082314814E+14
-0.61749147933469E+14
-0.62749337230179E+14
-0.63767988915789E+14
-0.64747142495758E+14
-0.65769950363504E+14
-0.66807158209046E+14
-0.67842554873855E+14
-0.68894362653231E+14
-0.69950147514569E+14
-0.70971446507407E+14
-0.72033415822598E+14
-0.73112115337042E+14
-0.74192682792090E+14
-0.75276448794019E+14
-0.76387774573134E+14
-0.77427200036512E+14
-0.78546696952609E+14
-0.79652014390114E+14
-0.80777263579340E+14
-0.81911475136502E+14
-0.82999874390121E+14
-0.84146905975925E+14
-0.85307640060390E+14
-0.86458662131045E+14
-0.87616782675952E+14
-0.88794613166499E+14
-0.89927446457771E+14
-0.91114387320300E+14
-0.92301789194860E+14
-0.93504559967862E+14
-0.94703420071473E+14
-0.95926794518814E+14
-0.97099636474777E+14
-0.98345867656100E+14
-0.99548438019652E+14
-0.10079653035296E+15
-0.10202645464368E+15
-0.10330400729866E+15
