 0.14164679662602E+04
 0.14164679662602E+04
 0.14164679662602E+04
 0.14164679662602E+04
 0.14164679662602E+04
 0.14164679662602E+04
 0.14164679662602E+04
 0.14164679662602E+04
 0.14164679662602E+04
 0.14164679662602E+04
 0.14164679662602E+04
 0.14164679662602E+04
 0.14164679662602E+04
 0.14164679662602E+04
 0.14164679662602E+04
 0.14164679662602E+04
 0.14164679662602E+04
 0.14164679662602E+04
 0.14164679662602E+04
 0.14164679662602E+04
 0.14164679662602E+04
 0.14164679662602E+04
 0.14164679662602E+04
 0.14164679662602E+04
 0.14164679662602E+04
 0.14164679662602E+04
 0.14164679662602E+04
 0.14164679662602E+04
 0.14164679662602E+04
 0.14164679662602E+04
 0.14164679662602E+04
 0.14164679662602E+04
 0.14164679662602E+04
 0.14164679662602E+04
 0.14164679662602E+04
 0.14164679662602E+04
 0.14164679662602E+04
 0.14164679662602E+04
 0.14164679662602E+04
 0.14164679662602E+04
 0.14164679662602E+04
 0.14164679662602E+04
 0.14164679662602E+04
 0.14164679662602E+04
 0.14164679662602E+04
 0.14164679662602E+04
 0.14164679662602E+04
 0.14164679662602E+04
 0.14164679662602E+04
 0.14164679662602E+04
 0.14164679662602E+04
 0.14164679662602E+04
 0.14164679662602E+04
 0.14164679662602E+04
 0.14164679662602E+04
 0.14164679662602E+04
 0.14164679662602E+04
 0.14164679662602E+04
 0.14164679662602E+04
 0.14164679662602E+04
 0.14164679662602E+04
 0.14164679662602E+04
 0.14164679662602E+04
 0.14164679662602E+04
 0.14164679662602E+04
 0.14164679662602E+04
 0.14164679662602E+04
 0.14164679662602E+04
 0.14164679662602E+04
 0.14164679662602E+04
 0.14164679665114E+04
 0.14164679665623E+04
 0.14164679658292E+04
 0.14164679614735E+04
 0.14164679600083E+04
 0.14164679557101E+04
 0.14164679554845E+04
 0.14164679545036E+04
 0.14164679546283E+04
 0.14164679532018E+04
 0.14164679493072E+04
 0.14164679490475E+04
 0.14164679493967E+04
 0.14164679389728E+04
 0.14164679377014E+04
 0.14164679379788E+04
 0.14164679305923E+04
 0.14164679286810E+04
 0.14164679296642E+04
 0.14164679272713E+04
 0.14164679246727E+04
 0.14164679245537E+04
 0.14164679199254E+04
 0.14164679192871E+04
 0.14164679182570E+04
 0.14164679115428E+04
 0.14164679104368E+04
 0.14164679074870E+04
 0.14164679067578E+04
 0.14164679079437E+04
 0.14164679099382E+04
 0.14164679136045E+04
 0.14164679236629E+04
 0.14164679283241E+04
 0.14164679514849E+04
 0.14164679456815E+04
 0.14164679683099E+04
 0.14164679591454E+04
 0.14164679642081E+04
 0.14164679719421E+04
 0.14164679819215E+04
 0.14164679866204E+04
 0.14164679724536E+04
 0.14164679718096E+04
 0.14164679707863E+04
 0.14164679709468E+04
 0.14164679713863E+04
 0.14164679759078E+04
 0.14164679701154E+04
 0.14164679824349E+04
 0.14164679676862E+04
 0.14164679591254E+04
 0.14164679579393E+04
 0.14164679513307E+04
 0.14164679496716E+04
 0.14164679500298E+04
 0.14164679496111E+04
 0.14164679434645E+04
 0.14164679532458E+04
 0.14164679528418E+04
 0.14164679431863E+04
 0.14164679376585E+04
 0.14164679440868E+04
 0.14164679313196E+04
 0.14164679418776E+04
 0.14164679302947E+04
 0.14164679250214E+04
 0.14164679290155E+04
 0.14164679374465E+04
 0.14164679276865E+04
 0.14164679338069E+04
 0.14164679173729E+04
 0.14164679185377E+04
 0.14164679166894E+04
 0.14164679140512E+04
 0.14164679137156E+04
 0.14164679233216E+04
 0.14164679132740E+04
 0.14164679309887E+04
 0.14164679215358E+04
 0.14164679201807E+04
 0.14164679130863E+04
 0.14164679140363E+04
 0.14164679123869E+04
 0.14164679074328E+04
 0.14164679082159E+04
 0.14164679112720E+04
 0.14164679153673E+04
 0.14164679297998E+04
 0.14164679173657E+04
 0.14164679173142E+04
 0.14164679200491E+04
 0.14164679366862E+04
 0.14164679422240E+04
 0.14164679247694E+04
 0.14164679216589E+04
 0.14164679248231E+04
 0.14164679379694E+04
 0.14164679226446E+04
 0.14164679248672E+04
 0.14164679417336E+04
 0.14164679349065E+04
 0.14164679238112E+04
 0.14164679203249E+04
 0.14164679206159E+04
 0.14164679296282E+04
 0.14164679225211E+04
 0.14164679212260E+04
 0.14164679212195E+04
 0.14164679261020E+04
 0.14164679241188E+04
 0.14164679221130E+04
 0.14164679227577E+04
 0.14164679244136E+04
 0.14164679434161E+04
 0.14164679503451E+04
 0.14164679267090E+04
 0.14164679513089E+04
 0.14164679421016E+04
 0.14164679488424E+04
 0.14164679293599E+04
 0.14164679217414E+04
 0.14164679229087E+04
 0.14164679247441E+04
 0.14164679270401E+04
 0.14164679278445E+04
 0.14164679226641E+04
 0.14164679237347E+04
 0.14164679298726E+04
 0.14164679270005E+04
 0.14164679226427E+04
