 0.23345023979660E+04
 0.23345023979660E+04
 0.23345023979660E+04
 0.23345023979660E+04
 0.23345023979660E+04
 0.23345023979660E+04
 0.23345023979660E+04
 0.23345023979660E+04
 0.23345023979660E+04
 0.23345023979660E+04
 0.23345023979660E+04
 0.23345023979660E+04
 0.23345023979660E+04
 0.23345023979660E+04
 0.23345023979660E+04
 0.23345023979660E+04
 0.23345023979660E+04
 0.23345023979660E+04
 0.23345023979660E+04
 0.23345023979660E+04
 0.23345023979660E+04
 0.23345023979660E+04
 0.23345023979660E+04
 0.23345023979660E+04
 0.23345023979660E+04
 0.23345023979660E+04
 0.23345023979660E+04
 0.23345023979660E+04
 0.23345023979660E+04
 0.23345023979660E+04
 0.23345023979660E+04
 0.23345023979660E+04
 0.23345023979660E+04
 0.23345023979660E+04
 0.23345023979660E+04
 0.23345023979660E+04
 0.23345023979660E+04
 0.23345023979660E+04
 0.23345023979660E+04
 0.23345023979660E+04
 0.23345023979660E+04
 0.23345023979660E+04
 0.23345023979660E+04
 0.23345023979660E+04
 0.23345023979660E+04
 0.23345023979660E+04
 0.23345023979660E+04
 0.23345023979660E+04
 0.23345023979660E+04
 0.23345023979660E+04
 0.23345023979660E+04
 0.23345023979660E+04
 0.23345023979660E+04
 0.23345023979660E+04
 0.23345023979660E+04
 0.23345023979660E+04
 0.23345023979660E+04
 0.23345023979660E+04
 0.23345023979660E+04
 0.23345023979660E+04
 0.23345023979660E+04
 0.23345023979660E+04
 0.23345023979660E+04
 0.23345023979660E+04
 0.23345023979660E+04
 0.23345023979660E+04
 0.23345023979660E+04
 0.23345023979660E+04
 0.23345023979660E+04
 0.23345023979660E+04
 0.23345023977072E+04
 0.23345024022209E+04
 0.23345024082064E+04
 0.23345024278308E+04
 0.23345024321843E+04
 0.23345024444897E+04
 0.23345024438182E+04
 0.23345024449259E+04
 0.23345024421506E+04
 0.23345024453886E+04
 0.23345024583367E+04
 0.23345024574776E+04
 0.23345024553990E+04
 0.23345024804765E+04
 0.23345024822807E+04
 0.23345024806924E+04
 0.23345024858865E+04
 0.23345024839479E+04
 0.23345024786832E+04
 0.23345024703545E+04
 0.23345024651142E+04
 0.23345024623995E+04
 0.23345024545904E+04
 0.23345024437430E+04
 0.23345024445130E+04
 0.23345024179186E+04
 0.23345024145972E+04
 0.23345023953690E+04
 0.23345023847582E+04
 0.23345023690740E+04
 0.23345023562982E+04
 0.23345023498188E+04
 0.23345023258313E+04
 0.23345023382833E+04
 0.23345022916986E+04
 0.23345023399286E+04
 0.23345022945538E+04
 0.23345023578181E+04
 0.23345023813277E+04
 0.23345024056372E+04
 0.23345023919868E+04
 0.23345023718342E+04
 0.23345024110944E+04
 0.23345024064350E+04
 0.23345024055785E+04
 0.23345024094629E+04
 0.23345024072016E+04
 0.23345023887235E+04
 0.23345024097230E+04
 0.23345023572256E+04
 0.23345024065749E+04
 0.23345023911842E+04
 0.23345023657957E+04
 0.23345023809715E+04
 0.23345023788369E+04
 0.23345023693219E+04
 0.23345023690297E+04
 0.23345023549609E+04
 0.23345023092881E+04
 0.23345023044581E+04
 0.23345023355445E+04
 0.23345023533393E+04
 0.23345022994744E+04
 0.23345023395270E+04
 0.23345022963616E+04
 0.23345023371357E+04
 0.23345023305666E+04
 0.23345023072283E+04
 0.23345022753455E+04
 0.23345023087634E+04
 0.23345022666878E+04
 0.23345023218199E+04
 0.23345023102081E+04
 0.23345023202682E+04
 0.23345023108241E+04
 0.23345023066343E+04
 0.23345022697338E+04
 0.23345023084069E+04
 0.23345022560142E+04
 0.23345022695311E+04
 0.23345022796292E+04
 0.23345023109011E+04
 0.23345023135836E+04
 0.23345023086927E+04
 0.23345023029426E+04
 0.23345023033849E+04
 0.23345023004883E+04
 0.23345022879538E+04
 0.23345022490874E+04
 0.23345023135371E+04
 0.23345023151048E+04
 0.23345023070716E+04
 0.23345022548312E+04
 0.23345022844405E+04
 0.23345022982170E+04
 0.23345023061064E+04
 0.23345022936145E+04
 0.23345022942748E+04
 0.23345023257539E+04
 0.23345023277406E+04
 0.23345023296074E+04
 0.23345023051178E+04
 0.23345023270094E+04
 0.23345023220141E+04
 0.23345023174906E+04
 0.23345023322090E+04
 0.23345023267291E+04
 0.23345023245613E+04
 0.23345023166129E+04
 0.23345023064177E+04
 0.23345023142529E+04
 0.23345023065065E+04
 0.23345023119116E+04
 0.23345023101204E+04
 0.23345022721075E+04
 0.23345022927602E+04
 0.23345023293808E+04
 0.23345022822084E+04
 0.23345023194760E+04
 0.23345022965709E+04
 0.23345023355638E+04
 0.23345023257383E+04
 0.23345023230253E+04
 0.23345023307961E+04
 0.23345023327651E+04
 0.23345023358674E+04
 0.23345023191487E+04
 0.23345023091375E+04
 0.23345023035779E+04
 0.23345023086898E+04
 0.23345023228005E+04
