 0.13708345617146E+03
 0.13708345617146E+03
 0.13708345617146E+03
 0.13708345617146E+03
 0.13708345617146E+03
 0.13708345617146E+03
 0.13708345617146E+03
 0.13708345617146E+03
 0.13708345617146E+03
 0.13708345617146E+03
 0.13708345617146E+03
 0.13708345617146E+03
 0.13708345617146E+03
 0.13708345617146E+03
 0.13708345617146E+03
 0.13708345617146E+03
 0.13708345617146E+03
 0.13708345617146E+03
 0.13708345617146E+03
 0.13708345617146E+03
 0.13708345617146E+03
 0.13708345617146E+03
 0.13708345617146E+03
 0.13708345617146E+03
 0.13708345617146E+03
 0.13708345617146E+03
 0.13708345617146E+03
 0.13708345617146E+03
 0.13708345617146E+03
 0.13708345617146E+03
 0.13708345617146E+03
 0.13708345617146E+03
 0.13708345617146E+03
 0.13708345617146E+03
 0.13708345617146E+03
 0.13708345617146E+03
 0.13708345617146E+03
 0.13708345617146E+03
 0.13708345617146E+03
 0.13708345617146E+03
 0.13708345617146E+03
 0.13708345617146E+03
 0.13708345617146E+03
 0.13708345617146E+03
 0.13708345617146E+03
 0.13708345617146E+03
 0.13708345617146E+03
 0.13708345617146E+03
 0.13708345617146E+03
 0.13708345617146E+03
 0.13708345617146E+03
 0.13708345617146E+03
 0.13708345617146E+03
 0.13708345617146E+03
 0.13708345617146E+03
 0.13708345617146E+03
 0.13708345617146E+03
 0.13708345617146E+03
 0.13708345617146E+03
 0.13708345617146E+03
 0.13708345617146E+03
 0.13708345617146E+03
 0.13708345617146E+03
 0.13708345617146E+03
 0.13708345617146E+03
 0.13708345617146E+03
 0.13708345617146E+03
 0.13708345617146E+03
 0.13708345617146E+03
 0.13708345617146E+03
 0.13708345616314E+03
 0.13708345651858E+03
 0.13708345697792E+03
 0.13708345864821E+03
 0.13708345904499E+03
 0.13708346032363E+03
 0.13708346029383E+03
 0.13708346049998E+03
 0.13708346030536E+03
 0.13708346076900E+03
 0.13708346221731E+03
 0.13708346222868E+03
 0.13708346207285E+03
 0.13708346478015E+03
 0.13708346500828E+03
 0.13708346486718E+03
 0.13708346550193E+03
 0.13708346536301E+03
 0.13708346485433E+03
 0.13708346405271E+03
 0.13708346355453E+03
 0.13708346328135E+03
 0.13708346263663E+03
 0.13708346165009E+03
 0.13708346170682E+03
 0.13708345990447E+03
 0.13708345967897E+03
 0.13708345840578E+03
 0.13708345760904E+03
 0.13708345624769E+03
 0.13708345503997E+03
 0.13708345403165E+03
 0.13708345132212E+03
 0.13708345180479E+03
 0.13708344618783E+03
 0.13708345096744E+03
 0.13708344553204E+03
 0.13708345167168E+03
 0.13708345324804E+03
 0.13708345460067E+03
 0.13708345266061E+03
 0.13708345104949E+03
 0.13708345584194E+03
 0.13708345582871E+03
 0.13708345586884E+03
 0.13708345619617E+03
 0.13708345601759E+03
 0.13708345419597E+03
 0.13708345636654E+03
 0.13708345107843E+03
 0.13708345641000E+03
 0.13708345634507E+03
 0.13708345454947E+03
 0.13708345654132E+03
 0.13708345656299E+03
 0.13708345574943E+03
 0.13708345591361E+03
 0.13708345548109E+03
 0.13708345109713E+03
 0.13708345078782E+03
 0.13708345428726E+03
 0.13708345607909E+03
 0.13708345146667E+03
 0.13708345590957E+03
 0.13708345150509E+03
 0.13708345586162E+03
 0.13708345589213E+03
 0.13708345374066E+03
 0.13708345047369E+03
 0.13708345397813E+03
 0.13708345026296E+03
 0.13708345620866E+03
 0.13708345514976E+03
 0.13708345616099E+03
 0.13708345573509E+03
 0.13708345545290E+03
 0.13708345173503E+03
 0.13708345574671E+03
 0.13708344978372E+03
 0.13708345193978E+03
 0.13708345291158E+03
 0.13708345596339E+03
 0.13708345602073E+03
 0.13708345581759E+03
 0.13708345598792E+03
 0.13708345591374E+03
 0.13708345531486E+03
 0.13708345393867E+03
 0.13708344945023E+03
 0.13708345556386E+03
 0.13708345570757E+03
 0.13708345476776E+03
 0.13708344905253E+03
 0.13708345061440E+03
 0.13708345359918E+03
 0.13708345451783E+03
 0.13708345326975E+03
 0.13708345185611E+03
 0.13708345596844E+03
 0.13708345583138E+03
 0.13708345390492E+03
 0.13708345307891E+03
 0.13708345590454E+03
 0.13708345587992E+03
 0.13708345548718E+03
 0.13708345561776E+03
 0.13708345600900E+03
 0.13708345598090E+03
 0.13708345534504E+03
 0.13708345404452E+03
 0.13708345482417E+03
 0.13708345448157E+03
 0.13708345481443E+03
 0.13708345449016E+03
 0.13708344954633E+03
 0.13708345028482E+03
 0.13708345574518E+03
 0.13708344937060E+03
 0.13708345315220E+03
 0.13708345073562E+03
 0.13708345588607E+03
 0.13708345600713E+03
 0.13708345561168E+03
 0.13708345607416E+03
 0.13708345595634E+03
 0.13708345606999E+03
 0.13708345533530E+03
 0.13708345449611E+03
 0.13708345339617E+03
 0.13708345411079E+03
 0.13708345565526E+03
