 0.83175894160695E+02
 0.83175894160695E+02
 0.83175894160695E+02
 0.83175894160695E+02
 0.83175894160695E+02
 0.83175894160695E+02
 0.83175894160695E+02
 0.83175894160695E+02
 0.83175894160695E+02
 0.83175894160695E+02
 0.83175894160695E+02
 0.83175894160695E+02
 0.83175894160695E+02
 0.83175894160695E+02
 0.83175894160695E+02
 0.83175894160695E+02
 0.83175894160695E+02
 0.83175894160695E+02
 0.83175894160695E+02
 0.83175894160695E+02
 0.83175894160695E+02
 0.83175894160695E+02
 0.83175894160695E+02
 0.83175894160695E+02
 0.83175894160695E+02
 0.83175894160695E+02
 0.83175894160695E+02
 0.83175894160695E+02
 0.83175894160695E+02
 0.83175894160695E+02
 0.83175894160695E+02
 0.83175894160695E+02
 0.83175894160695E+02
 0.83175894160695E+02
 0.83175894160695E+02
 0.83175894160695E+02
 0.83175894160695E+02
 0.83175894160695E+02
 0.83175894160695E+02
 0.83175894160695E+02
 0.83175894160695E+02
 0.83175894160695E+02
 0.83175894160695E+02
 0.83175894160695E+02
 0.83175894160695E+02
 0.83175894160695E+02
 0.83175894160695E+02
 0.83175894160695E+02
 0.83175894160695E+02
 0.83175894160695E+02
 0.83175894160695E+02
 0.83175894160695E+02
 0.83175894160695E+02
 0.83175894160695E+02
 0.83175894160695E+02
 0.83175894160695E+02
 0.83175894160695E+02
 0.83175894160695E+02
 0.83175894160695E+02
 0.83175894160695E+02
 0.83175894160695E+02
 0.83175894160695E+02
 0.83175894160695E+02
 0.83175894160695E+02
 0.83175894160695E+02
 0.83175894160695E+02
 0.83175894160695E+02
 0.83175894160695E+02
 0.83175894160695E+02
 0.83175894160695E+02
 0.83175894179614E+02
 0.83175894237457E+02
 0.83175894259857E+02
 0.83175894318345E+02
 0.83175894317937E+02
 0.83175894402937E+02
 0.83175894395530E+02
 0.83175894423552E+02
 0.83175894411671E+02
 0.83175894493854E+02
 0.83175894682601E+02
 0.83175894704858E+02
 0.83175894704874E+02
 0.83175894841950E+02
 0.83175894841430E+02
 0.83175894828696E+02
 0.83175894595030E+02
 0.83175894467578E+02
 0.83175894404250E+02
 0.83175894074089E+02
 0.83175893805938E+02
 0.83175893729920E+02
 0.83175893345187E+02
 0.83175893095596E+02
 0.83175893042099E+02
 0.83175892501784E+02
 0.83175892418357E+02
 0.83175892157707E+02
 0.83175892009509E+02
 0.83175891811955E+02
 0.83175891651480E+02
 0.83175891485817E+02
 0.83175891287082E+02
 0.83175891410005E+02
 0.83175891021672E+02
 0.83175891862555E+02
 0.83175891510016E+02
 0.83175892443083E+02
 0.83175892859206E+02
 0.83175893267940E+02
 0.83175893163150E+02
 0.83175893179531E+02
 0.83175893856687E+02
 0.83175893976847E+02
 0.83175893971631E+02
 0.83175894041265E+02
 0.83175894039284E+02
 0.83175893857872E+02
 0.83175894086554E+02
 0.83175893471804E+02
 0.83175894082436E+02
 0.83175894088701E+02
 0.83175893834136E+02
 0.83175894113934E+02
 0.83175894105712E+02
 0.83175893972127E+02
 0.83175894057566E+02
 0.83175893935462E+02
 0.83175893477117E+02
 0.83175893437807E+02
 0.83175893886550E+02
 0.83175894015145E+02
 0.83175893513163E+02
 0.83175894032176E+02
 0.83175893517656E+02
 0.83175894028101E+02
 0.83175893971013E+02
 0.83175893731653E+02
 0.83175893380429E+02
 0.83175893743008E+02
 0.83175893347318E+02
 0.83175894025577E+02
 0.83175893865201E+02
 0.83175894011806E+02
 0.83175893934958E+02
 0.83175893893303E+02
 0.83175893516275E+02
 0.83175893982489E+02
 0.83175893271341E+02
 0.83175893542860E+02
 0.83175893693144E+02
 0.83175894014071E+02
 0.83175894009071E+02
 0.83175893963221E+02
 0.83175893980533E+02
 0.83175893965753E+02
 0.83175893885034E+02
 0.83175893737098E+02
 0.83175893245976E+02
 0.83175893929028E+02
 0.83175893957343E+02
 0.83175893833923E+02
 0.83175893204398E+02
 0.83175893422304E+02
 0.83175893717541E+02
 0.83175893811195E+02
 0.83175893684793E+02
 0.83175893575495E+02
 0.83175894049217E+02
 0.83175894025784E+02
 0.83175893780789E+02
 0.83175893751253E+02
 0.83175894034220E+02
 0.83175893992539E+02
 0.83175893932503E+02
 0.83175894016531E+02
 0.83175894031829E+02
 0.83175894015965E+02
 0.83175893912970E+02
 0.83175893773823E+02
 0.83175893851261E+02
 0.83175893801606E+02
 0.83175893848849E+02
 0.83175893813149E+02
 0.83175893283659E+02
 0.83175893402786E+02
 0.83175894023194E+02
 0.83175893280621E+02
 0.83175893706655E+02
 0.83175893452299E+02
 0.83175894044048E+02
 0.83175894020217E+02
 0.83175893945478E+02
 0.83175894057005E+02
 0.83175894050178E+02
 0.83175894055844E+02
 0.83175893901536E+02
 0.83175893811910E+02
 0.83175893703025E+02
 0.83175893785837E+02
 0.83175893964311E+02
