 0.42414105084753E+14
 0.42414105084753E+14
 0.42414105084753E+14
 0.42414105084753E+14
 0.42414105084753E+14
 0.42414105084753E+14
 0.42414105084753E+14
 0.42414105084753E+14
 0.42414105084753E+14
 0.42414105084753E+14
 0.42414105084753E+14
 0.42414105084753E+14
 0.42414105084753E+14
 0.42414105084753E+14
 0.42414105084753E+14
 0.42414105084753E+14
 0.42414105084753E+14
 0.42414105084753E+14
 0.42414105084753E+14
 0.42414105084753E+14
 0.42414105084753E+14
 0.42414105084753E+14
 0.42414105084753E+14
 0.42414105084753E+14
 0.42414105084753E+14
 0.42414105084753E+14
 0.42414105084753E+14
 0.42414105084753E+14
 0.42414105084753E+14
 0.42414105084753E+14
 0.42414105084753E+14
 0.42414105084753E+14
 0.42414105084753E+14
 0.42414105084753E+14
 0.42414105084753E+14
 0.42414105084753E+14
 0.42414105084753E+14
 0.42414105084753E+14
 0.42414105084753E+14
 0.42414105084753E+14
 0.42414105084753E+14
 0.42414105084753E+14
 0.42414105084753E+14
 0.42414105084753E+14
 0.42414105084753E+14
 0.42414105084753E+14
 0.42414105084753E+14
 0.42414105084753E+14
 0.42414105084753E+14
 0.42414105084753E+14
 0.42414105084753E+14
 0.42414105084753E+14
 0.42414105084753E+14
 0.42414105084753E+14
 0.42414105084753E+14
 0.42414105084753E+14
 0.42414105084753E+14
 0.42414105084753E+14
 0.42414105084753E+14
 0.42414105084753E+14
 0.42414105084753E+14
 0.42414105084753E+14
 0.42414105084753E+14
 0.42414105084753E+14
 0.42414105084753E+14
 0.42414105084753E+14
 0.42414105084753E+14
 0.42414105084753E+14
 0.42414105084753E+14
 0.42414105084753E+14
 0.42414105085613E+14
 0.42414105094592E+14
 0.42414105102350E+14
 0.42414105117329E+14
 0.42414105117724E+14
 0.42414105110932E+14
 0.42414105107924E+14
 0.42414105100238E+14
 0.42414105094472E+14
 0.42414105081572E+14
 0.42414105056493E+14
 0.42414105046745E+14
 0.42414105042508E+14
 0.42414104978059E+14
 0.42414104965971E+14
 0.42414104962947E+14
 0.42414104921384E+14
 0.42414104905018E+14
 0.42414104901980E+14
 0.42414104885393E+14
 0.42414104871891E+14
 0.42414104870182E+14
 0.42414104853368E+14
 0.42414104845188E+14
 0.42414104847407E+14
 0.42414104816066E+14
 0.42414104815598E+14
 0.42414104802833E+14
 0.42414104806626E+14
 0.42414104807730E+14
 0.42414104820629E+14
 0.42414104841213E+14
 0.42414104888119E+14
 0.42414104905242E+14
 0.42414105019069E+14
 0.42414104979686E+14
 0.42414105094901E+14
 0.42414105036108E+14
 0.42414105054784E+14
 0.42414105087357E+14
 0.42414105139621E+14
 0.42414105171420E+14
 0.42414105101952E+14
 0.42414105103540E+14
 0.42414105099205E+14
 0.42414105098911E+14
 0.42414105101566E+14
 0.42414105122041E+14
 0.42414105094038E+14
 0.42414105162420E+14
 0.42414105081231E+14
 0.42414105036634E+14
 0.42414105030896E+14
 0.42414104994992E+14
 0.42414104986423E+14
 0.42414104989413E+14
 0.42414104987502E+14
 0.42414104955137E+14
 0.42414105009936E+14
 0.42414105008361E+14
 0.42414104950174E+14
 0.42414104924847E+14
 0.42414104960145E+14
 0.42414104889955E+14
 0.42414104948574E+14
 0.42414104885328E+14
 0.42414104856131E+14
 0.42414104879027E+14
 0.42414104926834E+14
 0.42414104870707E+14
 0.42414104906852E+14
 0.42414104813760E+14
 0.42414104822546E+14
 0.42414104810453E+14
 0.42414104797086E+14
 0.42414104794697E+14
 0.42414104846372E+14
 0.42414104790972E+14
 0.42414104890608E+14
 0.42414104835805E+14
 0.42414104827641E+14
 0.42414104790782E+14
 0.42414104797758E+14
 0.42414104788868E+14
 0.42414104759572E+14
 0.42414104763947E+14
 0.42414104782596E+14
 0.42414104803179E+14
 0.42414104882357E+14
 0.42414104809329E+14
 0.42414104811756E+14
 0.42414104826227E+14
 0.42414104915975E+14
 0.42414104942969E+14
 0.42414104847034E+14
 0.42414104833196E+14
 0.42414104849090E+14
 0.42414104918553E+14
 0.42414104837633E+14
 0.42414104846427E+14
 0.42414104937709E+14
 0.42414104898960E+14
 0.42414104839749E+14
 0.42414104821380E+14
 0.42414104825964E+14
 0.42414104871682E+14
 0.42414104830860E+14
 0.42414104825006E+14
 0.42414104826022E+14
 0.42414104848521E+14
 0.42414104839970E+14
 0.42414104829772E+14
 0.42414104832476E+14
 0.42414104840276E+14
 0.42414104941842E+14
 0.42414104983556E+14
 0.42414104851105E+14
 0.42414104983994E+14
 0.42414104934684E+14
 0.42414104968061E+14
 0.42414104864037E+14
 0.42414104826498E+14
 0.42414104825667E+14
 0.42414104839190E+14
 0.42414104852429E+14
 0.42414104850436E+14
 0.42414104817194E+14
 0.42414104833481E+14
 0.42414104858560E+14
 0.42414104851972E+14
 0.42414104833900E+14
