 0.51034792325990E+03
 0.51034792325990E+03
 0.51034792325990E+03
 0.51034792325990E+03
 0.51034792325990E+03
 0.51034792325990E+03
 0.51034792325990E+03
 0.51034792325990E+03
 0.51034792325990E+03
 0.51034792325990E+03
 0.51034792325990E+03
 0.51034792325990E+03
 0.51034792325990E+03
 0.51034792325990E+03
 0.51034792325990E+03
 0.51034792325990E+03
 0.51034792325990E+03
 0.51034792325990E+03
 0.51034792325990E+03
 0.51034792325990E+03
 0.51034792325990E+03
 0.51034792325990E+03
 0.51034792325990E+03
 0.51034792325990E+03
 0.51034792325990E+03
 0.51034792325990E+03
 0.51034792325990E+03
 0.51034792325990E+03
 0.51034792325990E+03
 0.51034792325990E+03
 0.51034792325990E+03
 0.51034792325990E+03
 0.51034792325990E+03
 0.51034792325990E+03
 0.51034792325990E+03
 0.51034792325990E+03
 0.51034792325990E+03
 0.51034792325990E+03
 0.51034792325990E+03
 0.51034792325990E+03
 0.51034792325990E+03
 0.51034792325990E+03
 0.51034792325990E+03
 0.51034792325990E+03
 0.51034792325990E+03
 0.51034792325990E+03
 0.51034792325990E+03
 0.51034792325990E+03
 0.51034792325990E+03
 0.51034792325990E+03
 0.51034792325990E+03
 0.51034792325990E+03
 0.51034792325990E+03
 0.51034792325990E+03
 0.51034792325990E+03
 0.51034792325990E+03
 0.51034792325990E+03
 0.51034792325990E+03
 0.51034792325990E+03
 0.51034792325990E+03
 0.51034792325990E+03
 0.51034792325990E+03
 0.51034792325990E+03
 0.51034792325990E+03
 0.51034792325990E+03
 0.51034792325990E+03
 0.51034792325990E+03
 0.51034792325990E+03
 0.51034792325990E+03
 0.51034792325990E+03
 0.51034792304879E+03
 0.51034792320005E+03
 0.51034792406153E+03
 0.51034792688382E+03
 0.51034792757355E+03
 0.51034792807886E+03
 0.51034792795825E+03
 0.51034792723987E+03
 0.51034792672764E+03
 0.51034792449973E+03
 0.51034791824569E+03
 0.51034791638792E+03
 0.51034791557364E+03
 0.51034789865513E+03
 0.51034789562555E+03
 0.51034789472030E+03
 0.51034788359889E+03
 0.51034787893724E+03
 0.51034787762097E+03
 0.51034787081796E+03
 0.51034786533336E+03
 0.51034786426089E+03
 0.51034785700239E+03
 0.51034785275186E+03
 0.51034785307849E+03
 0.51034784580536E+03
 0.51034784586613E+03
 0.51034784567366E+03
 0.51034784826545E+03
 0.51034784848096E+03
 0.51034785180145E+03
 0.51034785369070E+03
 0.51034786430053E+03
 0.51034786138828E+03
 0.51034788907656E+03
 0.51034787686606E+03
 0.51034790990352E+03
 0.51034789151177E+03
 0.51034789327242E+03
 0.51034789635523E+03
 0.51034790987861E+03
 0.51034792548164E+03
 0.51034791197963E+03
 0.51034791728869E+03
 0.51034791754696E+03
 0.51034791738182E+03
 0.51034791888158E+03
 0.51034792563353E+03
 0.51034791822498E+03
 0.51034794071654E+03
 0.51034791821179E+03
 0.51034791755772E+03
 0.51034792372739E+03
 0.51034791663002E+03
 0.51034791610710E+03
 0.51034791837225E+03
 0.51034791934595E+03
 0.51034791869185E+03
 0.51034793897583E+03
 0.51034794036715E+03
 0.51034792418852E+03
 0.51034791621707E+03
 0.51034793616121E+03
 0.51034791709932E+03
 0.51034793574248E+03
 0.51034791724713E+03
 0.51034791494238E+03
 0.51034792427066E+03
 0.51034793937146E+03
 0.51034792258092E+03
 0.51034793959486E+03
 0.51034791329519E+03
 0.51034791634823E+03
 0.51034791319786E+03
 0.51034791366759E+03
 0.51034791455195E+03
 0.51034793132742E+03
 0.51034791487460E+03
 0.51034794048457E+03
 0.51034793004645E+03
 0.51034792595470E+03
 0.51034791428749E+03
 0.51034791357662E+03
 0.51034791343816E+03
 0.51034791228819E+03
 0.51034791253494E+03
 0.51034791470252E+03
 0.51034792139434E+03
 0.51034794256844E+03
 0.51034791552894E+03
 0.51034791492075E+03
 0.51034791871833E+03
 0.51034794582964E+03
 0.51034794040646E+03
 0.51034792484512E+03
 0.51034791999488E+03
 0.51034792610070E+03
 0.51034793412701E+03
 0.51034791651332E+03
 0.51034791762596E+03
 0.51034792717854E+03
 0.51034792885745E+03
 0.51034791740273E+03
 0.51034791551313E+03
 0.51034791654323E+03
 0.51034791923548E+03
 0.51034791625939E+03
 0.51034791575508E+03
 0.51034791730326E+03
 0.51034792379969E+03
 0.51034791994582E+03
 0.51034792092993E+03
 0.51034791989007E+03
 0.51034792120773E+03
 0.51034794585369E+03
 0.51034794396592E+03
 0.51034791862628E+03
 0.51034794821129E+03
 0.51034793057898E+03
 0.51034794173471E+03
 0.51034791879452E+03
 0.51034791593504E+03
 0.51034791762049E+03
 0.51034791708009E+03
 0.51034791835779E+03
 0.51034791809055E+03
 0.51034791889681E+03
 0.51034792140970E+03
 0.51034792777722E+03
 0.51034792416286E+03
 0.51034791687294E+03
