 0.30965549042697E+03
 0.30965549042697E+03
 0.30965549042697E+03
 0.30965549042697E+03
 0.30965549042697E+03
 0.30965549042697E+03
 0.30965549042697E+03
 0.30965549042697E+03
 0.30965549042697E+03
 0.30965549042697E+03
 0.30965549042697E+03
 0.30965549042697E+03
 0.30965549042697E+03
 0.30965549042697E+03
 0.30965549042697E+03
 0.30965549042697E+03
 0.30965549042697E+03
 0.30965549042697E+03
 0.30965549042697E+03
 0.30965549042697E+03
 0.30965549042697E+03
 0.30965549042697E+03
 0.30965549042697E+03
 0.30965549042697E+03
 0.30965549042697E+03
 0.30965549042697E+03
 0.30965549042697E+03
 0.30965549042697E+03
 0.30965549042697E+03
 0.30965549042697E+03
 0.30965549042697E+03
 0.30965549042697E+03
 0.30965549042697E+03
 0.30965549042697E+03
 0.30965549042697E+03
 0.30965549042697E+03
 0.30965549042697E+03
 0.30965549042697E+03
 0.30965549042697E+03
 0.30965549042697E+03
 0.30965549042697E+03
 0.30965549042697E+03
 0.30965549042697E+03
 0.30965549042697E+03
 0.30965549042697E+03
 0.30965549042697E+03
 0.30965549042697E+03
 0.30965549042697E+03
 0.30965549042697E+03
 0.30965549042697E+03
 0.30965549042697E+03
 0.30965549042697E+03
 0.30965549042697E+03
 0.30965549042697E+03
 0.30965549042697E+03
 0.30965549042697E+03
 0.30965549042697E+03
 0.30965549042697E+03
 0.30965549042697E+03
 0.30965549042697E+03
 0.30965549042697E+03
 0.30965549042697E+03
 0.30965549042697E+03
 0.30965549042697E+03
 0.30965549042697E+03
 0.30965549042697E+03
 0.30965549042697E+03
 0.30965549042697E+03
 0.30965549042697E+03
 0.30965549042697E+03
 0.30965549038810E+03
 0.30965548989232E+03
 0.30965548946081E+03
 0.30965548761801E+03
 0.30965548713871E+03
 0.30965548487346E+03
 0.30965548484002E+03
 0.30965548404278E+03
 0.30965548412737E+03
 0.30965548203424E+03
 0.30965547567071E+03
 0.30965547460068E+03
 0.30965547445866E+03
 0.30965545858815E+03
 0.30965545623268E+03
 0.30965545595473E+03
 0.30965544690305E+03
 0.30965544391389E+03
 0.30965544402851E+03
 0.30965544048238E+03
 0.30965543728160E+03
 0.30965543696494E+03
 0.30965543258485E+03
 0.30965543130511E+03
 0.30965543117598E+03
 0.30965542882274E+03
 0.30965542905839E+03
 0.30965543084722E+03
 0.30965543366783E+03
 0.30965543613824E+03
 0.30965544028362E+03
 0.30965544309087E+03
 0.30965545490907E+03
 0.30965545250938E+03
 0.30965548055167E+03
 0.30965546547686E+03
 0.30965549648793E+03
 0.30965547493363E+03
 0.30965547399030E+03
 0.30965547432704E+03
 0.30965548652464E+03
 0.30965549969217E+03
 0.30965548319516E+03
 0.30965548689370E+03
 0.30965548694032E+03
 0.30965548635996E+03
 0.30965548766598E+03
 0.30965549520218E+03
 0.30965548665531E+03
 0.30965550995872E+03
 0.30965548653382E+03
 0.30965548630695E+03
 0.30965549315874E+03
 0.30965548539470E+03
 0.30965548499786E+03
 0.30965548771265E+03
 0.30965548825068E+03
 0.30965548837622E+03
 0.30965550888007E+03
 0.30965551027662E+03
 0.30965549422598E+03
 0.30965548582047E+03
 0.30965550647175E+03
 0.30965548680213E+03
 0.30965550614762E+03
 0.30965548698494E+03
 0.30965548530507E+03
 0.30965549493386E+03
 0.30965551016846E+03
 0.30965549341447E+03
 0.30965551065675E+03
 0.30965548379378E+03
 0.30965548744108E+03
 0.30965548379113E+03
 0.30965548475210E+03
 0.30965548577106E+03
 0.30965550294422E+03
 0.30965548563517E+03
 0.30965551199628E+03
 0.30965550180346E+03
 0.30965549768509E+03
 0.30965548490707E+03
 0.30965548432759E+03
 0.30965548453176E+03
 0.30965548351371E+03
 0.30965548377596E+03
 0.30965548614345E+03
 0.30965549276163E+03
 0.30965551391955E+03
 0.30965548624619E+03
 0.30965548565797E+03
 0.30965548962560E+03
 0.30965551664185E+03
 0.30965551063449E+03
 0.30965549554946E+03
 0.30965549088009E+03
 0.30965549693351E+03
 0.30965550458985E+03
 0.30965548637702E+03
 0.30965548727449E+03
 0.30965549651010E+03
 0.30965549928470E+03
 0.30965548700518E+03
 0.30965548575909E+03
 0.30965548704776E+03
 0.30965548869917E+03
 0.30965548606659E+03
 0.30965548576503E+03
 0.30965548775728E+03
 0.30965549411870E+03
 0.30965549030751E+03
 0.30965549149365E+03
 0.30965549028670E+03
 0.30965549168577E+03
 0.30965551583610E+03
 0.30965551346602E+03
 0.30965548806651E+03
 0.30965551765223E+03
 0.30965549999764E+03
 0.30965551127826E+03
 0.30965548792796E+03
 0.30965548583078E+03
 0.30965548746846E+03
 0.30965548651109E+03
 0.30965548752708E+03
 0.30965548712930E+03
 0.30965548870361E+03
 0.30965549179027E+03
 0.30965549773305E+03
 0.30965549423409E+03
 0.30965548698656E+03
