-0.15119750111769E+09
-0.75925609912912E+10
-0.27437361514359E+11
-0.59688777154902E+11
-0.10435197869536E+12
-0.16143413878475E+12
-0.23094444470298E+12
-0.31289411478361E+12
-0.40729641858416E+12
-0.51416670090859E+12
-0.63352240980772E+12
-0.76538312871206E+12
-0.90977061286667E+12
-0.10667088302770E+13
-0.12362240073873E+13
-0.14183446797601E+13
-0.16131017480501E+13
-0.18205285396036E+13
-0.20406608760648E+13
-0.22735371474081E+13
-0.25191983928717E+13
-0.27776883893255E+13
-0.30490537476782E+13
-0.33333440179893E+13
-0.36306118040548E+13
-0.39409128883141E+13
-0.42643063680522E+13
-0.46008548039816E+13
-0.49506243824488E+13
-0.53136850926664E+13
-0.56901109205735E+13
-0.60799800611492E+13
-0.64833751512705E+13
-0.69003835255146E+13
-0.73310974976687E+13
-0.77756146711437E+13
-0.82340382819984E+13
-0.87064775788907E+13
-0.91930482450075E+13
-0.96938728679044E+13
-0.10209081464262E+14
-0.10738812067869E+14
-0.11283211390749E+14
-0.11842435569323E+14
-0.12416651009993E+14
-0.13006035351585E+14
-0.13610778566056E+14
-0.14231084223835E+14
-0.14867170956626E+14
-0.15519274158869E+14
-0.16187647980129E+14
-0.16872567675338E+14
-0.17574332399750E+14
-0.18293268562631E+14
-0.19029733891690E+14
-0.19784122413992E+14
-0.20556870636940E+14
-0.21348465328005E+14
-0.22159453466681E+14
-0.22990455215181E+14
-0.23842181195724E+14
-0.24715456103949E+14
-0.25611251993872E+14
-0.26530737001452E+14
-0.27475350126124E+14
-0.28446923260018E+14
-0.29447897512426E+14
-0.30481755290253E+14
-0.31554064987377E+14
-0.32676196358911E+14
-0.33881055804923E+14
-0.35112429950221E+14
-0.36345429036569E+14
-0.37579929046795E+14
-0.38816083774744E+14
-0.40054367047201E+14
-0.41294993353900E+14
-0.42538605110256E+14
-0.43785509991816E+14
-0.45036142103447E+14
-0.46290961703378E+14
-0.47550526021754E+14
-0.48815349819498E+14
-0.50085654505002E+14
-0.51362769199144E+14
-0.52645809035028E+14
-0.53935855742077E+14
-0.55235273430951E+14
-0.56542916502702E+14
-0.57859733940215E+14
-0.59187259378632E+14
-0.60525556463346E+14
-0.61875760439367E+14
-0.63237804161284E+14
-0.64613532434166E+14
-0.66002555760774E+14
-0.67404107598452E+14
-0.68816112488383E+14
-0.70239080748380E+14
-0.71671491071411E+14
-0.73102156472247E+14
-0.74530605905830E+14
-0.75941784382169E+14
-0.77328901077027E+14
-0.78676173461592E+14
-0.79979865725523E+14
-0.81240245899562E+14
-0.82473504041326E+14
-0.83708308510904E+14
-0.84968857751938E+14
-0.86255156537581E+14
-0.87580429965229E+14
-0.88928524275757E+14
-0.90293930756559E+14
-0.91680717789534E+14
-0.93076829602125E+14
-0.94471991871021E+14
-0.95881759670348E+14
-0.97301721878646E+14
-0.98727243067685E+14
-0.10015081850235E+15
-0.10157873219874E+15
-0.10301722043076E+15
-0.10446062012935E+15
-0.10591723353675E+15
-0.10737224216083E+15
-0.10882323313372E+15
-0.11028864756657E+15
-0.11175902766149E+15
-0.11324478859094E+15
-0.11472218672943E+15
-0.11620355077655E+15
-0.11769647497849E+15
-0.11919430417263E+15
-0.12071159448704E+15
-0.12221613856640E+15
-0.12372235413186E+15
-0.12524356876967E+15
-0.12676925741147E+15
-0.12832103101170E+15
-0.12985424188144E+15
-0.13138192778860E+15
-0.13293143300138E+15
-0.13449663221115E+15
-0.13606439615912E+15
-0.13762895509984E+15
-0.13918293200564E+15
-0.14076061425452E+15
-0.14235974216713E+15
-0.14395193080881E+15
-0.14555490436190E+15
-0.14712490965022E+15
-0.14873040620835E+15
-0.15034050771436E+15
-0.15197909796978E+15
-0.15361257932718E+15
-0.15520619483490E+15
-0.15683940855568E+15
-0.15847743337697E+15
-0.16014297755138E+15
-0.16180848341520E+15
-0.16342471863431E+15
-0.16508484638503E+15
-0.16675035835352E+15
-0.16843956201738E+15
-0.17013927015720E+15
-0.17179581206035E+15
-0.17346393567811E+15
-0.17515622381600E+15
-0.17685137265927E+15
-0.17859508986509E+15
-0.18031139604897E+15
-0.18199961811408E+15
-0.18369096233723E+15
-0.18541285261859E+15
-0.18717663721227E+15
-0.18891506599363E+15
-0.19066897285015E+15
-0.19235148059394E+15
-0.19409938831159E+15
-0.19584926105963E+15
-0.19763644552647E+15
-0.19942073565981E+15
-0.20116117795312E+15
-0.20290567820307E+15
-0.20468119044225E+15
-0.20646097565657E+15
-0.20828050039065E+15
-0.21009695456170E+15
-0.21186445607958E+15
-0.21362864502870E+15
-0.21543193300077E+15
-0.21723887027231E+15
-0.21908684075304E+15
-0.22093891128825E+15
-0.22272966226969E+15
-0.22452959398556E+15
-0.22634362777182E+15
-0.22817751585736E+15
-0.23001306742735E+15
-0.23193397027642E+15
