 0.21139601365225E+08
 0.21139601365225E+08
 0.21139601365225E+08
 0.21139601365225E+08
 0.21139601365225E+08
 0.21139601365225E+08
 0.21139601365225E+08
 0.21139601365225E+08
 0.21139601365225E+08
 0.21139601365225E+08
 0.21139601365225E+08
 0.21139601365225E+08
 0.21139601365225E+08
 0.21139601365225E+08
 0.21139601365225E+08
 0.21139601365225E+08
 0.21139601365225E+08
 0.21139601365225E+08
 0.21139601365225E+08
 0.21139601365225E+08
 0.21139601365225E+08
 0.21139601365225E+08
 0.21139601365225E+08
 0.21139601365225E+08
 0.21139601365225E+08
 0.21139601365225E+08
 0.21139601365225E+08
 0.21139601365225E+08
 0.21139601365225E+08
 0.21139601365225E+08
 0.21139601365225E+08
 0.21139601365225E+08
 0.21139601365225E+08
 0.21139601365225E+08
 0.21139601365225E+08
 0.21139601365225E+08
 0.21139601365225E+08
 0.21139601365225E+08
 0.21139601365225E+08
 0.21139601365225E+08
 0.21139601365225E+08
 0.21139601365225E+08
 0.21139601365225E+08
 0.21139601365225E+08
 0.21139601365225E+08
 0.21139601365225E+08
 0.21139601365225E+08
 0.21139601365225E+08
 0.21139601365225E+08
 0.21139601365225E+08
 0.21139601365225E+08
 0.21139601365225E+08
 0.21139601365225E+08
 0.21139601365225E+08
 0.21139601365225E+08
 0.21139601365225E+08
 0.21139601365225E+08
 0.21139601365225E+08
 0.21139601365225E+08
 0.21139601365225E+08
 0.21139601365225E+08
 0.21139601365225E+08
 0.21139601365225E+08
 0.21139601365225E+08
 0.21139601365225E+08
 0.21139601365225E+08
 0.21139601365225E+08
 0.21139601365225E+08
 0.21139601365225E+08
 0.21139601365225E+08
 0.21139601358158E+08
 0.21139601361111E+08
 0.21139601386860E+08
 0.21139601524335E+08
 0.21139601568268E+08
 0.21139601693178E+08
 0.21139601698412E+08
 0.21139601723860E+08
 0.21139601717264E+08
 0.21139601753412E+08
 0.21139601857158E+08
 0.21139601860051E+08
 0.21139601847516E+08
 0.21139602126532E+08
 0.21139602158457E+08
 0.21139602148670E+08
 0.21139602348429E+08
 0.21139602397321E+08
 0.21139602366459E+08
 0.21139602429617E+08
 0.21139602500450E+08
 0.21139602503151E+08
 0.21139602632916E+08
 0.21139602647891E+08
 0.21139602679745E+08
 0.21139602864532E+08
 0.21139602897310E+08
 0.21139602978997E+08
 0.21139603002653E+08
 0.21139602967806E+08
 0.21139602914701E+08
 0.21139602815527E+08
 0.21139602538680E+08
 0.21139602408083E+08
 0.21139601773507E+08
 0.21139601927099E+08
 0.21139601309103E+08
 0.21139601553346E+08
 0.21139601411539E+08
 0.21139601196929E+08
 0.21139600925109E+08
 0.21139600800705E+08
 0.21139601188936E+08
 0.21139601208950E+08
 0.21139601237331E+08
 0.21139601232395E+08
 0.21139601220599E+08
 0.21139601095846E+08
 0.21139601254781E+08
 0.21139600921149E+08
 0.21139601320906E+08
 0.21139601554204E+08
 0.21139601586747E+08
 0.21139601766109E+08
 0.21139601811359E+08
 0.21139601802158E+08
 0.21139601813703E+08
 0.21139601981037E+08
 0.21139601716394E+08
 0.21139601727668E+08
 0.21139601986867E+08
 0.21139602139240E+08
 0.21139601964957E+08
 0.21139602311056E+08
 0.21139602025132E+08
 0.21139602339341E+08
 0.21139602482188E+08
 0.21139602374383E+08
 0.21139602146559E+08
 0.21139602409902E+08
 0.21139602245234E+08
 0.21139602689365E+08
 0.21139602658977E+08
 0.21139602708117E+08
 0.21139602780200E+08
 0.21139602789028E+08
 0.21139602528058E+08
 0.21139602800352E+08
 0.21139602321258E+08
 0.21139602576098E+08
 0.21139602612476E+08
 0.21139602805861E+08
 0.21139602780982E+08
 0.21139602825781E+08
 0.21139602959051E+08
 0.21139602937857E+08
 0.21139602855934E+08
 0.21139602743954E+08
 0.21139602352632E+08
 0.21139602687372E+08
 0.21139602690118E+08
 0.21139602615697E+08
 0.21139602163840E+08
 0.21139602011998E+08
 0.21139602485176E+08
 0.21139602571123E+08
 0.21139602484597E+08
 0.21139602126824E+08
 0.21139602543913E+08
 0.21139602481953E+08
 0.21139602024017E+08
 0.21139602208480E+08
 0.21139602510145E+08
 0.21139602605051E+08
 0.21139602598648E+08
 0.21139602352434E+08
 0.21139602544224E+08
 0.21139602579961E+08
 0.21139602580661E+08
 0.21139602446140E+08
 0.21139602501075E+08
 0.21139602555861E+08
 0.21139602537966E+08
 0.21139602492428E+08
 0.21139601975856E+08
 0.21139601789827E+08
 0.21139602429311E+08
 0.21139601761277E+08
 0.21139602011524E+08
 0.21139601826957E+08
 0.21139602356633E+08
 0.21139602565321E+08
 0.21139602530065E+08
 0.21139602482019E+08
 0.21139602420088E+08
 0.21139602395083E+08
 0.21139602533143E+08
 0.21139602509306E+08
 0.21139602338597E+08
 0.21139602421043E+08
 0.21139602542107E+08
