 0.77825453366750E+07
 0.77825453366750E+07
 0.77825453366750E+07
 0.77825453366750E+07
 0.77825453366750E+07
 0.77825453366750E+07
 0.77825453366750E+07
 0.77825453366750E+07
 0.77825453366750E+07
 0.77825453366750E+07
 0.77825453366750E+07
 0.77825453366750E+07
 0.77825453366750E+07
 0.77825453366750E+07
 0.77825453366750E+07
 0.77825453366750E+07
 0.77825453366750E+07
 0.77825453366750E+07
 0.77825453366750E+07
 0.77825453366750E+07
 0.77825453366750E+07
 0.77825453366750E+07
 0.77825453366750E+07
 0.77825453366750E+07
 0.77825453366750E+07
 0.77825453366750E+07
 0.77825453366750E+07
 0.77825453366750E+07
 0.77825453366750E+07
 0.77825453366750E+07
 0.77825453366750E+07
 0.77825453366750E+07
 0.77825453366750E+07
 0.77825453366750E+07
 0.77825453366750E+07
 0.77825453366750E+07
 0.77825453366750E+07
 0.77825453366750E+07
 0.77825453366750E+07
 0.77825453366750E+07
 0.77825453366750E+07
 0.77825453366750E+07
 0.77825453366750E+07
 0.77825453366750E+07
 0.77825453366750E+07
 0.77825453366750E+07
 0.77825453366750E+07
 0.77825453366750E+07
 0.77825453366750E+07
 0.77825453366750E+07
 0.77825453366750E+07
 0.77825453366750E+07
 0.77825453366750E+07
 0.77825453366750E+07
 0.77825453366750E+07
 0.77825453366750E+07
 0.77825453366750E+07
 0.77825453366750E+07
 0.77825453366750E+07
 0.77825453366750E+07
 0.77825453366750E+07
 0.77825453366750E+07
 0.77825453366750E+07
 0.77825453366750E+07
 0.77825453366750E+07
 0.77825453366750E+07
 0.77825453366750E+07
 0.77825453366750E+07
 0.77825453366750E+07
 0.77825453366750E+07
 0.77825453385583E+07
 0.77825453101113E+07
 0.77825452716267E+07
 0.77825451435310E+07
 0.77825451145769E+07
 0.77825450312859E+07
 0.77825450352108E+07
 0.77825450264153E+07
 0.77825450438614E+07
 0.77825450199051E+07
 0.77825449289730E+07
 0.77825449329122E+07
 0.77825449459935E+07
 0.77825447669661E+07
 0.77825447527189E+07
 0.77825447627533E+07
 0.77825447204959E+07
 0.77825447304185E+07
 0.77825447649630E+07
 0.77825448174506E+07
 0.77825448499124E+07
 0.77825448676989E+07
 0.77825449166797E+07
 0.77825449875027E+07
 0.77825449827766E+07
 0.77825451543415E+07
 0.77825451764009E+07
 0.77825453022607E+07
 0.77825453737031E+07
 0.77825454784788E+07
 0.77825455660274E+07
 0.77825456130049E+07
 0.77825457815466E+07
 0.77825457016659E+07
 0.77825460331511E+07
 0.77825457043556E+07
 0.77825460280290E+07
 0.77825455954319E+07
 0.77825454421102E+07
 0.77825452860055E+07
 0.77825453866084E+07
 0.77825455268092E+07
 0.77825452522983E+07
 0.77825452836557E+07
 0.77825452885707E+07
 0.77825452626180E+07
 0.77825452781821E+07
 0.77825454051401E+07
 0.77825452599896E+07
 0.77825456225586E+07
 0.77825452786291E+07
 0.77825453730626E+07
 0.77825455412856E+07
 0.77825454335139E+07
 0.77825454461738E+07
 0.77825455101630E+07
 0.77825455117607E+07
 0.77825455996243E+07
 0.77825459141990E+07
 0.77825459461138E+07
 0.77825457281709E+07
 0.77825456048786E+07
 0.77825459704943E+07
 0.77825456905685E+07
 0.77825459891260E+07
 0.77825457056633E+07
 0.77825457441044E+07
 0.77825459039120E+07
 0.77825461252598E+07
 0.77825458921504E+07
 0.77825461793177E+07
 0.77825457946480E+07
 0.77825458736807E+07
 0.77825458043867E+07
 0.77825458649021E+07
 0.77825458923988E+07
 0.77825461479113E+07
 0.77825458798967E+07
 0.77825462475029E+07
 0.77825461473243E+07
 0.77825460784978E+07
 0.77825458632320E+07
 0.77825458466262E+07
 0.77825458776047E+07
 0.77825459105675E+07
 0.77825459084214E+07
 0.77825459311564E+07
 0.77825460185058E+07
 0.77825462921726E+07
 0.77825458490594E+07
 0.77825458390528E+07
 0.77825458952682E+07
 0.77825462600444E+07
 0.77825460675802E+07
 0.77825459581237E+07
 0.77825459029829E+07
 0.77825459891877E+07
 0.77825459975307E+07
 0.77825457727986E+07
 0.77825457611660E+07
 0.77825457654686E+07
 0.77825459216412E+07
 0.77825457648162E+07
 0.77825457947512E+07
 0.77825458257526E+07
 0.77825457360077E+07
 0.77825457650543E+07
 0.77825457784334E+07
 0.77825458316153E+07
 0.77825459037191E+07
 0.77825458499098E+07
 0.77825458996871E+07
 0.77825458641451E+07
 0.77825458775189E+07
 0.77825461496025E+07
 0.77825460195569E+07
 0.77825457510887E+07
 0.77825460899902E+07
 0.77825458324637E+07
 0.77825459913064E+07
 0.77825457122367E+07
 0.77825457708599E+07
 0.77825457887956E+07
 0.77825457394661E+07
 0.77825457287672E+07
 0.77825457077171E+07
 0.77825458130879E+07
 0.77825458828256E+07
 0.77825459244950E+07
 0.77825458892032E+07
 0.77825457918051E+07
