-0.58943971253687E+07
-0.64865629850874E+08
-0.12397332113684E+09
-0.18334221292562E+09
-0.24309834474499E+09
-0.30336968660638E+09
-0.36428678945510E+09
-0.42598345923315E+09
-0.48859746095845E+09
-0.55227125966426E+09
-0.61715280558999E+09
-0.68339637167979E+09
-0.75116345224402E+09
-0.82062373258854E+09
-0.89195614053909E+09
-0.96534999210957E+09
-0.10410062451147E+10
-0.11191388763480E+10
-0.11999764000787E+10
-0.12837635481257E+10
-0.13707631347018E+10
-0.14612581326722E+10
-0.15555539919349E+10
-0.16539812354170E+10
-0.17568983738378E+10
-0.18646951870914E+10
-0.19777964280490E+10
-0.20966660140488E+10
-0.22218117826327E+10
-0.23537909016085E+10
-0.24932160397451E+10
-0.26407624239552E+10
-0.27971759324420E+10
-0.29632824019291E+10
-0.31399983619576E+10
-0.33283434518207E+10
-0.35294548279472E+10
-0.37446039338746E+10
-0.39752160845260E+10
-0.42228934153617E+10
-0.44894418703822E+10
-0.47769030577514E+10
-0.50875919969834E+10
-0.54241420290526E+10
-0.57895584762134E+10
-0.61872830428477E+10
-0.66212714707521E+10
-0.70960876405751E+10
-0.76170181986035E+10
-0.81902129579960E+10
-0.88228578781048E+10
-0.95233895088934E+10
-0.10301762605288E+11
-0.11169786465531E+11
-0.12141550862845E+11
-0.13233969866717E+11
-0.14467482365052E+11
-0.15866963205878E+11
-0.17462920950566E+11
-0.19293091116861E+11
-0.21404583939244E+11
-0.23856824363990E+11
-0.26725650044364E+11
-0.30109151772838E+11
-0.34136240050903E+11
-0.38979724412596E+11
-0.44877557362579E+11
-0.52171303123448E+11
-0.61393324084744E+11
-0.73624772137974E+11
-0.11724322894108E+12
-0.24304462694169E+12
-0.43461570723285E+12
-0.70751635756877E+12
-0.10913573739692E+13
-0.16325170383939E+13
-0.24050469668575E+13
-0.35316899135371E+13
-0.52277149470377E+13
-0.79037600512963E+13
-0.12426780884684E+14
-0.20950557050158E+14
-0.40455786089209E+14
-0.11124510773358E+15
-0.54369430098567E+16
 0.35903786243839E+17
 0.17245043645224E+15
 0.62999052348305E+14
 0.31479636633452E+14
 0.17584410572713E+14
 0.10302152588088E+14
 0.60958056207527E+13
 0.35114276504306E+13
 0.18676388259657E+13
 0.78470747397662E+12
 0.66295363541306E+11
-0.41180273971155E+12
-0.72483380199216E+12
-0.92516457098904E+12
-0.10391360563988E+13
-0.10984063482247E+13
-0.11155202398263E+13
-0.10995204156519E+13
-0.10600600113799E+13
-0.10045285772667E+13
-0.93662725095333E+12
-0.85158663070042E+12
-0.76542413174823E+12
-0.67316477604694E+12
-0.57919087309101E+12
-0.47807730562940E+12
-0.37984088667110E+12
-0.28177977025081E+12
-0.18207227878253E+12
-0.84065719400434E+11
 0.10758025929131E+11
 0.11319729236410E+12
 0.20645686116136E+12
 0.29948625537739E+12
 0.39084770773547E+12
 0.47817753369363E+12
 0.57001752219988E+12
 0.65288829395303E+12
 0.73502083865559E+12
 0.81557234525705E+12
 0.89175274321181E+12
 0.96476548328938E+12
 0.10423578705800E+13
 0.11124668527095E+13
 0.11801783848620E+13
 0.12450208520967E+13
 0.13116429219004E+13
 0.13714910683491E+13
 0.14296074821997E+13
 0.14847539763619E+13
 0.15386496819450E+13
 0.15879255787904E+13
 0.16418818911687E+13
 0.16887561879247E+13
 0.17324525831606E+13
 0.17755377689802E+13
 0.18147536063267E+13
 0.18522878319901E+13
 0.18876344389483E+13
 0.19274885142911E+13
 0.19593344769772E+13
 0.19903235407299E+13
 0.20189357248747E+13
 0.20436376661191E+13
 0.20752987249043E+13
 0.20978877668727E+13
 0.21201289118532E+13
 0.21409715051225E+13
 0.21590512092154E+13
 0.21801403171812E+13
 0.21960123735404E+13
 0.22097044082400E+13
 0.22231560184272E+13
 0.22355583335415E+13
 0.22452705599513E+13
 0.22534826247978E+13
 0.22661334748622E+13
 0.22724284132456E+13
 0.22787133272977E+13
 0.22840229403104E+13
 0.22867836558132E+13
 0.22882898416624E+13
 0.22945708249189E+13
 0.22955105950887E+13
 0.22952159865961E+13
 0.22949087553927E+13
 0.22921886021787E+13
 0.22884821298852E+13
 0.22904812189567E+13
 0.22857150632899E+13
 0.22805846178281E+13
 0.22758693258661E+13
 0.22689692466571E+13
 0.22652528689972E+13
 0.22539758221774E+13
 0.22506374572815E+13
 0.22417602652361E+13
 0.22332127565603E+13
 0.22235144797070E+13
 0.22137483632148E+13
 0.22069644193619E+13
 0.21964112887406E+13
 0.21846222847629E+13
 0.21728557834417E+13
 0.21616040271458E+13
 0.21495612902204E+13
 0.21366136458287E+13
 0.21270517044113E+13
 0.21142419105913E+13
 0.21004039286313E+13
 0.20869739038716E+13
 0.20738984289534E+13
 0.20597672378335E+13
 0.20451378906131E+13
 0.20302604785722E+13
 0.20195084790757E+13
