 0.14164531120981E+04
 0.14164531120981E+04
 0.14164531120981E+04
 0.14164531120981E+04
 0.14164531120981E+04
 0.14164531120981E+04
 0.14164531120981E+04
 0.14164531120981E+04
 0.14164531120981E+04
 0.14164531120981E+04
 0.14164531120981E+04
 0.14164531120981E+04
 0.14164531120981E+04
 0.14164531120981E+04
 0.14164531120981E+04
 0.14164531120981E+04
 0.14164531120981E+04
 0.14164531120981E+04
 0.14164531120981E+04
 0.14164531120981E+04
 0.14164531120981E+04
 0.14164531120981E+04
 0.14164531120981E+04
 0.14164531120981E+04
 0.14164531120981E+04
 0.14164531120981E+04
 0.14164531120981E+04
 0.14164531120981E+04
 0.14164531120981E+04
 0.14164531120981E+04
 0.14164531120981E+04
 0.14164531120981E+04
 0.14164531120981E+04
 0.14164531120981E+04
 0.14164531120981E+04
 0.14164531120981E+04
 0.14164531120981E+04
 0.14164531120981E+04
 0.14164531120981E+04
 0.14164531120981E+04
 0.14164531120981E+04
 0.14164531120981E+04
 0.14164531120981E+04
 0.14164531120981E+04
 0.14164531120981E+04
 0.14164531120981E+04
 0.14164531120981E+04
 0.14164531120981E+04
 0.14164531120981E+04
 0.14164531120981E+04
 0.14164531120981E+04
 0.14164531120981E+04
 0.14164531120981E+04
 0.14164531120981E+04
 0.14164531120981E+04
 0.14164531120981E+04
 0.14164531120981E+04
 0.14164531120981E+04
 0.14164531120981E+04
 0.14164531120981E+04
 0.14164531120981E+04
 0.14164531120981E+04
 0.14164531120981E+04
 0.14164531120981E+04
 0.14164531120981E+04
 0.14164531120981E+04
 0.14164531120981E+04
 0.14164531120981E+04
 0.14164531120981E+04
 0.14164531120981E+04
 0.14164531123483E+04
 0.14164531124639E+04
 0.14164531115347E+04
 0.14164531095965E+04
 0.14164531051886E+04
 0.14164531031260E+04
 0.14164531011183E+04
 0.14164531013186E+04
 0.14164531005405E+04
 0.14164530989612E+04
 0.14164530938932E+04
 0.14164530919218E+04
 0.14164530777903E+04
 0.14164530632800E+04
 0.14164530717914E+04
 0.14164530578913E+04
 0.14164530712865E+04
 0.14164530911984E+04
 0.14164531028780E+04
 0.14164531103618E+04
 0.14164531161073E+04
 0.14164531186636E+04
 0.14164531186288E+04
 0.14164531175563E+04
 0.14164531139926E+04
 0.14164531045880E+04
 0.14164531072214E+04
 0.14164531013202E+04
 0.14164530999695E+04
 0.14164531054948E+04
 0.14164530982174E+04
 0.14164531033303E+04
 0.14164530937038E+04
 0.14164530904908E+04
 0.14164530884601E+04
 0.14164530929058E+04
 0.14164530870405E+04
 0.14164530865777E+04
 0.14164530857669E+04
 0.14164530922981E+04
 0.14164530794711E+04
 0.14164530828317E+04
 0.14164530831539E+04
 0.14164530745839E+04
 0.14164530893760E+04
 0.14164530716453E+04
 0.14164530713136E+04
 0.14164530704044E+04
 0.14164530664824E+04
 0.14164530660826E+04
 0.14164530759359E+04
 0.14164530710949E+04
 0.14164530651768E+04
 0.14164530603908E+04
 0.14164530601082E+04
 0.14164530646822E+04
 0.14164530600807E+04
 0.14164530589177E+04
 0.14164530550234E+04
 0.14164530545419E+04
 0.14164530542064E+04
 0.14164530557408E+04
 0.14164530543201E+04
 0.14164530511475E+04
 0.14164530514588E+04
 0.14164530537504E+04
 0.14164530532557E+04
 0.14164530506526E+04
 0.14164530551061E+04
 0.14164530561695E+04
 0.14164530514355E+04
 0.14164530537452E+04
 0.14164530539364E+04
 0.14164530542334E+04
 0.14164530555333E+04
 0.14164530583533E+04
 0.14164530730923E+04
 0.14164530652862E+04
 0.14164530666572E+04
 0.14164530627895E+04
 0.14164530619402E+04
 0.14164530639262E+04
 0.14164530658211E+04
 0.14164530661816E+04
 0.14164530668932E+04
 0.14164530638452E+04
 0.14164530635353E+04
 0.14164530621420E+04
 0.14164530648388E+04
 0.14164530665399E+04
 0.14164530645609E+04
 0.14164530640537E+04
 0.14164530653868E+04
 0.14164530660565E+04
 0.14164530647039E+04
 0.14164530650665E+04
 0.14164530648764E+04
 0.14164530664363E+04
 0.14164530691530E+04
 0.14164530845736E+04
 0.14164530671467E+04
 0.14164530661947E+04
 0.14164530680443E+04
 0.14164530696764E+04
 0.14164530858269E+04
 0.14164530892378E+04
 0.14164530714200E+04
 0.14164530832916E+04
 0.14164530839366E+04
 0.14164530862379E+04
 0.14164530829409E+04
 0.14164530717162E+04
 0.14164530742812E+04
 0.14164531015128E+04
 0.14164530914585E+04
 0.14164530911199E+04
 0.14164530727485E+04
 0.14164530688436E+04
 0.14164530686090E+04
 0.14164530781977E+04
 0.14164530724538E+04
 0.14164530723106E+04
 0.14164530712559E+04
 0.14164530695922E+04
 0.14164530700787E+04
 0.14164530711030E+04
 0.14164530840719E+04
 0.14164530712135E+04
 0.14164530702441E+04
 0.14164530711940E+04
 0.14164530862698E+04
