 0.23344648302617E+04
 0.23344648302617E+04
 0.23344648302617E+04
 0.23344648302617E+04
 0.23344648302617E+04
 0.23344648302617E+04
 0.23344648302617E+04
 0.23344648302617E+04
 0.23344648302617E+04
 0.23344648302617E+04
 0.23344648302617E+04
 0.23344648302617E+04
 0.23344648302617E+04
 0.23344648302617E+04
 0.23344648302617E+04
 0.23344648302617E+04
 0.23344648302617E+04
 0.23344648302617E+04
 0.23344648302617E+04
 0.23344648302617E+04
 0.23344648302617E+04
 0.23344648302617E+04
 0.23344648302617E+04
 0.23344648302617E+04
 0.23344648302617E+04
 0.23344648302617E+04
 0.23344648302617E+04
 0.23344648302617E+04
 0.23344648302617E+04
 0.23344648302617E+04
 0.23344648302617E+04
 0.23344648302617E+04
 0.23344648302617E+04
 0.23344648302617E+04
 0.23344648302617E+04
 0.23344648302617E+04
 0.23344648302617E+04
 0.23344648302617E+04
 0.23344648302617E+04
 0.23344648302617E+04
 0.23344648302617E+04
 0.23344648302617E+04
 0.23344648302617E+04
 0.23344648302617E+04
 0.23344648302617E+04
 0.23344648302617E+04
 0.23344648302617E+04
 0.23344648302617E+04
 0.23344648302617E+04
 0.23344648302617E+04
 0.23344648302617E+04
 0.23344648302617E+04
 0.23344648302617E+04
 0.23344648302617E+04
 0.23344648302617E+04
 0.23344648302617E+04
 0.23344648302617E+04
 0.23344648302617E+04
 0.23344648302617E+04
 0.23344648302617E+04
 0.23344648302617E+04
 0.23344648302617E+04
 0.23344648302617E+04
 0.23344648302617E+04
 0.23344648302617E+04
 0.23344648302617E+04
 0.23344648302617E+04
 0.23344648302617E+04
 0.23344648302617E+04
 0.23344648302617E+04
 0.23344648300083E+04
 0.23344648325758E+04
 0.23344648412529E+04
 0.23344648507469E+04
 0.23344648666780E+04
 0.23344648713335E+04
 0.23344648761471E+04
 0.23344648736429E+04
 0.23344648740225E+04
 0.23344648777458E+04
 0.23344648929837E+04
 0.23344648898320E+04
 0.23344648843147E+04
 0.23344648543948E+04
 0.23344648232071E+04
 0.23344648267188E+04
 0.23344648213772E+04
 0.23344648363952E+04
 0.23344648445923E+04
 0.23344648409551E+04
 0.23344648414408E+04
 0.23344648346996E+04
 0.23344648325220E+04
 0.23344648305883E+04
 0.23344648344828E+04
 0.23344648274452E+04
 0.23344648070460E+04
 0.23344648198972E+04
 0.23344648159803E+04
 0.23344647878262E+04
 0.23344648130785E+04
 0.23344647870004E+04
 0.23344647954551E+04
 0.23344647977718E+04
 0.23344647969726E+04
 0.23344647718306E+04
 0.23344647942044E+04
 0.23344647888112E+04
 0.23344647655886E+04
 0.23344647355164E+04
 0.23344647803963E+04
 0.23344647596854E+04
 0.23344647565728E+04
 0.23344647658650E+04
 0.23344647073828E+04
 0.23344647680081E+04
 0.23344647673087E+04
 0.23344647652939E+04
 0.23344647576321E+04
 0.23344647520190E+04
 0.23344647123313E+04
 0.23344647269391E+04
 0.23344647473423E+04
 0.23344647464639E+04
 0.23344647404136E+04
 0.23344647205539E+04
 0.23344647368462E+04
 0.23344647434203E+04
 0.23344647369493E+04
 0.23344647359526E+04
 0.23344647338149E+04
 0.23344647278976E+04
 0.23344647356196E+04
 0.23344647276657E+04
 0.23344647244650E+04
 0.23344647307735E+04
 0.23344647261062E+04
 0.23344647274665E+04
 0.23344647347534E+04
 0.23344647362176E+04
 0.23344647292140E+04
 0.23344647301928E+04
 0.23344647309735E+04
 0.23344647336553E+04
 0.23344647353974E+04
 0.23344647388211E+04
 0.23344647337970E+04
 0.23344647441588E+04
 0.23344647460541E+04
 0.23344647474325E+04
 0.23344647456165E+04
 0.23344647493080E+04
 0.23344647507309E+04
 0.23344647505237E+04
 0.23344647509583E+04
 0.23344647490153E+04
 0.23344647466599E+04
 0.23344647401748E+04
 0.23344647507614E+04
 0.23344647533454E+04
 0.23344647505779E+04
 0.23344647468531E+04
 0.23344647458170E+04
 0.23344647336207E+04
 0.23344647483255E+04
 0.23344647515578E+04
 0.23344647476528E+04
 0.23344647419579E+04
 0.23344647267683E+04
 0.23344646841745E+04
 0.23344647423629E+04
 0.23344647478841E+04
 0.23344647418701E+04
 0.23344647281710E+04
 0.23344647574539E+04
 0.23344647237465E+04
 0.23344647321451E+04
 0.23344646944235E+04
 0.23344646932538E+04
 0.23344647524216E+04
 0.23344647385772E+04
 0.23344647589815E+04
 0.23344647608879E+04
 0.23344647223127E+04
 0.23344647231336E+04
 0.23344647253410E+04
 0.23344647611830E+04
 0.23344647584744E+04
 0.23344647569361E+04
 0.23344647620465E+04
 0.23344647644458E+04
 0.23344647631677E+04
 0.23344647630125E+04
 0.23344647572525E+04
 0.23344647486919E+04
 0.23344647504809E+04
 0.23344646955095E+04
 0.23344647583728E+04
 0.23344647587046E+04
 0.23344647493034E+04
 0.23344647050501E+04
