 0.13708341720025E+03
 0.13708341720025E+03
 0.13708341720025E+03
 0.13708341720025E+03
 0.13708341720025E+03
 0.13708341720025E+03
 0.13708341720025E+03
 0.13708341720025E+03
 0.13708341720025E+03
 0.13708341720025E+03
 0.13708341720025E+03
 0.13708341720025E+03
 0.13708341720025E+03
 0.13708341720025E+03
 0.13708341720025E+03
 0.13708341720025E+03
 0.13708341720025E+03
 0.13708341720025E+03
 0.13708341720025E+03
 0.13708341720025E+03
 0.13708341720025E+03
 0.13708341720025E+03
 0.13708341720025E+03
 0.13708341720025E+03
 0.13708341720025E+03
 0.13708341720025E+03
 0.13708341720025E+03
 0.13708341720025E+03
 0.13708341720025E+03
 0.13708341720025E+03
 0.13708341720025E+03
 0.13708341720025E+03
 0.13708341720025E+03
 0.13708341720025E+03
 0.13708341720025E+03
 0.13708341720025E+03
 0.13708341720025E+03
 0.13708341720025E+03
 0.13708341720025E+03
 0.13708341720025E+03
 0.13708341720025E+03
 0.13708341720025E+03
 0.13708341720025E+03
 0.13708341720025E+03
 0.13708341720025E+03
 0.13708341720025E+03
 0.13708341720025E+03
 0.13708341720025E+03
 0.13708341720025E+03
 0.13708341720025E+03
 0.13708341720025E+03
 0.13708341720025E+03
 0.13708341720025E+03
 0.13708341720025E+03
 0.13708341720025E+03
 0.13708341720025E+03
 0.13708341720025E+03
 0.13708341720025E+03
 0.13708341720025E+03
 0.13708341720025E+03
 0.13708341720025E+03
 0.13708341720025E+03
 0.13708341720025E+03
 0.13708341720025E+03
 0.13708341720025E+03
 0.13708341720025E+03
 0.13708341720025E+03
 0.13708341720025E+03
 0.13708341720025E+03
 0.13708341720025E+03
 0.13708341719233E+03
 0.13708341739763E+03
 0.13708341806525E+03
 0.13708341884031E+03
 0.13708342028531E+03
 0.13708342080536E+03
 0.13708342134770E+03
 0.13708342115643E+03
 0.13708342130317E+03
 0.13708342183884E+03
 0.13708342346542E+03
 0.13708342275779E+03
 0.13708342243553E+03
 0.13708342044259E+03
 0.13708341715118E+03
 0.13708341724370E+03
 0.13708341599306E+03
 0.13708341687354E+03
 0.13708341746731E+03
 0.13708341711084E+03
 0.13708341706971E+03
 0.13708341641275E+03
 0.13708341626375E+03
 0.13708341623701E+03
 0.13708341674997E+03
 0.13708341742585E+03
 0.13708341575423E+03
 0.13708341748517E+03
 0.13708341727975E+03
 0.13708341461191E+03
 0.13708341736538E+03
 0.13708341481421E+03
 0.13708341668383E+03
 0.13708341723438E+03
 0.13708341735274E+03
 0.13708341498385E+03
 0.13708341740019E+03
 0.13708341696225E+03
 0.13708341535222E+03
 0.13708341248727E+03
 0.13708341728200E+03
 0.13708341527187E+03
 0.13708341517495E+03
 0.13708341668677E+03
 0.13708341072128E+03
 0.13708341723410E+03
 0.13708341726850E+03
 0.13708341720004E+03
 0.13708341707856E+03
 0.13708341679817E+03
 0.13708341272363E+03
 0.13708341444108E+03
 0.13708341656420E+03
 0.13708341705380E+03
 0.13708341665160E+03
 0.13708341472357E+03
 0.13708341639789E+03
 0.13708341701454E+03
 0.13708341693894E+03
 0.13708341695387E+03
 0.13708341687028E+03
 0.13708341626003E+03
 0.13708341697089E+03
 0.13708341668526E+03
 0.13708341640450E+03
 0.13708341670113E+03
 0.13708341642414E+03
 0.13708341682486E+03
 0.13708341682406E+03
 0.13708341677630E+03
 0.13708341679665E+03
 0.13708341666629E+03
 0.13708341669814E+03
 0.13708341683184E+03
 0.13708341677224E+03
 0.13708341669342E+03
 0.13708341473462E+03
 0.13708341635719E+03
 0.13708341632668E+03
 0.13708341686332E+03
 0.13708341679118E+03
 0.13708341685934E+03
 0.13708341676155E+03
 0.13708341670762E+03
 0.13708341666815E+03
 0.13708341683628E+03
 0.13708341665908E+03
 0.13708341631571E+03
 0.13708341685215E+03
 0.13708341686601E+03
 0.13708341685341E+03
 0.13708341660855E+03
 0.13708341636288E+03
 0.13708341537124E+03
 0.13708341664717E+03
 0.13708341687378E+03
 0.13708341657274E+03
 0.13708341593813E+03
 0.13708341453513E+03
 0.13708340963115E+03
 0.13708341588921E+03
 0.13708341641780E+03
 0.13708341574346E+03
 0.13708341458430E+03
 0.13708341482475E+03
 0.13708341204444E+03
 0.13708341467528E+03
 0.13708341053356E+03
 0.13708341037494E+03
 0.13708341442261E+03
 0.13708341393853E+03
 0.13708341669528E+03
 0.13708341650642E+03
 0.13708341045367E+03
 0.13708341171870E+03
 0.13708341191859E+03
 0.13708341671219E+03
 0.13708341695357E+03
 0.13708341681725E+03
 0.13708341615799E+03
 0.13708341699060E+03
 0.13708341692103E+03
 0.13708341700835E+03
 0.13708341670325E+03
 0.13708341600517E+03
 0.13708341600586E+03
 0.13708341053596E+03
 0.13708341660699E+03
 0.13708341675814E+03
 0.13708341591807E+03
 0.13708341098625E+03
