 0.83176336774615E+02
 0.83176336774615E+02
 0.83176336774615E+02
 0.83176336774615E+02
 0.83176336774615E+02
 0.83176336774615E+02
 0.83176336774615E+02
 0.83176336774615E+02
 0.83176336774615E+02
 0.83176336774615E+02
 0.83176336774615E+02
 0.83176336774615E+02
 0.83176336774615E+02
 0.83176336774615E+02
 0.83176336774615E+02
 0.83176336774615E+02
 0.83176336774615E+02
 0.83176336774615E+02
 0.83176336774615E+02
 0.83176336774615E+02
 0.83176336774615E+02
 0.83176336774615E+02
 0.83176336774615E+02
 0.83176336774615E+02
 0.83176336774615E+02
 0.83176336774615E+02
 0.83176336774615E+02
 0.83176336774615E+02
 0.83176336774615E+02
 0.83176336774615E+02
 0.83176336774615E+02
 0.83176336774615E+02
 0.83176336774615E+02
 0.83176336774615E+02
 0.83176336774615E+02
 0.83176336774615E+02
 0.83176336774615E+02
 0.83176336774615E+02
 0.83176336774615E+02
 0.83176336774615E+02
 0.83176336774615E+02
 0.83176336774615E+02
 0.83176336774615E+02
 0.83176336774615E+02
 0.83176336774615E+02
 0.83176336774615E+02
 0.83176336774615E+02
 0.83176336774615E+02
 0.83176336774615E+02
 0.83176336774615E+02
 0.83176336774615E+02
 0.83176336774615E+02
 0.83176336774615E+02
 0.83176336774615E+02
 0.83176336774615E+02
 0.83176336774615E+02
 0.83176336774615E+02
 0.83176336774615E+02
 0.83176336774615E+02
 0.83176336774615E+02
 0.83176336774615E+02
 0.83176336774615E+02
 0.83176336774615E+02
 0.83176336774615E+02
 0.83176336774615E+02
 0.83176336774615E+02
 0.83176336774615E+02
 0.83176336774615E+02
 0.83176336774615E+02
 0.83176336774615E+02
 0.83176336793529E+02
 0.83176336833409E+02
 0.83176336874761E+02
 0.83176336892952E+02
 0.83176336943253E+02
 0.83176336971806E+02
 0.83176337011473E+02
 0.83176336996404E+02
 0.83176337026224E+02
 0.83176337125846E+02
 0.83176337272260E+02
 0.83176336839429E+02
 0.83176336010659E+02
 0.83176335015392E+02
 0.83176334629320E+02
 0.83176333744106E+02
 0.83176333962174E+02
 0.83176335130581E+02
 0.83176335884635E+02
 0.83176336237402E+02
 0.83176336532521E+02
 0.83176336524206E+02
 0.83176336509344E+02
 0.83176336499038E+02
 0.83176336462256E+02
 0.83176336570841E+02
 0.83176336438029E+02
 0.83176336683884E+02
 0.83176336619481E+02
 0.83176336328327E+02
 0.83176336671943E+02
 0.83176336353398E+02
 0.83176336621279E+02
 0.83176336684115E+02
 0.83176336665158E+02
 0.83176336384674E+02
 0.83176336709221E+02
 0.83176336608476E+02
 0.83176336411381E+02
 0.83176336128042E+02
 0.83176336684997E+02
 0.83176336400601E+02
 0.83176336471607E+02
 0.83176336554601E+02
 0.83176335887313E+02
 0.83176336637785E+02
 0.83176336664086E+02
 0.83176336640951E+02
 0.83176336609926E+02
 0.83176336616309E+02
 0.83176336136718E+02
 0.83176336374052E+02
 0.83176336587785E+02
 0.83176336635113E+02
 0.83176336590053E+02
 0.83176336396392E+02
 0.83176336561599E+02
 0.83176336633232E+02
 0.83176336589242E+02
 0.83176336605538E+02
 0.83176336611285E+02
 0.83176336541943E+02
 0.83176336614705E+02
 0.83176336538492E+02
 0.83176336500464E+02
 0.83176336590237E+02
 0.83176336559420E+02
 0.83176336601232E+02
 0.83176336602634E+02
 0.83176336583928E+02
 0.83176336567825E+02
 0.83176336589482E+02
 0.83176336592213E+02
 0.83176336595233E+02
 0.83176336573334E+02
 0.83176336569114E+02
 0.83176336425099E+02
 0.83176336582034E+02
 0.83176336576500E+02
 0.83176336625882E+02
 0.83176336596946E+02
 0.83176336623387E+02
 0.83176336624631E+02
 0.83176336620461E+02
 0.83176336622817E+02
 0.83176336615070E+02
 0.83176336573279E+02
 0.83176336514184E+02
 0.83176336620838E+02
 0.83176336637066E+02
 0.83176336611822E+02
 0.83176336566179E+02
 0.83176336532314E+02
 0.83176336404510E+02
 0.83176336575332E+02
 0.83176336618952E+02
 0.83176336564269E+02
 0.83176336473724E+02
 0.83176336323166E+02
 0.83176335770772E+02
 0.83176336471323E+02
 0.83176336539422E+02
 0.83176336453156E+02
 0.83176336333758E+02
 0.83176336384699E+02
 0.83176336099001E+02
 0.83176336349760E+02
 0.83176335877864E+02
 0.83176335861175E+02
 0.83176336344127E+02
 0.83176336350079E+02
 0.83176336636626E+02
 0.83176336604729E+02
 0.83176335905685E+02
 0.83176336053600E+02
 0.83176336076356E+02
 0.83176336629059E+02
 0.83176336642733E+02
 0.83176336601047E+02
 0.83176336582019E+02
 0.83176336664434E+02
 0.83176336659352E+02
 0.83176336655930E+02
 0.83176336578333E+02
 0.83176336488351E+02
 0.83176336485180E+02
 0.83176335886451E+02
 0.83176336575221E+02
 0.83176336598190E+02
 0.83176336479214E+02
 0.83176335948805E+02
