 0.42414192786585E+14
 0.42414192786585E+14
 0.42414192786585E+14
 0.42414192786585E+14
 0.42414192786585E+14
 0.42414192786585E+14
 0.42414192786585E+14
 0.42414192786585E+14
 0.42414192786585E+14
 0.42414192786585E+14
 0.42414192786585E+14
 0.42414192786585E+14
 0.42414192786585E+14
 0.42414192786585E+14
 0.42414192786585E+14
 0.42414192786585E+14
 0.42414192786585E+14
 0.42414192786585E+14
 0.42414192786585E+14
 0.42414192786585E+14
 0.42414192786585E+14
 0.42414192786585E+14
 0.42414192786585E+14
 0.42414192786585E+14
 0.42414192786585E+14
 0.42414192786585E+14
 0.42414192786585E+14
 0.42414192786585E+14
 0.42414192786585E+14
 0.42414192786585E+14
 0.42414192786585E+14
 0.42414192786585E+14
 0.42414192786585E+14
 0.42414192786585E+14
 0.42414192786585E+14
 0.42414192786585E+14
 0.42414192786585E+14
 0.42414192786585E+14
 0.42414192786585E+14
 0.42414192786585E+14
 0.42414192786585E+14
 0.42414192786585E+14
 0.42414192786585E+14
 0.42414192786585E+14
 0.42414192786585E+14
 0.42414192786585E+14
 0.42414192786585E+14
 0.42414192786585E+14
 0.42414192786585E+14
 0.42414192786585E+14
 0.42414192786585E+14
 0.42414192786585E+14
 0.42414192786585E+14
 0.42414192786585E+14
 0.42414192786585E+14
 0.42414192786585E+14
 0.42414192786585E+14
 0.42414192786585E+14
 0.42414192786585E+14
 0.42414192786585E+14
 0.42414192786585E+14
 0.42414192786585E+14
 0.42414192786585E+14
 0.42414192786585E+14
 0.42414192786585E+14
 0.42414192786585E+14
 0.42414192786585E+14
 0.42414192786585E+14
 0.42414192786585E+14
 0.42414192786585E+14
 0.42414192787450E+14
 0.42414192793056E+14
 0.42414192804965E+14
 0.42414192813722E+14
 0.42414192819691E+14
 0.42414192813808E+14
 0.42414192808025E+14
 0.42414192804053E+14
 0.42414192795584E+14
 0.42414192780304E+14
 0.42414192740943E+14
 0.42414192716498E+14
 0.42414192629320E+14
 0.42414192538997E+14
 0.42414192570557E+14
 0.42414192499888E+14
 0.42414192574325E+14
 0.42414192662656E+14
 0.42414192718760E+14
 0.42414192760751E+14
 0.42414192792329E+14
 0.42414192810923E+14
 0.42414192810030E+14
 0.42414192800440E+14
 0.42414192781663E+14
 0.42414192731044E+14
 0.42414192748388E+14
 0.42414192721113E+14
 0.42414192715199E+14
 0.42414192739829E+14
 0.42414192699626E+14
 0.42414192728754E+14
 0.42414192677256E+14
 0.42414192661108E+14
 0.42414192648450E+14
 0.42414192674687E+14
 0.42414192642884E+14
 0.42414192640464E+14
 0.42414192636709E+14
 0.42414192672233E+14
 0.42414192600803E+14
 0.42414192620447E+14
 0.42414192617995E+14
 0.42414192575231E+14
 0.42414192658283E+14
 0.42414192559642E+14
 0.42414192557137E+14
 0.42414192553791E+14
 0.42414192531613E+14
 0.42414192531760E+14
 0.42414192583030E+14
 0.42414192552723E+14
 0.42414192526845E+14
 0.42414192501830E+14
 0.42414192499631E+14
 0.42414192519739E+14
 0.42414192499415E+14
 0.42414192493974E+14
 0.42414192471208E+14
 0.42414192472358E+14
 0.42414192469428E+14
 0.42414192476155E+14
 0.42414192469561E+14
 0.42414192449489E+14
 0.42414192452992E+14
 0.42414192463188E+14
 0.42414192461825E+14
 0.42414192445978E+14
 0.42414192468837E+14
 0.42414192474315E+14
 0.42414192449641E+14
 0.42414192463153E+14
 0.42414192458547E+14
 0.42414192459461E+14
 0.42414192467644E+14
 0.42414192485836E+14
 0.42414192556429E+14
 0.42414192522334E+14
 0.42414192525844E+14
 0.42414192505953E+14
 0.42414192500314E+14
 0.42414192512165E+14
 0.42414192520121E+14
 0.42414192522657E+14
 0.42414192526667E+14
 0.42414192509098E+14
 0.42414192508980E+14
 0.42414192498504E+14
 0.42414192511763E+14
 0.42414192518008E+14
 0.42414192510679E+14
 0.42414192511330E+14
 0.42414192517386E+14
 0.42414192514359E+14
 0.42414192508198E+14
 0.42414192513571E+14
 0.42414192513017E+14
 0.42414192521544E+14
 0.42414192530198E+14
 0.42414192616958E+14
 0.42414192517313E+14
 0.42414192513540E+14
 0.42414192524160E+14
 0.42414192533761E+14
 0.42414192615825E+14
 0.42414192634026E+14
 0.42414192542759E+14
 0.42414192604671E+14
 0.42414192611842E+14
 0.42414192616910E+14
 0.42414192592972E+14
 0.42414192542013E+14
 0.42414192549672E+14
 0.42414192704486E+14
 0.42414192645355E+14
 0.42414192637621E+14
 0.42414192539450E+14
 0.42414192525127E+14
 0.42414192523492E+14
 0.42414192573728E+14
 0.42414192536946E+14
 0.42414192537423E+14
 0.42414192526518E+14
 0.42414192517520E+14
 0.42414192530898E+14
 0.42414192532122E+14
 0.42414192599269E+14
 0.42414192520882E+14
 0.42414192518029E+14
 0.42414192527448E+14
 0.42414192607861E+14
