 0.51033005131542E+03
 0.51033005131542E+03
 0.51033005131542E+03
 0.51033005131542E+03
 0.51033005131542E+03
 0.51033005131542E+03
 0.51033005131542E+03
 0.51033005131542E+03
 0.51033005131542E+03
 0.51033005131542E+03
 0.51033005131542E+03
 0.51033005131542E+03
 0.51033005131542E+03
 0.51033005131542E+03
 0.51033005131542E+03
 0.51033005131542E+03
 0.51033005131542E+03
 0.51033005131542E+03
 0.51033005131542E+03
 0.51033005131542E+03
 0.51033005131542E+03
 0.51033005131542E+03
 0.51033005131542E+03
 0.51033005131542E+03
 0.51033005131542E+03
 0.51033005131542E+03
 0.51033005131542E+03
 0.51033005131542E+03
 0.51033005131542E+03
 0.51033005131542E+03
 0.51033005131542E+03
 0.51033005131542E+03
 0.51033005131542E+03
 0.51033005131542E+03
 0.51033005131542E+03
 0.51033005131542E+03
 0.51033005131542E+03
 0.51033005131542E+03
 0.51033005131542E+03
 0.51033005131542E+03
 0.51033005131542E+03
 0.51033005131542E+03
 0.51033005131542E+03
 0.51033005131542E+03
 0.51033005131542E+03
 0.51033005131542E+03
 0.51033005131542E+03
 0.51033005131542E+03
 0.51033005131542E+03
 0.51033005131542E+03
 0.51033005131542E+03
 0.51033005131542E+03
 0.51033005131542E+03
 0.51033005131542E+03
 0.51033005131542E+03
 0.51033005131542E+03
 0.51033005131542E+03
 0.51033005131542E+03
 0.51033005131542E+03
 0.51033005131542E+03
 0.51033005131542E+03
 0.51033005131542E+03
 0.51033005131542E+03
 0.51033005131542E+03
 0.51033005131542E+03
 0.51033005131542E+03
 0.51033005131542E+03
 0.51033005131542E+03
 0.51033005131542E+03
 0.51033005131542E+03
 0.51033005110513E+03
 0.51033005108502E+03
 0.51033005224818E+03
 0.51033005373286E+03
 0.51033005585648E+03
 0.51033005596281E+03
 0.51033005590130E+03
 0.51033005559347E+03
 0.51033005466006E+03
 0.51033005185003E+03
 0.51033004027432E+03
 0.51033002652501E+03
 0.51032999497779E+03
 0.51032996897619E+03
 0.51032997094721E+03
 0.51032994533398E+03
 0.51032996493457E+03
 0.51032999177243E+03
 0.51033001329364E+03
 0.51033002918674E+03
 0.51033004039033E+03
 0.51033004757926E+03
 0.51033004782042E+03
 0.51033004665502E+03
 0.51033004262049E+03
 0.51033004027803E+03
 0.51033004932894E+03
 0.51033004535830E+03
 0.51033004573761E+03
 0.51033005515312E+03
 0.51033004444646E+03
 0.51033005442487E+03
 0.51033004721985E+03
 0.51033004517855E+03
 0.51033004393510E+03
 0.51033005381703E+03
 0.51033004488231E+03
 0.51033004516894E+03
 0.51033005094134E+03
 0.51033006456462E+03
 0.51033004468607E+03
 0.51033005118185E+03
 0.51033005227713E+03
 0.51033004449018E+03
 0.51033007118251E+03
 0.51033004239525E+03
 0.51033004316668E+03
 0.51033004267998E+03
 0.51033004235796E+03
 0.51033004423102E+03
 0.51033006115407E+03
 0.51033005288798E+03
 0.51033004502689E+03
 0.51033004231687E+03
 0.51033004373226E+03
 0.51033005074988E+03
 0.51033004461650E+03
 0.51033004232861E+03
 0.51033004121451E+03
 0.51033004112153E+03
 0.51033004199452E+03
 0.51033004430158E+03
 0.51033004141752E+03
 0.51033004112756E+03
 0.51033004182948E+03
 0.51033004275045E+03
 0.51033004343587E+03
 0.51033004186211E+03
 0.51033004259995E+03
 0.51033004247318E+03
 0.51033004121035E+03
 0.51033004309511E+03
 0.51033004321775E+03
 0.51033004231689E+03
 0.51033004233885E+03
 0.51033004294247E+03
 0.51033005323698E+03
 0.51033004652590E+03
 0.51033004710675E+03
 0.51033004431640E+03
 0.51033004356283E+03
 0.51033004424623E+03
 0.51033004588371E+03
 0.51033004603310E+03
 0.51033004624292E+03
 0.51033004423367E+03
 0.51033004438401E+03
 0.51033004553078E+03
 0.51033004475631E+03
 0.51033004550054E+03
 0.51033004476303E+03
 0.51033004486017E+03
 0.51033004585539E+03
 0.51033004971984E+03
 0.51033004509187E+03
 0.51033004484492E+03
 0.51033004537055E+03
 0.51033004767940E+03
 0.51033005458604E+03
 0.51033007730265E+03
 0.51033004803972E+03
 0.51033004622023E+03
 0.51033004898437E+03
 0.51033005421358E+03
 0.51033005682573E+03
 0.51033006862499E+03
 0.51033005454135E+03
 0.51033007330364E+03
 0.51033007360064E+03
 0.51033005845135E+03
 0.51033005922902E+03
 0.51033004778855E+03
 0.51033004934366E+03
 0.51033007666761E+03
 0.51033007044655E+03
 0.51033007016959E+03
 0.51033004850308E+03
 0.51033004613006E+03
 0.51033004597168E+03
 0.51033005133948E+03
 0.51033004787160E+03
 0.51033004797159E+03
 0.51033004769521E+03
 0.51033004739693E+03
 0.51033004887583E+03
 0.51033004970513E+03
 0.51033007363889E+03
 0.51033004814488E+03
 0.51033004760934E+03
 0.51033004982349E+03
 0.51033007249456E+03
