 0.30964638233675E+03
 0.30964638233675E+03
 0.30964638233675E+03
 0.30964638233675E+03
 0.30964638233675E+03
 0.30964638233675E+03
 0.30964638233675E+03
 0.30964638233675E+03
 0.30964638233675E+03
 0.30964638233675E+03
 0.30964638233675E+03
 0.30964638233675E+03
 0.30964638233675E+03
 0.30964638233675E+03
 0.30964638233675E+03
 0.30964638233675E+03
 0.30964638233675E+03
 0.30964638233675E+03
 0.30964638233675E+03
 0.30964638233675E+03
 0.30964638233675E+03
 0.30964638233675E+03
 0.30964638233675E+03
 0.30964638233675E+03
 0.30964638233675E+03
 0.30964638233675E+03
 0.30964638233675E+03
 0.30964638233675E+03
 0.30964638233675E+03
 0.30964638233675E+03
 0.30964638233675E+03
 0.30964638233675E+03
 0.30964638233675E+03
 0.30964638233675E+03
 0.30964638233675E+03
 0.30964638233675E+03
 0.30964638233675E+03
 0.30964638233675E+03
 0.30964638233675E+03
 0.30964638233675E+03
 0.30964638233675E+03
 0.30964638233675E+03
 0.30964638233675E+03
 0.30964638233675E+03
 0.30964638233675E+03
 0.30964638233675E+03
 0.30964638233675E+03
 0.30964638233675E+03
 0.30964638233675E+03
 0.30964638233675E+03
 0.30964638233675E+03
 0.30964638233675E+03
 0.30964638233675E+03
 0.30964638233675E+03
 0.30964638233675E+03
 0.30964638233675E+03
 0.30964638233675E+03
 0.30964638233675E+03
 0.30964638233675E+03
 0.30964638233675E+03
 0.30964638233675E+03
 0.30964638233675E+03
 0.30964638233675E+03
 0.30964638233675E+03
 0.30964638233675E+03
 0.30964638233675E+03
 0.30964638233675E+03
 0.30964638233675E+03
 0.30964638233675E+03
 0.30964638233675E+03
 0.30964638229746E+03
 0.30964638196998E+03
 0.30964638132165E+03
 0.30964638053951E+03
 0.30964637875130E+03
 0.30964637774741E+03
 0.30964637663271E+03
 0.30964637682188E+03
 0.30964637603507E+03
 0.30964637349096E+03
 0.30964636333825E+03
 0.30964635498283E+03
 0.30964633348392E+03
 0.30964631850381E+03
 0.30964632569718E+03
 0.30964630665172E+03
 0.30964632218131E+03
 0.30964634082624E+03
 0.30964635535035E+03
 0.30964636711206E+03
 0.30964637510150E+03
 0.30964638091642E+03
 0.30964638134398E+03
 0.30964638065891E+03
 0.30964637691530E+03
 0.30964637437156E+03
 0.30964638314471E+03
 0.30964637774088E+03
 0.30964637819529E+03
 0.30964638885048E+03
 0.30964637741376E+03
 0.30964638804496E+03
 0.30964638044742E+03
 0.30964637819917E+03
 0.30964637710677E+03
 0.30964638740941E+03
 0.30964637773834E+03
 0.30964637852643E+03
 0.30964638493192E+03
 0.30964639861452E+03
 0.30964637779608E+03
 0.30964638521920E+03
 0.30964638636705E+03
 0.30964637853628E+03
 0.30964640572285E+03
 0.30964637633853E+03
 0.30964637682682E+03
 0.30964637660001E+03
 0.30964637656352E+03
 0.30964637835714E+03
 0.30964639604356E+03
 0.30964638803218E+03
 0.30964637926235E+03
 0.30964637668830E+03
 0.30964637828783E+03
 0.30964638617993E+03
 0.30964637929151E+03
 0.30964637677709E+03
 0.30964637610810E+03
 0.30964637607865E+03
 0.30964637681853E+03
 0.30964637933865E+03
 0.30964637625391E+03
 0.30964637643945E+03
 0.30964637735794E+03
 0.30964637758092E+03
 0.30964637850775E+03
 0.30964637680336E+03
 0.30964637725809E+03
 0.30964637721941E+03
 0.30964637634726E+03
 0.30964637786593E+03
 0.30964637787858E+03
 0.30964637704121E+03
 0.30964637710763E+03
 0.30964637763622E+03
 0.30964638777093E+03
 0.30964638061807E+03
 0.30964638101883E+03
 0.30964637829741E+03
 0.30964637789540E+03
 0.30964637825455E+03
 0.30964637947361E+03
 0.30964637967055E+03
 0.30964637989578E+03
 0.30964637826805E+03
 0.30964637860395E+03
 0.30964637985538E+03
 0.30964637857078E+03
 0.30964637905146E+03
 0.30964637853845E+03
 0.30964637898057E+03
 0.30964638001328E+03
 0.30964638412220E+03
 0.30964637906799E+03
 0.30964637856868E+03
 0.30964637936402E+03
 0.30964638186133E+03
 0.30964638866062E+03
 0.30964641146482E+03
 0.30964638218152E+03
 0.30964638013707E+03
 0.30964638301627E+03
 0.30964638836299E+03
 0.30964638959444E+03
 0.30964640197035E+03
 0.30964638841591E+03
 0.30964640739871E+03
 0.30964640787508E+03
 0.30964639133811E+03
 0.30964639292557E+03
 0.30964638082375E+03
 0.30964638207517E+03
 0.30964640972385E+03
 0.30964640364234E+03
 0.30964640310750E+03
 0.30964638119092E+03
 0.30964637925674E+03
 0.30964637931338E+03
 0.30964638398864E+03
 0.30964638031058E+03
 0.30964638050947E+03
 0.30964638013179E+03
 0.30964638035112E+03
 0.30964638249030E+03
 0.30964638298012E+03
 0.30964640762866E+03
 0.30964638101078E+03
 0.30964638042991E+03
 0.30964638322801E+03
 0.30964640614934E+03
