-0.24191026073383E+13
-0.24198100825582E+13
-0.24216981379954E+13
-0.24247707485820E+13
-0.24290343960108E+13
-0.24344981009916E+13
-0.24411734683313E+13
-0.24490747452473E+13
-0.24582188934529E+13
-0.24686256756795E+13
-0.24803177574483E+13
-0.24933208250539E+13
-0.25076637208940E+13
-0.25233785974651E+13
-0.25405010915495E+13
-0.25590705203532E+13
-0.25791301016111E+13
-0.26007271999733E+13
-0.26239136023145E+13
-0.26487458249947E+13
-0.26752854565258E+13
-0.27035995396017E+13
-0.27337609970195E+13
-0.27658491066801E+13
-0.27999500316214E+13
-0.28361574119272E+13
-0.28745730263850E+13
-0.29153075329797E+13
-0.29584812987188E+13
-0.30042253309515E+13
-0.30526823243019E+13
-0.31040078396490E+13
-0.31583716343380E+13
-0.32159591660664E+13
-0.32769732967951E+13
-0.33416362277001E+13
-0.34101917017996E+13
-0.34829075176665E+13
-0.35600784058463E+13
-0.36420293295874E+13
-0.37291192836886E+13
-0.38217456802384E+13
-0.39203494284676E+13
-0.40254208387941E+13
-0.41375065095863E+13
-0.42572173907832E+13
-0.43852382633293E+13
-0.45223389301312E+13
-0.46693874865459E+13
-0.48273661311429E+13
-0.49973900972546E+13
-0.51807304416992E+13
-0.53788416315216E+13
-0.55933951401408E+13
-0.58263206255919E+13
-0.60798567509570E+13
-0.63566143718963E+13
-0.66596557340954E+13
-0.69925946081768E+13
-0.73597241157385E+13
-0.77661816426809E+13
-0.82181641419023E+13
-0.87232130534081E+13
-0.92905973658825E+13
-0.99318385974257E+13
-0.10661448165529E+14
-0.11497999131939E+14
-0.12465770823889E+14
-0.13597551343466E+14
-0.14940957754320E+14
-0.16577880666143E+14
-0.18526742583043E+14
-0.20865430484855E+14
-0.23724782751365E+14
-0.27290137599952E+14
-0.31838420476386E+14
-0.37803447580658E+14
-0.45901380640912E+14
-0.57395398404622E+14
-0.74707322115654E+14
-0.10304774621620E+15
-0.15561946709837E+15
-0.27595191901421E+15
-0.70294838995709E+15
-0.11114757419997E+17
 0.33933675852023E+17
-0.58062525303779E+15
-0.18727484787475E+15
-0.91460044927179E+14
-0.52811690879942E+14
-0.33210160648591E+14
-0.21864056458313E+14
-0.14697222520466E+14
-0.98775255974354E+13
-0.64988186712042E+13
-0.40433835414993E+13
-0.22097910541975E+13
-0.81402474608311E+12
 0.26987212139987E+12
 0.11284525093039E+13
 0.18139127237650E+13
 0.23628870527835E+13
 0.28077734060932E+13
 0.31654983482887E+13
 0.34585663404447E+13
 0.37034157964913E+13
 0.39069167828322E+13
 0.40692916974796E+13
 0.41974583464785E+13
 0.43007284453585E+13
 0.43873803061766E+13
 0.44564115953857E+13
 0.45063399242670E+13
 0.45424474591407E+13
 0.45610012031304E+13
 0.45715761267706E+13
 0.45837253101695E+13
 0.45800387291240E+13
 0.45692727080177E+13
 0.45476973168915E+13
 0.45212764016952E+13
 0.45010975964924E+13
 0.44689557930272E+13
 0.44328145498910E+13
 0.43899767481724E+13
 0.43438726669572E+13
 0.42993878702443E+13
 0.42562732346803E+13
 0.42058799493972E+13
 0.41537838053825E+13
 0.40941677308978E+13
 0.40404588912155E+13
 0.39865253997274E+13
 0.39283615709444E+13
 0.38692414711872E+13
 0.38050035690625E+13
 0.37405792508980E+13
 0.36832178006829E+13
 0.36244018318914E+13
 0.35620786947755E+13
 0.34996568823447E+13
 0.34307299333540E+13
 0.33658703116850E+13
 0.33052781944517E+13
 0.32468545934917E+13
 0.31839674036848E+13
 0.31168460072769E+13
 0.30529546789436E+13
 0.29882957448721E+13
 0.29334135538077E+13
 0.28717004177755E+13
 0.28105797140610E+13
 0.27459543852394E+13
 0.26831775712170E+13
 0.26256831958085E+13
 0.25691615476560E+13
 0.25103911589604E+13
 0.24522246475675E+13
 0.23908053314251E+13
 0.23314332419363E+13
 0.22763315036057E+13
 0.22249988905721E+13
 0.21701107631591E+13
 0.21158379988034E+13
 0.20586288155962E+13
 0.20032525805374E+13
 0.19526469893920E+13
 0.19054814976901E+13
 0.18548754455840E+13
 0.18050939449747E+13
 0.17527414181711E+13
 0.17019429733796E+13
 0.16556877582346E+13
 0.16129354787162E+13
 0.15669602452845E+13
 0.15217870912111E+13
 0.14747114479940E+13
 0.14287373566085E+13
 0.13877813500426E+13
 0.13443995493298E+13
 0.13068859711204E+13
 0.12663282878861E+13
 0.12266905578043E+13
 0.11833537710349E+13
 0.11442984839553E+13
 0.11089015387730E+13
 0.10742509435195E+13
 0.10381458250385E+13
 0.10028034919869E+13
 0.96515675113902E+12
 0.93058248956745E+12
 0.89561503853428E+12
 0.86541771161253E+12
 0.83584509596650E+12
 0.80465098784350E+12
 0.77422288307259E+12
 0.74428440887484E+12
 0.71143779128236E+12
 0.68113036868810E+12
 0.65440828190861E+12
 0.63046106958897E+12
