 0.21140088456486E+08
 0.21140088456486E+08
 0.21140088456486E+08
 0.21140088456486E+08
 0.21140088456486E+08
 0.21140088456486E+08
 0.21140088456486E+08
 0.21140088456486E+08
 0.21140088456486E+08
 0.21140088456486E+08
 0.21140088456486E+08
 0.21140088456486E+08
 0.21140088456486E+08
 0.21140088456486E+08
 0.21140088456486E+08
 0.21140088456486E+08
 0.21140088456486E+08
 0.21140088456486E+08
 0.21140088456486E+08
 0.21140088456486E+08
 0.21140088456486E+08
 0.21140088456486E+08
 0.21140088456486E+08
 0.21140088456486E+08
 0.21140088456486E+08
 0.21140088456486E+08
 0.21140088456486E+08
 0.21140088456486E+08
 0.21140088456486E+08
 0.21140088456486E+08
 0.21140088456486E+08
 0.21140088456486E+08
 0.21140088456486E+08
 0.21140088456486E+08
 0.21140088456486E+08
 0.21140088456486E+08
 0.21140088456486E+08
 0.21140088456486E+08
 0.21140088456486E+08
 0.21140088456486E+08
 0.21140088456486E+08
 0.21140088456486E+08
 0.21140088456486E+08
 0.21140088456486E+08
 0.21140088456486E+08
 0.21140088456486E+08
 0.21140088456486E+08
 0.21140088456486E+08
 0.21140088456486E+08
 0.21140088456486E+08
 0.21140088456486E+08
 0.21140088456486E+08
 0.21140088456486E+08
 0.21140088456486E+08
 0.21140088456486E+08
 0.21140088456486E+08
 0.21140088456486E+08
 0.21140088456486E+08
 0.21140088456486E+08
 0.21140088456486E+08
 0.21140088456486E+08
 0.21140088456486E+08
 0.21140088456486E+08
 0.21140088456486E+08
 0.21140088456486E+08
 0.21140088456486E+08
 0.21140088456486E+08
 0.21140088456486E+08
 0.21140088456486E+08
 0.21140088456486E+08
 0.21140088449451E+08
 0.21140088448793E+08
 0.21140088482466E+08
 0.21140088544683E+08
 0.21140088679232E+08
 0.21140088737868E+08
 0.21140088794911E+08
 0.21140088786953E+08
 0.21140088805959E+08
 0.21140088845484E+08
 0.21140088977142E+08
 0.21140089023803E+08
 0.21140089402167E+08
 0.21140089790272E+08
 0.21140089551943E+08
 0.21140089931627E+08
 0.21140089568891E+08
 0.21140089018560E+08
 0.21140088697896E+08
 0.21140088495438E+08
 0.21140088339678E+08
 0.21140088272642E+08
 0.21140088273236E+08
 0.21140088300468E+08
 0.21140088397484E+08
 0.21140088652975E+08
 0.21140088583016E+08
 0.21140088745567E+08
 0.21140088782936E+08
 0.21140088630286E+08
 0.21140088827473E+08
 0.21140088689376E+08
 0.21140088951052E+08
 0.21140089038910E+08
 0.21140089093215E+08
 0.21140088973593E+08
 0.21140089132815E+08
 0.21140089145425E+08
 0.21140089167754E+08
 0.21140088990508E+08
 0.21140089337783E+08
 0.21140089247263E+08
 0.21140089236425E+08
 0.21140089470917E+08
 0.21140089070779E+08
 0.21140089550861E+08
 0.21140089559517E+08
 0.21140089584987E+08
 0.21140089691002E+08
 0.21140089703010E+08
 0.21140089434448E+08
 0.21140089563842E+08
 0.21140089727597E+08
 0.21140089857988E+08
 0.21140089865327E+08
 0.21140089738820E+08
 0.21140089866041E+08
 0.21140089898044E+08
 0.21140090002939E+08
 0.21140090017883E+08
 0.21140090026437E+08
 0.21140089983991E+08
 0.21140090023111E+08
 0.21140090107805E+08
 0.21140090100259E+08
 0.21140090036941E+08
 0.21140090051026E+08
 0.21140090120828E+08
 0.21140089999287E+08
 0.21140089970276E+08
 0.21140090099286E+08
 0.21140090037078E+08
 0.21140090029075E+08
 0.21140090020664E+08
 0.21140089985942E+08
 0.21140089910833E+08
 0.21140089506070E+08
 0.21140089722083E+08
 0.21140089682908E+08
 0.21140089788444E+08
 0.21140089810983E+08
 0.21140089757610E+08
 0.21140089705015E+08
 0.21140089695517E+08
 0.21140089676273E+08
 0.21140089758499E+08
 0.21140089767691E+08
 0.21140089804057E+08
 0.21140089730169E+08
 0.21140089682506E+08
 0.21140089737923E+08
 0.21140089753387E+08
 0.21140089716614E+08
 0.21140089695114E+08
 0.21140089732418E+08
 0.21140089724274E+08
 0.21140089729671E+08
 0.21140089687359E+08
 0.21140089610581E+08
 0.21140089193531E+08
 0.21140089664046E+08
 0.21140089690583E+08
 0.21140089640667E+08
 0.21140089596734E+08
 0.21140089155553E+08
 0.21140089062812E+08
 0.21140089549173E+08
 0.21140089225672E+08
 0.21140089209993E+08
 0.21140089143828E+08
 0.21140089230309E+08
 0.21140089539959E+08
 0.21140089467213E+08
 0.21140088731530E+08
 0.21140089002173E+08
 0.21140089008425E+08
 0.21140089507871E+08
 0.21140089617288E+08
 0.21140089623476E+08
 0.21140089362298E+08
 0.21140089515418E+08
 0.21140089519930E+08
 0.21140089545978E+08
 0.21140089591154E+08
 0.21140089583299E+08
 0.21140089553333E+08
 0.21140089199688E+08
 0.21140089544434E+08
 0.21140089571946E+08
 0.21140089548287E+08
 0.21140089138363E+08
