 0.77828119149937E+07
 0.77828119149937E+07
 0.77828119149937E+07
 0.77828119149937E+07
 0.77828119149937E+07
 0.77828119149937E+07
 0.77828119149937E+07
 0.77828119149937E+07
 0.77828119149937E+07
 0.77828119149937E+07
 0.77828119149937E+07
 0.77828119149937E+07
 0.77828119149937E+07
 0.77828119149937E+07
 0.77828119149937E+07
 0.77828119149937E+07
 0.77828119149937E+07
 0.77828119149937E+07
 0.77828119149937E+07
 0.77828119149937E+07
 0.77828119149937E+07
 0.77828119149937E+07
 0.77828119149937E+07
 0.77828119149937E+07
 0.77828119149937E+07
 0.77828119149937E+07
 0.77828119149937E+07
 0.77828119149937E+07
 0.77828119149937E+07
 0.77828119149937E+07
 0.77828119149937E+07
 0.77828119149937E+07
 0.77828119149937E+07
 0.77828119149937E+07
 0.77828119149937E+07
 0.77828119149937E+07
 0.77828119149937E+07
 0.77828119149937E+07
 0.77828119149937E+07
 0.77828119149937E+07
 0.77828119149937E+07
 0.77828119149937E+07
 0.77828119149937E+07
 0.77828119149937E+07
 0.77828119149937E+07
 0.77828119149937E+07
 0.77828119149937E+07
 0.77828119149937E+07
 0.77828119149937E+07
 0.77828119149937E+07
 0.77828119149937E+07
 0.77828119149937E+07
 0.77828119149937E+07
 0.77828119149937E+07
 0.77828119149937E+07
 0.77828119149937E+07
 0.77828119149937E+07
 0.77828119149937E+07
 0.77828119149937E+07
 0.77828119149937E+07
 0.77828119149937E+07
 0.77828119149937E+07
 0.77828119149937E+07
 0.77828119149937E+07
 0.77828119149937E+07
 0.77828119149937E+07
 0.77828119149937E+07
 0.77828119149937E+07
 0.77828119149937E+07
 0.77828119149937E+07
 0.77828119168426E+07
 0.77828119007517E+07
 0.77828118450800E+07
 0.77828117833833E+07
 0.77828116782541E+07
 0.77828116461330E+07
 0.77828116129755E+07
 0.77828116289444E+07
 0.77828116248591E+07
 0.77828115972295E+07
 0.77828114884044E+07
 0.77828115049333E+07
 0.77828115257246E+07
 0.77828117086490E+07
 0.77828119223922E+07
 0.77828118860093E+07
 0.77828119352845E+07
 0.77828118513568E+07
 0.77828118069952E+07
 0.77828118389523E+07
 0.77828118415081E+07
 0.77828118898687E+07
 0.77828119042249E+07
 0.77828119153588E+07
 0.77828118859457E+07
 0.77828119235819E+07
 0.77828120627813E+07
 0.77828119720883E+07
 0.77828119971194E+07
 0.77828121893637E+07
 0.77828120136106E+07
 0.77828121928378E+07
 0.77828121270144E+07
 0.77828121086043E+07
 0.77828121116099E+07
 0.77828122840649E+07
 0.77828121290465E+07
 0.77828121645625E+07
 0.77828123187163E+07
 0.77828125257488E+07
 0.77828122133941E+07
 0.77828123550933E+07
 0.77828123753972E+07
 0.77828123055921E+07
 0.77828127107770E+07
 0.77828122884424E+07
 0.77828122926457E+07
 0.77828123054661E+07
 0.77828123524835E+07
 0.77828123899375E+07
 0.77828126639728E+07
 0.77828125610103E+07
 0.77828124202183E+07
 0.77828124214857E+07
 0.77828124614237E+07
 0.77828125975327E+07
 0.77828124851705E+07
 0.77828124403378E+07
 0.77828124793074E+07
 0.77828124861644E+07
 0.77828124998798E+07
 0.77828125405692E+07
 0.77828124878710E+07
 0.77828125372226E+07
 0.77828125592072E+07
 0.77828125190145E+07
 0.77828125498850E+07
 0.77828125379063E+07
 0.77828124935142E+07
 0.77828124847559E+07
 0.77828125269271E+07
 0.77828125228801E+07
 0.77828125168289E+07
 0.77828124991156E+07
 0.77828124890013E+07
 0.77828124695107E+07
 0.77828125159637E+07
 0.77828124406176E+07
 0.77828124286243E+07
 0.77828124157833E+07
 0.77828124268576E+07
 0.77828124044178E+07
 0.77828123963905E+07
 0.77828123982375E+07
 0.77828123960749E+07
 0.77828124058070E+07
 0.77828124214905E+07
 0.77828124628093E+07
 0.77828123946535E+07
 0.77828123785696E+07
 0.77828123956782E+07
 0.77828124206334E+07
 0.77828124286533E+07
 0.77828125094195E+07
 0.77828124102408E+07
 0.77828123896751E+07
 0.77828124156107E+07
 0.77828124551479E+07
 0.77828125580157E+07
 0.77828128579408E+07
 0.77828124516710E+07
 0.77828124141646E+07
 0.77828124562134E+07
 0.77828125493168E+07
 0.77828123691244E+07
 0.77828125972165E+07
 0.77828125244700E+07
 0.77828127873484E+07
 0.77828127964638E+07
 0.77828124028775E+07
 0.77828124907960E+07
 0.77828123453947E+07
 0.77828123340884E+07
 0.77828126197058E+07
 0.77828126033818E+07
 0.77828125872448E+07
 0.77828123302450E+07
 0.77828123456773E+07
 0.77828123556339E+07
 0.77828123307771E+07
 0.77828123080304E+07
 0.77828123166396E+07
 0.77828123156737E+07
 0.77828123524285E+07
 0.77828124119634E+07
 0.77828124002594E+07
 0.77828127791159E+07
 0.77828123455758E+07
 0.77828123428396E+07
 0.77828124072528E+07
 0.77828127170784E+07
