 0.96501808438993E+05
 0.14612959899730E+05
 0.41735558431540E+04
 0.17120656689950E+04
 0.84545030324449E+03
 0.46126523596210E+03
 0.26280815966935E+03
 0.14810325722990E+03
 0.75651492570057E+02
 0.26381695411517E+02
-0.93079153937533E+01
-0.36617344559729E+02
-0.58527639324716E+02
-0.76832909806419E+02
-0.92657060295615E+02
-0.10672866555038E+03
-0.11953419464155E+03
-0.13140694551555E+03
-0.14258051669516E+03
-0.15322196599920E+03
-0.16345294245241E+03
-0.17336348554504E+03
-0.18302123538435E+03
-0.19247770261445E+03
-0.20177261432487E+03
-0.21093697672950E+03
-0.21999526722828E+03
-0.22896702681244E+03
-0.23786803419233E+03
-0.24671118556621E+03
-0.25550716690084E+03
-0.26426498219161E+03
-0.27299238798255E+03
-0.28169628119329E+03
-0.29038309909871E+03
-0.29905933713011E+03
-0.30773244886153E+03
-0.31641302979716E+03
-0.32512291129296E+03
-0.33394970647544E+03
-0.34310858213359E+03
-0.35260647713330E+03
-0.36237508833343E+03
-0.37242316911139E+03
-0.38273635208044E+03
-0.39328037068434E+03
-0.40410366814627E+03
-0.41519260655607E+03
-0.42651989417402E+03
-0.43819095362496E+03
-0.45011645073340E+03
-0.46229613090859E+03
-0.47481322103079E+03
-0.48763744196622E+03
-0.50075653016596E+03
-0.51417193554402E+03
-0.52798414959007E+03
-0.54211198293817E+03
-0.55656342917150E+03
-0.57144151938103E+03
-0.58655431479392E+03
-0.60210091054004E+03
-0.61802527310519E+03
-0.63434388909922E+03
-0.65103197716991E+03
-0.66814667242862E+03
-0.68568407662809E+03
-0.70363776370916E+03
-0.72203054072303E+03
-0.74086043483081E+03
-0.76013934380243E+03
-0.77990826385315E+03
-0.80012887587924E+03
-0.82083464573042E+03
-0.84202704651919E+03
-0.86371559309428E+03
-0.88591313416757E+03
-0.90863253560005E+03
-0.93188078253699E+03
-0.95567606395863E+03
-0.98004135866810E+03
-0.10049435635876E+04
-0.10304179633776E+04
-0.10564577911503E+04
-0.10831162039029E+04
-0.11103704796435E+04
-0.11382307903843E+04
-0.11667194726109E+04
-0.11958339227984E+04
-0.12255634490088E+04
-0.12559595166420E+04
-0.12870410363197E+04
-0.13187850596927E+04
-0.13512311162133E+04
-0.13843731687605E+04
-0.14182428553906E+04
-0.14528218237372E+04
-0.14881402168278E+04
-0.15241959455916E+04
-0.15609913574246E+04
-0.15985953486636E+04
-0.16369513065383E+04
-0.16760661780086E+04
-0.17160917654230E+04
-0.17568677275443E+04
-0.17984682688228E+04
-0.18260263895397E+04
-0.18842143466971E+04
-0.19283383710572E+04
-0.19733631781126E+04
-0.20192954120111E+04
-0.20661033201641E+04
-0.21138211919186E+04
-0.21624344660375E+04
-0.22120204625426E+04
-0.22624513391002E+04
-0.23140461911640E+04
-0.23665673437889E+04
-0.24199826079475E+04
-0.24744368014918E+04
-0.25298954946424E+04
-0.25863717637301E+04
-0.26439027284005E+04
-0.27024705742385E+04
-0.27621158836442E+04
-0.28228428269843E+04
-0.28846364948802E+04
-0.29475379257245E+04
-0.30115583017693E+04
-0.30767249370829E+04
-0.31429752692305E+04
-0.32104643209170E+04
-0.32790662342305E+04
-0.33489170072710E+04
-0.34199193676831E+04
-0.34921350782740E+04
-0.35655967185401E+04
-0.36402715704975E+04
-0.37161885952688E+04
-0.37934145500231E+04
-0.38718643420742E+04
-0.39517392265509E+04
-0.40328299623270E+04
-0.41152386349701E+04
-0.41989875941707E+04
-0.42840921388447E+04
-0.43705516535881E+04
-0.44584125887889E+04
-0.45476683068092E+04
-0.46382641987530E+04
-0.47303247077358E+04
-0.48238087032699E+04
-0.49186661570723E+04
-0.50153611314455E+04
-0.51133048863988E+04
-0.52127303282945E+04
-0.53136345914228E+04
-0.54161336761602E+04
-0.55201228257918E+04
-0.56257151681436E+04
-0.57328664618188E+04
-0.58417948450892E+04
-0.59521526935825E+04
-0.60641105694694E+04
-0.61776172413729E+04
-0.62929442747223E+04
-0.64098930329315E+04
-0.65284944750163E+04
-0.66487853091656E+04
-0.67706515223820E+04
-0.68942265672468E+04
-0.70197334624407E+04
-0.71469678035482E+04
-0.72759657359731E+04
-0.74067561513605E+04
-0.75393218772899E+04
-0.76734751931039E+04
-0.78097338828363E+04
-0.79481987276026E+04
-0.80882219787451E+04
-0.82301072618672E+04
-0.83739112773298E+04
-0.85196587854954E+04
-0.86673264418994E+04
-0.88169417203100E+04
-0.89684962923527E+04
-0.91222623678413E+04
-0.92777522259213E+04
-0.94354576675202E+04
-0.95950974750432E+04
-0.97568108331211E+04
-0.99205874258906E+04
-0.10086440519377E+05
-0.10254377610952E+05
-0.10424474776774E+05
-0.10596691087812E+05
-0.10770809678439E+05
-0.10947297660712E+05
-0.11125838933522E+05
-0.11306950309699E+05
-0.11490108841280E+05
-0.11675503369187E+05
-0.11863211546162E+05
-0.12053203829042E+05
-0.12244969445351E+05
-0.12439461438180E+05
-0.12636278990558E+05
-0.12835438088864E+05
-0.13037606428848E+05
-0.13241592219553E+05
-0.13448012304836E+05
-0.13656806643563E+05
-0.13868031838556E+05
-0.14081709805584E+05
-0.14297858918324E+05
-0.14516496348150E+05
-0.14737637082351E+05
-0.14961283666962E+05
-0.15187307133119E+05
-0.15416168512270E+05
-0.15647642389234E+05
-0.15881622126026E+05
-0.16118207114078E+05
-0.16357425524443E+05
-0.16599298207599E+05
-0.16843844542764E+05
-0.17091082249388E+05
-0.17340293207770E+05
-0.17592772380970E+05
-0.17848272271277E+05
-0.18106403108151E+05
-0.18367279383808E+05
-0.18630951972531E+05
-0.18897446452185E+05
-0.19166793219621E+05
-0.19438762208285E+05
-0.19715308735605E+05
-0.19991695944395E+05
-0.20273064098963E+05
-0.20556382792866E+05
-0.20843758115756E+05
-0.21133448560388E+05
-0.21426339073197E+05
-0.21722158865360E+05
-0.22020981216925E+05
-0.22322813347289E+05
-0.22627664790736E+05
-0.22935805657551E+05
-0.23246954071446E+05
-0.23561217171854E+05
-0.23878624217132E+05
-0.24198693417766E+05
-0.24522496231215E+05
-0.24849494790036E+05
-0.25179708717397E+05
-0.25513436788132E+05
-0.25850549082643E+05
-0.26192735878614E+05
-0.26534024751744E+05
-0.26879957655627E+05
-0.27229572554470E+05
-0.27582558282702E+05
-0.27939095213677E+05
-0.28299085403924E+05
-0.28662664448093E+05
-0.29030590312048E+05
-0.29399958805996E+05
-0.29782426767271E+05
-0.30146744121629E+05
-0.30528915705783E+05
-0.30914539330953E+05
-0.31306574725089E+05
-0.31691351527609E+05
-0.32086460346680E+05
-0.32485139960977E+05
-0.32887511906853E+05
-0.33293536359718E+05
-0.33702838329449E+05
-0.34116482367051E+05
-0.34533597700615E+05
-0.34954449239193E+05
-0.35379177189903E+05
-0.35807823774602E+05
-0.36240448364164E+05
-0.36676824837494E+05
-0.37117035265162E+05
-0.37561202434764E+05
-0.38009244498891E+05
-0.38461223580376E+05
-0.38917155705148E+05
-0.39377152996330E+05
-0.39841023990402E+05
-0.40316100796883E+05
-0.40786557492697E+05
-0.41260613723976E+05
-0.41739657630353E+05
-0.42233772378163E+05
-0.42718731303783E+05
-0.43207797051828E+05
-0.43703715565751E+05
-0.44202004144109E+05
-0.44706264573912E+05
-0.45214770062721E+05
-0.45727558443027E+05
-0.46244678121317E+05
-0.46766195211048E+05
-0.47289382786601E+05
-0.47821876741603E+05
-0.48356175158070E+05
-0.48894823224112E+05
-0.49437840387299E+05
-0.49985243043652E+05
-0.50537024803513E+05
-0.51092935332833E+05
-0.51653880070072E+05
-0.52219240596980E+05
-0.52788979123142E+05
-0.53363223419056E+05
-0.53942000727219E+05
-0.54525363633570E+05
-0.55113292599615E+05
-0.55705674809036E+05
-0.56302876878339E+05
-0.56904962979726E+05
-0.57511576880749E+05
-0.58122892413147E+05
-0.58738954070114E+05
-0.59359795170756E+05
-0.59981555345460E+05
-0.60611567313002E+05
-0.61246109161921E+05
-0.61885861831856E+05
-0.62530483409430E+05
-0.63179773041486E+05
-0.63833942254098E+05
-0.64493058390731E+05
-0.65157225177456E+05
-0.65825578414294E+05
-0.66506094903982E+05
-0.67178405773185E+05
-0.67860793322463E+05
-0.68550501322876E+05
-0.69247772861612E+05
-0.69945238815962E+05
-0.70650026741018E+05
-0.71360003333230E+05
-0.72075129517011E+05
-0.72795353607421E+05
-0.73522107853369E+05
-0.74254833523569E+05
-0.74995110610123E+05
-0.75733464134906E+05
-0.76475858501164E+05
-0.77225953826253E+05
-0.77982003294447E+05
-0.78743661465089E+05
-0.79510788110276E+05
-0.80283259550839E+05
-0.81060799023582E+05
-0.81848061478420E+05
-0.82634285814234E+05
-0.83428167858419E+05
-0.84225790306143E+05
-0.85038269834916E+05
-0.85851876220708E+05
-0.86669201618246E+05
-0.87491053550294E+05
-0.88314914977153E+05
-0.89136176932847E+05
-0.89969992220678E+05
-0.90815648740749E+05
-0.91670682436774E+05
-0.92531151173446E+05
-0.93397107913489E+05
-0.94280640703977E+05
-0.95181734514526E+05
-0.96053724106079E+05
-0.96897013331803E+05
-0.97789687106325E+05
-0.98687943205846E+05
-0.99592001164093E+05
-0.10050204581017E+06
-0.10141812948687E+06
-0.10234028968095E+06
-0.10326853920866E+06
-0.10420284271430E+06
-0.10514276591302E+06
-0.10611554732913E+06
-0.10706499397930E+06
-0.10802050136746E+06
-0.10897941978974E+06
-0.10994795198743E+06
-0.11092402674311E+06
-0.11194112581087E+06
-0.11293233994873E+06
-0.11392142154859E+06
-0.11491754425070E+06
-0.11592524814488E+06
-0.11693919420783E+06
-0.11795927688985E+06
-0.11897667495826E+06
-0.12001021282096E+06
-0.12104966550649E+06
-0.12209543564472E+06
-0.12314009829815E+06
-0.12419934221303E+06
-0.12526466880921E+06
-0.12633647442242E+06
-0.12741476752843E+06
-0.12852062805208E+06
-0.12961275953954E+06
-0.13071152684781E+06
-0.13181695121162E+06
-0.13292886570752E+06
-0.13404745485994E+06
-0.13517270149921E+06
-0.13630429351851E+06
-0.13744360897343E+06
-0.13858933817023E+06
-0.13974182306951E+06
-0.14090114305265E+06
-0.14206733242360E+06
-0.14322874624744E+06
-0.14440846511638E+06
-0.14559510469975E+06
-0.14678868186367E+06
-0.14798917991089E+06
-0.14919632044355E+06
-0.15041127003806E+06
-0.15162359120480E+06
-0.15285216562470E+06
-0.15408781228025E+06
-0.15533056207276E+06
-0.15658043890210E+06
-0.15783746313462E+06
-0.15910164281083E+06
-0.16037291999124E+06
-0.16165056440875E+06
-0.16293684957593E+06
-0.16423070138393E+06
-0.16553156513753E+06
-0.16683969486917E+06
-0.16815515147497E+06
-0.16947796885102E+06
-0.17080816969854E+06
-0.17214575822962E+06
-0.17349057489159E+06
-0.17484326713895E+06
-0.17620318850982E+06
-0.17757055771381E+06
-0.17894544078616E+06
-0.18032786628099E+06
-0.18171785626675E+06
-0.18311541989133E+06
-0.18452044682245E+06
-0.18593343404302E+06
-0.18735398509302E+06
-0.18878218404355E+06
-0.19021808505580E+06
-0.19166171395648E+06
-0.19311308398592E+06
-0.19457212548259E+06
-0.19603920892929E+06
-0.19751403384314E+06
-0.19899668706170E+06
-0.20048720902319E+06
-0.20198561683592E+06
-0.20349188547822E+06
-0.20500625272431E+06
-0.20652852514433E+06
-0.20805877889300E+06
-0.20959703249500E+06
-0.21114329586037E+06
-0.21269756278602E+06
-0.21425888244883E+06
-0.21583021768229E+06
-0.21740973185018E+06
-0.21899706097354E+06
-0.22059264182293E+06
-0.22219650848049E+06
-0.22380831712443E+06
-0.22540885874712E+06
-0.22703613946343E+06
-0.22867158964974E+06
-0.23031530657492E+06
-0.23196733135451E+06
-0.23362769717259E+06
-0.23529643672059E+06
-0.23697358386598E+06
-0.23865917620704E+06
-0.24035325804987E+06
-0.24205588655500E+06
-0.24376714599882E+06
-0.24548718100988E+06
-0.24721630316183E+06
-0.24894785354157E+06
-0.25069903151495E+06
-0.25245437019891E+06
-0.25421343321304E+06
-0.25597942319725E+06
-0.25775541372564E+06
-0.25957161798037E+06
-0.26135344055074E+06
-0.26314588670039E+06
-0.26498400943732E+06
-0.26681104814131E+06
-0.26863091788705E+06
-0.27049343260341E+06
-0.27223486489014E+06
-0.27409564975095E+06
-0.27597144602497E+06
-0.27786324327273E+06
-0.27976171730776E+06
-0.28166970224472E+06
-0.28366750054645E+06
-0.28555100770469E+06
-0.28758430293115E+06
-0.28950447414072E+06
-0.29142483126724E+06
-0.29337430505307E+06
-0.29530391564521E+06
-0.29724822919636E+06
-0.29922438180737E+06
-0.30120987327096E+06
-0.30320479261161E+06
-0.30520924351175E+06
-0.30728649710633E+06
-0.30931093865007E+06
-0.31131320211372E+06
-0.31335555549794E+06
-0.31540729081388E+06
-0.31746842711291E+06
-0.31951426485853E+06
-0.32159385047564E+06
-0.32368311295560E+06
-0.32578186025371E+06
-0.32789011786236E+06
-0.33000791253251E+06
-0.33213527102333E+06
-0.33427221963356E+06
-0.33641878522457E+06
-0.33857499239944E+06
-0.34074085530287E+06
-0.34291634232896E+06
-0.34510100504683E+06
-0.34729447912119E+06
-0.34950155450567E+06
-0.35171666190206E+06
-0.35394145206973E+06
-0.35617613841980E+06
-0.35842080107483E+06
-0.36067550310797E+06
-0.36294030909385E+06
-0.36521528981110E+06
-0.36750052641307E+06
-0.36979611252669E+06
-0.37206206492197E+06
-0.37437426353461E+06
-0.37669601200056E+06
-0.37902772386564E+06
-0.38136945998798E+06
-0.38372128288233E+06
-0.38608326716263E+06
-0.38845551649639E+06
-0.39083820265879E+06
-0.39323167469718E+06
-0.39563688234325E+06
-0.39803630812921E+06
-0.40046336573240E+06
-0.40290019253038E+06
-0.40533678312958E+06
-0.40778494802293E+06
-0.41024646624325E+06
-0.41278430174226E+06
-0.41525459143278E+06
-0.41774512217786E+06
-0.42010478761365E+06
-0.42261171086618E+06
-0.42512970385340E+06
-0.42769854367394E+06
-0.43027362856563E+06
-0.43285976046455E+06
-0.43557754222806E+06
-0.43811224392171E+06
-0.44092129723583E+06
-0.44314571539285E+06
-0.44576808264783E+06
-0.44840080600176E+06
-0.45104436838480E+06
-0.45369923457932E+06
-0.45636561083718E+06
-0.45904241701144E+06
-0.46171830377987E+06
-0.46456833071410E+06
-0.46722876408966E+06
-0.46992619296889E+06
-0.47264076045963E+06
-0.47559706142514E+06
-0.47835811239629E+06
-0.48103003364695E+06
-0.48379336313828E+06
-0.48656824572276E+06
-0.48935471777182E+06
-0.49215282829810E+06
-0.49490694962735E+06
-0.49772517117185E+06
-0.50051293832357E+06
-0.50335261543168E+06
-0.50620349154389E+06
-0.50906535912478E+06
-0.51193601082540E+06
-0.51482348924661E+06
-0.51772123837209E+06
-0.52062978027924E+06
-0.52354971851734E+06
-0.52648112273342E+06
-0.52942454271478E+06
-0.53238031519531E+06
-0.53534879028746E+06
-0.53833044225404E+06
-0.54125940835733E+06
-0.54425470467016E+06
-0.54726218865220E+06
-0.55028126963615E+06
-0.55331188363750E+06
-0.55635420268357E+06
-0.55940851434973E+06
-0.56247543863420E+06
-0.56555282872067E+06
-0.56861357633504E+06
-0.57172148397123E+06
-0.57483917251924E+06
-0.57795994031256E+06
-0.58109193954533E+06
-0.58423615353371E+06
-0.58748765857913E+06
-0.59060323262812E+06
-0.59377350005785E+06
-0.59696697620922E+06
-0.60017256490552E+06
-0.60338956600956E+06
-0.60661701314496E+06
-0.60986188940781E+06
-0.61311605589023E+06
-0.61638181609485E+06
-0.61978012851898E+06
-0.62304520393167E+06
-0.62632517289425E+06
-0.62957876255858E+06
-0.63282632937225E+06
-0.63592069655229E+06
-0.63934206631830E+06
-0.64273760472890E+06
-0.64611743753301E+06
-0.64953173852344E+06
-0.65295753472269E+06
-0.65639358926693E+06
-0.65984227259867E+06
-0.66330516462320E+06
-0.66677142341273E+06
-0.67048195242434E+06
-0.67388869324270E+06
-0.67735498555444E+06
-0.68121580686750E+06
-0.68461899503776E+06
-0.68813903954047E+06
-0.69167315898798E+06
-0.69522110299363E+06
-0.69869702820819E+06
-0.70220003514068E+06
-0.70577670368102E+06
-0.70937348640092E+06
-0.71298068840529E+06
-0.71660106786954E+06
-0.72023564914235E+06
-0.72388474438804E+06
-0.72754833657967E+06
-0.73122713682395E+06
-0.73492215613651E+06
-0.73852952415610E+06
-0.74223376166854E+06
-0.74595077814254E+06
-0.74968085420744E+06
-0.75342210602202E+06
-0.75718255786047E+06
-0.76095200812728E+06
-0.76476611126300E+06
-0.76856388973982E+06
-0.77237448905013E+06
-0.77619827276493E+06
-0.78003509470625E+06
-0.78388487636170E+06
-0.78774769479263E+06
-0.79162304429098E+06
-0.79551098214957E+06
-0.79941178750463E+06
-0.80332531089755E+06
-0.80725007650265E+06
-0.81119011973144E+06
-0.81514425089182E+06
-0.81906863808732E+06
-0.82305436856865E+06
-0.82705200470235E+06
-0.83106208852639E+06
-0.83508469381521E+06
-0.83911988527640E+06
-0.84316771320482E+06
-0.84722464549819E+06
-0.85129520986337E+06
-0.85537922415173E+06
-0.85965989336719E+06
-0.86366380693494E+06
-0.86768717619458E+06
-0.87173168873683E+06
-0.87556780087878E+06
-0.87984256568199E+06
-0.88408004922862E+06
-0.88833484691481E+06
-0.89260116105545E+06
-0.89686955572245E+06
-0.90138725727228E+06
-0.90606983478878E+06
-0.91041359425902E+06
-0.91447901808075E+06
-0.91876564021423E+06
-0.92295334132215E+06
-0.92716958990060E+06
-0.93148997001160E+06
-0.93582537298940E+06
-0.94017598695510E+06
-0.94454210581040E+06
-0.94892417337668E+06
-0.95332284278800E+06
-0.95774006144231E+06
-0.96217411909673E+06
-0.96661106017138E+06
-0.97106213981843E+06
-0.97552742997240E+06
-0.98000701457165E+06
-0.98450099045991E+06
-0.98900947144957E+06
-0.99353259182667E+06
-0.99807054427513E+06
-0.10026239588123E+07
-0.10071925583125E+07
-0.10117766118590E+07
-0.10163763734904E+07
-0.10208515126338E+07
-0.10254644837063E+07
-0.10300938970751E+07
-0.10347357445459E+07
-0.10393914573644E+07
-0.10440611746475E+07
-0.10487447218194E+07
-0.10534423105914E+07
-0.10581539601521E+07
-0.10628796843314E+07
-0.10676196178609E+07
-0.10723740165609E+07
-0.10771424380146E+07
-0.10819248277241E+07
-0.10867213790943E+07
-0.10914652109099E+07
-0.10963025562374E+07
-0.11011535214287E+07
-0.11060165274966E+07
-0.11108917572102E+07
-0.11157796789768E+07
-0.11206801358836E+07
-0.11257811727200E+07
-0.11304554205561E+07
-0.11352189398574E+07
-0.11399209661956E+07
-0.11450168870644E+07
-0.11500958290978E+07
-0.11551902276445E+07
-0.11607877605195E+07
-0.11656278224438E+07
-0.11713783349426E+07
-0.11762087492849E+07
-0.11812760261446E+07
-0.11859025375379E+07
-0.11917268996560E+07
-0.11966073982168E+07
-0.12008258398064E+07
-0.12060218872753E+07
-0.12112071833517E+07
-0.12169311921547E+07
-0.12219853879847E+07
-0.12271444547000E+07
-0.12330842723163E+07
-0.12383845880503E+07
-0.12433791584917E+07
-0.12486389528217E+07
-0.12539158779498E+07
-0.12592100653634E+07
-0.12645216173638E+07
-0.12696755241521E+07
-0.12748711806518E+07
-0.12802171797218E+07
-0.12855785742804E+07
-0.12909554029816E+07
-0.12963477217920E+07
-0.13017556071062E+07
-0.13071791565896E+07
-0.13126184931929E+07
-0.13180737686819E+07
-0.13235451594945E+07
-0.13290328173160E+07
-0.13345361716038E+07
-0.13400581437389E+07
-0.13455982184436E+07
-0.13511440599203E+07
-0.13566968898599E+07
-0.13622647684018E+07
-0.13678454791789E+07
-0.13734414780199E+07
-0.13790531285478E+07
-0.13846801813539E+07
-0.13902348601996E+07
-0.13959063064256E+07
-0.14015936535577E+07
-0.14072960987738E+07
-0.14130127296148E+07
-0.14187435770122E+07
-0.14244886072331E+07
-0.14302469794896E+07
-0.14360218159243E+07
-0.14418048021986E+07
-0.14476020636554E+07
-0.14533215378897E+07
-0.14592448248874E+07
-0.14650924436876E+07
-0.14709550379992E+07
-0.14768326269774E+07
-0.14827215374913E+07
-0.14886247072190E+07
-0.14945436359618E+07
-0.15004782600574E+07
-0.15064080136829E+07
-0.15123214528882E+07
-0.15181153351954E+07
-0.15239521965796E+07
-0.15298266633123E+07
-0.15353352669183E+07
-0.15417073911368E+07
-0.15478451274543E+07
-0.15539955643167E+07
-0.15601641895252E+07
-0.15663528800370E+07
-0.15733483475709E+07
-0.15791903795961E+07
-0.15852343903384E+07
-0.15923042643844E+07
-0.15985483574442E+07
-0.16043763683468E+07
-0.16105749421902E+07
-0.16167910906858E+07
-0.16230244286097E+07
-0.16292744763211E+07
-0.16353017420215E+07
-0.16415757767885E+07
-0.16478603452713E+07
-0.16541608459581E+07
-0.16604771007117E+07
-0.16668086837140E+07
-0.16731568054176E+07
-0.16795201440481E+07
-0.16858989377380E+07
-0.16922932025409E+07
-0.16987029085342E+07
-0.17051280313440E+07
-0.17115685345412E+07
-0.17180243574762E+07
-0.17244953311046E+07
-0.17309821217531E+07
-0.17374843601409E+07
-0.17440849815077E+07
-0.17506281596039E+07
-0.17571861495429E+07
-0.17637555684208E+07
-0.17703460331536E+07
-0.17769545677447E+07
-0.17835750865600E+07
-0.17902103187436E+07
-0.17968605390050E+07
-0.18035258325798E+07
-0.18102061893514E+07
-0.18169015842452E+07
-0.18236120214972E+07
-0.18303374855107E+07
-0.18370779709054E+07
-0.18438334773048E+07
-0.18506034261060E+07
-0.18573873828464E+07
-0.18641974001319E+07
-0.18710223529196E+07
-0.18778627944883E+07
-0.18847184406798E+07
-0.18915616695218E+07
-0.18984111332675E+07
-0.19052661312952E+07
-0.19120482846995E+07
-0.19187644917824E+07
-0.19250858696181E+07
-0.19322654587013E+07
-0.19394140761825E+07
-0.19465586212558E+07
-0.19537094396710E+07
-0.19609024488546E+07
-0.19690812144099E+07
-0.19757322286450E+07
-0.19839325758155E+07
-0.19906250142544E+07
-0.19977032989402E+07
-0.20048036005183E+07
-0.20119239058648E+07
-0.20187698310327E+07
-0.20259114867807E+07
-0.20330696268438E+07
-0.20402439789190E+07
-0.20479333160651E+07
-0.20551592864590E+07
-0.20624016742729E+07
-0.20696602416697E+07
-0.20766357709457E+07
-0.20839182004552E+07
-0.20912162821271E+07
-0.20985299689059E+07
-0.21058592195043E+07
-0.21132039953957E+07
-0.21205642618866E+07
-0.21279399850756E+07
-0.21353311373787E+07
-0.21427376921498E+07
-0.21501596228428E+07
-0.21575969062764E+07
-0.21650495193702E+07
-0.21725174406833E+07
-0.21800006501454E+07
-0.21874991270327E+07
-0.21950128505380E+07
-0.22025418028219E+07
-0.22100859622841E+07
-0.22176453159775E+07
-0.22252200975939E+07
-0.22328104732452E+07
-0.22404158202048E+07
-0.22480360969980E+07
-0.22556712674044E+07
-0.22633212918106E+07
-0.22709861295149E+07
-0.22786657411221E+07
-0.22863600850580E+07
-0.22940691199500E+07
-0.23017909737737E+07
-0.23095227710105E+07
-0.23172689146666E+07
-0.23250242077552E+07
-0.23327810576346E+07
-0.23405537049583E+07
-0.23483430204972E+07
-0.23561503003056E+07
-0.23639481753601E+07
-0.23716968065659E+07
-0.23799774524141E+07
-0.23878658929281E+07
-0.23957694477013E+07
-0.24036882091725E+07
-0.24116223019164E+07
-0.24195718663158E+07
-0.24275370997236E+07
-0.24355182285283E+07
-0.24435155181530E+07
-0.24514843273998E+07
-0.24589191964033E+07
-0.24669155945113E+07
-0.24759262493656E+07
-0.24839992241558E+07
-0.24920836190625E+07
-0.25001827589224E+07
-0.25082972061662E+07
-0.25164272704005E+07
-0.25245732624771E+07
-0.25321884828287E+07
-0.25403076546871E+07
-0.25484448171548E+07
-0.25566140989744E+07
-0.25647975976962E+07
-0.25729953577820E+07
-0.25812074129487E+07
-0.25894337691275E+07
-0.25976286691526E+07
-0.26058067405174E+07
-0.26141654411938E+07
-0.26226993554986E+07
-0.26312167480845E+07
-0.26397296734525E+07
-0.26482470726737E+07
-0.26567815376638E+07
-0.26653214007742E+07
-0.26738919739583E+07
-0.26824786713082E+07
-0.26910431091859E+07
-0.26996255922398E+07
-0.27096555091273E+07
-0.27180530929999E+07
-0.27264660637821E+07
-0.27348926139415E+07
-0.27431938176515E+07
-0.27516099668144E+07
-0.27600439869313E+07
-0.27706191731790E+07
-0.27793132657230E+07
-0.27880102984240E+07
-0.27958968789918E+07
-0.28045441413949E+07
-0.28132076277527E+07
-0.28218871320189E+07
-0.28305824486899E+07
-0.28392933675701E+07
-0.28480196779659E+07
-0.28567611634226E+07
-0.28655176056541E+07
-0.28738576215230E+07
-0.28826338869173E+07
-0.28914246927818E+07
-0.29002299879213E+07
-0.29090497183062E+07
-0.29178838340503E+07
-0.29267322862600E+07
-0.29355950280382E+07
-0.29444720165918E+07
-0.29533634893779E+07
-0.29620443890650E+07
-0.29709799119407E+07
-0.29799295312564E+07
-0.29888932199820E+07
-0.29978709544232E+07
-0.30068627090684E+07
-0.30158684646349E+07
-0.30248866865446E+07
-0.30339138303639E+07
-0.30429548180793E+07
-0.30520096194497E+07
-0.30610782045028E+07
-0.30701605421920E+07
-0.30792565996047E+07
-0.30883663504134E+07
-0.30974644701783E+07
-0.31066011713738E+07
-0.31155737216664E+07
-0.31247315872416E+07
-0.31338933644572E+07
-0.31430678185593E+07
-0.31522558388707E+07
-0.31616673817336E+07
-0.31708835572266E+07
-0.31801131917182E+07
-0.31893562801379E+07
-0.31986128060273E+07
-0.32078827745992E+07
-0.32171661736027E+07
-0.32264630039436E+07
-0.32357632802831E+07
-0.32450686371446E+07
-0.32543877867774E+07
-0.32637207257080E+07
-0.32730672575286E+07
-0.32824259206683E+07
-0.32917850240220E+07
-0.33011896968376E+07
-0.33105968394331E+07
-0.33200159706510E+07
-0.33294493690830E+07
-0.33388975678280E+07
-0.33483609155471E+07
-0.33577858020527E+07
-0.33672203300586E+07
-0.33766680322975E+07
-0.33861288310689E+07
-0.33956026473096E+07
-0.34050893959922E+07
-0.34145889944803E+07
-0.34241013519765E+07
-0.34336256567369E+07
-0.34431551342094E+07
-0.34526981900976E+07
-0.34622552901046E+07
-0.34718272029446E+07
-0.34815631423673E+07
-0.34914936767924E+07
-0.35014381072016E+07
-0.35114063599571E+07
-0.35213640368107E+07
-0.35313800996412E+07
-0.35414078460929E+07
-0.35514397011796E+07
-0.35637291238712E+07
-0.35734965586172E+07
-0.35832811870123E+07
-0.35930819177641E+07
-0.36028976899998E+07
-0.36127274566067E+07
-0.36221019122060E+07
-0.36319331213057E+07
-0.36417766541071E+07
-0.36516323632966E+07
-0.36615001175144E+07
-0.36713798089871E+07
-0.36812713401058E+07
-0.36911746288069E+07
-0.37010896020762E+07
-0.37110161983625E+07
-0.37209543635559E+07
-0.37309040553287E+07
-0.37408652379975E+07
-0.37508378818812E+07
-0.37608219629542E+07
-0.37708174681342E+07
-0.37808243901930E+07
-0.37908427301190E+07
-0.38008724972941E+07
-0.38109137070513E+07
-0.38209663850281E+07
-0.38310154891317E+07
-0.38410582116017E+07
-0.38511134331887E+07
-0.38611813346937E+07
-0.38712621394653E+07
-0.38813561028492E+07
-0.38914635313070E+07
-0.39015848035623E+07
-0.39117203890429E+07
-0.39218708670100E+07
-0.39320008412164E+07
-0.39420967963087E+07
-0.39522052362865E+07
-0.39623229620932E+07
-0.39735570287651E+07
-0.39837660957006E+07
-0.39939888402976E+07
-0.40042257585612E+07
-0.40144774588419E+07
-0.40246847891157E+07
-0.40348802063780E+07
-0.40450842873772E+07
-0.40552910901022E+07
-0.40665532888538E+07
-0.40769092502054E+07
-0.40872767440017E+07
-0.40976558239132E+07
-0.41080465689106E+07
-0.41184490640550E+07
-0.41288235135152E+07
-0.41392035192162E+07
-0.41495910967253E+07
-0.41599848668591E+07
-0.41703891663072E+07
-0.41808037646393E+07
-0.41912273630191E+07
-0.42016478534659E+07
-0.42121054264053E+07
-0.42225696882311E+07
-0.42330392787293E+07
-0.42435188320799E+07
-0.42540090119422E+07
-0.42644141221937E+07
-0.42749276038230E+07
-0.42854528892413E+07
-0.42959905065474E+07
-0.43065413448499E+07
-0.43171063420530E+07
-0.43276951070343E+07
-0.43386181971537E+07
-0.43495538576750E+07
-0.43605068683839E+07
-0.43714844060781E+07
-0.43824954316703E+07
-0.43935483196364E+07
-0.44073140030448E+07
-0.44177790721012E+07
-0.44281228021929E+07
-0.44384851575678E+07
-0.44488619361268E+07
-0.44631297880933E+07
-0.44741027094508E+07
-0.44835509501989E+07
-0.44942816462826E+07
-0.45050320403896E+07
-0.45157982253600E+07
-0.45265783849183E+07
-0.45373708017333E+07
-0.45475567568764E+07
-0.45583435681916E+07
-0.45691399263595E+07
-0.45799455616141E+07
-0.45907602408387E+07
-0.46015837727598E+07
-0.46124159921881E+07
-0.46232567576191E+07
-0.46341059526339E+07
-0.46449634796863E+07
-0.46558292498316E+07
-0.46667010970482E+07
-0.46775785426408E+07
-0.46884639020639E+07
-0.46993571372349E+07
-0.47102582367072E+07
-0.47211442604118E+07
-0.47320150716056E+07
-0.47428952109581E+07
-0.47537843440899E+07
-0.47646826682232E+07
-0.47755904155981E+07
-0.47865078382272E+07
-0.47974352428310E+07
-0.48083729947231E+07
-0.48193215382138E+07
-0.48302814128124E+07
-0.48412505810113E+07
-0.48521364617613E+07
-0.48630356661235E+07
-0.48739504424722E+07
-0.48848762245237E+07
-0.48958132013329E+07
-0.49067617012069E+07
-0.49177222914044E+07
-0.49286958564051E+07
-0.49396838491856E+07
-0.49519791749779E+07
-0.49630401675784E+07
-0.49741088749968E+07
-0.49851900288208E+07
-0.49962804511543E+07
-0.50073792786661E+07
-0.50184866086134E+07
-0.50296025687806E+07
-0.50407272938904E+07
-0.50518610281135E+07
-0.50630040452042E+07
-0.50741567490401E+07
-0.50853196292866E+07
-0.50964934124609E+07
-0.51076790760234E+07
-0.51189377332249E+07
-0.51302285137367E+07
-0.51415077627335E+07
-0.51529340661682E+07
-0.51645657022241E+07
-0.51762080600092E+07
-0.51904394719465E+07
-0.52020735756141E+07
-0.52135794543140E+07
-0.52222954633698E+07
-0.52334545913541E+07
-0.52471432030092E+07
-0.52580067403934E+07
-0.52740962821256E+07
-0.52856368268311E+07
-0.52952925282812E+07
-0.53065919808414E+07
-0.53179076717206E+07
-0.53292365595427E+07
-0.53405770182915E+07
-0.53519276951543E+07
-0.53632835906883E+07
-0.53739217374463E+07
-0.53852474769746E+07
-0.53965802541574E+07
-0.54079197035018E+07
-0.54192655139312E+07
-0.54306174498617E+07
-0.54419753068922E+07
-0.54533389320213E+07
-0.54647082085917E+07
-0.54760830528739E+07
-0.54874634188113E+07
-0.54988492638213E+07
-0.55102086537201E+07
-0.55215507334644E+07
-0.55328992993721E+07
-0.55442546445678E+07
-0.55556170642589E+07
-0.55669869051932E+07
-0.55783645123446E+07
-0.55897503110806E+07
-0.56011447497753E+07
-0.56125483553826E+07
-0.56239617113701E+07
-0.56353855117034E+07
-0.56468205518164E+07
-0.56581921706081E+07
-0.56695794161396E+07
-0.56809873418324E+07
-0.56924204844512E+07
-0.57038798972141E+07
-0.57152523482225E+07
-0.57266339349140E+07
-0.57380252248149E+07
-0.57494271525220E+07
-0.57620135537022E+07
-0.57735398013392E+07
-0.57850788186146E+07
-0.57966326382632E+07
-0.58081905552789E+07
-0.58196979460997E+07
-0.58312110581545E+07
-0.58427300381642E+07
-0.58542550428865E+07
-0.58657863315358E+07
-0.58773242486931E+07
-0.58888692013340E+07
-0.59004217962905E+07
-0.59120411717424E+07
-0.59237561095369E+07
-0.59354502130154E+07
-0.59471239836741E+07
-0.59587765268039E+07
-0.59726444284891E+07
-0.59846693672092E+07
-0.59966020189347E+07
-0.60085139574471E+07
-0.60202599309835E+07
-0.60320876564488E+07
-0.60408914532570E+07
-0.60521139082513E+07
-0.60634036711727E+07
-0.60840932340283E+07
-0.60936990566874E+07
-0.61034025263866E+07
-0.61150073428013E+07
-0.61266324796015E+07
-0.61382753113917E+07
-0.61525980639696E+07
-0.61642401727545E+07
-0.61750944588355E+07
-0.61867326151841E+07
-0.61983599771079E+07
-0.62099850132113E+07
-0.62216135027555E+07
-0.62332456112443E+07
-0.62448809983497E+07
-0.62565194262454E+07
-0.62681607339085E+07
-0.62798015412078E+07
-0.62913815708065E+07
-0.63029644819252E+07
-0.63145505826640E+07
-0.63261401665162E+07
-0.63377335760817E+07
-0.63493311444367E+07
-0.63609332276423E+07
-0.63725401992227E+07
-0.63841524911030E+07
-0.63953086585500E+07
-0.64069452976888E+07
-0.64184964950984E+07
-0.64300593772175E+07
-0.64416347670502E+07
-0.64532250600164E+07
-0.64648347817452E+07
-0.64764628150582E+07
-0.64881148158955E+07
-0.64998014145812E+07
-0.65125683367778E+07
-0.65242527273315E+07
-0.65359425533741E+07
-0.65476402621731E+07
-0.65593452320671E+07
-0.65710568889652E+07
-0.65827760378347E+07
-0.65946279441655E+07
-0.66063548807469E+07
-0.66180915421897E+07
-0.66298402275488E+07
-0.66423241003883E+07
-0.66540803500062E+07
-0.66658455221670E+07
-0.66808217089528E+07
-0.66927065634724E+07
-0.67045449974301E+07
-0.67172471471985E+07
-0.67291426314315E+07
-0.67410448116203E+07
-0.67527282977378E+07
-0.67646028497190E+07
-0.67764818262226E+07
-0.67878035801561E+07
-0.68004309857378E+07
-0.68125157724158E+07
-0.68247985455675E+07
-0.68373012999186E+07
-0.68419397293384E+07
-0.68532202676876E+07
-0.68645008131162E+07
-0.68868139872437E+07
-0.68963394661241E+07
-0.69115482972707E+07
-0.69176352390444E+07
-0.69293493216178E+07
-0.69410823448836E+07
-0.69559222923109E+07
-0.69676225316272E+07
-0.69793252752965E+07
-0.69910277354138E+07
-0.70027418069416E+07
-0.70144555527093E+07
-0.70261691102953E+07
-0.70378829249862E+07
-0.70495579001662E+07
-0.70611916180739E+07
-0.70728373007484E+07
-0.70844902630552E+07
-0.70961440216206E+07
-0.71077986915755E+07
-0.71194537915885E+07
-0.71311058688181E+07
-0.71427411420184E+07
-0.71544377992766E+07
-0.71661102898058E+07
-0.71777824976344E+07
-0.71894575919569E+07
-0.72011365760698E+07
-0.72141007842227E+07
-0.72258539083408E+07
-0.72374585410898E+07
-0.72511214357411E+07
-0.72642330295024E+07
-0.72760930227477E+07
-0.72881144913545E+07
-0.72999746743254E+07
-0.73107647192577E+07
-0.73238710780372E+07
-0.73357276898352E+07
-0.73475893970790E+07
-0.73594561112793E+07
-0.73713277963929E+07
-0.73832053483685E+07
-0.73950876426177E+07
-0.74069745107782E+07
-0.74188658411276E+07
-0.74307614787525E+07
-0.74428906588922E+07
-0.74547643717049E+07
-0.74666435985882E+07
-0.74785281379066E+07
-0.74904177524471E+07
-0.75023121235786E+07
-0.75142109213433E+07
-0.75261137721404E+07
-0.75380202202216E+07
-0.75499297708159E+07
-0.75618419640732E+07
-0.75731634573073E+07
-0.75863111917264E+07
-0.75988481703833E+07
-0.76099229256469E+07
-0.76218176243303E+07
-0.76342746961775E+07
-0.76462529364801E+07
-0.76581975108792E+07
-0.76725912091590E+07
-0.76802163774712E+07
-0.76888721576980E+07
-0.77004787260352E+07
-0.77120976324054E+07
-0.77237317684319E+07
-0.77353777652572E+07
-0.77470328150328E+07
-0.77586946930320E+07
-0.77710758994243E+07
-0.77827117886510E+07
-0.77943423179182E+07
-0.78059732707566E+07
-0.78176068785954E+07
-0.78292434142388E+07
-0.78430515285778E+07
-0.78548069492266E+07
-0.78665716953050E+07
-0.78783460206798E+07
-0.78901302032145E+07
-0.79019244912965E+07
-0.79137301540602E+07
-0.79255620713049E+07
-0.79374126502715E+07
-0.79533916049784E+07
-0.79651807164794E+07
-0.79728730573686E+07
-0.79846690417031E+07
-0.79964675003701E+07
-0.80082759063177E+07
-0.80200914289228E+07
-0.80319126711985E+07
-0.80437394973183E+07
-0.80555087912349E+07
-0.80673217851428E+07
-0.80791123514694E+07
-0.80909792232344E+07
-0.81028223680559E+07
-0.81188658138990E+07
-0.81306576548926E+07
-0.81424536789925E+07
-0.81542713887876E+07
-0.81667382788612E+07
-0.81785503054475E+07
-0.81903658520234E+07
-0.82021846636399E+07
-0.82140063708365E+07
-0.82258305283825E+07
-0.82375681303958E+07
-0.82471803365945E+07
-0.82592393302246E+07
-0.82712685230784E+07
-0.82833108628898E+07
-0.82953687011585E+07
-0.83074858059059E+07
-0.83196805366772E+07
-0.83320155118711E+07
-0.83440233513841E+07
-0.83559064159294E+07
-0.83702007279592E+07
-0.83818803157071E+07
-0.83936854330972E+07
-0.84006484940077E+07
-0.84108879704748E+07
-0.84223616206465E+07
-0.84337988912911E+07
-0.84452222478141E+07
-0.84566501093825E+07
-0.84680805495763E+07
-0.84805729031263E+07
-0.84921586141880E+07
-0.85037552409458E+07
-0.85153629755034E+07
-0.85269801222600E+07
-0.85386051265590E+07
-0.85501873364651E+07
-0.85616886296904E+07
-0.85732103756718E+07
-0.85847449014472E+07
-0.85962872915786E+07
-0.86078399652024E+07
-0.86194032133812E+07
-0.86309773691775E+07
-0.86425627542981E+07
-0.86541595318712E+07
-0.86657681029608E+07
-0.86777318880504E+07
-0.86893062539224E+07
-0.87008824867469E+07
-0.87124606201724E+07
-0.87240407946800E+07
-0.87356231091617E+07
-0.87472077168938E+07
-0.87587946912424E+07
-0.87703841008014E+07
-0.87819861833533E+07
-0.87935986373427E+07
-0.88052178318571E+07
-0.88168437218024E+07
-0.88284762530692E+07
-0.88401155136312E+07
-0.88517614476698E+07
-0.88634142458001E+07
-0.88750739098621E+07
-0.88867405588311E+07
-0.88984144485775E+07
-0.89100956060740E+07
-0.89217842854135E+07
-0.89334804273908E+07
-0.89451830532459E+07
-0.89568805766413E+07
-0.89685991246682E+07
-0.89815444353090E+07
-0.89933331560917E+07
-0.90051474535905E+07
-0.90169994911909E+07
-0.90288835609624E+07
-0.90407865908607E+07
-0.90527147986542E+07
-0.90602332013325E+07
-0.90718867703615E+07
-0.90835487750487E+07
-0.90952196309500E+07
-0.91068997616977E+07
-0.91243390520692E+07
-0.91316127426136E+07
-0.91436477028986E+07
-0.91556025630618E+07
-0.91673380461998E+07
-0.91800037334192E+07
-0.91879883074507E+07
-0.91996306616780E+07
-0.92110040452795E+07
-0.92222782646784E+07
-0.92335799539878E+07
-0.92449048004366E+07
-0.92562489750468E+07
-0.92676092969912E+07
-0.92789833517523E+07
-0.92903023736387E+07
-0.93015369653230E+07
-0.93127775205735E+07
-0.93240243510743E+07
-0.93352777420802E+07
-0.93465381755154E+07
-0.93578151341446E+07
-0.93691200497405E+07
-0.93818185931947E+07
-0.93930456138302E+07
-0.94042423156508E+07
-0.94154452870762E+07
-0.94266548604068E+07
-0.94378714334201E+07
-0.94490953788257E+07
-0.94603318742512E+07
-0.94726089876457E+07
-0.94838554459981E+07
-0.94951015004270E+07
-0.95063473582402E+07
-0.95175931382497E+07
-0.95288388749984E+07
-0.95400847604916E+07
-0.95513309423254E+07
-0.95625775618629E+07
-0.95738289459286E+07
-0.95849170982713E+07
-0.95962777890670E+07
-0.96076470795103E+07
-0.96190249594023E+07
-0.96304113822767E+07
-0.96418062908429E+07
-0.96532098557145E+07
-0.96646002663981E+07
-0.96759344961685E+07
-0.96872757474061E+07
-0.96986244091008E+07
-0.97099809067110E+07
-0.97166745765544E+07
-0.97285131621933E+07
-0.97403540665741E+07
-0.97521987826969E+07
-0.97640475369533E+07
-0.97758856099544E+07
-0.97878363532487E+07
-0.97998522088629E+07
-0.98118825634470E+07
-0.98274137907355E+07
-0.98397433561008E+07
-0.98519705160287E+07
-0.98639209009349E+07
-0.98660864694929E+07
-0.98776794161719E+07
-0.98891403582214E+07
-0.99049362764862E+07
-0.99167436053837E+07
-0.99283160928210E+07
-0.99408549266282E+07
-0.99518401274851E+07
-0.99628340274659E+07
-0.99700498328347E+07
-0.99811566195649E+07
-0.99921646950279E+07
-0.10003202293155E+08
-0.10014264671833E+08
-0.10025299651407E+08
-0.10036218345519E+08
-0.10047145877986E+08
-0.10058082358248E+08
-0.10070223355947E+08
-0.10081292752752E+08
-0.10092368802434E+08
-0.10103448686126E+08
-0.10114420609968E+08
-0.10125393266386E+08
-0.10136366565221E+08
-0.10147340561674E+08
-0.10158315387517E+08
-0.10169290897175E+08
-0.10180267331808E+08
-0.10191245274841E+08
-0.10202226361221E+08
-0.10213208648469E+08
-0.10224165865638E+08
-0.10235116969656E+08
-0.10246069122923E+08
-0.10257022343084E+08
-0.10267976814549E+08
-0.10278933605833E+08
-0.10289905530887E+08
-0.10300884285984E+08
-0.10311876858305E+08
-0.10322880572758E+08
-0.10333894027181E+08
-0.10344917318166E+08
-0.10355950104833E+08
-0.10366992536436E+08
-0.10378044233253E+08
-0.10389108216217E+08
-0.10400183376255E+08
-0.10404108131299E+08
-0.10415737523669E+08
-0.10427363723783E+08
-0.10438988212207E+08
-0.10450688702399E+08
-0.10462425090161E+08
-0.10474166354532E+08
-0.10485915883792E+08
-0.10497676752665E+08
-0.10509453197985E+08
-0.10521248033947E+08
-0.10533051418139E+08
-0.10544923519419E+08
-0.10556713682016E+08
-0.10568447602836E+08
-0.10574008819090E+08
-0.10585421411553E+08
-0.10596840410052E+08
-0.10608270541694E+08
-0.10619686156284E+08
-0.10630930684547E+08
-0.10640971172196E+08
-0.10660655835242E+08
-0.10671040567215E+08
-0.10681598891077E+08
-0.10692203959784E+08
-0.10702875713603E+08
-0.10709858511605E+08
-0.10720159648470E+08
-0.10736808665604E+08
-0.10747448197383E+08
-0.10758103007037E+08
-0.10768761349839E+08
-0.10779441612881E+08
-0.10790145022736E+08
-0.10800873448754E+08
-0.10808057517842E+08
-0.10818545314836E+08
-0.10829019180065E+08
-0.10839486888101E+08
-0.10850010005267E+08
-0.10860650533375E+08
-0.10871293687868E+08
-0.10881939133657E+08
-0.10892586345093E+08
-0.10903236101553E+08
-0.10913887752603E+08
-0.10924541521498E+08
-0.10935197850851E+08
-0.10945856145622E+08
-0.10956516959430E+08
-0.10967180540758E+08
-0.10977846950837E+08
-0.10988516253527E+08
-0.10999189170174E+08
-0.11009865465414E+08
-0.11020545774194E+08
-0.11031231688753E+08
-0.11041941334669E+08
-0.11052688072585E+08
-0.11063449887835E+08
-0.11074274974500E+08
-0.11084952948446E+08
-0.11095692182730E+08
-0.11106445472597E+08
-0.11117212179170E+08
-0.11127992550322E+08
-0.11131243422762E+08
-0.11142797514084E+08
-0.11154347162109E+08
-0.11165894620428E+08
-0.11177443320310E+08
-0.11188995520367E+08
-0.11200553940908E+08
-0.11212120593654E+08
-0.11223680193216E+08
-0.11235299466357E+08
-0.11246938620538E+08
-0.11258600781465E+08
-0.11270303593951E+08
-0.11278174168111E+08
-0.11289429140344E+08
-0.11300723829553E+08
-0.11311844577765E+08
-0.11322670020428E+08
-0.11329712010014E+08
-0.11340578646469E+08
-0.11351768012646E+08
-0.11362965088366E+08
-0.11373316268487E+08
-0.11386706281016E+08
-0.11395873725718E+08
-0.11406914541245E+08
-0.11417982979674E+08
-0.11428941985180E+08
-0.11439887096788E+08
-0.11449346837781E+08
-0.11467484543278E+08
-0.11477692236162E+08
-0.11487915137813E+08
-0.11498127516679E+08
-0.11508346317297E+08
-0.11518580223682E+08
-0.11528828020460E+08
-0.11539087673932E+08
-0.11552323083104E+08
-0.11562702477639E+08
-0.11573092183546E+08
-0.11577756917355E+08
-0.11587880409849E+08
-0.11597986468767E+08
-0.11608074772427E+08
-0.11618144312206E+08
-0.11628194643977E+08
-0.11638226143218E+08
-0.11648608965166E+08
-0.11659010868623E+08
-0.11669415660923E+08
-0.11679824090110E+08
-0.11690235699504E+08
-0.11700650601262E+08
-0.11711069317257E+08
-0.11721489794037E+08
-0.11731894949444E+08
-0.11742305646013E+08
-0.11752724862609E+08
-0.11753453222873E+08
-0.11764935695330E+08
-0.11776400937726E+08
-0.11787852096049E+08
-0.11799289874357E+08
-0.11810716685435E+08
-0.11822136272055E+08
-0.11833552474250E+08
-0.11844964823762E+08
-0.11856354705507E+08
-0.11867809391902E+08
-0.11879249774232E+08
-0.11890699998495E+08
-0.11902167453423E+08
-0.11913657602306E+08
-0.11925176913752E+08
-0.11936734788476E+08
-0.11941229599399E+08
-0.11952267837568E+08
-0.11963305905091E+08
-0.11974345700906E+08
-0.11987527158910E+08
-0.11998667688339E+08
-0.12009823528788E+08
-0.12014153411649E+08
-0.12024973207636E+08
-0.12035791660727E+08
-0.12046608993736E+08
-0.12057425959420E+08
-0.12068242809306E+08
-0.12079060894243E+08
-0.12089879827787E+08
-0.12100701529099E+08
-0.12111533851940E+08
-0.12122393585442E+08
-0.12133262007304E+08
-0.12144141781332E+08
-0.12155034972512E+08
-0.12165946828037E+08
-0.12173967167829E+08
-0.12184990504147E+08
-0.12202284790842E+08
-0.12217122479394E+08
-0.12226993361451E+08
-0.12236890581637E+08
-0.12246776531823E+08
-0.12256683521555E+08
-0.12266618343120E+08
-0.12276578969737E+08
-0.12286564466795E+08
-0.12296624438712E+08
-0.12306707886779E+08
-0.12316796531935E+08
-0.12326890659994E+08
-0.12336989774220E+08
-0.12344047406107E+08
-0.12353865217388E+08
-0.12363662959566E+08
-0.12373336483299E+08
-0.12382982691949E+08
-0.12392601244511E+08
-0.12402192117552E+08
-0.12412151852327E+08
-0.12422365111372E+08
-0.12432573724125E+08
-0.12426546145075E+08
-0.12437755875890E+08
-0.12448930372759E+08
-0.12460075510458E+08
-0.12471252505440E+08
-0.12482419675536E+08
-0.12493536648209E+08
-0.12504599649416E+08
-0.12519544890490E+08
-0.12530901942856E+08
-0.12542251427252E+08
-0.12553595761411E+08
-0.12564945668079E+08
-0.12576303855350E+08
-0.12587674637943E+08
-0.12599061432624E+08
-0.12610470031210E+08
-0.12614996105635E+08
-0.12625974027736E+08
-0.12636953590440E+08
-0.12647936475009E+08
-0.12658923633119E+08
-0.12669916790731E+08
-0.12680916865644E+08
-0.12691924664705E+08
-0.12702941907975E+08
-0.12713970769588E+08
-0.12721320443606E+08
-0.12732315047751E+08
-0.12743318411691E+08
-0.12754330063301E+08
-0.12765352663757E+08
-0.12776391991100E+08
-0.12783950826038E+08
-0.12795156604333E+08
-0.12803803713916E+08
-0.12814794726817E+08
-0.12825794184875E+08
-0.12836802509419E+08
-0.12847822543191E+08
-0.12855221261891E+08
-0.12866402481534E+08
-0.12873735312396E+08
-0.12884438719390E+08
-0.12895141733081E+08
-0.12905844240327E+08
-0.12916544905756E+08
-0.12927246935010E+08
-0.12934133620490E+08
-0.12944933512157E+08
-0.12955726363862E+08
-0.12966554816766E+08
-0.12977388984492E+08
-0.12988229762333E+08
-0.12999083295517E+08
-0.13009954640705E+08
-0.13020845978741E+08
-0.13031763573820E+08
-0.13042712557900E+08
-0.13053536252740E+08
-0.13064406677041E+08
-0.13084507645391E+08
-0.13094288366324E+08
-0.13104127959266E+08
-0.13113981858223E+08
-0.13123840237195E+08
-0.13133728624495E+08
-0.13143814678535E+08
-0.13150112954364E+08
-0.13159577665251E+08
-0.13169015969987E+08
-0.13178426661860E+08
-0.13187811419059E+08
-0.13197165371395E+08
-0.13188375075705E+08
-0.13199534934829E+08
-0.13210726919693E+08
-0.13221894521223E+08
-0.13231337522697E+08
-0.13242502503994E+08
-0.13253642284156E+08
-0.13264756593765E+08
-0.13275917651522E+08
-0.13287065703056E+08
-0.13298164333055E+08
-0.13309209084474E+08
-0.13316268682253E+08
-0.13327121213919E+08
-0.13337962779582E+08
-0.13348787635983E+08
-0.13359592311689E+08
-0.13370376509940E+08
-0.13381138270118E+08
-0.13391871850054E+08
-0.13402577849651E+08
-0.13413249181104E+08
-0.13423901660413E+08
-0.13434520283859E+08
-0.13445115380700E+08
-0.13456211857576E+08
-0.13467319370396E+08
-0.13478440444107E+08
-0.13489578960622E+08
-0.13500734258315E+08
-0.13511912871678E+08
-0.13523111485487E+08
-0.13527198572984E+08
-0.13538120732121E+08
-0.13549233502333E+08
