 0.55756119851000E+01
 0.55756186041730E+01
 0.55756186160496E+01
 0.55756186160496E+01
 0.55756186160496E+01
 0.55756186160496E+01
 0.55756186160496E+01
 0.55756186169461E+01
 0.55756199556692E+01
 0.55756163501955E+01
 0.55756163433501E+01
 0.55756163481827E+01
 0.55756163481827E+01
 0.55756163481827E+01
 0.55756163481827E+01
 0.55756163481827E+01
 0.55756163481827E+01
 0.55756163481827E+01
 0.55756163481827E+01
 0.55756163481827E+01
 0.55756163481827E+01
 0.55756163481827E+01
 0.55756163481827E+01
 0.55756163481827E+01
 0.55756163481827E+01
 0.55756163481827E+01
 0.55756163481827E+01
 0.55756163481827E+01
 0.55756163481827E+01
 0.55756163481827E+01
 0.55756163481827E+01
 0.55756163481827E+01
 0.55756163481827E+01
 0.55756163481827E+01
 0.55756163481827E+01
 0.55756163481827E+01
 0.55756163481827E+01
 0.55756163481827E+01
 0.55756163481827E+01
 0.55756163481827E+01
 0.55756163481827E+01
 0.55756163477590E+01
 0.55756163457212E+01
 0.55756163461113E+01
 0.55756163454197E+01
 0.55756163459842E+01
 0.55756163479697E+01
 0.55756163484772E+01
 0.55756163510895E+01
 0.55756163514961E+01
 0.55756163518408E+01
 0.55756163535751E+01
 0.55756163537333E+01
 0.55756163536823E+01
 0.55756163538056E+01
 0.55756163537187E+01
 0.55756163535606E+01
 0.55756163531044E+01
 0.55756163529285E+01
 0.55756163518497E+01
 0.55756163511455E+01
 0.55756163505404E+01
 0.55756163506267E+01
 0.55756163501398E+01
 0.55756163487528E+01
 0.55756163481015E+01
 0.55756163471848E+01
 0.55756163474425E+01
 0.55756163471446E+01
 0.55756163468080E+01
 0.55756163466994E+01
 0.55756163450593E+01
 0.55756163450793E+01
 0.55756163447366E+01
 0.55756163444798E+01
 0.55756163443072E+01
 0.55756163442073E+01
 0.55756163442686E+01
 0.55756163443361E+01
 0.55756163436478E+01
 0.55756163434038E+01
 0.55756163432228E+01
 0.55756163431673E+01
 0.55756163431916E+01
 0.55756163432657E+01
 0.55756163433806E+01
 0.55756163434982E+01
 0.55756163435143E+01
 0.55756163435670E+01
 0.55756163431250E+01
 0.55756163430524E+01
 0.55756163431317E+01
 0.55756163431703E+01
 0.55756163431827E+01
 0.55756163432418E+01
 0.55756163433576E+01
 0.55756163434986E+01
 0.55756163436598E+01
 0.55756163438372E+01
 0.55756163440153E+01
 0.55756163440415E+01
 0.55756163440532E+01
 0.55756163439962E+01
 0.55756163437296E+01
 0.55756163437722E+01
 0.55756163438585E+01
 0.55756163440400E+01
 0.55756163441059E+01
 0.55756163443134E+01
 0.55756163444768E+01
 0.55756163446332E+01
 0.55756163447818E+01
 0.55756163449175E+01
 0.55756163449939E+01
 0.55756163451338E+01
 0.55756163451375E+01
 0.55756163446662E+01
 0.55756163446679E+01
 0.55756163446790E+01
 0.55756163447367E+01
 0.55756163448129E+01
 0.55756163448995E+01
 0.55756163450652E+01
 0.55756163451771E+01
 0.55756163452874E+01
 0.55756163453948E+01
 0.55756163454987E+01
 0.55756163455986E+01
 0.55756163456939E+01
 0.55756163457843E+01
 0.55756163457921E+01
 0.55756163458752E+01
 0.55756163459622E+01
 0.55756163455637E+01
 0.55756163455524E+01
 0.55756163455681E+01
 0.55756163456023E+01
 0.55756163456497E+01
 0.55756163457050E+01
 0.55756163457658E+01
 0.55756163458294E+01
 0.55756163458492E+01
 0.55756163459033E+01
 0.55756163459594E+01
 0.55756163460174E+01
 0.55756163461232E+01
 0.55756163461353E+01
 0.55756163461944E+01
 0.55756163462532E+01
 0.55756163463965E+01
 0.55756163464492E+01
 0.55756163464978E+01
 0.55756163465417E+01
 0.55756163466273E+01
 0.55756163466967E+01
 0.55756163467634E+01
 0.55756163467746E+01
 0.55756163467659E+01
 0.55756163467702E+01
 0.55756163467837E+01
 0.55756163468042E+01
 0.55756163468253E+01
 0.55756163468571E+01
 0.55756163468906E+01
 0.55756163469255E+01
 0.55756163469615E+01
 0.55756163469983E+01
 0.55756163470351E+01
 0.55756163470725E+01
 0.55756163471084E+01
 0.55756163471444E+01
 0.55756163471804E+01
 0.55756163472150E+01
 0.55756163472466E+01
 0.55756163472767E+01
 0.55756163473043E+01
 0.55756163473570E+01
 0.55756163473882E+01
 0.55756163477751E+01
 0.55756163478773E+01
 0.55756163479689E+01
 0.55756163480517E+01
 0.55756163481267E+01
 0.55756163481952E+01
 0.55756163482575E+01
 0.55756163483149E+01
 0.55756163483673E+01
 0.55756163484164E+01
 0.55756163484617E+01
 0.55756163485047E+01
 0.55756163485386E+01
 0.55756163485384E+01
 0.55756163485410E+01
 0.55756163485463E+01
 0.55756163485541E+01
 0.55756163485634E+01
 0.55756163485740E+01
 0.55756163485864E+01
 0.55756163486000E+01
 0.55756163486147E+01
 0.55756163486302E+01
 0.55756163486471E+01
 0.55756163486645E+01
 0.55756163486831E+01
 0.55756163486925E+01
 0.55756163487103E+01
 0.55756163487280E+01
 0.55756163487451E+01
 0.55756163491242E+01
 0.55756163492026E+01
 0.55756163492736E+01
 0.55756163493380E+01
 0.55756163493961E+01
 0.55756163494494E+01
 0.55756163494981E+01
 0.55756163495425E+01
 0.55756163495836E+01
 0.55756163496213E+01
 0.55756163496565E+01
 0.55756163496895E+01
 0.55756163497205E+01
 0.55756163497494E+01
 0.55756163497764E+01
 0.55756163498018E+01
 0.55756163498256E+01
 0.55756163498481E+01
 0.55756163498692E+01
 0.55756163499075E+01
 0.55756163499279E+01
 0.55756163499471E+01
 0.55756163499643E+01
 0.55756163499790E+01
 0.55756163499931E+01
 0.55756163500053E+01
 0.55756163500154E+01
 0.55756163499990E+01
 0.55756163500024E+01
 0.55756163500275E+01
 0.55756163500163E+01
 0.55756163500305E+01
 0.55756163502548E+01
 0.55756163502880E+01
 0.55756163503181E+01
 0.55756163503344E+01
 0.55756163503406E+01
 0.55756163503471E+01
 0.55756163503542E+01
 0.55756163503616E+01
 0.55756163503692E+01
 0.55756163503768E+01
 0.55756163503848E+01
 0.55756163504634E+01
 0.55756163504580E+01
 0.55756163504546E+01
 0.55756163504524E+01
 0.55756163504523E+01
 0.55756163504553E+01
 0.55756163504887E+01
 0.55756163504648E+01
 0.55756163504614E+01
 0.55756163504636E+01
 0.55756163504669E+01
 0.55756163504705E+01
 0.55756163504733E+01
 0.55756163504903E+01
 0.55756163504890E+01
 0.55756163504872E+01
 0.55756163504985E+01
 0.55756163505163E+01
 0.55756163505463E+01
 0.55756163505397E+01
 0.55756163505120E+01
 0.55756163503193E+01
 0.55756163502883E+01
 0.55756163502617E+01
 0.55756163502382E+01
 0.55756163502178E+01
 0.55756163502001E+01
 0.55756163501853E+01
 0.55756163501726E+01
 0.55756163501615E+01
 0.55756163501518E+01
 0.55756163501431E+01
 0.55756163501352E+01
 0.55756163501278E+01
 0.55756163501203E+01
 0.55756163501127E+01
 0.55756163501044E+01
 0.55756163500947E+01
 0.55756163500834E+01
 0.55756163500728E+01
 0.55756163500782E+01
 0.55756163500966E+01
 0.55756163500883E+01
 0.55756163500758E+01
 0.55756163500681E+01
 0.55756163500620E+01
 0.55756163500392E+01
 0.55756163500241E+01
 0.55756163500089E+01
 0.55756163499930E+01
 0.55756163499766E+01
 0.55756163499605E+01
 0.55756163499447E+01
 0.55756163499302E+01
 0.55756163499165E+01
 0.55756163498809E+01
 0.55756163492176E+01
 0.55756163491254E+01
 0.55756163490482E+01
 0.55756163489790E+01
 0.55756163489164E+01
 0.55756163488608E+01
 0.55756163488105E+01
 0.55756163487652E+01
 0.55756163487238E+01
 0.55756163486863E+01
 0.55756163486521E+01
 0.55756163486211E+01
 0.55756163485918E+01
 0.55756163485649E+01
 0.55756163485393E+01
 0.55756163485157E+01
 0.55756163484925E+01
 0.55756163484703E+01
 0.55756163484487E+01
 0.55756163484271E+01
 0.55756163484056E+01
 0.55756163484194E+01
 0.55756163484025E+01
 0.55756163483853E+01
 0.55756163483678E+01
 0.55756163483491E+01
 0.55756163483294E+01
 0.55756163483082E+01
 0.55756163482850E+01
 0.55756163482589E+01
 0.55756163481678E+01
 0.55756163481210E+01
 0.55756163481353E+01
 0.55756163481028E+01
 0.55756163480863E+01
 0.55756163469703E+01
 0.55756163467692E+01
 0.55756163466387E+01
 0.55756163465195E+01
 0.55756163464098E+01
 0.55756163463088E+01
 0.55756163462151E+01
 0.55756163461253E+01
 0.55756163460310E+01
 0.55756163459665E+01
 0.55756163459063E+01
 0.55756163458441E+01
 0.55756163457847E+01
 0.55756163457286E+01
 0.55756163456845E+01
 0.55756163456436E+01
 0.55756163456039E+01
 0.55756163455241E+01
 0.55756163455411E+01
 0.55756163455103E+01
 0.55756163454466E+01
 0.55756163454233E+01
 0.55756163454011E+01
 0.55756163453814E+01
 0.55756163453632E+01
 0.55756163453452E+01
 0.55756163451176E+01
 0.55756163452321E+01
 0.55756163452212E+01
 0.55756163451659E+01
 0.55756163450600E+01
 0.55756163451501E+01
 0.55756163451979E+01
 0.55756163451889E+01
 0.55756163451488E+01
 0.55756163429748E+01
 0.55756163427241E+01
 0.55756163424911E+01
 0.55756163422722E+01
 0.55756163420638E+01
 0.55756163418670E+01
 0.55756163417274E+01
 0.55756163416037E+01
 0.55756163414975E+01
 0.55756163414100E+01
 0.55756163413425E+01
 0.55756163412484E+01
 0.55756163411638E+01
 0.55756163410845E+01
 0.55756163410123E+01
 0.55756163409505E+01
 0.55756163408964E+01
 0.55756163408449E+01
 0.55756163407868E+01
 0.55756163407421E+01
 0.55756163407136E+01
 0.55756163406769E+01
 0.55756163406440E+01
 0.55756163406001E+01
 0.55756163405713E+01
 0.55756163405451E+01
 0.55756163405206E+01
 0.55756163404989E+01
 0.55756163404776E+01
 0.55756163404577E+01
 0.55756163404390E+01
 0.55756163404229E+01
 0.55756163333406E+01
 0.55756163327078E+01
 0.55756163321232E+01
 0.55756163315825E+01
 0.55756163310861E+01
 0.55756163306280E+01
 0.55756163302055E+01
 0.55756163298172E+01
 0.55756163294667E+01
 0.55756163291453E+01
 0.55756163288503E+01
 0.55756163285803E+01
 0.55756163283335E+01
 0.55756163281080E+01
 0.55756163279020E+01
 0.55756163277141E+01
 0.55756163275433E+01
 0.55756163273876E+01
 0.55756163272459E+01
 0.55756163271173E+01
 0.55756163270007E+01
 0.55756163268951E+01
 0.55756163268000E+01
 0.55756163267143E+01
 0.55756163266368E+01
 0.55756163265673E+01
 0.55756163265050E+01
 0.55756163264491E+01
 0.55756163263992E+01
 0.55756163263550E+01
 0.55756163263156E+01
 0.55756163246289E+01
 0.55756163229581E+01
 0.55756163213966E+01
 0.55756163199377E+01
 0.55756163185754E+01
 0.55756163173038E+01
 0.55756163161176E+01
 0.55756163150123E+01
 0.55756163139875E+01
 0.55756163130331E+01
 0.55756163121437E+01
 0.55756163113196E+01
 0.55756163105577E+01
 0.55756163098508E+01
 0.55756163091948E+01
 0.55756163085861E+01
 0.55756163080226E+01
 0.55756163075002E+01
 0.55756163070171E+01
 0.55756163065709E+01
 0.55756163061585E+01
 0.55756163057777E+01
 0.55756163054270E+01
 0.55756163051039E+01
 0.55756163048061E+01
 0.55756163045328E+01
 0.55756163042817E+01
 0.55756163040516E+01
 0.55756163038406E+01
 0.55756163036475E+01
 0.55756163034712E+01
 0.55756163033107E+01
 0.55756163031646E+01
 0.55756163030318E+01
 0.55756163029490E+01
 0.55756163028877E+01
 0.55756163028302E+01
 0.55756163027758E+01
 0.55756163027244E+01
 0.55756163026764E+01
 0.55756163026306E+01
 0.55756163025784E+01
 0.55756163025333E+01
 0.55756163024921E+01
 0.55756163024546E+01
 0.55756163024202E+01
 0.55756163023892E+01
 0.55756163023616E+01
 0.55756163023377E+01
 0.55756163023199E+01
 0.55756163023095E+01
 0.55756163023030E+01
 0.55756163023017E+01
 0.55756163023061E+01
 0.55756163023189E+01
 0.55756163022608E+01
 0.55756163022669E+01
 0.55756163022715E+01
 0.55756163022790E+01
 0.55756163022881E+01
 0.55756163022931E+01
 0.55756163022263E+01
 0.55756163022446E+01
 0.55756163022616E+01
 0.55756163022761E+01
 0.55756163022952E+01
 0.55756163023176E+01
 0.55756163022877E+01
 0.55756163022682E+01
 0.55756163022917E+01
 0.55756163023063E+01
 0.55756163022969E+01
 0.55756163022634E+01
 0.55756163022132E+01
 0.55756163023716E+01
 0.55756163023887E+01
 0.55756163024442E+01
 0.55756163024251E+01
 0.55756163025030E+01
 0.55756163025289E+01
 0.55756163024830E+01
 0.55756163025119E+01
 0.55756163025251E+01
 0.55756163025422E+01
 0.55756163025632E+01
 0.55756163025868E+01
 0.55756162989445E+01
 0.55756162986890E+01
 0.55756162984008E+01
 0.55756162981910E+01
 0.55756162979995E+01
 0.55756162978255E+01
 0.55756162976715E+01
 0.55756162975288E+01
 0.55756162973985E+01
 0.55756162972812E+01
 0.55756162971763E+01
 0.55756162970832E+01
 0.55756162970001E+01
 0.55756162969277E+01
 0.55756162968647E+01
 0.55756162968098E+01
 0.55756162967635E+01
 0.55756162967244E+01
 0.55756162966918E+01
 0.55756162966663E+01
 0.55756162966465E+01
 0.55756162966325E+01
 0.55756162966238E+01
 0.55756162966200E+01
 0.55756162966209E+01
 0.55756162966255E+01
 0.55756162966345E+01
 0.55756162966473E+01
 0.55756162966639E+01
 0.55756162966838E+01
 0.55756162966813E+01
 0.55756162967055E+01
 0.55756162967357E+01
 0.55756162967673E+01
 0.55756162968004E+01
 0.55756162968341E+01
 0.55756162968694E+01
 0.55756162969067E+01
 0.55756162969449E+01
 0.55756162969860E+01
 0.55756162970326E+01
 0.55756162971762E+01
 0.55756162972071E+01
 0.55756162972449E+01
 0.55756162972866E+01
 0.55756162973370E+01
 0.55756162973895E+01
 0.55756162975890E+01
 0.55756162976157E+01
 0.55756162976486E+01
 0.55756162981158E+01
 0.55756162980780E+01
 0.55756162980813E+01
 0.55756162982505E+01
 0.55756162983455E+01
 0.55756162981102E+01
 0.55756162978502E+01
 0.55756162979073E+01
 0.55756162979440E+01
 0.55756162976915E+01
 0.55756162977670E+01
 0.55756162978925E+01
 0.55756162979805E+01
 0.55756162979181E+01
 0.55756162978257E+01
 0.55756162976880E+01
 0.55756162974725E+01
 0.55756162974660E+01
 0.55756162975274E+01
 0.55756162975522E+01
 0.55756162975854E+01
 0.55756162976168E+01
 0.55756162976552E+01
 0.55756162977108E+01
 0.55756162977640E+01
 0.55756162978186E+01
 0.55756162978739E+01
 0.55756162979309E+01
 0.55756162980522E+01
 0.55756162981135E+01
 0.55756162981911E+01
 0.55756162982539E+01
 0.55756162983233E+01
 0.55756162983933E+01
 0.55756162984648E+01
 0.55756162985370E+01
 0.55756162986155E+01
 0.55756162986942E+01
 0.55756162987727E+01
 0.55756162988480E+01
 0.55756162989201E+01
 0.55756162989904E+01
 0.55756162990567E+01
 0.55756162991198E+01
 0.55756162993090E+01
 0.55756162993844E+01
 0.55756162994689E+01
 0.55756162995529E+01
 0.55756162996330E+01
 0.55756162997088E+01
 0.55756162997793E+01
 0.55756162998413E+01
 0.55756162999033E+01
 0.55756162997930E+01
 0.55756162998907E+01
 0.55756162999808E+01
 0.55756163000659E+01
 0.55756163001476E+01
 0.55756163002244E+01
 0.55756163002285E+01
 0.55756163003237E+01
 0.55756163003860E+01
 0.55756163004698E+01
 0.55756163005539E+01
 0.55756163006394E+01
 0.55756163007246E+01
 0.55756163008100E+01
 0.55756163008957E+01
 0.55756163009819E+01
 0.55756163009542E+01
 0.55756163010552E+01
 0.55756163011563E+01
 0.55756163012566E+01
 0.55756163013341E+01
 0.55756163013433E+01
 0.55756163014395E+01
 0.55756163015349E+01
 0.55756163016348E+01
 0.55756163017268E+01
 0.55756163018133E+01
 0.55756163019083E+01
 0.55756163020505E+01
 0.55756163023793E+01
 0.55756163037213E+01
 0.55756163033834E+01
 0.55756163036242E+01
 0.55756163036316E+01
 0.55756163036771E+01
 0.55756163037987E+01
 0.55756163039371E+01
 0.55756163040739E+01
 0.55756163042003E+01
 0.55756163046602E+01
 0.55756163048556E+01
 0.55756163049919E+01
 0.55756163051247E+01
 0.55756163052540E+01
 0.55756163053781E+01
 0.55756163055096E+01
 0.55756163056454E+01
 0.55756163057707E+01
 0.55756163058836E+01
 0.55756163059809E+01
 0.55756163062766E+01
 0.55756163064544E+01
 0.55756163066523E+01
 0.55756163068372E+01
 0.55756163070238E+01
 0.55756163072062E+01
 0.55756163073307E+01
 0.55756163068029E+01
 0.55756163069250E+01
 0.55756163070545E+01
 0.55756163071715E+01
 0.55756163072877E+01
 0.55756163074144E+01
 0.55756163075524E+01
 0.55756163076951E+01
 0.55756163078436E+01
 0.55756163080018E+01
 0.55756163081708E+01
 0.55756163083522E+01
 0.55756163085506E+01
 0.55756163087687E+01
 0.55756163094576E+01
 0.55756163097239E+01
 0.55756163099837E+01
 0.55756163102398E+01
 0.55756163104907E+01
 0.55756163107354E+01
 0.55756163109732E+01
 0.55756163112151E+01
 0.55756163114520E+01
 0.55756163116860E+01
 0.55756163113076E+01
 0.55756163116605E+01
 0.55756163119347E+01
 0.55756163121063E+01
 0.55756163117212E+01
 0.55756163119481E+01
 0.55756163120806E+01
 0.55756163118943E+01
 0.55756163113128E+01
 0.55756163104936E+01
 0.55756163107454E+01
 0.55756163111833E+01
 0.55756163115227E+01
 0.55756163116356E+01
 0.55756163118424E+01
 0.55756163117742E+01
 0.55756163119819E+01
 0.55756163122065E+01
 0.55756163124350E+01
 0.55756163126675E+01
 0.55756163129042E+01
 0.55756163131469E+01
 0.55756163133961E+01
 0.55756163136492E+01
 0.55756163140993E+01
 0.55756163143809E+01
 0.55756163146656E+01
 0.55756163149545E+01
 0.55756163152490E+01
 0.55756163155475E+01
 0.55756163158483E+01
 0.55756163161550E+01
 0.55756163164647E+01
 0.55756163167841E+01
 0.55756163171072E+01
 0.55756163174342E+01
 0.55756163177617E+01
 0.55756163186826E+01
 0.55756163190849E+01
 0.55756163194950E+01
 0.55756163199142E+01
 0.55756163203404E+01
 0.55756163207737E+01
 0.55756163212186E+01
 0.55756163216705E+01
 0.55756163221296E+01
 0.55756163225918E+01
 0.55756163230655E+01
 0.55756163235650E+01
 0.55756163240625E+01
 0.55756163245551E+01
 0.55756163250431E+01
 0.55756163241158E+01
 0.55756163247199E+01
 0.55756163253475E+01
 0.55756163259727E+01
 0.55756163265813E+01
 0.55756163271652E+01
 0.55756163277284E+01
 0.55756163274582E+01
 0.55756163281158E+01
 0.55756163285462E+01
 0.55756163288458E+01
 0.55756163294521E+01
 0.55756163305428E+01
 0.55756163352584E+01
 0.55756163270992E+01
 0.55756163276969E+01
 0.55756163267145E+01
 0.55756163270908E+01
 0.55756163274857E+01
 0.55756197994959E+01
 0.55756197981834E+01
 0.55756197986144E+01
 0.55756197992575E+01
 0.55756198104868E+01
 0.55756198240464E+01
 0.55756198045259E+01
 0.55756198071359E+01
 0.55756198064202E+01
 0.55756198052143E+01
 0.55756198052841E+01
 0.55756198062745E+01
 0.55756198071888E+01
 0.55756198081084E+01
 0.55756198090235E+01
 0.55756198099262E+01
 0.55756198258878E+01
 0.55756198243165E+01
 0.55756198245274E+01
 0.55756198247885E+01
 0.55756198251022E+01
 0.55756198254738E+01
 0.55756198259072E+01
 0.55756198264094E+01
 0.55756198269896E+01
 0.55756198276560E+01
 0.55756198284198E+01
 0.55756198292996E+01
 0.55756198300581E+01
 0.55756198279574E+01
 0.55756198261678E+01
 0.55756198242190E+01
 0.55756198222366E+01
 0.55756198205112E+01
 0.55756198190957E+01
 0.55756198178628E+01
 0.55756198167433E+01
 0.55756198157735E+01
 0.55756198208833E+01
 0.55756198188377E+01
 0.55756198171375E+01
 0.55756198157342E+01
 0.55756198145847E+01
 0.55756198136487E+01
 0.55756198128952E+01
 0.55756198122999E+01
 0.55756198118438E+01
 0.55756198114626E+01
 0.55756198111055E+01
 0.55756198116756E+01
 0.55756198096787E+01
 0.55756198093892E+01
 0.55756198091456E+01
 0.55756198089445E+01
 0.55756198087733E+01
 0.55756198086303E+01
 0.55756198085105E+01
 0.55756198084173E+01
 0.55756198084160E+01
 0.55756198084376E+01
 0.55756198083385E+01
 0.55756198082968E+01
 0.55756198082867E+01
 0.55756198086159E+01
 0.55756199913303E+01
 0.55756199915547E+01
 0.55756199922087E+01
 0.55756199935997E+01
 0.55756199967033E+01
 0.55756199975457E+01
 0.55756200217119E+01
 0.55756200030768E+01
 0.55756200028439E+01
 0.55756200036377E+01
 0.55756200206648E+01
 0.55756200179871E+01
 0.55756200092406E+01
 0.55756200070623E+01
 0.55756200051992E+01
 0.55756199993764E+01
 0.55756199984861E+01
 0.55756199975545E+01
 0.55756199967339E+01
 0.55756199960154E+01
 0.55756199953803E+01
 0.55756199948265E+01
 0.55756199943412E+01
 0.55756199939174E+01
 0.55756199935508E+01
 0.55756199932372E+01
 0.55756199929663E+01
 0.55756199927404E+01
 0.55756199925521E+01
 0.55756199924005E+01
 0.55756199922888E+01
 0.55756199922274E+01
 0.55756193884768E+01
 0.55756193884216E+01
 0.55756193883909E+01
 0.55756193883821E+01
 0.55756193883976E+01
 0.55756193884274E+01
 0.55756193884720E+01
 0.55756193885272E+01
 0.55756193885958E+01
 0.55756193886721E+01
 0.55756193887574E+01
 0.55756193888470E+01
 0.55756193889367E+01
 0.55756193890339E+01
 0.55756193891235E+01
 0.55756193892107E+01
 0.55756193892889E+01
 0.55756193894357E+01
 0.55756193897523E+01
 0.55756193900912E+01
 0.55756193904453E+01
 0.55756193908111E+01
 0.55756193909273E+01
 0.55756193908263E+01
 0.55756193904965E+01
 0.55756193902858E+01
 0.55756193902683E+01
 0.55756193894713E+01
 0.55756193895924E+01
 0.55756193895873E+01
 0.55756193894164E+01
 0.55756193892323E+01
 0.55756193895243E+01
 0.55756193949597E+01
 0.55756193920777E+01
 0.55756193923181E+01
 0.55756193918935E+01
 0.55756193913789E+01
 0.55756193909502E+01
 0.55756193905906E+01
 0.55756193897027E+01
 0.55756193895515E+01
 0.55756193894412E+01
 0.55756193893737E+01
 0.55756193899087E+01
 0.55756193898747E+01
 0.55756193898911E+01
 0.55756193899425E+01
 0.55756193903295E+01
 0.55756193905927E+01
 0.55756193909427E+01
 0.55756193913403E+01
 0.55756193917806E+01
 0.55756193922685E+01
 0.55756193928015E+01
 0.55756193933815E+01
 0.55756193940801E+01
 0.55756193948591E+01
 0.55756193957089E+01
 0.55756193966200E+01
 0.55756193975993E+01
 0.55756193986453E+01
 0.55756193997522E+01
 0.55756194009279E+01
 0.55756194021679E+01
 0.55756194034831E+01
 0.55756194175750E+01
 0.55756194144939E+01
 0.55756194118856E+01
 0.55756194096957E+01
 0.55756194077917E+01
 0.55756194061215E+01
 0.55756194046589E+01
 0.55756194033661E+01
 0.55756194022302E+01
 0.55756194012276E+01
 0.55756194003444E+01
 0.55756193995631E+01
 0.55756193989243E+01
 0.55756193984917E+01
 0.55756193981449E+01
 0.55756193979132E+01
 0.55756193978169E+01
 0.55756193977770E+01
 0.55756193977814E+01
 0.55756193978068E+01
 0.55756193984683E+01
 0.55756194012737E+01
 0.55756193925740E+01
 0.55756193923166E+01
 0.55756193920817E+01
 0.55756193918791E+01
 0.55756193917020E+01
 0.55756193915409E+01
 0.55756193914054E+01
 0.55756193912718E+01
 0.55756193911615E+01
 0.55756193912187E+01
 0.55756193940568E+01
 0.55756193938677E+01
 0.55756258141101E+01
 0.55756258141900E+01
 0.55756258142873E+01
 0.55756258144019E+01
 0.55756258145505E+01
 0.55756258147108E+01
 0.55756258148865E+01
 0.55756258138008E+01
 0.55756258137964E+01
 0.55756258137976E+01
 0.55756258137848E+01
 0.55756258137808E+01
 0.55756258137784E+01
 0.55756258137826E+01
 0.55756258137973E+01
 0.55756258138173E+01
 0.55756258138286E+01
 0.55756258138288E+01
 0.55756258137973E+01
 0.55756258137849E+01
 0.55756258137970E+01
 0.55756258137913E+01
 0.55756258138078E+01
 0.55756258138603E+01
 0.55756258139906E+01
 0.55756258140976E+01
 0.55756258138132E+01
 0.55756258135311E+01
 0.55756258143150E+01
 0.55756258138865E+01
 0.55756258135053E+01
 0.55756258131661E+01
 0.55756258123339E+01
 0.55756258121350E+01
 0.55756258119574E+01
 0.55756258118165E+01
 0.55756258116994E+01
 0.55756258116164E+01
 0.55756258116102E+01
 0.55756258116448E+01
 0.55756258117543E+01
 0.55756258119470E+01
 0.55756258122065E+01
 0.55756258124968E+01
 0.55756258128622E+01
 0.55756258132543E+01
 0.55756258137226E+01
 0.55756258157433E+01
 0.55756258165832E+01
 0.55756258174968E+01
 0.55756258185051E+01
 0.55756258195879E+01
 0.55756258207785E+01
 0.55756258220562E+01
 0.55756258234451E+01
 0.55756258346385E+01
 0.55756258314227E+01
 0.55756218572560E+01
 0.55756218536818E+01
 0.55756218505207E+01
 0.55756218476700E+01
 0.55756218451256E+01
 0.55756218428195E+01
 0.55756218407083E+01
 0.55756218388382E+01
 0.55756218371430E+01
 0.55756218355554E+01
 0.55756218341493E+01
 0.55756218328330E+01
 0.55756218316178E+01
 0.55756218305130E+01
 0.55756218294700E+01
 0.55756185176327E+01
 0.55756185167754E+01
 0.55756185180789E+01
 0.55756185170932E+01
 0.55756185163396E+01
 0.55756185156549E+01
 0.55756185150210E+01
 0.55756240853362E+01
 0.55756240848106E+01
 0.55756240843510E+01
 0.55756240839311E+01
 0.55756240835396E+01
 0.55756240831964E+01
 0.55756240829072E+01
 0.55756240826397E+01
 0.55756240824048E+01
 0.55756240822018E+01
 0.55756240820207E+01
 0.55756240818884E+01
 0.55756240817895E+01
 0.55756240816886E+01
 0.55756240816425E+01
 0.55756240816499E+01
 0.55756240816891E+01
 0.55756240817541E+01
 0.55756240818433E+01
 0.55756240819761E+01
 0.55756240821034E+01
 0.55756240820946E+01
 0.55756240820391E+01
 0.55756240819303E+01
 0.55756240817654E+01
 0.55756240815869E+01
 0.55756240813302E+01
 0.55756240810121E+01
 0.55756240806388E+01
 0.55756240802031E+01
 0.55756240798343E+01
 0.55756240794382E+01
 0.55756240790280E+01
 0.55756240786586E+01
 0.55756240784529E+01
 0.55756240783519E+01
 0.55756240782240E+01
 0.55756240780619E+01
 0.55756240779689E+01
 0.55756240778693E+01
 0.55756240777726E+01
 0.55756240776456E+01
 0.55756192337617E+01
 0.55756192336007E+01
 0.55756192334615E+01
 0.55756192333871E+01
 0.55756192333361E+01
 0.55756192333302E+01
 0.55756192331414E+01
 0.55756192331484E+01
 0.55756192331733E+01
 0.55756192332796E+01
 0.55756192334131E+01
 0.55756192336661E+01
 0.55756192339500E+01
 0.55756192342839E+01
 0.55756192346516E+01
 0.55756192350757E+01
 0.55756192355263E+01
 0.55756192360907E+01
 0.55756192367149E+01
 0.55756192374166E+01
 0.55756192381693E+01
 0.55756192389816E+01
 0.55756192398230E+01
 0.55756192407245E+01
 0.55756192416708E+01
 0.55756192426671E+01
 0.55756192436851E+01
 0.55756192447148E+01
 0.55756192659098E+01
 0.55756192574175E+01
 0.55756192552074E+01
 0.55756192532794E+01
 0.55756192515843E+01
 0.55756192501163E+01
 0.55756192488313E+01
 0.55756192476821E+01
 0.55756192466693E+01
 0.55756192463305E+01
 0.55756192470348E+01
 0.55756192482586E+01
 0.55756192499490E+01
 0.55756271678924E+01
 0.55756271674182E+01
 0.55756271669879E+01
 0.55756271666017E+01
 0.55756271662582E+01
 0.55756271662229E+01
 0.55756271664018E+01
 0.55756271666442E+01
 0.55756271668593E+01
 0.55756271501750E+01
 0.55756271493737E+01
 0.55756271486225E+01
 0.55756271479230E+01
 0.55756271472636E+01
 0.55756271466318E+01
 0.55756271460778E+01
 0.55756271455372E+01
 0.55756271450472E+01
 0.55756271445689E+01
 0.55756271440882E+01
 0.55756271436885E+01
 0.55756271432546E+01
 0.55756271428640E+01
 0.55756271424808E+01
 0.55756271420938E+01
 0.55756271417153E+01
 0.55756271413335E+01
 0.55756271409759E+01
 0.55756269764664E+01
 0.55756269761609E+01
 0.55756269758515E+01
 0.55756269756256E+01
 0.55756269754670E+01
 0.55756269754236E+01
 0.55756269754844E+01
 0.55756269751056E+01
 0.55756269747828E+01
 0.55756269745644E+01
 0.55756269743864E+01
 0.55756269742732E+01
 0.55756269742617E+01
 0.55756269778506E+01
 0.55756269773385E+01
 0.55756269765634E+01
 0.55756269759209E+01
 0.55756269753728E+01
 0.55756269741101E+01
 0.55756269736834E+01
 0.55756269733015E+01
 0.55756269729606E+01
 0.55756269726693E+01
 0.55756269723943E+01
 0.55756269722064E+01
 0.55756269720716E+01
 0.55756269719812E+01
 0.55756269718734E+01
 0.55756269717977E+01
 0.55756269717960E+01
 0.55756269718083E+01
 0.55756269718762E+01
 0.55756269720068E+01
 0.55756269722012E+01
 0.55756269724271E+01
 0.55756269727434E+01
 0.55756269730242E+01
 0.55756269734211E+01
 0.55756269738324E+01
 0.55756269743823E+01
 0.55756269749653E+01
 0.55756269756583E+01
 0.55756269764140E+01
 0.55756269771554E+01
 0.55756269779342E+01
 0.55756269787488E+01
 0.55756269796062E+01
 0.55756269805389E+01
 0.55756269814279E+01
 0.55756269823847E+01
 0.55756269833640E+01
 0.55756270037969E+01
 0.55756269953474E+01
 0.55756269932374E+01
 0.55756269926759E+01
 0.55756269921809E+01
 0.55756269915978E+01
 0.55756269914328E+01
 0.55756269917093E+01
 0.55756269926076E+01
 0.55756269943749E+01
 0.55756270034597E+01
 0.55756269820686E+01
 0.55756269672537E+01
 0.55756269663004E+01
 0.55756269655023E+01
 0.55756269646379E+01
 0.55756269637905E+01
 0.55756269631128E+01
 0.55756269624529E+01
 0.55756269619203E+01
 0.55756269614949E+01
 0.55756269611325E+01
 0.55756269609136E+01
 0.55756269608488E+01
 0.55756269609244E+01
 0.55756269612702E+01
 0.55756269619472E+01
 0.55756269622322E+01
 0.55756269622631E+01
 0.55756269626900E+01
 0.55756269628954E+01
 0.55756269625163E+01
 0.55756269624941E+01
 0.55756269792557E+01
 0.55756269646956E+01
 0.55756269644145E+01
 0.55756269656745E+01
 0.55756269659078E+01
 0.55756269775967E+01
 0.55756269749874E+01
 0.55756269654568E+01
 0.55756269630984E+01
 0.55756269610116E+01
 0.55756269592491E+01
 0.55756269577563E+01
 0.55756269564236E+01
 0.55756269552680E+01
 0.55756269542662E+01
 0.55756269533530E+01
 0.55756269531524E+01
 0.55756269524638E+01
 0.55756269518257E+01
 0.55756269512988E+01
 0.55756269508611E+01
 0.55756269504769E+01
 0.55756269501871E+01
 0.55756269499156E+01
 0.55756269497240E+01
 0.55756269495560E+01
 0.55756269494703E+01
 0.55756269493937E+01
 0.55756269493939E+01
 0.55756269493912E+01
 0.55756269494241E+01
 0.55756269495090E+01
 0.55756269496008E+01
 0.55756269497930E+01
 0.55756269499973E+01
 0.55756269502237E+01
 0.55756269504559E+01
 0.55756269506985E+01
 0.55756269509420E+01
 0.55756269512140E+01
 0.55756269514595E+01
 0.55756269513364E+01
 0.55756269511413E+01
 0.55756269507724E+01
 0.55756269503170E+01
 0.55756269497628E+01
 0.55756269494642E+01
 0.55756269491452E+01
 0.55756269488109E+01
 0.55756269485683E+01
 0.55756269478192E+01
 0.55756269474030E+01
 0.55756269467647E+01
 0.55756269460098E+01
 0.55756269452003E+01
 0.55756269448278E+01
 0.55756269443849E+01
 0.55756269438015E+01
 0.55756269431288E+01
 0.55756269422792E+01
 0.55756269412943E+01
 0.55756269401746E+01
 0.55756269390527E+01
 0.55756269381698E+01
 0.55756269378479E+01
 0.55756269373750E+01
 0.55756269367402E+01
 0.55756269361698E+01
 0.55756269345119E+01
 0.55756269342491E+01
 0.55756269341444E+01
 0.55756269340521E+01
 0.55756269340822E+01
 0.55756269340973E+01
 0.55756269349288E+01
 0.55756269352200E+01
 0.55756269355464E+01
 0.55756269354240E+01
 0.55756269370155E+01
 0.55756269377763E+01
 0.55756269386787E+01
 0.55756269396847E+01
 0.55756269407470E+01
 0.55756269402188E+01
 0.55756269414224E+01
 0.55756269421031E+01
 0.55756269434901E+01
 0.55756269449828E+01
 0.55756269585244E+01
 0.55756269548746E+01
 0.55756269509358E+01
 0.55756269476622E+01
 0.55756269449748E+01
 0.55756269427439E+01
 0.55756269407945E+01
 0.55756269392841E+01
 0.55756269379651E+01
 0.55756269368489E+01
 0.55756269358673E+01
 0.55756269350283E+01
 0.55756269343484E+01
 0.55756269337432E+01
 0.55756269332509E+01
 0.55756269328052E+01
 0.55756251755909E+01
 0.55756251752535E+01
 0.55756251751941E+01
 0.55756251751766E+01
 0.55756251752718E+01
 0.55756251754518E+01
 0.55756251760087E+01
 0.55756251770049E+01
 0.55756251781273E+01
 0.55756251792862E+01
 0.55756251661271E+01
 0.55756251658538E+01
 0.55756251655649E+01
 0.55756251652975E+01
 0.55756251649759E+01
 0.55756251646885E+01
 0.55756251643757E+01
 0.55756251396663E+01
 0.55756251393148E+01
 0.55756251389417E+01
 0.55756251385988E+01
 0.55756251419899E+01
 0.55756251413912E+01
 0.55756251406043E+01
 0.55756251431854E+01
 0.55756251422987E+01
 0.55756249354479E+01
 0.55756249434298E+01
 0.55756249437428E+01
 0.55756249448455E+01
 0.55756249365279E+01
 0.55756249366696E+01
 0.55756249370415E+01
 0.55756249379288E+01
 0.55756249293536E+01
 0.55756249286292E+01
 0.55756249282791E+01
 0.55756249281672E+01
 0.55756249280212E+01
 0.55756249283063E+01
 0.55756249287150E+01
 0.55756249272046E+01
 0.55756249324248E+01
 0.55756249282737E+01
 0.55756249367942E+01
 0.55756249592300E+01
 0.55756249460122E+01
 0.55756249334097E+01
 0.55756249358369E+01
 0.55756249389569E+01
 0.55756249474802E+01
 0.55756249412207E+01
 0.55756249366587E+01
 0.55756249332481E+01
 0.55756249306611E+01
 0.55756249287405E+01
 0.55756249273816E+01
 0.55756249268233E+01
 0.55756249267146E+01
 0.55756249265502E+01
 0.55756249264541E+01
 0.55756249263541E+01
 0.55756249262987E+01
 0.55756249263937E+01
 0.55756249264785E+01
 0.55756249265513E+01
 0.55756249266307E+01
 0.55756249266871E+01
 0.55756249267826E+01
 0.55756249265884E+01
 0.55756249267402E+01
 0.55756249267665E+01
 0.55756249268688E+01
 0.55756249274448E+01
 0.55756249274659E+01
 0.55756249270458E+01
 0.55756249271236E+01
 0.55756249192875E+01
 0.55756249216558E+01
 0.55756249216680E+01
 0.55756249216781E+01
 0.55756249217219E+01
 0.55756249216615E+01
 0.55756249215709E+01
 0.55756249214334E+01
 0.55756249212656E+01
 0.55756249210225E+01
 0.55756249209089E+01
 0.55756249184194E+01
 0.55756249184172E+01
 0.55756249183046E+01
 0.55756249182601E+01
 0.55756249181246E+01
 0.55756249181564E+01
 0.55756249180274E+01
 0.55756249180483E+01
 0.55756249180135E+01
 0.55756249180694E+01
 0.55756249182508E+01
 0.55756240018284E+01
 0.55756168021941E+01
 0.55756168030872E+01
 0.55756231449183E+01
 0.55756231452073E+01
 0.55756231457798E+01
 0.55756231681589E+01
 0.55756231710033E+01
 0.55756231464948E+01
 0.55756231481225E+01
 0.55756231493759E+01
 0.55756231489240E+01
 0.55756231485769E+01
 0.55756231481040E+01
 0.55756231477975E+01
 0.55756231474673E+01
 0.55756231472570E+01
 0.55756177696954E+01
 0.55756177697311E+01
 0.55756177697194E+01
 0.55756177697261E+01
 0.55756177697671E+01
 0.55756177698211E+01
 0.55756177695793E+01
 0.55756177696915E+01
 0.55756177697054E+01
 0.55756177697691E+01
 0.55756177698507E+01
 0.55756177699026E+01
 0.55756177700147E+01
 0.55756177701237E+01
 0.55756177701592E+01
 0.55756177710900E+01
 0.55756177713265E+01
 0.55756177627067E+01
 0.55756177625908E+01
 0.55756177623886E+01
 0.55756177621755E+01
 0.55756177620363E+01
 0.55756177618055E+01
 0.55756177617472E+01
 0.55756201160328E+01
 0.55756201159119E+01
 0.55756201156488E+01
 0.55756201156651E+01
 0.55756201154916E+01
 0.55756201154292E+01
 0.55756201155022E+01
 0.55756201154064E+01
 0.55756189363129E+01
 0.55756189393793E+01
 0.55756189398186E+01
 0.55756189404002E+01
 0.55756189410536E+01
 0.55756189419421E+01
 0.55756189430365E+01
 0.55756189435992E+01
 0.55756189472328E+01
 0.55756189489598E+01
 0.55756189523845E+01
 0.55756189577690E+01
 0.55756189671130E+01
 0.55756193863236E+01
 0.55756193879128E+01
 0.55756193627747E+01
 0.55756193608013E+01
 0.55756193597235E+01
 0.55756193628318E+01
 0.55756193624195E+01
 0.55756193620314E+01
 0.55756193669831E+01
 0.55756193661425E+01
 0.55756193657380E+01
 0.55756193665168E+01
 0.55756193679254E+01
 0.55756193689105E+01
 0.55756193699203E+01
 0.55756193729030E+01
 0.55756193741394E+01
 0.55756193749739E+01
 0.55756193758591E+01
 0.55756193767902E+01
 0.55756193777224E+01
 0.55756193786268E+01
 0.55756193795744E+01
 0.55756193805065E+01
 0.55756193813749E+01
 0.55756194024066E+01
 0.55756193957288E+01
 0.55756193951311E+01
 0.55756193945445E+01
 0.55756193940348E+01
 0.55756193935747E+01
 0.55756193932069E+01
 0.55756193856543E+01
 0.55756193851216E+01
 0.55756193845447E+01
 0.55756193842494E+01
 0.55756193839387E+01
 0.55756193836082E+01
 0.55756193835932E+01
 0.55756193837232E+01
 0.55756193837879E+01
 0.55756193840126E+01
 0.55756193841615E+01
 0.55756193843243E+01
 0.55756193845847E+01
 0.55756193849990E+01
 0.55756193852858E+01
 0.55756193863322E+01
 0.55756193873006E+01
 0.55756193883486E+01
 0.55756193891747E+01
 0.55756193901054E+01
 0.55756193911093E+01
 0.55756193918122E+01
 0.55756193926073E+01
 0.55756193933111E+01
 0.55756193939985E+01
 0.55756193946117E+01
 0.55756193817218E+01
 0.55756193831124E+01
 0.55756193851401E+01
 0.55756193874717E+01
 0.55756193895711E+01
 0.55756193887902E+01
 0.55756193880876E+01
 0.55756279149958E+01
 0.55756279141538E+01
 0.55756279133845E+01
 0.55756279128451E+01
 0.55756279124788E+01
 0.55756241216595E+01
 0.55756241092407E+01
 0.55756241094073E+01
 0.55756241099111E+01
 0.55756241103212E+01
 0.55756241138938E+01
 0.55756241109815E+01
 0.55756241102315E+01
 0.55756241097481E+01
 0.55756241093062E+01
 0.55756241089947E+01
 0.55756241086102E+01
 0.55756241083988E+01
 0.55756241081605E+01
 0.55756241080342E+01
 0.55756241079099E+01
 0.55756241079404E+01
 0.55756241078087E+01
 0.55756241078248E+01
 0.55756241079751E+01
 0.55756241080837E+01
 0.55756241082270E+01
 0.55756241084918E+01
 0.55756226974299E+01
 0.55756226977107E+01
 0.55756226979622E+01
 0.55756226983888E+01
 0.55756226987637E+01
 0.55756226990954E+01
 0.55756226996958E+01
 0.55756227001241E+01
 0.55756226934014E+01
 0.55756226936666E+01
 0.55756226946818E+01
 0.55756226953613E+01
 0.55756226959328E+01
 0.55756226966441E+01
 0.55756226972090E+01
 0.55756226980598E+01
 0.55756226989366E+01
 0.55756226996624E+01
 0.55756236560647E+01
 0.55756236569784E+01
 0.55756236576265E+01
 0.55756236586334E+01
 0.55756236595406E+01
 0.55756236603617E+01
 0.55756236813307E+01
 0.55756236811260E+01
 0.55756236822577E+01
 0.55756236618990E+01
 0.55756236616003E+01
 0.55756236616731E+01
 0.55756236557546E+01
 0.55756236552789E+01
 0.55756236549583E+01
 0.55756236545871E+01
 0.55756236541745E+01
 0.55756236536504E+01
 0.55756236528840E+01
 0.55756236524757E+01
 0.55756236520334E+01
 0.55756236667157E+01
 0.55756236685953E+01
 0.55756236716921E+01
 0.55756236749173E+01
 0.55756236534900E+01
 0.55756236530270E+01
 0.55756236529018E+01
 0.55756236621067E+01
 0.55756236639548E+01
 0.55756236651445E+01
 0.55756236718751E+01
 0.55756236717317E+01
 0.55756236731640E+01
 0.55756236660494E+01
 0.55756236653849E+01
 0.55756236644243E+01
 0.55756236637982E+01
 0.55756236629137E+01
 0.55756236624891E+01
 0.55756236619190E+01
 0.55756236615151E+01
 0.55756236611392E+01
 0.55756236530305E+01
 0.55756236524660E+01
 0.55756236518991E+01
 0.55756236518472E+01
 0.55756236514737E+01
 0.55756236512669E+01
 0.55756236506912E+01
 0.55756236509450E+01
 0.55756236509027E+01
 0.55756236510341E+01
 0.55756236511509E+01
 0.55756236510800E+01
 0.55756236511217E+01
 0.55756236515913E+01
 0.55756236516234E+01
 0.55756236521539E+01
 0.55756236525784E+01
 0.55756236531593E+01
 0.55756236535076E+01
 0.55756236538885E+01
 0.55756236545590E+01
 0.55756236549608E+01
 0.55756236562109E+01
 0.55756236568414E+01
 0.55756236575068E+01
 0.55756236580565E+01
 0.55756236587017E+01
 0.55756236594131E+01
 0.55756236601374E+01
 0.55756236608157E+01
 0.55756236612658E+01
 0.55756236569300E+01
 0.55756236566705E+01
 0.55756236566039E+01
 0.55756236566760E+01
 0.55756236563587E+01
 0.55756236562999E+01
 0.55756236558869E+01
 0.55756236556762E+01
 0.55756236552196E+01
 0.55756236547448E+01
 0.55756236543735E+01
 0.55756236544724E+01
 0.55756236552796E+01
 0.55756236563859E+01
 0.55756236586537E+01
 0.55756236565699E+01
 0.55756236561442E+01
 0.55756236558663E+01
 0.55756236554334E+01
 0.55756236556788E+01
 0.55756236563033E+01
 0.55756182019300E+01
 0.55756182202451E+01
 0.55756182211617E+01
 0.55756182216831E+01
 0.55756182229838E+01
 0.55756182239852E+01
 0.55756182088798E+01
 0.55756182082326E+01
 0.55756182034536E+01
 0.55756182030877E+01
 0.55756182026625E+01
 0.55756182025327E+01
 0.55756182023633E+01
 0.55756182020841E+01
 0.55756182012673E+01
 0.55756181930747E+01
 0.55756181925991E+01
 0.55756181924428E+01
 0.55756181922398E+01
 0.55756181915648E+01
 0.55756181916941E+01
 0.55756181915905E+01
 0.55756181914594E+01
 0.55756181917385E+01
 0.55756181913316E+01
 0.55756181914120E+01
 0.55756181914254E+01
 0.55756181917641E+01
 0.55756181924437E+01
 0.55756181924621E+01
 0.55756181927381E+01
 0.55756181933852E+01
 0.55756181937359E+01
 0.55756181944391E+01
 0.55756181945293E+01
 0.55756181952157E+01
 0.55756181958258E+01
 0.55756181965636E+01
 0.55756181975926E+01
 0.55756181982868E+01
 0.55756239688452E+01
 0.55756161028668E+01
 0.55756161033112E+01
 0.55756161040207E+01
 0.55756161049282E+01
 0.55756161053350E+01
 0.55756204298042E+01
 0.55756204302810E+01
 0.55756204298227E+01
 0.55756204299490E+01
 0.55756204288976E+01
 0.55756204286747E+01
 0.55756204286745E+01
 0.55756204279439E+01
 0.55756204275307E+01
 0.55756204272151E+01
 0.55756204268826E+01
 0.55756204264795E+01
 0.55756204264831E+01
 0.55756249577317E+01
 0.55756249581872E+01
 0.55756249588121E+01
 0.55756249597427E+01
 0.55756120153986E+01
 0.55756227537786E+01
 0.55756193165766E+01
 0.55756193150557E+01
 0.55756193140284E+01
 0.55756206010492E+01
 0.55756191389964E+01
 0.55756165237617E+01
 0.55756165227417E+01
 0.55756165228651E+01
 0.55756165221268E+01
 0.55756165226916E+01
 0.55756165233522E+01
 0.55756165385364E+01
 0.55756165377299E+01
 0.55756165368840E+01
 0.55756165361882E+01
 0.55756165355813E+01
 0.55756165349033E+01
 0.55756165344060E+01
 0.55756165344403E+01
 0.55756165297144E+01
 0.55756165293955E+01
 0.55756165288922E+01
 0.55756165284698E+01
 0.55756165279509E+01
 0.55756165278514E+01
 0.55756165279862E+01
 0.55756165276796E+01
 0.55756165276991E+01
 0.55756165279169E+01
 0.55756165280028E+01
 0.55756165277827E+01
 0.55756165281146E+01
 0.55756165284868E+01
 0.55756165288916E+01
 0.55756165292077E+01
 0.55756165296336E+01
 0.55756165301366E+01
 0.55756165300847E+01
 0.55756165306447E+01
 0.55756165310060E+01
 0.55756165321591E+01
 0.55756165323656E+01
 0.55756165328800E+01
 0.55756165327650E+01
 0.55756165336140E+01
 0.55756165338353E+01
 0.55756165339126E+01
 0.55756165335573E+01
 0.55756165336276E+01
 0.55756165333597E+01
 0.55756165336420E+01
 0.55756165328763E+01
 0.55756165321198E+01
 0.55756165308534E+01
 0.55756165305987E+01
 0.55756165295988E+01
 0.55756165290090E+01
 0.55756165382316E+01
 0.55756165378798E+01
 0.55756165373195E+01
 0.55756165363355E+01
 0.55756165295915E+01
 0.55756165278661E+01
 0.55756165273466E+01
 0.55756165468813E+01
 0.55756165454469E+01
 0.55756165471700E+01
 0.55756165466605E+01
 0.55756165465854E+01
 0.55756165464364E+01
 0.55756165458993E+01
 0.55756165455379E+01
 0.55756165451173E+01
 0.55756165455286E+01
 0.55756165450675E+01
 0.55756165446810E+01
 0.55756165445674E+01
 0.55756165445416E+01
 0.55756165469218E+01
 0.55756165270694E+01
 0.55756165262082E+01
 0.55756165255235E+01
 0.55756165294614E+01
 0.55756165291367E+01
 0.55756165284251E+01
 0.55756165289112E+01
 0.55756165283130E+01
 0.55756165283165E+01
 0.55756165274430E+01
 0.55756165276677E+01
 0.55756165278837E+01
 0.55756165273043E+01
 0.55756165283213E+01
 0.55756165274012E+01
 0.55756165278597E+01
 0.55756165304619E+01
 0.55756165305669E+01
 0.55756165310789E+01
 0.55756165329619E+01
 0.55756165332240E+01
 0.55756165340032E+01
 0.55756165350121E+01
 0.55756165364167E+01
 0.55756165369570E+01
 0.55756165373388E+01
 0.55756165334641E+01
 0.55756165341510E+01
 0.55756165342326E+01
 0.55756165347338E+01
 0.55756165349461E+01
 0.55756165351926E+01
 0.55756165347448E+01
 0.55756165350369E+01
 0.55756165425399E+01
 0.55756165426066E+01
 0.55756165625685E+01
 0.55756165630314E+01
 0.55756165419734E+01
 0.55756165421917E+01
 0.55756165413778E+01
 0.55756165407925E+01
 0.55756165394471E+01
 0.55756165494903E+01
 0.55756165501041E+01
 0.55756165505624E+01
 0.55756165496988E+01
 0.55756165496604E+01
 0.55756165491550E+01
 0.55756165504644E+01
 0.55756165486675E+01
 0.55756165488164E+01
 0.55756165479418E+01
 0.55756201859021E+01
 0.55756201856301E+01
 0.55756201850592E+01
 0.55756201859431E+01
 0.55756201869642E+01
 0.55756201886678E+01
 0.55756201566029E+01
 0.55756201554016E+01
 0.55756202681893E+01
 0.55756202664029E+01
 0.55756202681758E+01
 0.55756202670257E+01
 0.55756202669909E+01
 0.55756202902125E+01
 0.55756202892651E+01
 0.55756202539596E+01
 0.55756202533957E+01
 0.55756202538133E+01
 0.55756202529592E+01
 0.55756202535656E+01
 0.55756202531100E+01
 0.55756202606552E+01
 0.55756202606443E+01
 0.55756202596313E+01
 0.55756202597555E+01
 0.55756202601907E+01
 0.55756202610042E+01
 0.55756202606981E+01
 0.55756202615928E+01
 0.55756202630991E+01
 0.55756202650410E+01
 0.55756202676316E+01
 0.55756202686819E+01
 0.55756202709670E+01
 0.55756203651580E+01
 0.55756203660718E+01
 0.55756203670446E+01
 0.55756203671106E+01
 0.55756203676668E+01
 0.55756203689106E+01
 0.55756216432284E+01
 0.55756216565507E+01
 0.55756216572907E+01
 0.55756216582025E+01
 0.55756216876217E+01
 0.55756216865639E+01
 0.55756216983982E+01
 0.55756216581402E+01
 0.55756216592070E+01
 0.55756216599457E+01
 0.55756216604311E+01
 0.55756191829661E+01
 0.55756191731109E+01
 0.55756191707778E+01
 0.55756191693007E+01
 0.55756191673860E+01
 0.55756191677518E+01
 0.55756191681383E+01
 0.55756191686685E+01
 0.55756193081758E+01
 0.55756193055348E+01
 0.55756193034954E+01
 0.55756193016432E+01
 0.55756193011600E+01
 0.55756192999057E+01
 0.55756192985320E+01
 0.55756192998117E+01
 0.55756192991889E+01
 0.55756193003149E+01
 0.55756192980189E+01
 0.55756192969885E+01
 0.55756193002429E+01
 0.55756192974155E+01
 0.55756192974746E+01
 0.55756192964926E+01
 0.55756192960283E+01
 0.55756192949412E+01
 0.55756192958339E+01
 0.55756192960804E+01
 0.55756193866715E+01
 0.55756193843445E+01
 0.55756193849376E+01
