 0.84037294476583E+09
 0.84037279745126E+09
 0.84037279753318E+09
 0.84037279753318E+09
 0.84037279753318E+09
 0.84037279753318E+09
 0.84037279753318E+09
 0.84037279753223E+09
 0.84037273812966E+09
 0.84037283886743E+09
 0.84037283886763E+09
 0.84037283886745E+09
 0.84037283886745E+09
 0.84037283886745E+09
 0.84037283886745E+09
 0.84037283886745E+09
 0.84037283886745E+09
 0.84037283886745E+09
 0.84037283886745E+09
 0.84037283886745E+09
 0.84037283886745E+09
 0.84037283886745E+09
 0.84037283886745E+09
 0.84037283886745E+09
 0.84037283886745E+09
 0.84037283886745E+09
 0.84037283886745E+09
 0.84037283886745E+09
 0.84037283886745E+09
 0.84037283886745E+09
 0.84037283886745E+09
 0.84037283886745E+09
 0.84037283886745E+09
 0.84037283886745E+09
 0.84037283886745E+09
 0.84037283886745E+09
 0.84037283886745E+09
 0.84037283886745E+09
 0.84037283886745E+09
 0.84037283886745E+09
 0.84037283886745E+09
 0.84037283886745E+09
 0.84037283886745E+09
 0.84037283886745E+09
 0.84037283886745E+09
 0.84037283886745E+09
 0.84037283886745E+09
 0.84037283886745E+09
 0.84037283886745E+09
 0.84037283886745E+09
 0.84037283886745E+09
 0.84037283886745E+09
 0.84037283886745E+09
 0.84037283886745E+09
 0.84037283886745E+09
 0.84037283886745E+09
 0.84037283886745E+09
 0.84037283886745E+09
 0.84037283886745E+09
 0.84037283886745E+09
 0.84037283886745E+09
 0.84037283886745E+09
 0.84037283886745E+09
 0.84037283886745E+09
 0.84037283886745E+09
 0.84037283886745E+09
 0.84037283886745E+09
 0.84037283886745E+09
 0.84037283886745E+09
 0.84037283886745E+09
 0.84037283886745E+09
 0.84037283886745E+09
 0.84037283886745E+09
 0.84037283886745E+09
 0.84037283886745E+09
 0.84037283886745E+09
 0.84037283886745E+09
 0.84037283886745E+09
 0.84037283886745E+09
 0.84037283886746E+09
 0.84037283886746E+09
 0.84037283886746E+09
 0.84037283886746E+09
 0.84037283886746E+09
 0.84037283886746E+09
 0.84037283886746E+09
 0.84037283886746E+09
 0.84037283886746E+09
 0.84037283886746E+09
 0.84037283886747E+09
 0.84037283886747E+09
 0.84037283886747E+09
 0.84037283886747E+09
 0.84037283886747E+09
 0.84037283886747E+09
 0.84037283886748E+09
 0.84037283886748E+09
 0.84037283886748E+09
 0.84037283886747E+09
 0.84037283886747E+09
 0.84037283886747E+09
 0.84037283886749E+09
 0.84037283886750E+09
 0.84037283886751E+09
 0.84037283886751E+09
 0.84037283886751E+09
 0.84037283886751E+09
 0.84037283886751E+09
 0.84037283886751E+09
 0.84037283886751E+09
 0.84037283886751E+09
 0.84037283886751E+09
 0.84037283886751E+09
 0.84037283886751E+09
 0.84037283886751E+09
 0.84037283886751E+09
 0.84037283886756E+09
 0.84037283886757E+09
 0.84037283886758E+09
 0.84037283886759E+09
 0.84037283886759E+09
 0.84037283886759E+09
 0.84037283886759E+09
 0.84037283886759E+09
 0.84037283886760E+09
 0.84037283886760E+09
 0.84037283886760E+09
 0.84037283886759E+09
 0.84037283886759E+09
 0.84037283886759E+09
 0.84037283886759E+09
 0.84037283886759E+09
 0.84037283886759E+09
 0.84037283886770E+09
 0.84037283886772E+09
 0.84037283886774E+09
 0.84037283886775E+09
 0.84037283886776E+09
 0.84037283886776E+09
 0.84037283886777E+09
 0.84037283886777E+09
 0.84037283886777E+09
 0.84037283886777E+09
 0.84037283886778E+09
 0.84037283886778E+09
 0.84037283886778E+09
 0.84037283886778E+09
 0.84037283886777E+09
 0.84037283886778E+09
 0.84037283886777E+09
 0.84037283886777E+09
 0.84037283886777E+09
 0.84037283886777E+09
 0.84037283886798E+09
 0.84037283886801E+09
 0.84037283886804E+09
 0.84037283886807E+09
 0.84037283886809E+09
 0.84037283886810E+09
 0.84037283886811E+09
 0.84037283886813E+09
 0.84037283886813E+09
 0.84037283886814E+09
 0.84037283886814E+09
 0.84037283886814E+09
 0.84037283886814E+09
 0.84037283886815E+09
 0.84037283886815E+09
 0.84037283886815E+09
 0.84037283886815E+09
 0.84037283886815E+09
 0.84037283886814E+09
 0.84037283886814E+09
 0.84037283886814E+09
 0.84037283886814E+09
 0.84037283886814E+09
 0.84037283886814E+09
 0.84037283886814E+09
 0.84037283886841E+09
 0.84037283886846E+09
 0.84037283886850E+09
 0.84037283886853E+09
 0.84037283886855E+09
 0.84037283886857E+09
 0.84037283886859E+09
 0.84037283886860E+09
 0.84037283886861E+09
 0.84037283886862E+09
 0.84037283886862E+09
 0.84037283886863E+09
 0.84037283886863E+09
 0.84037283886863E+09
 0.84037283886864E+09
 0.84037283886864E+09
 0.84037283886864E+09
 0.84037283886864E+09
 0.84037283886864E+09
 0.84037283886864E+09
 0.84037283886864E+09
 0.84037283886864E+09
 0.84037283886864E+09
 0.84037283886863E+09
 0.84037283886863E+09
 0.84037283886863E+09
 0.84037283886863E+09
 0.84037283886863E+09
 0.84037283886863E+09
 0.84037283886862E+09
 0.84037283886887E+09
 0.84037283886890E+09
 0.84037283886893E+09
 0.84037283886896E+09
 0.84037283886898E+09
 0.84037283886899E+09
 0.84037283886901E+09
 0.84037283886902E+09
 0.84037283886903E+09
 0.84037283886903E+09
 0.84037283886904E+09
 0.84037283886904E+09
 0.84037283886904E+09
 0.84037283886904E+09
 0.84037283886904E+09
 0.84037283886904E+09
 0.84037283886904E+09
 0.84037283886903E+09
 0.84037283886903E+09
 0.84037283886902E+09
 0.84037283886902E+09
 0.84037283886901E+09
 0.84037283886901E+09
 0.84037283886900E+09
 0.84037283886900E+09
 0.84037283886899E+09
 0.84037283886899E+09
 0.84037283886899E+09
 0.84037283886899E+09
 0.84037283886898E+09
 0.84037283886898E+09
 0.84037283886898E+09
 0.84037283886917E+09
 0.84037283886919E+09
 0.84037283886921E+09
 0.84037283886923E+09
 0.84037283886924E+09
 0.84037283886926E+09
 0.84037283886927E+09
 0.84037283886928E+09
 0.84037283886929E+09
 0.84037283886929E+09
 0.84037283886929E+09
 0.84037283886927E+09
 0.84037283886927E+09
 0.84037283886927E+09
 0.84037283886928E+09
 0.84037283886928E+09
 0.84037283886928E+09
 0.84037283886926E+09
 0.84037283886927E+09
 0.84037283886927E+09
 0.84037283886927E+09
 0.84037283886927E+09
 0.84037283886926E+09
 0.84037283886926E+09
 0.84037283886923E+09
 0.84037283886923E+09
 0.84037283886923E+09
 0.84037283886924E+09
 0.84037283886918E+09
 0.84037283886915E+09
 0.84037283886918E+09
 0.84037283886921E+09
 0.84037283886934E+09
 0.84037283886936E+09
 0.84037283886938E+09
 0.84037283886939E+09
 0.84037283886941E+09
 0.84037283886942E+09
 0.84037283886942E+09
 0.84037283886943E+09
 0.84037283886943E+09
 0.84037283886943E+09
 0.84037283886943E+09
 0.84037283886943E+09
 0.84037283886943E+09
 0.84037283886942E+09
 0.84037283886942E+09
 0.84037283886941E+09
 0.84037283886940E+09
 0.84037283886938E+09
 0.84037283886934E+09
 0.84037283886929E+09
 0.84037283886932E+09
 0.84037283886931E+09
 0.84037283886930E+09
 0.84037283886929E+09
 0.84037283886928E+09
 0.84037283886925E+09
 0.84037283886924E+09
 0.84037283886922E+09
 0.84037283886921E+09
 0.84037283886919E+09
 0.84037283886918E+09
 0.84037283886916E+09
 0.84037283886915E+09
 0.84037283886914E+09
 0.84037283886911E+09
 0.84037283886925E+09
 0.84037283886925E+09
 0.84037283886927E+09
 0.84037283886928E+09
 0.84037283886929E+09
 0.84037283886929E+09
 0.84037283886930E+09
 0.84037283886930E+09
 0.84037283886930E+09
 0.84037283886930E+09
 0.84037283886930E+09
 0.84037283886930E+09
 0.84037283886929E+09
 0.84037283886929E+09
 0.84037283886928E+09
 0.84037283886928E+09
 0.84037283886927E+09
 0.84037283886926E+09
 0.84037283886925E+09
 0.84037283886924E+09
 0.84037283886923E+09
 0.84037283886924E+09
 0.84037283886923E+09
 0.84037283886922E+09
 0.84037283886921E+09
 0.84037283886920E+09
 0.84037283886918E+09
 0.84037283886917E+09
 0.84037283886915E+09
 0.84037283886914E+09
 0.84037283886907E+09
 0.84037283886904E+09
 0.84037283886905E+09
 0.84037283886903E+09
 0.84037283886902E+09
 0.84037283886919E+09
 0.84037283886916E+09
 0.84037283886917E+09
 0.84037283886917E+09
 0.84037283886916E+09
 0.84037283886916E+09
 0.84037283886916E+09
 0.84037283886915E+09
 0.84037283886913E+09
 0.84037283886913E+09
 0.84037283886912E+09
 0.84037283886911E+09
 0.84037283886910E+09
 0.84037283886908E+09
 0.84037283886908E+09
 0.84037283886907E+09
 0.84037283886906E+09
 0.84037283886902E+09
 0.84037283886905E+09
 0.84037283886904E+09
 0.84037283886901E+09
 0.84037283886901E+09
 0.84037283886900E+09
 0.84037283886899E+09
 0.84037283886899E+09
 0.84037283886898E+09
 0.84037283886882E+09
 0.84037283886891E+09
 0.84037283886890E+09
 0.84037283886887E+09
 0.84037283886880E+09
 0.84037283886885E+09
 0.84037283886889E+09
 0.84037283886888E+09
 0.84037283886885E+09
 0.84037283886897E+09
 0.84037283886897E+09
 0.84037283886897E+09
 0.84037283886896E+09
 0.84037283886894E+09
 0.84037283886892E+09
 0.84037283886893E+09
 0.84037283886894E+09
 0.84037283886896E+09
 0.84037283886898E+09
 0.84037283886900E+09
 0.84037283886900E+09
 0.84037283886899E+09
 0.84037283886899E+09
 0.84037283886898E+09
 0.84037283886898E+09
 0.84037283886897E+09
 0.84037283886897E+09
 0.84037283886895E+09
 0.84037283886895E+09
 0.84037283886895E+09
 0.84037283886894E+09
 0.84037283886893E+09
 0.84037283886891E+09
 0.84037283886890E+09
 0.84037283886888E+09
 0.84037283886887E+09
 0.84037283886886E+09
 0.84037283886885E+09
 0.84037283886884E+09
 0.84037283886882E+09
 0.84037283886881E+09
 0.84037283886916E+09
 0.84037283886917E+09
 0.84037283886919E+09
 0.84037283886920E+09
 0.84037283886921E+09
 0.84037283886921E+09
 0.84037283886922E+09
 0.84037283886922E+09
 0.84037283886923E+09
 0.84037283886924E+09
 0.84037283886925E+09
 0.84037283886925E+09
 0.84037283886926E+09
 0.84037283886926E+09
 0.84037283886926E+09
 0.84037283886926E+09
 0.84037283886926E+09
 0.84037283886926E+09
 0.84037283886926E+09
 0.84037283886925E+09
 0.84037283886925E+09
 0.84037283886925E+09
 0.84037283886924E+09
 0.84037283886924E+09
 0.84037283886923E+09
 0.84037283886922E+09
 0.84037283886922E+09
 0.84037283886921E+09
 0.84037283886920E+09
 0.84037283886919E+09
 0.84037283886918E+09
 0.84037283886923E+09
 0.84037283886928E+09
 0.84037283886932E+09
 0.84037283886936E+09
 0.84037283886939E+09
 0.84037283886942E+09
 0.84037283886945E+09
 0.84037283886947E+09
 0.84037283886949E+09
 0.84037283886951E+09
 0.84037283886953E+09
 0.84037283886955E+09
 0.84037283886957E+09
 0.84037283886959E+09
 0.84037283886960E+09
 0.84037283886962E+09
 0.84037283886963E+09
 0.84037283886964E+09
 0.84037283886965E+09
 0.84037283886966E+09
 0.84037283886967E+09
 0.84037283886967E+09
 0.84037283886968E+09
 0.84037283886968E+09
 0.84037283886968E+09
 0.84037283886969E+09
 0.84037283886969E+09
 0.84037283886969E+09
 0.84037283886969E+09
 0.84037283886969E+09
 0.84037283886969E+09
 0.84037283886968E+09
 0.84037283886968E+09
 0.84037283886968E+09
 0.84037283886967E+09
 0.84037283886967E+09
 0.84037283886966E+09
 0.84037283886965E+09
 0.84037283886965E+09
 0.84037283886964E+09
 0.84037283886964E+09
 0.84037283886963E+09
 0.84037283886963E+09
 0.84037283886962E+09
 0.84037283886962E+09
 0.84037283886961E+09
 0.84037283886960E+09
 0.84037283886959E+09
 0.84037283886958E+09
 0.84037283886957E+09
 0.84037283886957E+09
 0.84037283886957E+09
 0.84037283886956E+09
 0.84037283886955E+09
 0.84037283886954E+09
 0.84037283886953E+09
 0.84037283886953E+09
 0.84037283886953E+09
 0.84037283886952E+09
 0.84037283886952E+09
 0.84037283886952E+09
 0.84037283886952E+09
 0.84037283886952E+09
 0.84037283886951E+09
 0.84037283886951E+09
 0.84037283886951E+09
 0.84037283886950E+09
 0.84037283886954E+09
 0.84037283886950E+09
 0.84037283886950E+09
 0.84037283886950E+09
 0.84037283886949E+09
 0.84037283886949E+09
 0.84037283886948E+09
 0.84037283886950E+09
 0.84037283886950E+09
 0.84037283886949E+09
 0.84037283886948E+09
 0.84037283886947E+09
 0.84037283886946E+09
 0.84037283886946E+09
 0.84037283886945E+09
 0.84037283886944E+09
 0.84037283886943E+09
 0.84037283886942E+09
 0.84037283886941E+09
 0.84037283886948E+09
 0.84037283886948E+09
 0.84037283886949E+09
 0.84037283886950E+09
 0.84037283886950E+09
 0.84037283886950E+09
 0.84037283886950E+09
 0.84037283886950E+09
 0.84037283886950E+09
 0.84037283886950E+09
 0.84037283886950E+09
 0.84037283886950E+09
 0.84037283886950E+09
 0.84037283886950E+09
 0.84037283886949E+09
 0.84037283886949E+09
 0.84037283886949E+09
 0.84037283886948E+09
 0.84037283886948E+09
 0.84037283886948E+09
 0.84037283886947E+09
 0.84037283886947E+09
 0.84037283886946E+09
 0.84037283886946E+09
 0.84037283886945E+09
 0.84037283886945E+09
 0.84037283886944E+09
 0.84037283886943E+09
 0.84037283886943E+09
 0.84037283886942E+09
 0.84037283886941E+09
 0.84037283886940E+09
 0.84037283886939E+09
 0.84037283886939E+09
 0.84037283886938E+09
 0.84037283886937E+09
 0.84037283886936E+09
 0.84037283886935E+09
 0.84037283886935E+09
 0.84037283886934E+09
 0.84037283886933E+09
 0.84037283886934E+09
 0.84037283886933E+09
 0.84037283886932E+09
 0.84037283886931E+09
 0.84037283886931E+09
 0.84037283886930E+09
 0.84037283886929E+09
 0.84037283886928E+09
 0.84037283886928E+09
 0.84037283886925E+09
 0.84037283886925E+09
 0.84037283886924E+09
 0.84037283886923E+09
 0.84037283886923E+09
 0.84037283886926E+09
 0.84037283886928E+09
 0.84037283886928E+09
 0.84037283886927E+09
 0.84037283886923E+09
 0.84037283886922E+09
 0.84037283886921E+09
 0.84037283886921E+09
 0.84037283886921E+09
 0.84037283886923E+09
 0.84037283886925E+09
 0.84037283886928E+09
 0.84037283886928E+09
 0.84037283886927E+09
 0.84037283886927E+09
 0.84037283886927E+09
 0.84037283886926E+09
 0.84037283886926E+09
 0.84037283886925E+09
 0.84037283886925E+09
 0.84037283886924E+09
 0.84037283886923E+09
 0.84037283886923E+09
 0.84037283886920E+09
 0.84037283886920E+09
 0.84037283886918E+09
 0.84037283886918E+09
 0.84037283886917E+09
 0.84037283886917E+09
 0.84037283886917E+09
 0.84037283886917E+09
 0.84037283886916E+09
 0.84037283886916E+09
 0.84037283886916E+09
 0.84037283886916E+09
 0.84037283886915E+09
 0.84037283886915E+09
 0.84037283886915E+09
 0.84037283886914E+09
 0.84037283886914E+09
 0.84037283886914E+09
 0.84037283886913E+09
 0.84037283886913E+09
 0.84037283886912E+09
 0.84037283886912E+09
 0.84037283886912E+09
 0.84037283886911E+09
 0.84037283886911E+09
 0.84037283886911E+09
 0.84037283886911E+09
 0.84037283886910E+09
 0.84037283886910E+09
 0.84037283886910E+09
 0.84037283886909E+09
 0.84037283886909E+09
 0.84037283886909E+09
 0.84037283886911E+09
 0.84037283886911E+09
 0.84037283886910E+09
 0.84037283886910E+09
 0.84037283886910E+09
 0.84037283886909E+09
 0.84037283886909E+09
 0.84037283886908E+09
 0.84037283886909E+09
 0.84037283886908E+09
 0.84037283886908E+09
 0.84037283886907E+09
 0.84037283886907E+09
 0.84037283886907E+09
 0.84037283886907E+09
 0.84037283886906E+09
 0.84037283886906E+09
 0.84037283886905E+09
 0.84037283886905E+09
 0.84037283886904E+09
 0.84037283886904E+09
 0.84037283886902E+09
 0.84037283886893E+09
 0.84037283886894E+09
 0.84037283886893E+09
 0.84037283886893E+09
 0.84037283886893E+09
 0.84037283886892E+09
 0.84037283886892E+09
 0.84037283886892E+09
 0.84037283886891E+09
 0.84037283886890E+09
 0.84037283886889E+09
 0.84037283886889E+09
 0.84037283886888E+09
 0.84037283886887E+09
 0.84037283886887E+09
 0.84037283886886E+09
 0.84037283886886E+09
 0.84037283886885E+09
 0.84037283886885E+09
 0.84037283886885E+09
 0.84037283886884E+09
 0.84037283886883E+09
 0.84037283886882E+09
 0.84037283886881E+09
 0.84037283886880E+09
 0.84037283886879E+09
 0.84037283886879E+09
 0.84037283886880E+09
 0.84037283886880E+09
 0.84037283886879E+09
 0.84037283886878E+09
 0.84037283886877E+09
 0.84037283886877E+09
 0.84037283886876E+09
 0.84037283886875E+09
 0.84037283886874E+09
 0.84037283886873E+09
 0.84037283886873E+09
 0.84037283886872E+09
 0.84037283886871E+09
 0.84037283886870E+09
 0.84037283886867E+09
 0.84037283886866E+09
 0.84037283886864E+09
 0.84037283886863E+09
 0.84037283886862E+09
 0.84037283886861E+09
 0.84037283886860E+09
 0.84037283886859E+09
 0.84037283886857E+09
 0.84037283886856E+09
 0.84037283886858E+09
 0.84037283886857E+09
 0.84037283886855E+09
 0.84037283886854E+09
 0.84037283886857E+09
 0.84037283886855E+09
 0.84037283886855E+09
 0.84037283886856E+09
 0.84037283886859E+09
 0.84037283886863E+09
 0.84037283886862E+09
 0.84037283886860E+09
 0.84037283886859E+09
 0.84037283886858E+09
 0.84037283886858E+09
 0.84037283886858E+09
 0.84037283886857E+09
 0.84037283886857E+09
 0.84037283886856E+09
 0.84037283886855E+09
 0.84037283886854E+09
 0.84037283886853E+09
 0.84037283886852E+09
 0.84037283886851E+09
 0.84037283886847E+09
 0.84037283886846E+09
 0.84037283886844E+09
 0.84037283886843E+09
 0.84037283886842E+09
 0.84037283886840E+09
 0.84037283886839E+09
 0.84037283886838E+09
 0.84037283886836E+09
 0.84037283886835E+09
 0.84037283886833E+09
 0.84037283886832E+09
 0.84037283886831E+09
 0.84037283886826E+09
 0.84037283886824E+09
 0.84037283886822E+09
 0.84037283886821E+09
 0.84037283886819E+09
 0.84037283886817E+09
 0.84037283886815E+09
 0.84037283886813E+09
 0.84037283886812E+09
 0.84037283886810E+09
 0.84037283886808E+09
 0.84037283886806E+09
 0.84037283886804E+09
 0.84037283886802E+09
 0.84037283886800E+09
 0.84037283886806E+09
 0.84037283886803E+09
 0.84037283886800E+09
 0.84037283886798E+09
 0.84037283886795E+09
 0.84037283886793E+09
 0.84037283886791E+09
 0.84037283886794E+09
 0.84037283886791E+09
 0.84037283886790E+09
 0.84037283886790E+09
 0.84037283886788E+09
 0.84037283886786E+09
 0.84037283886770E+09
 0.84037283886797E+09
 0.84037283886795E+09
 0.84037283886799E+09
 0.84037283886797E+09
 0.84037283886796E+09
 0.84037272391511E+09
 0.84037272391516E+09
 0.84037272391515E+09
 0.84037272391516E+09
 0.84037272391471E+09
 0.84037272391420E+09
 0.84037272391490E+09
 0.84037272391481E+09
 0.84037272391483E+09
 0.84037272391487E+09
 0.84037272391487E+09
 0.84037272391483E+09
 0.84037272391480E+09
 0.84037272391477E+09
 0.84037272391474E+09
 0.84037272391470E+09
 0.84037272391426E+09
 0.84037272391432E+09
 0.84037272391432E+09
 0.84037272391432E+09
 0.84037272391431E+09
 0.84037272391430E+09
 0.84037272391429E+09
 0.84037272391428E+09
 0.84037272391427E+09
 0.84037272391425E+09
 0.84037272391423E+09
 0.84037272391420E+09
 0.84037272391418E+09
 0.84037272391425E+09
 0.84037272391431E+09
 0.84037272391438E+09
 0.84037272391444E+09
 0.84037272391450E+09
 0.84037272391454E+09
 0.84037272391458E+09
 0.84037272391461E+09
 0.84037272391464E+09
 0.84037272391448E+09
 0.84037272391454E+09
 0.84037272391460E+09
 0.84037272391464E+09
 0.84037272391468E+09
 0.84037272391471E+09
 0.84037272391473E+09
 0.84037272391474E+09
 0.84037272391476E+09
 0.84037272391477E+09
 0.84037272391478E+09
 0.84037272391476E+09
 0.84037272391474E+09
 0.84037272391474E+09
 0.84037272391474E+09
 0.84037272391475E+09
 0.84037272391475E+09
 0.84037272391475E+09
 0.84037272391475E+09
 0.84037272391475E+09
 0.84037272391474E+09
 0.84037272391474E+09
 0.84037272391474E+09
 0.84037272391473E+09
 0.84037272391473E+09
 0.84037272391472E+09
 0.84037271772419E+09
 0.84037271772418E+09
 0.84037271772416E+09
 0.84037271772414E+09
 0.84037271772406E+09
 0.84037271772394E+09
 0.84037271772309E+09
 0.84037271772374E+09
 0.84037271772375E+09
 0.84037271772372E+09
 0.84037271772311E+09
 0.84037271772321E+09
 0.84037271772361E+09
 0.84037271772369E+09
 0.84037271772375E+09
 0.84037271772395E+09
 0.84037271772397E+09
 0.84037271772400E+09
 0.84037271772402E+09
 0.84037271772404E+09
 0.84037271772405E+09
 0.84037271772407E+09
 0.84037271772408E+09
 0.84037271772409E+09
 0.84037271772409E+09
 0.84037271772409E+09
 0.84037271772410E+09
 0.84037271772410E+09
 0.84037271772410E+09
 0.84037271772410E+09
 0.84037271772410E+09
 0.84037271772410E+09
 0.84037271231388E+09
 0.84037271231387E+09
 0.84037271231387E+09
 0.84037271231386E+09
 0.84037271231385E+09
 0.84037271231384E+09
 0.84037271231383E+09
 0.84037271231382E+09
 0.84037271231381E+09
 0.84037271231380E+09
 0.84037271231379E+09
 0.84037271231378E+09
 0.84037271231377E+09
 0.84037271231376E+09
 0.84037271231375E+09
 0.84037271231374E+09
 0.84037271231373E+09
 0.84037271231372E+09
 0.84037271231370E+09
 0.84037271231368E+09
 0.84037271231366E+09
 0.84037271231365E+09
 0.84037271231364E+09
 0.84037271231364E+09
 0.84037271231365E+09
 0.84037271231365E+09
 0.84037271231365E+09
 0.84037271231367E+09
 0.84037271231366E+09
 0.84037271231366E+09
 0.84037271231366E+09
 0.84037271231367E+09
 0.84037271231367E+09
 0.84037271231355E+09
 0.84037271231362E+09
 0.84037271231362E+09
 0.84037271231362E+09
 0.84037271231363E+09
 0.84037271231364E+09
 0.84037271231364E+09
 0.84037271231367E+09
 0.84037271231367E+09
 0.84037271231367E+09
 0.84037271231367E+09
 0.84037271231346E+09
 0.84037271231344E+09
 0.84037271231343E+09
 0.84037271231341E+09
 0.84037271231337E+09
 0.84037271231334E+09
 0.84037271231332E+09
 0.84037271231329E+09
 0.84037271231327E+09
 0.84037271231324E+09
 0.84037271231321E+09
 0.84037271231318E+09
 0.84037271231315E+09
 0.84037271231312E+09
 0.84037271231308E+09
 0.84037271231305E+09
 0.84037271231301E+09
 0.84037271231296E+09
 0.84037271231292E+09
 0.84037271231287E+09
 0.84037271231283E+09
 0.84037271231278E+09
 0.84037271231237E+09
 0.84037271231248E+09
 0.84037271231257E+09
 0.84037271231265E+09
 0.84037271231271E+09
 0.84037271231277E+09
 0.84037271231282E+09
 0.84037271231286E+09
 0.84037271231290E+09
 0.84037271231293E+09
 0.84037271231295E+09
 0.84037271231298E+09
 0.84037271231299E+09
 0.84037271231301E+09
 0.84037271231302E+09
 0.84037271231302E+09
 0.84037271231302E+09
 0.84037271231302E+09
 0.84037271231302E+09
 0.84037271231302E+09
 0.84037271231300E+09
 0.84037271231291E+09
 0.84037271231276E+09
 0.84037271231274E+09
 0.84037271231273E+09
 0.84037271231271E+09
 0.84037271231269E+09
 0.84037271231269E+09
 0.84037271231266E+09
 0.84037271231266E+09
 0.84037271231264E+09
 0.84037271231262E+09
 0.84037271231254E+09
 0.84037271231254E+09
 0.84037245458468E+09
 0.84037245458465E+09
 0.84037245458463E+09
 0.84037245458460E+09
 0.84037245458458E+09
 0.84037245458456E+09
 0.84037245458453E+09
 0.84037245458458E+09
 0.84037245458457E+09
 0.84037245458456E+09
 0.84037245458455E+09
 0.84037245458453E+09
 0.84037245458452E+09
 0.84037245458451E+09
 0.84037245458451E+09
 0.84037245458449E+09
 0.84037245458449E+09
 0.84037245458448E+09
 0.84037245458447E+09
 0.84037245458446E+09
 0.84037245458445E+09
 0.84037245458445E+09
 0.84037245458444E+09
 0.84037245458444E+09
 0.84037245458443E+09
 0.84037245458441E+09
 0.84037245458437E+09
 0.84037245458431E+09
 0.84037245458425E+09
 0.84037245458420E+09
 0.84037245458416E+09
 0.84037245458413E+09
 0.84037245458412E+09
 0.84037245458409E+09
 0.84037245458407E+09
 0.84037245458402E+09
 0.84037245458398E+09
 0.84037245458394E+09
 0.84037245458391E+09
 0.84037245458387E+09
 0.84037245458384E+09
 0.84037245458381E+09
 0.84037245458375E+09
 0.84037245458372E+09
 0.84037245458366E+09
 0.84037245458364E+09
 0.84037245458359E+09
 0.84037245458352E+09
 0.84037245458346E+09
 0.84037245458341E+09
 0.84037245458335E+09
 0.84037245458331E+09
 0.84037245458323E+09
 0.84037245458318E+09
 0.84037245458311E+09
 0.84037245458279E+09
 0.84037245458290E+09
 0.84037264177776E+09
 0.84037264177779E+09
 0.84037264177777E+09
 0.84037264177780E+09
 0.84037264177777E+09
 0.84037264177777E+09
 0.84037264177779E+09
 0.84037264177771E+09
 0.84037264177769E+09
 0.84037264177775E+09
 0.84037264177769E+09
 0.84037264177764E+09
 0.84037264177763E+09
 0.84037264177759E+09
 0.84037264177759E+09
 0.84037273531904E+09
 0.84037273531901E+09
 0.84037273531892E+09
 0.84037273531890E+09
 0.84037273531886E+09
 0.84037273531886E+09
 0.84037273531885E+09
 0.84037248604738E+09
 0.84037248604736E+09
 0.84037248604735E+09
 0.84037248604730E+09
 0.84037248604732E+09
 0.84037248604730E+09
 0.84037248604724E+09
 0.84037248604724E+09
 0.84037248604722E+09
 0.84037248604721E+09
 0.84037248604721E+09
 0.84037248604715E+09
 0.84037248604711E+09
 0.84037248604714E+09
 0.84037248604710E+09
 0.84037248604706E+09
 0.84037248604704E+09
 0.84037248604704E+09
 0.84037248604701E+09
 0.84037248604695E+09
 0.84037248604694E+09
 0.84037248604689E+09
 0.84037248604686E+09
 0.84037248604687E+09
 0.84037248604693E+09
 0.84037248604686E+09
 0.84037248604687E+09
 0.84037248604686E+09
 0.84037248604683E+09
 0.84037248604683E+09
 0.84037248604687E+09
 0.84037248604686E+09
 0.84037248604685E+09
 0.84037248604686E+09
 0.84037248604687E+09
 0.84037248604684E+09
 0.84037248604683E+09
 0.84037248604686E+09
 0.84037248604682E+09
 0.84037248604683E+09
 0.84037248604678E+09
 0.84037248604678E+09
 0.84037271260439E+09
 0.84037271260436E+09
 0.84037271260438E+09
 0.84037271260434E+09
 0.84037271260434E+09
 0.84037271260432E+09
 0.84037271260435E+09
 0.84037271260432E+09
 0.84037271260434E+09
 0.84037271260428E+09
 0.84037271260430E+09
 0.84037271260425E+09
 0.84037271260424E+09
 0.84037271260421E+09
 0.84037271260420E+09
 0.84037271260416E+09
 0.84037271260417E+09
 0.84037271260411E+09
 0.84037271260412E+09
 0.84037271260407E+09
 0.84037271260405E+09
 0.84037271260400E+09
 0.84037271260399E+09
 0.84037271260396E+09
 0.84037271260392E+09
 0.84037271260386E+09
 0.84037271260386E+09
 0.84037271260381E+09
 0.84037271260306E+09
 0.84037271260345E+09
 0.84037271260352E+09
 0.84037271260359E+09
 0.84037271260367E+09
 0.84037271260372E+09
 0.84037271260375E+09
 0.84037271260380E+09
 0.84037271260384E+09
 0.84037271260384E+09
 0.84037271260382E+09
 0.84037271260375E+09
 0.84037271260369E+09
 0.84037242654706E+09
 0.84037242654707E+09
 0.84037242654710E+09
 0.84037242654712E+09
 0.84037242654711E+09
 0.84037242654710E+09
 0.84037242654709E+09
 0.84037242654711E+09
 0.84037242654710E+09
 0.84037242654690E+09
 0.84037242654685E+09
 0.84037242654678E+09
 0.84037242654672E+09
 0.84037242654673E+09
 0.84037242654678E+09
 0.84037242654673E+09
 0.84037242654669E+09
 0.84037242654659E+09
 0.84037242654662E+09
 0.84037242654668E+09
 0.84037242654659E+09
 0.84037242654664E+09
 0.84037242654665E+09
 0.84037242654663E+09
 0.84037242654658E+09
 0.84037242654667E+09
 0.84037242654664E+09
 0.84037242654661E+09
 0.84037241454859E+09
 0.84037241454849E+09
 0.84037241454857E+09
 0.84037241454853E+09
 0.84037241454860E+09
 0.84037241454852E+09
 0.84037241454845E+09
 0.84037241454849E+09
 0.84037241454857E+09
 0.84037241454849E+09
 0.84037241454847E+09
 0.84037241454845E+09
 0.84037241454845E+09
 0.84037241454837E+09
 0.84037241454830E+09
 0.84037241454841E+09
 0.84037241454842E+09
 0.84037241454840E+09
 0.84037241454837E+09
 0.84037241454846E+09
 0.84037241454847E+09
 0.84037241454843E+09
 0.84037241454840E+09
 0.84037241454852E+09
 0.84037241454846E+09
 0.84037241454842E+09
 0.84037241454846E+09
 0.84037241454846E+09
 0.84037241454851E+09
 0.84037241454848E+09
 0.84037241454847E+09
 0.84037241454844E+09
 0.84037241454841E+09
 0.84037241454843E+09
 0.84037241454849E+09
 0.84037241454833E+09
 0.84037241454844E+09
 0.84037241454834E+09
 0.84037241454844E+09
 0.84037241454829E+09
 0.84037241454839E+09
 0.84037241454832E+09
 0.84037241454825E+09
 0.84037241454826E+09
 0.84037241454825E+09
 0.84037241454827E+09
 0.84037241454826E+09
 0.84037241454808E+09
 0.84037241454815E+09
 0.84037241454814E+09
 0.84037241454806E+09
 0.84037241454733E+09
 0.84037241454774E+09
 0.84037241454782E+09
 0.84037241454783E+09
 0.84037241454786E+09
 0.84037241454790E+09
 0.84037241454791E+09
 0.84037241454790E+09
 0.84037241454789E+09
 0.84037241454776E+09
 0.84037241454736E+09
 0.84037241454814E+09
 0.84037241454818E+09
 0.84037241454835E+09
 0.84037241454823E+09
 0.84037241454827E+09
 0.84037241454841E+09
 0.84037241454830E+09
 0.84037241454843E+09
 0.84037241454838E+09
 0.84037241454830E+09
 0.84037241454846E+09
 0.84037241454841E+09
 0.84037241454827E+09
 0.84037241454834E+09
 0.84037241454839E+09
 0.84037241454839E+09
 0.84037241454837E+09
 0.84037241454837E+09
 0.84037241454835E+09
 0.84037241454829E+09
 0.84037241454835E+09
 0.84037241454839E+09
 0.84037241454770E+09
 0.84037241454800E+09
 0.84037241454814E+09
 0.84037241454820E+09
 0.84037241454827E+09
 0.84037241454776E+09
 0.84037241454794E+09
 0.84037241454817E+09
 0.84037241454834E+09
 0.84037241454848E+09
 0.84037241454855E+09
 0.84037241454847E+09
 0.84037241454850E+09
 0.84037241454857E+09
 0.84037241454850E+09
 0.84037241454863E+09
 0.84037241454862E+09
 0.84037241454851E+09
 0.84037241454868E+09
 0.84037241454869E+09
 0.84037241454868E+09
 0.84037241454870E+09
 0.84037241454862E+09
 0.84037241454874E+09
 0.84037241454872E+09
 0.84037241454881E+09
 0.84037241454870E+09
 0.84037241454875E+09
 0.84037241454867E+09
 0.84037241454870E+09
 0.84037241454872E+09
 0.84037241454872E+09
 0.84037241454883E+09
 0.84037241454875E+09
 0.84037241454877E+09
 0.84037241454871E+09
 0.84037241454879E+09
 0.84037241454876E+09
 0.84037241454875E+09
 0.84037241454867E+09
 0.84037241454867E+09
 0.84037241454881E+09
 0.84037241454877E+09
 0.84037241454888E+09
 0.84037241454886E+09
 0.84037241454882E+09
 0.84037241454892E+09
 0.84037241454884E+09
 0.84037241454895E+09
 0.84037241454903E+09
 0.84037241454894E+09
 0.84037241454867E+09
 0.84037241454902E+09
 0.84037241454884E+09
 0.84037241454895E+09
 0.84037241454901E+09
 0.84037241454905E+09
 0.84037241454906E+09
 0.84037241454914E+09
 0.84037241454918E+09
 0.84037241454928E+09
 0.84037241454948E+09
 0.84037241454906E+09
 0.84037241454929E+09
 0.84037241454933E+09
 0.84037241454942E+09
 0.84037241454942E+09
 0.84037241454973E+09
 0.84037241454937E+09
 0.84037241454948E+09
 0.84037241454949E+09
 0.84037241454945E+09
 0.84037241454935E+09
 0.84037241454954E+09
 0.84037241454963E+09
 0.84037241454965E+09
 0.84037241454954E+09
 0.84037241454958E+09
 0.84037241454928E+09
 0.84037241454957E+09
 0.84037241454953E+09
 0.84037241454955E+09
 0.84037241454964E+09
 0.84037241454967E+09
 0.84037241454967E+09
 0.84037241454941E+09
 0.84037241454940E+09
 0.84037241454941E+09
 0.84037241454886E+09
 0.84037241454923E+09
 0.84037241454925E+09
 0.84037241454947E+09
 0.84037241454945E+09
 0.84037241454958E+09
 0.84037241454983E+09
 0.84037241454966E+09
 0.84037241454970E+09
 0.84037241454966E+09
 0.84037241454978E+09
 0.84037241455002E+09
 0.84037241454980E+09
 0.84037241454987E+09
 0.84037241454997E+09
 0.84037241455004E+09
 0.84037246529543E+09
 0.84037246529552E+09
 0.84037246529545E+09
 0.84037246529547E+09
 0.84037246529539E+09
 0.84037246529548E+09
 0.84037246529564E+09
 0.84037246529553E+09
 0.84037246529572E+09
 0.84037246529557E+09
 0.84037246529574E+09
 0.84037246529587E+09
 0.84037246529582E+09
 0.84037246529593E+09
 0.84037246529604E+09
 0.84037246529574E+09
 0.84037246529626E+09
 0.84037245244290E+09
 0.84037245244280E+09
 0.84037245244288E+09
 0.84037245244288E+09
 0.84037245244238E+09
 0.84037245244251E+09
 0.84037245244297E+09
 0.84037245244243E+09
 0.84037245244248E+09
 0.84037246972285E+09
 0.84037246972277E+09
 0.84037246972305E+09
 0.84037246972292E+09
 0.84037246972348E+09
 0.84037246972332E+09
 0.84037246972328E+09
 0.84037246972312E+09
 0.84037246972342E+09
 0.84037246972398E+09
 0.84037246972384E+09
 0.84037246972389E+09
 0.84037246972375E+09
 0.84037246972421E+09
 0.84037246972378E+09
 0.84037246972416E+09
 0.84037246972357E+09
 0.84037246972432E+09
 0.84037246972364E+09
 0.84037246972267E+09
 0.84037246972342E+09
 0.84037246972377E+09
 0.84037246972402E+09
 0.84037246972353E+09
 0.84037246972317E+09
 0.84037246972341E+09
 0.84037246972371E+09
 0.84037246972378E+09
 0.84037246972392E+09
 0.84037246972392E+09
 0.84037246972394E+09
 0.84037246972432E+09
 0.84037246972410E+09
 0.84037246972447E+09
 0.84037246972418E+09
 0.84037246972392E+09
 0.84037246972434E+09
 0.84037246972442E+09
 0.84037246972424E+09
 0.84037246972415E+09
 0.84037246972414E+09
 0.84037246972434E+09
 0.84037246972408E+09
 0.84037246972428E+09
 0.84037246972426E+09
 0.84037246972425E+09
 0.84037246972442E+09
 0.84037246972452E+09
 0.84037246972461E+09
 0.84037246972446E+09
 0.84037246972465E+09
 0.84037246972407E+09
 0.84037246972503E+09
 0.84037246972463E+09
 0.84037246972417E+09
 0.84037246972461E+09
 0.84037246972528E+09
 0.84037246972448E+09
 0.84037246972395E+09
 0.84037246972462E+09
 0.84037246972478E+09
 0.84037246972463E+09
 0.84037246972494E+09
 0.84037246972441E+09
 0.84037246972483E+09
 0.84037246972468E+09
 0.84037246972497E+09
 0.84037246972475E+09
 0.84037246972547E+09
 0.84037246972493E+09
 0.84037246972496E+09
 0.84037246972444E+09
 0.84037246972450E+09
 0.84037256114741E+09
 0.84037275685239E+09
 0.84037275685259E+09
 0.84037250388634E+09
 0.84037250388630E+09
 0.84037250388601E+09
 0.84037250388599E+09
 0.84037250388590E+09
 0.84037250388529E+09
 0.84037250388621E+09
 0.84037250388606E+09
 0.84037250388567E+09
 0.84037250388517E+09
 0.84037250388613E+09
 0.84037250388579E+09
 0.84037250388609E+09
 0.84037250388562E+09
 0.84037273830684E+09
 0.84037273830685E+09
 0.84037273830696E+09
 0.84037273830710E+09
 0.84037273830723E+09
 0.84037273830703E+09
 0.84037273830747E+09
 0.84037273830675E+09
 0.84037273830689E+09
 0.84037273830699E+09
 0.84037273830673E+09
 0.84037273830738E+09
 0.84037273830696E+09
 0.84037273830698E+09
 0.84037273830763E+09
 0.84037273830706E+09
 0.84037273830666E+09
 0.84037273830696E+09
 0.84037273830729E+09
 0.84037273830728E+09
 0.84037273830742E+09
 0.84037273830754E+09
 0.84037273830760E+09
 0.84037273830739E+09
 0.84037265091189E+09
 0.84037265091149E+09
 0.84037265091285E+09
 0.84037265091200E+09
 0.84037265091175E+09
 0.84037265091244E+09
 0.84037265091008E+09
 0.84037265091157E+09
 0.84037270727134E+09
 0.84037270727115E+09
 0.84037270727121E+09
 0.84037270727154E+09
 0.84037270727196E+09
 0.84037270727151E+09
 0.84037270727256E+09
 0.84037270727196E+09
 0.84037270727226E+09
 0.84037270727103E+09
 0.84037270727205E+09
 0.84037270727218E+09
 0.84037270727266E+09
 0.84037268284220E+09
 0.84037268284320E+09
 0.84037268284066E+09
 0.84037268284168E+09
 0.84037268284100E+09
 0.84037268284150E+09
 0.84037268284240E+09
 0.84037268284175E+09
 0.84037268284220E+09
 0.84037268284208E+09
 0.84037268284249E+09
 0.84037268284201E+09
 0.84037268284084E+09
 0.84037268284173E+09
 0.84037268284132E+09
 0.84037268284153E+09
 0.84037268284123E+09
 0.84037268284151E+09
 0.84037268284127E+09
 0.84037268284028E+09
 0.84037268284121E+09
 0.84037268284184E+09
 0.84037268284131E+09
 0.84037268284165E+09
 0.84037268284098E+09
 0.84037268284112E+09
 0.84037268284092E+09
 0.84037268284102E+09
 0.84037268284188E+09
 0.84037268284107E+09
 0.84037268284097E+09
 0.84037268284202E+09
 0.84037268284075E+09
 0.84037268284212E+09
 0.84037268284111E+09
 0.84037268284191E+09
 0.84037268284276E+09
 0.84037268284261E+09
 0.84037268284156E+09
 0.84037268284149E+09
 0.84037268284212E+09
 0.84037268284238E+09
 0.84037268284347E+09
 0.84037268284193E+09
 0.84037268284233E+09
 0.84037268284144E+09
 0.84037268284312E+09
 0.84037268284413E+09
 0.84037268284208E+09
 0.84037268284185E+09
 0.84037268284426E+09
 0.84037268284228E+09
 0.84037268284324E+09
 0.84037268284329E+09
 0.84037268284343E+09
 0.84037268284355E+09
 0.84037268284397E+09
 0.84037268284381E+09
 0.84037268284432E+09
 0.84037268284409E+09
 0.84037268284171E+09
 0.84037268284386E+09
 0.84037268284327E+09
 0.84037268284406E+09
 0.84037268284500E+09
 0.84037240928794E+09
 0.84037240928877E+09
 0.84037240928899E+09
 0.84037240928716E+09
 0.84037240928642E+09
 0.84037257329679E+09
 0.84037257329405E+09
 0.84037257329543E+09
 0.84037257329462E+09
 0.84037257329627E+09
 0.84037257329449E+09
 0.84037257329529E+09
 0.84037257329653E+09
 0.84037257329552E+09
 0.84037257329487E+09
 0.84037257329593E+09
 0.84037257329597E+09
 0.84037257329485E+09
 0.84037257329679E+09
 0.84037257329490E+09
 0.84037257329551E+09
 0.84037257329521E+09
 0.84037257329554E+09
 0.84037257329627E+09
 0.84037257329583E+09
 0.84037257329510E+09
 0.84037257329428E+09
 0.84037257329502E+09
 0.84037265365306E+09
 0.84037265365503E+09
 0.84037265365500E+09
 0.84037265365612E+09
 0.84037265365588E+09
 0.84037265365536E+09
 0.84037265365441E+09
 0.84037265365593E+09
 0.84037265365395E+09
 0.84037265365394E+09
 0.84037265365410E+09
 0.84037265365357E+09
 0.84037265365232E+09
 0.84037265365447E+09
 0.84037265365111E+09
 0.84037265365552E+09
 0.84037265365473E+09
 0.84037265365248E+09
 0.84037258843428E+09
 0.84037258843462E+09
 0.84037258843450E+09
 0.84037258843288E+09
 0.84037258843307E+09
 0.84037258843330E+09
 0.84037258843166E+09
 0.84037258843336E+09
 0.84037258843041E+09
 0.84037258843096E+09
 0.84037258843347E+09
 0.84037258843250E+09
 0.84037258843373E+09
 0.84037258843485E+09
 0.84037258843474E+09
 0.84037258843299E+09
 0.84037258843394E+09
 0.84037258843247E+09
 0.84037258843254E+09
 0.84037258843547E+09
 0.84037258843528E+09
 0.84037258843446E+09
 0.84037258843267E+09
 0.84037258843614E+09
 0.84037258843313E+09
 0.84037258843204E+09
 0.84037258843481E+09
 0.84037258843563E+09
 0.84037258843555E+09
 0.84037258843298E+09
 0.84037258843503E+09
 0.84037258843328E+09
 0.84037258843613E+09
 0.84037258843305E+09
 0.84037258843533E+09
 0.84037258843346E+09
 0.84037258843285E+09
 0.84037258843376E+09
 0.84037258843488E+09
 0.84037258843473E+09
 0.84037258843558E+09
 0.84037258843785E+09
 0.84037258843444E+09
 0.84037258842734E+09
 0.84037258842868E+09
 0.84037258843034E+09
 0.84037258842799E+09
 0.84037258842978E+09
 0.84037258842795E+09
 0.84037258842916E+09
 0.84037258843641E+09
 0.84037258843356E+09
 0.84037258843160E+09
 0.84037258843185E+09
 0.84037258843257E+09
 0.84037258843109E+09
 0.84037258843114E+09
 0.84037258843262E+09
 0.84037258843390E+09
 0.84037258843002E+09
 0.84037258842600E+09
 0.84037258842590E+09
 0.84037258843057E+09
 0.84037258843007E+09
 0.84037258843090E+09
 0.84037258843200E+09
 0.84037258842918E+09
 0.84037258843225E+09
 0.84037258843774E+09
 0.84037258843302E+09
 0.84037258842572E+09
 0.84037258842692E+09
 0.84037258843101E+09
 0.84037258842799E+09
 0.84037258843145E+09
 0.84037258842899E+09
 0.84037258843459E+09
 0.84037258843082E+09
 0.84037258843253E+09
 0.84037258842951E+09
 0.84037258843315E+09
 0.84037258843455E+09
 0.84037258843000E+09
 0.84037258843193E+09
 0.84037258843199E+09
 0.84037258843232E+09
 0.84037258843240E+09
 0.84037258843408E+09
 0.84037258843109E+09
 0.84037258843112E+09
 0.84037258842956E+09
 0.84037258843303E+09
 0.84037258843111E+09
 0.84037258843371E+09
 0.84037258843369E+09
 0.84037277538825E+09
 0.84037277539464E+09
 0.84037277539695E+09
 0.84037277539259E+09
 0.84037277539868E+09
 0.84037277539444E+09
 0.84037277539477E+09
 0.84037277539427E+09
 0.84037277539833E+09
 0.84037277539834E+09
 0.84037277540299E+09
 0.84037277539343E+09
 0.84037277539427E+09
 0.84037277540315E+09
 0.84037277538799E+09
 0.84037277539862E+09
 0.84037277539206E+09
 0.84037277539425E+09
 0.84037277539644E+09
 0.84037277539017E+09
 0.84037277540087E+09
 0.84037277539812E+09
 0.84037277539557E+09
 0.84037277540265E+09
 0.84037277540048E+09
 0.84037277539554E+09
 0.84037277539986E+09
 0.84037277538932E+09
 0.84037277539675E+09
 0.84037277539419E+09
 0.84037277539139E+09
 0.84037277539245E+09
 0.84037277540301E+09
 0.84037277539736E+09
 0.84037277539767E+09
 0.84037277539725E+09
 0.84037277540012E+09
 0.84037277539960E+09
 0.84037277539084E+09
 0.84037277539129E+09
 0.84037257122983E+09
 0.84037281799086E+09
 0.84037281799545E+09
 0.84037281798759E+09
 0.84037281799178E+09
 0.84037281798775E+09
 0.84037272318774E+09
 0.84037272318303E+09
 0.84037272318158E+09
 0.84037272317472E+09
 0.84037272318020E+09
 0.84037272318313E+09
 0.84037272318458E+09
 0.84037272318409E+09
 0.84037272318453E+09
 0.84037272317969E+09
 0.84037272317673E+09
 0.84037272318640E+09
 0.84037272318575E+09
 0.84037255364220E+09
 0.84037255363994E+09
 0.84037255364570E+09
 0.84037255364143E+09
 0.84037298907900E+09
 0.84037266314604E+09
 0.84037274975327E+09
 0.84037274975157E+09
 0.84037274975947E+09
 0.84037270249931E+09
 0.84037274909736E+09
 0.84037278494538E+09
 0.84037278493956E+09
 0.84037278494423E+09
 0.84037278492794E+09
 0.84037278493417E+09
 0.84037278494956E+09
 0.84037278494775E+09
 0.84037278493759E+09
 0.84037278494275E+09
 0.84037278494236E+09
 0.84037278493153E+09
 0.84037278494222E+09
 0.84037278494702E+09
 0.84037278494660E+09
 0.84037278495038E+09
 0.84037278493443E+09
 0.84037278494416E+09
 0.84037278493523E+09
 0.84037278493921E+09
 0.84037278494524E+09
 0.84037278493639E+09
 0.84037278494252E+09
 0.84037278494649E+09
 0.84037278494731E+09
 0.84037278494660E+09
 0.84037278494407E+09
 0.84037278494212E+09
 0.84037278493336E+09
 0.84037278494464E+09
 0.84037278493965E+09
 0.84037278492574E+09
 0.84037278493694E+09
 0.84037278494848E+09
 0.84037278494649E+09
 0.84037278493711E+09
 0.84037278494054E+09
 0.84037278493950E+09
 0.84037278494701E+09
 0.84037278494950E+09
 0.84037278493358E+09
 0.84037278494124E+09
 0.84037278494536E+09
 0.84037278494709E+09
 0.84037278494150E+09
 0.84037278493861E+09
 0.84037278493400E+09
 0.84037278494915E+09
 0.84037278494082E+09
 0.84037278493608E+09
 0.84037278493904E+09
 0.84037278494797E+09
 0.84037278494457E+09
 0.84037278494288E+09
 0.84037278493753E+09
 0.84037278494199E+09
 0.84037278494657E+09
 0.84037278493809E+09
 0.84037278493255E+09
 0.84037278495197E+09
 0.84037278494584E+09
 0.84037278494337E+09
 0.84037278495390E+09
 0.84037278494802E+09
 0.84037278494466E+09
 0.84037278494329E+09
 0.84037278492860E+09
 0.84037278493079E+09
 0.84037278494068E+09
 0.84037278492883E+09
 0.84037278493431E+09
 0.84037278494364E+09
 0.84037278493752E+09
 0.84037278492808E+09
 0.84037278494330E+09
 0.84037278492695E+09
 0.84037278495791E+09
 0.84037278493277E+09
 0.84037278495334E+09
 0.84037278493788E+09
 0.84037278492761E+09
 0.84037278494281E+09
 0.84037278493448E+09
 0.84037278494957E+09
 0.84037278493811E+09
 0.84037278494698E+09
 0.84037278493782E+09
 0.84037278492276E+09
 0.84037278494558E+09
 0.84037278493633E+09
 0.84037278494556E+09
 0.84037278495359E+09
 0.84037278493338E+09
 0.84037278493656E+09
 0.84037278493869E+09
 0.84037278492700E+09
 0.84037278493577E+09
 0.84037278493200E+09
 0.84037278493345E+09
 0.84037278493477E+09
 0.84037278494957E+09
 0.84037278493138E+09
 0.84037278492533E+09
 0.84037278493240E+09
 0.84037278493534E+09
 0.84037278492888E+09
 0.84037278494217E+09
 0.84037278494242E+09
 0.84037278495073E+09
 0.84037278494100E+09
 0.84037278493528E+09
 0.84037278494170E+09
 0.84037278493876E+09
 0.84037278492724E+09
 0.84037278492683E+09
 0.84037278493516E+09
 0.84037278493792E+09
 0.84037278492635E+09
 0.84037278493257E+09
 0.84037278494989E+09
 0.84037278492538E+09
 0.84037278493263E+09
 0.84037278491776E+09
 0.84037278491422E+09
 0.84037278496421E+09
 0.84037278492810E+09
 0.84037278493798E+09
 0.84037278492757E+09
 0.84037271190438E+09
 0.84037271190318E+09
 0.84037271185597E+09
 0.84037271190214E+09
 0.84037271189947E+09
 0.84037271191692E+09
 0.84037271190491E+09
 0.84037271190279E+09
 0.84037272612374E+09
 0.84037272608822E+09
 0.84037272610935E+09
 0.84037272610154E+09
 0.84037272611512E+09
 0.84037272610870E+09
 0.84037272609766E+09
 0.84037272605746E+09
 0.84037272610596E+09
 0.84037272610638E+09
 0.84037272607606E+09
 0.84037272612310E+09
 0.84037272612090E+09
 0.84037272607727E+09
 0.84037272612334E+09
 0.84037272608366E+09
 0.84037272611529E+09
 0.84037272608125E+09
 0.84037272611350E+09
 0.84037272611080E+09
 0.84037272610098E+09
 0.84037272612355E+09
 0.84037272609768E+09
 0.84037272611247E+09
 0.84037272605813E+09
 0.84037272612979E+09
 0.84037271044512E+09
 0.84037271046595E+09
 0.84037271047157E+09
 0.84037271042832E+09
 0.84037271043406E+09
 0.84037271042858E+09
 0.84037267840877E+09
 0.84037267840979E+09
 0.84037267839191E+09
 0.84037267840247E+09
 0.84037267839726E+09
 0.84037267839502E+09
 0.84037267840096E+09
 0.84037267839235E+09
 0.84037267842168E+09
 0.84037267840033E+09
 0.84037267838143E+09
 0.84037274682649E+09
 0.84037274685207E+09
 0.84037274683257E+09
 0.84037274684006E+09
 0.84037274682774E+09
 0.84037274684200E+09
 0.84037274685993E+09
 0.84037274683573E+09
 0.84037273385223E+09
 0.84037273385657E+09
 0.84037273383913E+09
 0.84037273384672E+09
 0.84037273388972E+09
 0.84037273387653E+09
 0.84037273389048E+09
 0.84037273385844E+09
 0.84037273384103E+09
 0.84037273391610E+09
 0.84037273390215E+09
 0.84037273389622E+09
 0.84037273386661E+09
 0.84037273385147E+09
 0.84037273385121E+09
 0.84037273385973E+09
 0.84037273384553E+09
 0.84037273385296E+09
 0.84037273386425E+09
 0.84037273391056E+09
 0.84037272583912E+09
 0.84037272578546E+09
 0.84037272581019E+09
