 0.27032547589833E+08
 0.27032478668009E+08
 0.27032478555480E+08
 0.27032478555480E+08
 0.27032478555480E+08
 0.27032478555480E+08
 0.27032478555480E+08
 0.27032478546757E+08
 0.27032463654784E+08
 0.27032501856352E+08
 0.27032501922737E+08
 0.27032501875871E+08
 0.27032501875871E+08
 0.27032501875871E+08
 0.27032501875871E+08
 0.27032501875871E+08
 0.27032501875871E+08
 0.27032501875871E+08
 0.27032501875871E+08
 0.27032501875871E+08
 0.27032501875871E+08
 0.27032501875871E+08
 0.27032501875871E+08
 0.27032501875871E+08
 0.27032501875871E+08
 0.27032501875871E+08
 0.27032501875871E+08
 0.27032501875871E+08
 0.27032501875871E+08
 0.27032501875871E+08
 0.27032501875871E+08
 0.27032501875871E+08
 0.27032501875871E+08
 0.27032501875871E+08
 0.27032501875871E+08
 0.27032501875871E+08
 0.27032501875871E+08
 0.27032501875871E+08
 0.27032501875871E+08
 0.27032501875871E+08
 0.27032501875871E+08
 0.27032501879979E+08
 0.27032501899739E+08
 0.27032501895956E+08
 0.27032501902663E+08
 0.27032501897189E+08
 0.27032501877936E+08
 0.27032501873015E+08
 0.27032501847684E+08
 0.27032501843741E+08
 0.27032501840400E+08
 0.27032501823582E+08
 0.27032501822049E+08
 0.27032501822543E+08
 0.27032501821347E+08
 0.27032501822190E+08
 0.27032501823723E+08
 0.27032501828146E+08
 0.27032501829852E+08
 0.27032501840313E+08
 0.27032501847141E+08
 0.27032501853009E+08
 0.27032501852172E+08
 0.27032501856893E+08
 0.27032501870342E+08
 0.27032501876658E+08
 0.27032501885547E+08
 0.27032501883048E+08
 0.27032501885937E+08
 0.27032501889201E+08
 0.27032501890254E+08
 0.27032501906157E+08
 0.27032501905964E+08
 0.27032501909287E+08
 0.27032501911776E+08
 0.27032501913450E+08
 0.27032501914419E+08
 0.27032501913825E+08
 0.27032501913171E+08
 0.27032501919844E+08
 0.27032501922211E+08
 0.27032501923966E+08
 0.27032501924504E+08
 0.27032501924269E+08
 0.27032501923550E+08
 0.27032501922435E+08
 0.27032501921295E+08
 0.27032501921139E+08
 0.27032501920628E+08
 0.27032501924914E+08
 0.27032501925619E+08
 0.27032501924849E+08
 0.27032501924475E+08
 0.27032501924356E+08
 0.27032501923782E+08
 0.27032501922659E+08
 0.27032501921292E+08
 0.27032501919729E+08
 0.27032501918009E+08
 0.27032501916282E+08
 0.27032501916028E+08
 0.27032501915914E+08
 0.27032501916468E+08
 0.27032501919053E+08
 0.27032501918640E+08
 0.27032501917803E+08
 0.27032501916043E+08
 0.27032501915404E+08
 0.27032501913392E+08
 0.27032501911807E+08
 0.27032501910291E+08
 0.27032501908851E+08
 0.27032501907535E+08
 0.27032501906794E+08
 0.27032501905437E+08
 0.27032501905401E+08
 0.27032501909973E+08
 0.27032501909956E+08
 0.27032501909850E+08
 0.27032501909290E+08
 0.27032501908551E+08
 0.27032501907712E+08
 0.27032501906105E+08
 0.27032501905020E+08
 0.27032501903951E+08
 0.27032501902909E+08
 0.27032501901902E+08
 0.27032501900933E+08
 0.27032501900008E+08
 0.27032501899132E+08
 0.27032501899056E+08
 0.27032501898250E+08
 0.27032501897407E+08
 0.27032501901275E+08
 0.27032501901385E+08
 0.27032501901233E+08
 0.27032501900902E+08
 0.27032501900443E+08
 0.27032501899906E+08
 0.27032501899317E+08
 0.27032501898701E+08
 0.27032501898508E+08
 0.27032501897984E+08
 0.27032501897440E+08
 0.27032501896878E+08
 0.27032501895851E+08
 0.27032501895734E+08
 0.27032501895161E+08
 0.27032501894591E+08
 0.27032501893201E+08
 0.27032501892691E+08
 0.27032501892220E+08
 0.27032501891793E+08
 0.27032501890970E+08
 0.27032501890299E+08
 0.27032501889652E+08
 0.27032501889544E+08
 0.27032501889629E+08
 0.27032501889588E+08
 0.27032501889458E+08
 0.27032501889259E+08
 0.27032501889055E+08
 0.27032501888747E+08
 0.27032501888422E+08
 0.27032501888084E+08
 0.27032501887735E+08
 0.27032501887378E+08
 0.27032501887022E+08
 0.27032501886659E+08
 0.27032501886311E+08
 0.27032501885962E+08
 0.27032501885612E+08
 0.27032501885277E+08
 0.27032501884970E+08
 0.27032501884678E+08
 0.27032501884410E+08
 0.27032501883900E+08
 0.27032501883597E+08
 0.27032501879854E+08
 0.27032501878864E+08
 0.27032501877978E+08
 0.27032501877176E+08
 0.27032501876449E+08
 0.27032501875786E+08
 0.27032501875182E+08
 0.27032501874626E+08
 0.27032501874118E+08
 0.27032501873642E+08
 0.27032501873203E+08
 0.27032501872787E+08
 0.27032501872458E+08
 0.27032501872460E+08
 0.27032501872435E+08
 0.27032501872383E+08
 0.27032501872308E+08
 0.27032501872217E+08
 0.27032501872115E+08
 0.27032501871994E+08
 0.27032501871862E+08
 0.27032501871720E+08
 0.27032501871569E+08
 0.27032501871406E+08
 0.27032501871237E+08
 0.27032501871057E+08
 0.27032501870966E+08
 0.27032501870793E+08
 0.27032501870621E+08
 0.27032501870455E+08
 0.27032501866787E+08
 0.27032501866028E+08
 0.27032501865341E+08
 0.27032501864717E+08
 0.27032501864154E+08
 0.27032501863638E+08
 0.27032501863166E+08
 0.27032501862736E+08
 0.27032501862338E+08
 0.27032501861972E+08
 0.27032501861631E+08
 0.27032501861311E+08
 0.27032501861011E+08
 0.27032501860731E+08
 0.27032501860468E+08
 0.27032501860222E+08
 0.27032501859991E+08
 0.27032501859773E+08
 0.27032501859568E+08
 0.27032501859197E+08
 0.27032501858999E+08
 0.27032501858813E+08
 0.27032501858645E+08
 0.27032501858503E+08
 0.27032501858365E+08
 0.27032501858248E+08
 0.27032501858149E+08
 0.27032501858308E+08
 0.27032501858275E+08
 0.27032501858031E+08
 0.27032501858141E+08
 0.27032501858003E+08
 0.27032501855834E+08
 0.27032501855513E+08
 0.27032501855222E+08
 0.27032501855064E+08
 0.27032501855004E+08
 0.27032501854941E+08
 0.27032501854873E+08
 0.27032501854802E+08
 0.27032501854728E+08
 0.27032501854654E+08
 0.27032501854577E+08
 0.27032501853815E+08
 0.27032501853867E+08
 0.27032501853900E+08
 0.27032501853921E+08
 0.27032501853922E+08
 0.27032501853893E+08
 0.27032501853568E+08
 0.27032501853800E+08
 0.27032501853834E+08
 0.27032501853812E+08
 0.27032501853780E+08
 0.27032501853745E+08
 0.27032501853717E+08
 0.27032501853552E+08
 0.27032501853565E+08
 0.27032501853582E+08
 0.27032501853473E+08
 0.27032501853298E+08
 0.27032501853007E+08
 0.27032501853071E+08
 0.27032501853341E+08
 0.27032501855214E+08
 0.27032501855515E+08
 0.27032501855774E+08
 0.27032501856002E+08
 0.27032501856200E+08
 0.27032501856372E+08
 0.27032501856516E+08
 0.27032501856639E+08
 0.27032501856747E+08
 0.27032501856841E+08
 0.27032501856926E+08
 0.27032501857002E+08
 0.27032501857073E+08
 0.27032501857146E+08
 0.27032501857219E+08
 0.27032501857300E+08
 0.27032501857393E+08
 0.27032501857502E+08
 0.27032501857604E+08
 0.27032501857550E+08
 0.27032501857373E+08
 0.27032501857453E+08
 0.27032501857574E+08
 0.27032501857648E+08
 0.27032501857707E+08
 0.27032501857927E+08
 0.27032501858073E+08
 0.27032501858220E+08
 0.27032501858373E+08
 0.27032501858532E+08
 0.27032501858687E+08
 0.27032501858840E+08
 0.27032501858981E+08
 0.27032501859113E+08
 0.27032501859458E+08
 0.27032501865894E+08
 0.27032501866788E+08
 0.27032501867537E+08
 0.27032501868208E+08
 0.27032501868815E+08
 0.27032501869354E+08
 0.27032501869842E+08
 0.27032501870282E+08
 0.27032501870684E+08
 0.27032501871047E+08
 0.27032501871379E+08
 0.27032501871680E+08
 0.27032501871964E+08
 0.27032501872224E+08
 0.27032501872472E+08
 0.27032501872701E+08
 0.27032501872925E+08
 0.27032501873141E+08
 0.27032501873350E+08
 0.27032501873559E+08
 0.27032501873767E+08
 0.27032501873633E+08
 0.27032501873797E+08
 0.27032501873963E+08
 0.27032501874132E+08
 0.27032501874314E+08
 0.27032501874504E+08
 0.27032501874709E+08
 0.27032501874933E+08
 0.27032501875186E+08
 0.27032501876068E+08
 0.27032501876520E+08
 0.27032501876382E+08
 0.27032501876696E+08
 0.27032501876856E+08
 0.27032501887683E+08
 0.27032501889633E+08
 0.27032501890898E+08
 0.27032501892054E+08
 0.27032501893117E+08
 0.27032501894096E+08
 0.27032501895005E+08
 0.27032501895876E+08
 0.27032501896789E+08
 0.27032501897414E+08
 0.27032501897998E+08
 0.27032501898601E+08
 0.27032501899176E+08
 0.27032501899720E+08
 0.27032501900147E+08
 0.27032501900544E+08
 0.27032501900928E+08
 0.27032501901701E+08
 0.27032501901537E+08
 0.27032501901836E+08
 0.27032501902452E+08
 0.27032501902678E+08
 0.27032501902893E+08
 0.27032501903084E+08
 0.27032501903260E+08
 0.27032501903435E+08
 0.27032501905636E+08
 0.27032501904529E+08
 0.27032501904635E+08
 0.27032501905170E+08
 0.27032501906194E+08
 0.27032501905322E+08
 0.27032501904860E+08
 0.27032501904947E+08
 0.27032501905335E+08
 0.27032501926419E+08
 0.27032501928851E+08
 0.27032501931109E+08
 0.27032501933232E+08
 0.27032501935252E+08
 0.27032501937160E+08
 0.27032501938514E+08
 0.27032501939713E+08
 0.27032501940744E+08
 0.27032501941593E+08
 0.27032501942248E+08
 0.27032501943160E+08
 0.27032501943981E+08
 0.27032501944749E+08
 0.27032501945450E+08
 0.27032501946048E+08
 0.27032501946572E+08
 0.27032501947072E+08
 0.27032501947635E+08
 0.27032501948069E+08
 0.27032501948345E+08
 0.27032501948700E+08
 0.27032501949019E+08
 0.27032501949443E+08
 0.27032501949723E+08
 0.27032501949976E+08
 0.27032501950214E+08
 0.27032501950423E+08
 0.27032501950630E+08
 0.27032501950822E+08
 0.27032501951003E+08
 0.27032501951159E+08
 0.27032502019845E+08
 0.27032502025981E+08
 0.27032502031651E+08
 0.27032502036895E+08
 0.27032502041708E+08
 0.27032502046150E+08
 0.27032502050247E+08
 0.27032502054012E+08
 0.27032502057412E+08
 0.27032502060528E+08
 0.27032502063389E+08
 0.27032502066008E+08
 0.27032502068400E+08
 0.27032502070587E+08
 0.27032502072584E+08
 0.27032502074406E+08
 0.27032502076063E+08
 0.27032502077573E+08
 0.27032502078947E+08
 0.27032502080193E+08
 0.27032502081324E+08
 0.27032502082348E+08
 0.27032502083270E+08
 0.27032502084101E+08
 0.27032502084852E+08
 0.27032502085526E+08
 0.27032502086129E+08
 0.27032502086672E+08
 0.27032502087155E+08
 0.27032502087583E+08
 0.27032502087965E+08
 0.27032502104322E+08
 0.27032502120524E+08
 0.27032502135667E+08
 0.27032502149815E+08
 0.27032502163026E+08
 0.27032502175357E+08
 0.27032502186861E+08
 0.27032502197579E+08
 0.27032502207517E+08
 0.27032502216772E+08
 0.27032502225396E+08
 0.27032502233388E+08
 0.27032502240777E+08
 0.27032502247632E+08
 0.27032502253994E+08
 0.27032502259897E+08
 0.27032502265361E+08
 0.27032502270427E+08
 0.27032502275112E+08
 0.27032502279439E+08
 0.27032502283438E+08
 0.27032502287130E+08
 0.27032502290531E+08
 0.27032502293665E+08
 0.27032502296552E+08
 0.27032502299203E+08
 0.27032502301637E+08
 0.27032502303869E+08
 0.27032502305915E+08
 0.27032502307787E+08
 0.27032502309496E+08
 0.27032502311052E+08
 0.27032502312469E+08
 0.27032502313757E+08
 0.27032502314559E+08
 0.27032502315153E+08
 0.27032502315711E+08
 0.27032502316239E+08
 0.27032502316737E+08
 0.27032502317202E+08
 0.27032502317646E+08
 0.27032502318152E+08
 0.27032502318589E+08
 0.27032502318988E+08
 0.27032502319352E+08
 0.27032502319685E+08
 0.27032502319985E+08
 0.27032502320252E+08
 0.27032502320484E+08
 0.27032502320656E+08
 0.27032502320757E+08
 0.27032502320820E+08
 0.27032502320832E+08
 0.27032502320790E+08
 0.27032502320665E+08
 0.27032502321228E+08
 0.27032502321169E+08
 0.27032502321125E+08
 0.27032502321052E+08
 0.27032502320963E+08
 0.27032502320915E+08
 0.27032502321562E+08
 0.27032502321385E+08
 0.27032502321219E+08
 0.27032502321079E+08
 0.27032502320894E+08
 0.27032502320676E+08
 0.27032502320968E+08
 0.27032502321155E+08
 0.27032502320927E+08
 0.27032502320786E+08
 0.27032502320877E+08
 0.27032502321201E+08
 0.27032502321688E+08
 0.27032502320153E+08
 0.27032502319987E+08
 0.27032502319448E+08
 0.27032502319634E+08
 0.27032502318878E+08
 0.27032502318626E+08
 0.27032502319071E+08
 0.27032502318791E+08
 0.27032502318662E+08
 0.27032502318496E+08
 0.27032502318293E+08
 0.27032502318063E+08
 0.27032502353384E+08
 0.27032502355861E+08
 0.27032502358656E+08
 0.27032502360690E+08
 0.27032502362547E+08
 0.27032502364235E+08
 0.27032502365728E+08
 0.27032502367112E+08
 0.27032502368376E+08
 0.27032502369513E+08
 0.27032502370530E+08
 0.27032502371433E+08
 0.27032502372239E+08
 0.27032502372940E+08
 0.27032502373552E+08
 0.27032502374084E+08
 0.27032502374532E+08
 0.27032502374912E+08
 0.27032502375227E+08
 0.27032502375474E+08
 0.27032502375666E+08
 0.27032502375802E+08
 0.27032502375886E+08
 0.27032502375923E+08
 0.27032502375914E+08
 0.27032502375869E+08
 0.27032502375782E+08
 0.27032502375658E+08
 0.27032502375497E+08
 0.27032502375303E+08
 0.27032502375326E+08
 0.27032502375092E+08
 0.27032502374799E+08
 0.27032502374492E+08
 0.27032502374171E+08
 0.27032502373844E+08
 0.27032502373501E+08
 0.27032502373139E+08
 0.27032502372769E+08
 0.27032502372370E+08
 0.27032502371918E+08
 0.27032502370525E+08
 0.27032502370226E+08
 0.27032502369859E+08
 0.27032502369455E+08
 0.27032502368966E+08
 0.27032502368456E+08
 0.27032502366522E+08
 0.27032502366262E+08
 0.27032502365943E+08
 0.27032502361412E+08
 0.27032502361778E+08
 0.27032502361746E+08
 0.27032502360105E+08
 0.27032502359183E+08
 0.27032502361466E+08
 0.27032502363988E+08
 0.27032502363434E+08
 0.27032502363079E+08
 0.27032502365526E+08
 0.27032502364793E+08
 0.27032502363576E+08
 0.27032502362722E+08
 0.27032502363328E+08
 0.27032502364224E+08
 0.27032502365560E+08
 0.27032502367651E+08
 0.27032502367713E+08
 0.27032502367118E+08
 0.27032502366878E+08
 0.27032502366556E+08
 0.27032502366251E+08
 0.27032502365879E+08
 0.27032502365339E+08
 0.27032502364823E+08
 0.27032502364293E+08
 0.27032502363757E+08
 0.27032502363204E+08
 0.27032502362027E+08
 0.27032502361432E+08
 0.27032502360680E+08
 0.27032502360070E+08
 0.27032502359397E+08
 0.27032502358718E+08
 0.27032502358025E+08
 0.27032502357325E+08
 0.27032502356564E+08
 0.27032502355800E+08
 0.27032502355039E+08
 0.27032502354309E+08
 0.27032502353609E+08
 0.27032502352928E+08
 0.27032502352285E+08
 0.27032502351673E+08
 0.27032502349838E+08
 0.27032502349107E+08
 0.27032502348288E+08
 0.27032502347473E+08
 0.27032502346696E+08
 0.27032502345961E+08
 0.27032502345277E+08
 0.27032502344676E+08
 0.27032502344075E+08
 0.27032502345144E+08
 0.27032502344197E+08
 0.27032502343323E+08
 0.27032502342498E+08
 0.27032502341705E+08
 0.27032502340960E+08
 0.27032502340920E+08
 0.27032502339997E+08
 0.27032502339394E+08
 0.27032502338581E+08
 0.27032502337765E+08
 0.27032502336936E+08
 0.27032502336110E+08
 0.27032502335282E+08
 0.27032502334451E+08
 0.27032502333615E+08
 0.27032502333883E+08
 0.27032502332904E+08
 0.27032502331923E+08
 0.27032502330951E+08
 0.27032502330199E+08
 0.27032502330110E+08
 0.27032502329177E+08
 0.27032502328252E+08
 0.27032502327283E+08
 0.27032502326391E+08
 0.27032502325552E+08
 0.27032502324630E+08
 0.27032502323251E+08
 0.27032502320063E+08
 0.27032502307047E+08
 0.27032502310323E+08
 0.27032502307988E+08
 0.27032502307917E+08
 0.27032502307475E+08
 0.27032502306296E+08
 0.27032502304954E+08
 0.27032502303627E+08
 0.27032502302401E+08
 0.27032502297942E+08
 0.27032502296046E+08
 0.27032502294725E+08
 0.27032502293436E+08
 0.27032502292183E+08
 0.27032502290979E+08
 0.27032502289704E+08
 0.27032502288387E+08
 0.27032502287172E+08
 0.27032502286077E+08
 0.27032502285133E+08
 0.27032502282266E+08
 0.27032502280541E+08
 0.27032502278622E+08
 0.27032502276829E+08
 0.27032502275020E+08
 0.27032502273251E+08
 0.27032502272043E+08
 0.27032502277161E+08
 0.27032502275977E+08
 0.27032502274721E+08
 0.27032502273587E+08
 0.27032502272460E+08
 0.27032502271230E+08
 0.27032502269892E+08
 0.27032502268509E+08
 0.27032502267068E+08
 0.27032502265534E+08
 0.27032502263895E+08
 0.27032502262135E+08
 0.27032502260211E+08
 0.27032502258097E+08
 0.27032502251415E+08
 0.27032502248832E+08
 0.27032502246313E+08
 0.27032502243829E+08
 0.27032502241396E+08
 0.27032502239023E+08
 0.27032502236717E+08
 0.27032502234371E+08
 0.27032502232074E+08
 0.27032502229803E+08
 0.27032502233474E+08
 0.27032502230051E+08
 0.27032502227391E+08
 0.27032502225728E+08
 0.27032502229462E+08
 0.27032502227262E+08
 0.27032502225977E+08
 0.27032502227784E+08
 0.27032502233424E+08
 0.27032502241368E+08
 0.27032502238926E+08
 0.27032502234679E+08
 0.27032502231388E+08
 0.27032502230294E+08
 0.27032502228288E+08
 0.27032502228949E+08
 0.27032502226935E+08
 0.27032502224757E+08
 0.27032502222541E+08
 0.27032502220286E+08
 0.27032502217990E+08
 0.27032502215637E+08
 0.27032502213220E+08
 0.27032502210765E+08
 0.27032502206399E+08
 0.27032502203669E+08
 0.27032502200907E+08
 0.27032502198106E+08
 0.27032502195250E+08
 0.27032502192355E+08
 0.27032502189438E+08
 0.27032502186463E+08
 0.27032502183460E+08
 0.27032502180362E+08
 0.27032502177229E+08
 0.27032502174058E+08
 0.27032502170881E+08
 0.27032502161950E+08
 0.27032502158049E+08
 0.27032502154071E+08
 0.27032502150006E+08
 0.27032502145873E+08
 0.27032502141670E+08
 0.27032502137355E+08
 0.27032502132973E+08
 0.27032502128521E+08
 0.27032502124038E+08
 0.27032502119445E+08
 0.27032502114601E+08
 0.27032502109775E+08
 0.27032502104998E+08
 0.27032502100266E+08
 0.27032502109260E+08
 0.27032502103401E+08
 0.27032502097315E+08
 0.27032502091252E+08
 0.27032502085349E+08
 0.27032502079687E+08
 0.27032502074224E+08
 0.27032502076846E+08
 0.27032502070468E+08
 0.27032502066294E+08
 0.27032502063389E+08
 0.27032502057510E+08
 0.27032502046933E+08
 0.27032502001202E+08
 0.27032502080328E+08
 0.27032502074532E+08
 0.27032502084059E+08
 0.27032502080410E+08
 0.27032502076579E+08
 0.27032464711901E+08
 0.27032464724629E+08
 0.27032464720450E+08
 0.27032464714215E+08
 0.27032464605314E+08
 0.27032464473814E+08
 0.27032464663120E+08
 0.27032464637809E+08
 0.27032464644750E+08
 0.27032464656444E+08
 0.27032464655767E+08
 0.27032464646162E+08
 0.27032464637296E+08
 0.27032464628378E+08
 0.27032464619504E+08
 0.27032464610749E+08
 0.27032464455960E+08
 0.27032464471198E+08
 0.27032464469153E+08
 0.27032464466622E+08
 0.27032464463579E+08
 0.27032464459976E+08
 0.27032464455773E+08
 0.27032464450903E+08
 0.27032464445277E+08
 0.27032464438814E+08
 0.27032464431408E+08
 0.27032464422875E+08
 0.27032464415520E+08
 0.27032464435892E+08
 0.27032464453247E+08
 0.27032464472146E+08
 0.27032464491371E+08
 0.27032464508103E+08
 0.27032464521830E+08
 0.27032464533786E+08
 0.27032464544643E+08
 0.27032464554047E+08
 0.27032464504494E+08
 0.27032464524332E+08
 0.27032464540820E+08
 0.27032464554429E+08
 0.27032464565576E+08
 0.27032464574653E+08
 0.27032464581961E+08
 0.27032464587733E+08
 0.27032464592157E+08
 0.27032464595853E+08
 0.27032464599316E+08
 0.27032464593787E+08
 0.27032464613150E+08
 0.27032464615957E+08
 0.27032464618319E+08
 0.27032464620270E+08
 0.27032464621929E+08
 0.27032464623316E+08
 0.27032464624478E+08
 0.27032464625382E+08
 0.27032464625394E+08
 0.27032464625185E+08
 0.27032464626145E+08
 0.27032464626549E+08
 0.27032464626648E+08
 0.27032464623455E+08
 0.27032462652602E+08
 0.27032462650426E+08
 0.27032462644084E+08
 0.27032462630595E+08
 0.27032462600498E+08
 0.27032462592326E+08
 0.27032462357967E+08
 0.27032462538686E+08
 0.27032462540945E+08
 0.27032462533246E+08
 0.27032462368121E+08
 0.27032462394088E+08
 0.27032462478914E+08
 0.27032462500038E+08
 0.27032462518106E+08
 0.27032462574575E+08
 0.27032462583208E+08
 0.27032462592242E+08
 0.27032462600200E+08
 0.27032462607167E+08
 0.27032462613326E+08
 0.27032462618697E+08
 0.27032462623403E+08
 0.27032462627513E+08
 0.27032462631067E+08
 0.27032462634108E+08
 0.27032462636735E+08
 0.27032462638926E+08
 0.27032462640752E+08
 0.27032462642221E+08
 0.27032462643305E+08
 0.27032462643900E+08
 0.27032468324238E+08
 0.27032468324772E+08
 0.27032468325070E+08
 0.27032468325156E+08
 0.27032468325004E+08
 0.27032468324716E+08
 0.27032468324282E+08
 0.27032468323747E+08
 0.27032468323081E+08
 0.27032468322342E+08
 0.27032468321514E+08
 0.27032468320645E+08
 0.27032468319774E+08
 0.27032468318831E+08
 0.27032468317963E+08
 0.27032468317116E+08
 0.27032468316358E+08
 0.27032468314935E+08
 0.27032468311864E+08
 0.27032468308577E+08
 0.27032468305143E+08
 0.27032468301596E+08
 0.27032468300468E+08
 0.27032468301447E+08
 0.27032468304645E+08
 0.27032468306689E+08
 0.27032468306859E+08
 0.27032468314587E+08
 0.27032468313413E+08
 0.27032468313462E+08
 0.27032468315119E+08
 0.27032468316905E+08
 0.27032468314073E+08
 0.27032468261364E+08
 0.27032468289313E+08
 0.27032468286981E+08
 0.27032468291099E+08
 0.27032468296089E+08
 0.27032468300246E+08
 0.27032468303733E+08
 0.27032468312343E+08
 0.27032468313809E+08
 0.27032468314880E+08
 0.27032468315534E+08
 0.27032468310339E+08
 0.27032468310668E+08
 0.27032468310509E+08
 0.27032468310011E+08
 0.27032468306256E+08
 0.27032468303704E+08
 0.27032468300309E+08
 0.27032468296452E+08
 0.27032468292182E+08
 0.27032468287450E+08
 0.27032468282281E+08
 0.27032468276656E+08
 0.27032468269880E+08
 0.27032468262326E+08
 0.27032468254084E+08
 0.27032468245249E+08
 0.27032468235752E+08
 0.27032468225607E+08
 0.27032468214873E+08
 0.27032468203471E+08
 0.27032468191446E+08
 0.27032468178691E+08
 0.27032468042033E+08
 0.27032468071913E+08
 0.27032468097208E+08
 0.27032468118445E+08
 0.27032468136910E+08
 0.27032468153107E+08
 0.27032468167291E+08
 0.27032468179828E+08
 0.27032468190844E+08
 0.27032468200566E+08
 0.27032468209132E+08
 0.27032468216708E+08
 0.27032468222903E+08
 0.27032468227099E+08
 0.27032468230462E+08
 0.27032468232709E+08
 0.27032468233642E+08
 0.27032468234029E+08
 0.27032468233987E+08
 0.27032468233740E+08
 0.27032468227325E+08
 0.27032468200119E+08
 0.27032468284472E+08
 0.27032468286968E+08
 0.27032468289246E+08
 0.27032468291209E+08
 0.27032468292926E+08
 0.27032468294488E+08
 0.27032468295801E+08
 0.27032468297096E+08
 0.27032468298165E+08
 0.27032468297610E+08
 0.27032468270087E+08
 0.27032468271921E+08
 0.27032397726687E+08
 0.27032397725912E+08
 0.27032397724968E+08
 0.27032397723856E+08
 0.27032397722414E+08
 0.27032397720859E+08
 0.27032397719155E+08
 0.27032397729683E+08
 0.27032397729726E+08
 0.27032397729714E+08
 0.27032397729838E+08
 0.27032397729876E+08
 0.27032397729899E+08
 0.27032397729857E+08
 0.27032397729715E+08
 0.27032397729521E+08
 0.27032397729412E+08
 0.27032397729409E+08
 0.27032397729714E+08
 0.27032397729834E+08
 0.27032397729716E+08
 0.27032397729771E+08
 0.27032397729611E+08
 0.27032397729102E+08
 0.27032397727838E+08
 0.27032397726800E+08
 0.27032397729557E+08
 0.27032397732290E+08
 0.27032397724686E+08
 0.27032397728840E+08
 0.27032397732535E+08
 0.27032397735823E+08
 0.27032397743893E+08
 0.27032397745820E+08
 0.27032397747542E+08
 0.27032397748907E+08
 0.27032397750041E+08
 0.27032397750844E+08
 0.27032397750904E+08
 0.27032397750567E+08
 0.27032397749504E+08
 0.27032397747635E+08
 0.27032397745116E+08
 0.27032397742301E+08
 0.27032397738755E+08
 0.27032397734952E+08
 0.27032397730411E+08
 0.27032397710814E+08
 0.27032397702668E+08
 0.27032397693807E+08
 0.27032397684028E+08
 0.27032397673528E+08
 0.27032397661980E+08
 0.27032397649588E+08
 0.27032397636119E+08
 0.27032397527571E+08
 0.27032397558756E+08
 0.27032442116369E+08
 0.27032442151027E+08
 0.27032442181678E+08
 0.27032442209321E+08
 0.27032442233993E+08
 0.27032442256354E+08
 0.27032442276827E+08
 0.27032442294957E+08
 0.27032442311395E+08
 0.27032442326791E+08
 0.27032442340423E+08
 0.27032442353186E+08
 0.27032442364969E+08
 0.27032442375680E+08
 0.27032442385794E+08
 0.27032477508539E+08
 0.27032477516851E+08
 0.27032477504209E+08
 0.27032477513766E+08
 0.27032477521072E+08
 0.27032477527711E+08
 0.27032477533858E+08
 0.27032415502048E+08
 0.27032415507143E+08
 0.27032415511600E+08
 0.27032415515670E+08
 0.27032415519467E+08
 0.27032415522794E+08
 0.27032415525596E+08
 0.27032415528190E+08
 0.27032415530467E+08
 0.27032415532436E+08
 0.27032415534192E+08
 0.27032415535472E+08
 0.27032415536430E+08
 0.27032415537409E+08
 0.27032415537855E+08
 0.27032415537782E+08
 0.27032415537401E+08
 0.27032415536771E+08
 0.27032415535905E+08
 0.27032415534615E+08
 0.27032415533381E+08
 0.27032415533464E+08
 0.27032415534001E+08
 0.27032415535057E+08
 0.27032415536658E+08
 0.27032415538386E+08
 0.27032415540875E+08
 0.27032415543960E+08
 0.27032415547578E+08
 0.27032415551804E+08
 0.27032415555382E+08
 0.27032415559221E+08
 0.27032415563199E+08
 0.27032415566781E+08
 0.27032415568776E+08
 0.27032415569754E+08
 0.27032415570995E+08
 0.27032415572567E+08
 0.27032415573467E+08
 0.27032415574434E+08
 0.27032415575370E+08
 0.27032415576601E+08
 0.27032469833804E+08
 0.27032469835364E+08
 0.27032469836714E+08
 0.27032469837435E+08
 0.27032469837929E+08
 0.27032469837986E+08
 0.27032469839818E+08
 0.27032469839748E+08
 0.27032469839507E+08
 0.27032469838475E+08
 0.27032469837181E+08
 0.27032469834726E+08
 0.27032469831972E+08
 0.27032469828734E+08
 0.27032469825168E+08
 0.27032469821055E+08
 0.27032469816686E+08
 0.27032469811211E+08
 0.27032469805159E+08
 0.27032469798353E+08
 0.27032469791053E+08
 0.27032469783176E+08
 0.27032469775016E+08
 0.27032469766274E+08
 0.27032469757097E+08
 0.27032469747434E+08
 0.27032469737563E+08
 0.27032469727576E+08
 0.27032469522032E+08
 0.27032469604391E+08
 0.27032469625824E+08
 0.27032469644521E+08
 0.27032469660960E+08
 0.27032469675197E+08
 0.27032469687658E+08
 0.27032469698803E+08
 0.27032469708625E+08
 0.27032469711910E+08
 0.27032469705080E+08
 0.27032469693212E+08
 0.27032469676819E+08
 0.27032383697673E+08
 0.27032383702271E+08
 0.27032383706444E+08
 0.27032383710190E+08
 0.27032383713520E+08
 0.27032383713863E+08
 0.27032383712127E+08
 0.27032383709778E+08
 0.27032383707691E+08
 0.27032383869467E+08
 0.27032383877235E+08
 0.27032383884517E+08
 0.27032383891298E+08
 0.27032383897692E+08
 0.27032383903820E+08
 0.27032383909190E+08
 0.27032383914431E+08
 0.27032383919179E+08
 0.27032383923817E+08
 0.27032383928481E+08
 0.27032383932353E+08
 0.27032383936563E+08
 0.27032383940350E+08
 0.27032383944065E+08
 0.27032383947816E+08
 0.27032383951489E+08
 0.27032383955190E+08
 0.27032383958657E+08
 0.27032385167902E+08
 0.27032385170862E+08
 0.27032385173864E+08
 0.27032385176053E+08
 0.27032385177593E+08
 0.27032385178012E+08
 0.27032385177420E+08
 0.27032385181094E+08
 0.27032385184227E+08
 0.27032385186342E+08
 0.27032385188067E+08
 0.27032385189165E+08
 0.27032385189276E+08
 0.27032385154474E+08
 0.27032385159436E+08
 0.27032385166956E+08
 0.27032385173187E+08
 0.27032385178500E+08
 0.27032385190743E+08
 0.27032385194884E+08
 0.27032385198587E+08
 0.27032385201891E+08
 0.27032385204715E+08
 0.27032385207385E+08
 0.27032385209206E+08
 0.27032385210512E+08
 0.27032385211389E+08
 0.27032385212435E+08
 0.27032385213170E+08
 0.27032385213186E+08
 0.27032385213066E+08
 0.27032385212407E+08
 0.27032385211140E+08
 0.27032385209255E+08
 0.27032385207066E+08
 0.27032385203994E+08
 0.27032385201275E+08
 0.27032385197424E+08
 0.27032385193438E+08
 0.27032385188102E+08
 0.27032385182451E+08
 0.27032385175729E+08
 0.27032385168399E+08
 0.27032385161211E+08
 0.27032385153658E+08
 0.27032385145760E+08
 0.27032385137446E+08
 0.27032385128396E+08
 0.27032385119778E+08
 0.27032385110500E+08
 0.27032385101002E+08
 0.27032384902848E+08
 0.27032384984793E+08
 0.27032385005255E+08
 0.27032385010701E+08
 0.27032385015501E+08
 0.27032385021157E+08
 0.27032385022757E+08
 0.27032385020076E+08
 0.27032385011365E+08
 0.27032384994224E+08
 0.27032384906119E+08
 0.27032385113566E+08
 0.27032385257221E+08
 0.27032385266471E+08
 0.27032385274206E+08
 0.27032385282588E+08
 0.27032385290810E+08
 0.27032385297378E+08
 0.27032385303781E+08
 0.27032385308944E+08
 0.27032385313066E+08
 0.27032385316585E+08
 0.27032385318706E+08
 0.27032385319330E+08
 0.27032385318599E+08
 0.27032385315248E+08
 0.27032385308683E+08
 0.27032385305919E+08
 0.27032385305619E+08
 0.27032385301480E+08
 0.27032385299486E+08
 0.27032385303163E+08
 0.27032385303380E+08
 0.27032385140827E+08
 0.27032385282020E+08
 0.27032385284751E+08
 0.27032385272535E+08
 0.27032385270275E+08
 0.27032385156916E+08
 0.27032385182222E+08
 0.27032385274645E+08
 0.27032385297518E+08
 0.27032385317758E+08
 0.27032385334850E+08
 0.27032385349323E+08
 0.27032385362247E+08
 0.27032385373455E+08
 0.27032385383166E+08
 0.27032385392026E+08
 0.27032385393970E+08
 0.27032385400644E+08
 0.27032385406837E+08
 0.27032385411946E+08
 0.27032385416190E+08
 0.27032385419917E+08
 0.27032385422723E+08
 0.27032385425360E+08
 0.27032385427218E+08
 0.27032385428850E+08
 0.27032385429677E+08
 0.27032385430421E+08
 0.27032385430417E+08
 0.27032385430444E+08
 0.27032385430125E+08
 0.27032385429302E+08
 0.27032385428416E+08
 0.27032385426549E+08
 0.27032385424569E+08
 0.27032385422372E+08
 0.27032385420123E+08
 0.27032385417769E+08
 0.27032385415408E+08
 0.27032385412768E+08
 0.27032385410388E+08
 0.27032385411586E+08
 0.27032385413476E+08
 0.27032385417057E+08
 0.27032385421472E+08
 0.27032385426844E+08
 0.27032385429743E+08
 0.27032385432834E+08
 0.27032385436080E+08
 0.27032385438433E+08
 0.27032385445694E+08
 0.27032385449722E+08
 0.27032385455922E+08
 0.27032385463236E+08
 0.27032385471090E+08
 0.27032385474703E+08
 0.27032385479000E+08
 0.27032385484657E+08
 0.27032385491182E+08
 0.27032385499421E+08
 0.27032385508976E+08
 0.27032385519839E+08
 0.27032385530704E+08
 0.27032385539272E+08
 0.27032385542395E+08
 0.27032385546984E+08
 0.27032385553139E+08
 0.27032385558680E+08
 0.27032385574745E+08
 0.27032385577296E+08
 0.27032385578312E+08
 0.27032385579205E+08
 0.27032385578910E+08
 0.27032385578770E+08
 0.27032385570711E+08
 0.27032385567887E+08
 0.27032385564718E+08
 0.27032385565907E+08
 0.27032385550465E+08
 0.27032385543098E+08
 0.27032385534346E+08
 0.27032385524592E+08
 0.27032385514294E+08
 0.27032385519417E+08
 0.27032385507745E+08
 0.27032385501136E+08
 0.27032385487687E+08
 0.27032385473214E+08
 0.27032385341888E+08
 0.27032385377291E+08
 0.27032385415484E+08
 0.27032385447234E+08
 0.27032385473292E+08
 0.27032385494929E+08
 0.27032385513840E+08
 0.27032385528479E+08
 0.27032385541271E+08
 0.27032385552093E+08
 0.27032385561615E+08
 0.27032385569758E+08
 0.27032385576344E+08
 0.27032385582215E+08
 0.27032385586992E+08
 0.27032385591316E+08
 0.27032404262709E+08
 0.27032404265984E+08
 0.27032404266558E+08
 0.27032404266729E+08
 0.27032404265803E+08
 0.27032404264060E+08
 0.27032404258665E+08
 0.27032404249002E+08
 0.27032404238124E+08
 0.27032404226882E+08
 0.27032404354487E+08
 0.27032404357141E+08
 0.27032404359940E+08
 0.27032404362537E+08
 0.27032404365659E+08
 0.27032404368436E+08
 0.27032404371486E+08
 0.27032404197628E+08
 0.27032404201033E+08
 0.27032404204654E+08
 0.27032404207978E+08
 0.27032404175080E+08
 0.27032404180889E+08
 0.27032404188535E+08
 0.27032404163489E+08
 0.27032404172089E+08
 0.27032406733707E+08
 0.27032406656306E+08
 0.27032406653281E+08
 0.27032406642584E+08
 0.27032406723254E+08
 0.27032406721875E+08
 0.27032406718268E+08
 0.27032406709658E+08
 0.27032406792819E+08
 0.27032406799861E+08
 0.27032406803251E+08
 0.27032406804338E+08
 0.27032406805749E+08
 0.27032406803000E+08
 0.27032406799023E+08
 0.27032406813681E+08
 0.27032406763044E+08
 0.27032406803320E+08
 0.27032406720677E+08
 0.27032406503095E+08
 0.27032406631287E+08
 0.27032406753499E+08
 0.27032406729973E+08
 0.27032406699702E+08
 0.27032406617044E+08
 0.27032406677748E+08
 0.27032406721993E+08
 0.27032406755067E+08
 0.27032406780156E+08
 0.27032406798780E+08
 0.27032406811958E+08
 0.27032406817383E+08
 0.27032406818430E+08
 0.27032406820037E+08
 0.27032406820959E+08
 0.27032406821920E+08
 0.27032406822471E+08
 0.27032406821552E+08
 0.27032406820725E+08
 0.27032406820015E+08
 0.27032406819245E+08
 0.27032406818705E+08
 0.27032406817770E+08
 0.27032406819659E+08
 0.27032406818187E+08
 0.27032406817932E+08
 0.27032406816946E+08
 0.27032406811363E+08
 0.27032406811162E+08
 0.27032406815230E+08
 0.27032406814483E+08
 0.27032406890447E+08
 0.27032406867514E+08
 0.27032406867383E+08
 0.27032406867270E+08
 0.27032406866859E+08
 0.27032406867467E+08
 0.27032406868320E+08
 0.27032406869635E+08
 0.27032406871284E+08
 0.27032406873646E+08
 0.27032406874743E+08
 0.27032406898893E+08
 0.27032406898897E+08
 0.27032406900003E+08
 0.27032406900429E+08
 0.27032406901753E+08
 0.27032406901437E+08
 0.27032406902711E+08
 0.27032406902491E+08
 0.27032406902829E+08
 0.27032406902271E+08
 0.27032406900513E+08
 0.27032418727549E+08
 0.27032494835265E+08
 0.27032494826611E+08
 0.27032425194775E+08
 0.27032425191972E+08
 0.27032425186410E+08
 0.27032424969408E+08
 0.27032424941824E+08
 0.27032425179454E+08
 0.27032425163700E+08
 0.27032425151542E+08
 0.27032425155911E+08
 0.27032425159261E+08
 0.27032425163877E+08
 0.27032425166838E+08
 0.27032425170050E+08
 0.27032425172074E+08
 0.27032484857154E+08
 0.27032484856808E+08
 0.27032484856926E+08
 0.27032484856865E+08
 0.27032484856472E+08
 0.27032484855942E+08
 0.27032484858301E+08
 0.27032484857189E+08
 0.27032484857059E+08
 0.27032484856444E+08
 0.27032484855645E+08
 0.27032484855163E+08
 0.27032484854062E+08
 0.27032484853006E+08
 0.27032484852683E+08
 0.27032484843638E+08
 0.27032484841333E+08
 0.27032484924925E+08
 0.27032484926060E+08
 0.27032484928020E+08
 0.27032484930091E+08
 0.27032484931444E+08
 0.27032484933684E+08
 0.27032484934243E+08
 0.27032459294237E+08
 0.27032459295397E+08
 0.27032459297992E+08
 0.27032459297806E+08
 0.27032459299480E+08
 0.27032459300108E+08
 0.27032459299324E+08
 0.27032459300301E+08
 0.27032472546517E+08
 0.27032472516777E+08
 0.27032472512519E+08
 0.27032472506890E+08
 0.27032472500569E+08
 0.27032472491939E+08
 0.27032472481360E+08
 0.27032472475884E+08
 0.27032472440661E+08
 0.27032472423874E+08
 0.27032472390699E+08
 0.27032472338492E+08
 0.27032472247901E+08
 0.27032467397094E+08
 0.27032467381716E+08
 0.27032467625390E+08
 0.27032467644559E+08
 0.27032467654988E+08
 0.27032467624863E+08
 0.27032467628891E+08
 0.27032467632632E+08
 0.27032467584633E+08
 0.27032467592780E+08
 0.27032467596715E+08
 0.27032467589148E+08
 0.27032467575452E+08
 0.27032467565928E+08
 0.27032467556122E+08
 0.27032467527208E+08
 0.27032467515209E+08
 0.27032467507126E+08
 0.27032467498535E+08
 0.27032467489474E+08
 0.27032467480465E+08
 0.27032467471716E+08
 0.27032467462510E+08
 0.27032467453483E+08
 0.27032467445041E+08
 0.27032467241108E+08
 0.27032467305854E+08
 0.27032467311652E+08
 0.27032467317368E+08
 0.27032467322285E+08
 0.27032467326743E+08
 0.27032467330343E+08
 0.27032467403537E+08
 0.27032467408747E+08
 0.27032467414308E+08
 0.27032467417197E+08
 0.27032467420237E+08
 0.27032467423438E+08
 0.27032467423549E+08
 0.27032467422286E+08
 0.27032467421679E+08
 0.27032467419509E+08
 0.27032467418100E+08
 0.27032467416472E+08
 0.27032467413960E+08
 0.27032467409914E+08
 0.27032467407187E+08
 0.27032467397073E+08
 0.27032467387617E+08
 0.27032467377447E+08
 0.27032467369514E+08
 0.27032467360426E+08
 0.27032467350722E+08
 0.27032467343908E+08
 0.27032467336203E+08
 0.27032467329382E+08
 0.27032467322730E+08
 0.27032467316779E+08
 0.27032467441784E+08
 0.27032467428292E+08
 0.27032467408554E+08
 0.27032467386015E+08
 0.27032467365639E+08
 0.27032467373236E+08
 0.27032467380079E+08
 0.27032375898116E+08
 0.27032375906307E+08
 0.27032375913774E+08
 0.27032375918945E+08
 0.27032375922473E+08
 0.27032417956401E+08
 0.27032418076733E+08
 0.27032418075162E+08
 0.27032418070251E+08
 0.27032418066328E+08
 0.27032418031629E+08
 0.27032418059894E+08
 0.27032418067206E+08
 0.27032418071860E+08
 0.27032418076125E+08
 0.27032418079180E+08
 0.27032418082909E+08
 0.27032418084924E+08
 0.27032418087296E+08
 0.27032418088460E+08
 0.27032418089685E+08
 0.27032418089380E+08
 0.27032418090667E+08
 0.27032418090534E+08
 0.27032418089063E+08
 0.27032418087987E+08
 0.27032418086571E+08
 0.27032418084027E+08
 0.27032434351489E+08
 0.27032434348828E+08
 0.27032434346389E+08
 0.27032434342288E+08
 0.27032434338645E+08
 0.27032434335412E+08
 0.27032434329560E+08
 0.27032434325456E+08
 0.27032434390580E+08
 0.27032434388008E+08
 0.27032434378169E+08
 0.27032434371563E+08
 0.27032434365981E+08
 0.27032434359153E+08
 0.27032434353567E+08
 0.27032434345460E+08
 0.27032434336932E+08
 0.27032434329822E+08
 0.27032422958038E+08
 0.27032422949190E+08
 0.27032422942902E+08
 0.27032422933086E+08
 0.27032422924295E+08
 0.27032422916341E+08
 0.27032422712959E+08
 0.27032422714999E+08
 0.27032422703930E+08
 0.27032422901359E+08
 0.27032422904336E+08
 0.27032422903599E+08
 0.27032422961028E+08
 0.27032422965677E+08
 0.27032422968782E+08
 0.27032422972325E+08
 0.27032422976356E+08
 0.27032422981391E+08
 0.27032422988825E+08
 0.27032422992878E+08
 0.27032422997161E+08
 0.27032422854765E+08
 0.27032422836482E+08
 0.27032422806566E+08
 0.27032422775195E+08
 0.27032422982933E+08
 0.27032422987511E+08
 0.27032422988752E+08
 0.27032422899492E+08
 0.27032422881490E+08
 0.27032422870019E+08
 0.27032422804699E+08
 0.27032422806181E+08
 0.27032422792193E+08
 0.27032422861254E+08
 0.27032422867637E+08
 0.27032422876932E+08
 0.27032422883033E+08
 0.27032422891645E+08
 0.27032422895758E+08
 0.27032422901313E+08
 0.27032422905303E+08
 0.27032422908838E+08
 0.27032422987237E+08
 0.27032422992754E+08
 0.27032422998304E+08
 0.27032422998732E+08
 0.27032423002411E+08
 0.27032423004358E+08
 0.27032423009979E+08
 0.27032423007752E+08
 0.27032423008070E+08
 0.27032423006732E+08
 0.27032423005608E+08
 0.27032423006318E+08
 0.27032423005867E+08
 0.27032423001315E+08
 0.27032423001051E+08
 0.27032422995948E+08
 0.27032422991707E+08
 0.27032422985945E+08
 0.27032422982565E+08
 0.27032422979021E+08
 0.27032422972503E+08
 0.27032422968634E+08
 0.27032422956548E+08
 0.27032422950343E+08
 0.27032422943989E+08
 0.27032422938836E+08
 0.27032422932428E+08
 0.27032422925295E+08
 0.27032422918310E+08
 0.27032422911865E+08
 0.27032422907403E+08
 0.27032422949557E+08
 0.27032422951994E+08
 0.27032422952820E+08
 0.27032422952000E+08
 0.27032422955132E+08
 0.27032422955604E+08
 0.27032422959727E+08
 0.27032422961814E+08
 0.27032422966096E+08
 0.27032422970762E+08
 0.27032422974364E+08
 0.27032422973416E+08
 0.27032422965591E+08
 0.27032422954918E+08
 0.27032422932831E+08
 0.27032422953038E+08
 0.27032422957115E+08
 0.27032422959922E+08
 0.27032422964058E+08
 0.27032422961762E+08
 0.27032422955706E+08
 0.27032481858722E+08
 0.27032481681332E+08
 0.27032481672518E+08
 0.27032481667322E+08
 0.27032481654906E+08
 0.27032481645060E+08
 0.27032481791542E+08
 0.27032481797801E+08
 0.27032481844272E+08
 0.27032481847821E+08
 0.27032481852093E+08
 0.27032481853044E+08
 0.27032481854714E+08
 0.27032481857707E+08
 0.27032481865139E+08
 0.27032481944923E+08
 0.27032481949324E+08
 0.27032481950910E+08
 0.27032481952948E+08
 0.27032481959291E+08
 0.27032481958382E+08
 0.27032481959299E+08
 0.27032481960488E+08
 0.27032481958009E+08
 0.27032481961885E+08
 0.27032481960946E+08
 0.27032481960955E+08
 0.27032481957333E+08
 0.27032481950981E+08
 0.27032481950720E+08
 0.27032481947954E+08
 0.27032481941713E+08
 0.27032481938653E+08
 0.27032481931652E+08
 0.27032481930787E+08
 0.27032481924117E+08
 0.27032481918294E+08
 0.27032481911124E+08
 0.27032481900864E+08
 0.27032481894147E+08
 0.27032419371699E+08
 0.27032503583079E+08
 0.27032503578918E+08
 0.27032503571786E+08
 0.27032503563120E+08
 0.27032503559046E+08
 0.27032458576615E+08
 0.27032458571840E+08
 0.27032458576237E+08
 0.27032458574792E+08
 0.27032458585163E+08
 0.27032458587419E+08
 0.27032458587468E+08
 0.27032458594536E+08
 0.27032458598557E+08
 0.27032458601462E+08
 0.27032458604591E+08
 0.27032458608811E+08
 0.27032458608755E+08
 0.27032409217076E+08
 0.27032409212587E+08
 0.27032409206713E+08
 0.27032409197552E+08
 0.27032548721472E+08
 0.27032434110457E+08
 0.27032470225751E+08
 0.27032470240444E+08
 0.27032470250660E+08
 0.27032456250620E+08
 0.27032471926589E+08
 0.27032498438811E+08
 0.27032498448514E+08
 0.27032498447468E+08
 0.27032498454103E+08
 0.27032498448826E+08
 0.27032498442916E+08
 0.27032498295621E+08
 0.27032498303115E+08
 0.27032498311483E+08
 0.27032498318218E+08
 0.27032498323754E+08
 0.27032498330672E+08
 0.27032498335649E+08
 0.27032498335303E+08
 0.27032498381250E+08
 0.27032498383829E+08
 0.27032498389022E+08
 0.27032498392831E+08
 0.27032498397991E+08
 0.27032498399149E+08
 0.27032498397558E+08
 0.27032498400728E+08
 0.27032498400666E+08
 0.27032498398581E+08
 0.27032498397726E+08
 0.27032498399778E+08
 0.27032498396497E+08
 0.27032498392606E+08
 0.27032498389044E+08
 0.27032498385818E+08
 0.27032498381241E+08
 0.27032498376724E+08
 0.27032498377598E+08
 0.27032498372104E+08
 0.27032498368299E+08
 0.27032498357228E+08
 0.27032498355193E+08
 0.27032498350446E+08
 0.27032498351641E+08
 0.27032498342897E+08
 0.27032498340997E+08
 0.27032498340380E+08
 0.27032498343881E+08
 0.27032498343019E+08
 0.27032498345524E+08
 0.27032498342639E+08
 0.27032498350551E+08
 0.27032498357618E+08
 0.27032498369746E+08
 0.27032498372310E+08
 0.27032498382293E+08
 0.27032498387903E+08
 0.27032498298420E+08
 0.27032498301660E+08
 0.27032498307236E+08
 0.27032498316924E+08
 0.27032498382047E+08
 0.27032498398599E+08
 0.27032498404261E+08
 0.27032498214642E+08
 0.27032498228472E+08
 0.27032498212102E+08
 0.27032498216853E+08
 0.27032498217473E+08
 0.27032498218874E+08
 0.27032498223610E+08
 0.27032498227184E+08
 0.27032498231581E+08
 0.27032498227211E+08
 0.27032498231859E+08
 0.27032498235907E+08
 0.27032498236811E+08
 0.27032498236759E+08
 0.27032498214167E+08
 0.27032498406144E+08
 0.27032498415491E+08
 0.27032498421322E+08
 0.27032498383798E+08
 0.27032498386450E+08
 0.27032498393019E+08
 0.27032498388795E+08
 0.27032498394327E+08
 0.27032498394779E+08
 0.27032498402880E+08
 0.27032498400987E+08
 0.27032498398598E+08
 0.27032498403732E+08
 0.27032498394604E+08
 0.27032498403228E+08
 0.27032498399079E+08
 0.27032498374105E+08
 0.27032498372437E+08
 0.27032498367574E+08
 0.27032498349384E+08
 0.27032498346467E+08
 0.27032498339193E+08
 0.27032498329289E+08
 0.27032498315716E+08
 0.27032498310519E+08
 0.27032498307293E+08
 0.27032498344280E+08
 0.27032498337424E+08
 0.27032498336860E+08
 0.27032498332095E+08
 0.27032498329828E+08
 0.27032498327865E+08
 0.27032498332215E+08
 0.27032498329651E+08
 0.27032498256584E+08
 0.27032498255753E+08
 0.27032498062395E+08
 0.27032498057812E+08
 0.27032498261634E+08
 0.27032498259504E+08
 0.27032498267664E+08
 0.27032498273428E+08
 0.27032498286102E+08
 0.27032498188916E+08
 0.27032498183522E+08
 0.27032498178290E+08
 0.27032498186897E+08
 0.27032498186791E+08
 0.27032498191577E+08
 0.27032498180489E+08
 0.27032498196752E+08
 0.27032498195625E+08
 0.27032498203770E+08
 0.27032460578697E+08
 0.27032460581296E+08
 0.27032460585314E+08
 0.27032460578228E+08
 0.27032460568240E+08
 0.27032460552282E+08
 0.27032460862819E+08
 0.27032460874399E+08
 0.27032460238183E+08
 0.27032460254362E+08
 0.27032460237851E+08
 0.27032460248752E+08
 0.27032460249527E+08
 0.27032460024148E+08
 0.27032460032980E+08
 0.27032460374032E+08
 0.27032460381061E+08
 0.27032460377024E+08
 0.27032460384331E+08
 0.27032460379964E+08
 0.27032460384311E+08
 0.27032460309744E+08
 0.27032460311332E+08
 0.27032460319878E+08
 0.27032460319691E+08
 0.27032460314377E+08
 0.27032460307525E+08
 0.27032460310407E+08
 0.27032460301415E+08
 0.27032460287535E+08
 0.27032460267873E+08
 0.27032460243229E+08
 0.27032460231296E+08
 0.27032460211444E+08
 0.27032458793573E+08
 0.27032458785382E+08
 0.27032458776129E+08
 0.27032458774099E+08
 0.27032458768890E+08
 0.27032458756653E+08
 0.27032445370038E+08
 0.27032445240889E+08
 0.27032445233138E+08
 0.27032445224636E+08
 0.27032444939201E+08
 0.27032444949386E+08
 0.27032444834824E+08
 0.27032445224915E+08
 0.27032445215514E+08
 0.27032445207664E+08
 0.27032445202350E+08
 0.27032471427183E+08
 0.27032471523567E+08
 0.27032471545564E+08
 0.27032471560128E+08
 0.27032471578298E+08
 0.27032471575209E+08
 0.27032471572039E+08
 0.27032471566118E+08
 0.27032469795719E+08
 0.27032469821467E+08
 0.27032469840682E+08
 0.27032469858886E+08
 0.27032469864955E+08
 0.27032469876693E+08
 0.27032469890462E+08
 0.27032469877022E+08
 0.27032469882501E+08
 0.27032469873998E+08
 0.27032469895813E+08
 0.27032469905614E+08
 0.27032469873104E+08
 0.27032469900034E+08
 0.27032469899453E+08
 0.27032469909249E+08
 0.27032469913294E+08
 0.27032469924074E+08
 0.27032469915781E+08
 0.27032469914880E+08
 0.27032468776812E+08
 0.27032468797650E+08
 0.27032468792695E+08
