 0.17766779680171E+00
 0.17766779680177E+00
 0.17766779680281E+00
 0.17766779703976E+00
 0.17766780526923E+00
 0.17766788288299E+00
 0.17766822634535E+00
 0.17766918747709E+00
 0.17767119768164E+00
 0.17767466988852E+00
 0.17767993853581E+00
 0.17768724447429E+00
 0.17769674549500E+00
 0.17770853338652E+00
 0.17772264277486E+00
 0.17773908562090E+00
 0.17775782299029E+00
 0.17777880594225E+00
 0.17780197241910E+00
 0.17782721883624E+00
 0.17775142425598E+00
 0.17775371001692E+00
 0.17775644872886E+00
 0.17775967001571E+00
 0.17776342740603E+00
 0.17776775000477E+00
 0.17777269615366E+00
 0.17777836361783E+00
 0.17778472979049E+00
 0.17779186233066E+00
 0.17779979196897E+00
 0.17780868451363E+00
 0.17781845240396E+00
 0.17782929113283E+00
 0.17784125756778E+00
 0.17785429537594E+00
 0.17786851417342E+00
 0.17788390791902E+00
 0.17790086698925E+00
 0.17791900688358E+00
 0.17793855647094E+00
 0.17795978374017E+00
 0.17798238388161E+00
 0.17800650002029E+00
 0.17803242237972E+00
 0.17805992333567E+00
 0.17808921211590E+00
 0.17812034413088E+00
 0.17815282358023E+00
 0.17818755665750E+00
 0.17822400788509E+00
 0.17826221758623E+00
 0.17830247933318E+00
 0.17834436670824E+00
 0.17838858260539E+00
 0.17843438825893E+00
 0.17848241967830E+00
 0.17853244204239E+00
 0.17858462626906E+00
 0.17863845860955E+00
 0.17869498007567E+00
 0.17875373371222E+00
 0.17881434192441E+00
 0.17887696122503E+00
 0.17894250171540E+00
 0.17900909679069E+00
 0.17907962512851E+00
 0.17915166984144E+00
 0.17922638618182E+00
 0.17930389278602E+00
 0.17938502820039E+00
 0.17946672311703E+00
 0.17955320903901E+00
 0.17964230752628E+00
 0.17973419844929E+00
 0.17982991270829E+00
 0.17992714426093E+00
 0.18002920088184E+00
 0.18013494548842E+00
 0.18024397060215E+00
 0.18035772535144E+00
 0.18047378527827E+00
 0.18059576249336E+00
 0.18072187065556E+00
 0.18085190355112E+00
 0.18098877781964E+00
 0.18112875849360E+00
 0.18127427691164E+00
 0.18142634626527E+00
 0.18158234804720E+00
 0.18174512683395E+00
 0.18191447301002E+00
 0.18209082590609E+00
 0.18227319256920E+00
 0.18246366721634E+00
 0.18266252642274E+00
 0.18286565503408E+00
 0.18308177241966E+00
 0.18330389803818E+00
 0.18353689629251E+00
 0.18377549788265E+00
 0.18402893462967E+00
 0.18429124677899E+00
 0.18456471544386E+00
 0.18484995423538E+00
 0.18514853784315E+00
 0.18546302295787E+00
 0.18578352214655E+00
 0.18612437862413E+00
 0.18648081782518E+00
 0.18684955374698E+00
 0.18723586901890E+00
 0.18764324518102E+00
 0.18806926173808E+00
 0.18851366133111E+00
 0.18898147437845E+00
 0.18947058344630E+00
 0.18998086535279E+00
 0.19052528171386E+00
 0.19109587198600E+00
 0.19168746382962E+00
 0.19232465064896E+00
 0.19298762094679E+00
 0.19368979247833E+00
 0.19442876840803E+00
 0.19521059086355E+00
 0.19604437629842E+00
 0.19692745672081E+00
 0.19785555674711E+00
 0.19885264513256E+00
 0.19990642852987E+00
 0.20103024541756E+00
 0.20224766170651E+00
 0.20353917822534E+00
 0.20491369011771E+00
 0.20640329646464E+00
 0.20802080958044E+00
 0.20973103844569E+00
 0.21160382712964E+00
 0.21362865432402E+00
 0.21589104581815E+00
 0.21820660788444E+00
 0.22087650692580E+00
 0.22375641990647E+00
 0.22693942394087E+00
 0.23042105595062E+00
 0.23429224428904E+00
 0.23853297343642E+00
 0.24329648430096E+00
 0.24858378084989E+00
 0.25445306739301E+00
 0.26100387305007E+00
 0.26826297277150E+00
 0.27636369911595E+00
 0.28525807028717E+00
 0.29513800486988E+00
 0.30600977156356E+00
 0.31788453113888E+00
 0.33076305183045E+00
 0.34462060556784E+00
 0.35938015087358E+00
 0.37527670677781E+00
 0.39187604694406E+00
 0.40931480632853E+00
 0.42761665057902E+00
 0.44660008678949E+00
 0.46615164198260E+00
 0.48649554696848E+00
 0.50725494544802E+00
 0.52856437450056E+00
 0.55054004313067E+00
 0.57301733309951E+00
 0.59580335344223E+00
 0.61920686690549E+00
 0.64297484080516E+00
 0.66731221803105E+00
 0.69182290452924E+00
 0.71694650595308E+00
 0.74255469772384E+00
 0.76827436793917E+00
 0.79452563042413E+00
 0.82137070635865E+00
 0.84833917543074E+00
 0.87593517619381E+00
 0.90351821889571E+00
 0.93194024449690E+00
 0.96074829912756E+00
 0.98988496173664E+00
 0.10193831734262E+01
 0.10491639310245E+01
 0.10795937843990E+01
 0.11103666227055E+01
 0.11414998539062E+01
 0.11728917493844E+01
 0.12049788958426E+01
 0.12374635213562E+01
 0.12702498351772E+01
 0.13034326149875E+01
 0.13372526822933E+01
 0.13714138081414E+01
 0.14061150387408E+01
 0.14408810610899E+01
 0.14764775140449E+01
 0.15124175075916E+01
 0.15489186027402E+01
 0.15858122286968E+01
 0.16230514287483E+01
 0.16609159520220E+01
 0.16991706340610E+01
 0.17380155000156E+01
 0.17774501472314E+01
 0.18170908500457E+01
 0.18572464315776E+01
 0.18981226528233E+01
 0.19395073986995E+01
 0.19812803379684E+01
 0.20235383603067E+01
 0.20664708052407E+01
 0.21098692724316E+01
 0.21538410295931E+01
 0.21979858871272E+01
 0.22431788107855E+01
 0.22885303003490E+01
 0.23348525007588E+01
 0.23814857878602E+01
 0.24283983316737E+01
 0.24762011687601E+01
 0.25246625118665E+01
 0.25734257470586E+01
 0.26228395409105E+01
 0.26728518746090E+01
 0.27233400046773E+01
 0.27747936531577E+01
 0.28263192016416E+01
 0.28789785879345E+01
 0.29318689801491E+01
 0.29854120699040E+01
 0.30396078407408E+01
 0.30945395480682E+01
 0.31496971828860E+01
 0.32057920938269E+01
 0.32625407530584E+01
 0.33197686028829E+01
 0.33779493310221E+01
 0.34365168265917E+01
 0.34958621520821E+01
 0.35558955037123E+01
 0.36163226634471E+01
 0.36776912782512E+01
 0.37395156017739E+01
