 0.98443985914694E+00
 0.98443985914694E+00
 0.98443985914694E+00
 0.98443985914694E+00
 0.98443985914694E+00
 0.98443985914694E+00
 0.98443985914694E+00
 0.98443985914694E+00
 0.98443985914694E+00
 0.98443969391032E+00
 0.98444010906165E+00
 0.98444041824138E+00
 0.98444038073544E+00
 0.98444048244858E+00
 0.98444053174498E+00
 0.98444032107438E+00
 0.98444018525279E+00
 0.98444056083100E+00
 0.98444041425146E+00
 0.98444022103676E+00
 0.98444021930119E+00
 0.98444073061637E+00
 0.98444012670779E+00
 0.98444083898104E+00
 0.98444070904201E+00
 0.98444073406172E+00
 0.98444050292221E+00
 0.98444092852712E+00
 0.98444110087661E+00
 0.98443978813464E+00
 0.98444088373232E+00
 0.98443826927306E+00
 0.98443985054031E+00
 0.98444129683828E+00
 0.98444074809580E+00
 0.98444073397198E+00
 0.98444134751953E+00
 0.98444152083739E+00
 0.98444078488971E+00
 0.98444024688762E+00
 0.98443764595284E+00
 0.98445569384384E+00
 0.98443931011260E+00
 0.98444077874720E+00
 0.98444429553429E+00
 0.98443855888899E+00
 0.98445686410641E+00
 0.98443760304888E+00
 0.98444094710508E+00
 0.98443975776728E+00
 0.98443982104438E+00
 0.98444092616852E+00
 0.98448847762732E+00
 0.98446577969339E+00
 0.98447136303601E+00
 0.98447357364937E+00
 0.98447838478214E+00
 0.98448350445062E+00
 0.98448798503080E+00
 0.98447550053990E+00
 0.98447958448919E+00
 0.98448804653901E+00
 0.98447993730743E+00
 0.98447646818423E+00
 0.98442419049827E+00
 0.98448039204623E+00
 0.98447566403373E+00
 0.98447975221029E+00
 0.98444865381506E+00
 0.98446897158447E+00
 0.98448075686863E+00
 0.98441114225105E+00
 0.98444321069795E+00
 0.98448313722467E+00
 0.98448389690956E+00
 0.98447692713841E+00
 0.98442923722954E+00
 0.98444451595631E+00
 0.98446554762301E+00
 0.98442491713301E+00
 0.98443751867188E+00
 0.98443190817381E+00
 0.98443395736865E+00
 0.98445711357863E+00
 0.98444916609998E+00
 0.98439829538819E+00
 0.98447742280132E+00
 0.98443982537288E+00
 0.98443188445066E+00
 0.98441483479315E+00
 0.98440760853863E+00
 0.98442458989477E+00
 0.98444283680046E+00
 0.98446856191769E+00
 0.98443502684827E+00
 0.98442488627762E+00
 0.98442829862920E+00
 0.98442277873024E+00
 0.98443274446789E+00
 0.98445660085323E+00
 0.98441335452835E+00
 0.98441088207378E+00
 0.98441045437501E+00
 0.98442655425460E+00
 0.98441184535843E+00
 0.98442340468163E+00
 0.98445698088194E+00
 0.98445893832372E+00
 0.98440844501557E+00
 0.98441079461253E+00
 0.98441164802187E+00
 0.98443628719150E+00
 0.98438906095004E+00
 0.98438786013412E+00
 0.98443894502849E+00
 0.98438585484688E+00
 0.98437104855845E+00
 0.98443378809991E+00
 0.98437420469096E+00
 0.98439819930546E+00
 0.98434295541764E+00
 0.98436704087891E+00
 0.98435250639791E+00
 0.98433982812501E+00
 0.98434643502370E+00
 0.98434066469423E+00
 0.98437373414340E+00
 0.98431885593382E+00
 0.98427612968951E+00
 0.98430043045622E+00
 0.98429246776620E+00
 0.98432180335869E+00
 0.98427176308953E+00
 0.98429274036516E+00
 0.98423323012230E+00
 0.98425670560737E+00
 0.98419898905189E+00
 0.98422798333407E+00
 0.98415675054496E+00
 0.98416478273742E+00
 0.98411698843688E+00
 0.98411613802930E+00
 0.98409824939985E+00
 0.98402087160437E+00
 0.98406332597330E+00
 0.98400274253024E+00
 0.98398426873629E+00
 0.98394903248971E+00
 0.98391501162548E+00
 0.98389761042191E+00
 0.98391829716361E+00
 0.98385530446732E+00
 0.98385170798235E+00
 0.98373920399211E+00
 0.98375304862260E+00
 0.98368877137504E+00
 0.98362254157718E+00
 0.98360239140190E+00
 0.98347040291228E+00
 0.98349324662374E+00
 0.98338280302604E+00
 0.98333370585196E+00
 0.98315654337067E+00
 0.98309111386624E+00
 0.98296848004867E+00
 0.98286296142240E+00
 0.98271235682470E+00
 0.98260907309240E+00
 0.98247098047482E+00
 0.98230751378632E+00
 0.98219944448910E+00
 0.98197900697815E+00
 0.98175463922432E+00
 0.98164485242612E+00
 0.98139702481558E+00
 0.98121568083225E+00
 0.98093858597639E+00
 0.98067074254196E+00
 0.98042895899826E+00
 0.98017918839769E+00
 0.97997028113900E+00
 0.97965109345898E+00
 0.97932977253113E+00
 0.97896068879375E+00
 0.97869355776852E+00
 0.97837470239992E+00
 0.97799258306680E+00
 0.97768178169916E+00
 0.97731622053053E+00
 0.97685758337865E+00
 0.97645306352822E+00
 0.97602273566759E+00
 0.97561690644803E+00
 0.97524113601178E+00
 0.97475819082175E+00
 0.97424826594147E+00
 0.97376181086379E+00
 0.97333848299054E+00
 0.97276324980842E+00
 0.97228876571514E+00
 0.97165963840419E+00
 0.97116492912061E+00
 0.97058561871738E+00
 0.97001395192047E+00
 0.96939628837535E+00
 0.96880867270067E+00
 0.96816343993599E+00
 0.96760244408903E+00
 0.96690659176458E+00
 0.96625899925312E+00
 0.96555387913303E+00
 0.96485303959008E+00
 0.96420301447935E+00
 0.96352978204595E+00
 0.96280043506895E+00
 0.96205854725335E+00
 0.96129713201043E+00
 0.96048741511779E+00
 0.95972178236865E+00
 0.95891092002447E+00
 0.95811566764271E+00
 0.95727649374082E+00
 0.95643646272143E+00
 0.95567809678397E+00
 0.95480112698501E+00
 0.95396467959896E+00
 0.95311309205472E+00
 0.95224423533212E+00
 0.95128493666912E+00
 0.95035427831147E+00
 0.94950393732323E+00
 0.94856897141199E+00
 0.94762766004561E+00
 0.94665876062481E+00
 0.94563586267800E+00
 0.94469310446663E+00
 0.94369969158995E+00
 0.94265404747246E+00
 0.94169909962214E+00
 0.94075082314916E+00
 0.93961696905442E+00
 0.93859551774347E+00
 0.93764751074811E+00
 0.93652255489156E+00
 0.93554807014336E+00
 0.93439116932705E+00
 0.93331547215249E+00
 0.93224788042930E+00
 0.93121689524275E+00
 0.92999274886788E+00
