 0.35172198570750E+01
 0.35172198570750E+01
 0.35172198570750E+01
 0.35172198570750E+01
 0.35172198570750E+01
 0.35172198570750E+01
 0.35172198570750E+01
 0.35172198570750E+01
 0.35172198570750E+01
 0.35172195618952E+01
 0.35172203035243E+01
 0.35172208558449E+01
 0.35172207888441E+01
 0.35172209705451E+01
 0.35172210586084E+01
 0.35172206822652E+01
 0.35172204396326E+01
 0.35172211105679E+01
 0.35172208487173E+01
 0.35172205035574E+01
 0.35172205004569E+01
 0.35172214138735E+01
 0.35172203350475E+01
 0.35172216074568E+01
 0.35172213753329E+01
 0.35172214200283E+01
 0.35172210071193E+01
 0.35172217674224E+01
 0.35172220753085E+01
 0.35172197302182E+01
 0.35172216874007E+01
 0.35172170169126E+01
 0.35172198417001E+01
 0.35172224253755E+01
 0.35172214450988E+01
 0.35172214198680E+01
 0.35172225159127E+01
 0.35172228255287E+01
 0.35172215108277E+01
 0.35172205497375E+01
 0.35172159034081E+01
 0.35172481441694E+01
 0.35172188762763E+01
 0.35172214998547E+01
 0.35172277822580E+01
 0.35172175342848E+01
 0.35172502347168E+01
 0.35172158267641E+01
 0.35172218006102E+01
 0.35172196759697E+01
 0.35172197890084E+01
 0.35172217632090E+01
 0.35173067083802E+01
 0.35172661614072E+01
 0.35172761353823E+01
 0.35172800843713E+01
 0.35172886788533E+01
 0.35172978244724E+01
 0.35173058284242E+01
 0.35172835265208E+01
 0.35172908219754E+01
 0.35173059383001E+01
 0.35172914522395E+01
 0.35172852550954E+01
 0.35171918663852E+01
 0.35172922645713E+01
 0.35172838185820E+01
 0.35172911215874E+01
 0.35172355678937E+01
 0.35172718633431E+01
 0.35172929162790E+01
 0.35171685566466E+01
 0.35172258443030E+01
 0.35172971684720E+01
 0.35172985255480E+01
 0.35172860749588E+01
 0.35172008819598E+01
 0.35172281760205E+01
 0.35172657468406E+01
 0.35171931644604E+01
 0.35172156760323E+01
 0.35172056533749E+01
 0.35172093140831E+01
 0.35172506803718E+01
 0.35172364830387E+01
 0.35171456065155E+01
 0.35172869603976E+01
 0.35172197967408E+01
 0.35172056109956E+01
 0.35171751531185E+01
 0.35171622439014E+01
 0.35171925798754E+01
 0.35172251763711E+01
 0.35172711315223E+01
 0.35172112246139E+01
 0.35171931093397E+01
 0.35171992052284E+01
 0.35171893443724E+01
 0.35172071473420E+01
 0.35172497644436E+01
 0.35171725087289E+01
 0.35171680918574E+01
 0.35171673278021E+01
 0.35171960890463E+01
 0.35171698127004E+01
 0.35171904625857E+01
 0.35172504433236E+01
 0.35172539400785E+01
 0.35171637382136E+01
 0.35171679356137E+01
 0.35171694601720E+01
 0.35172134761042E+01
 0.35171291096667E+01
 0.35171269644651E+01
 0.35172182240873E+01
 0.35171233821102E+01
 0.35170969312328E+01
 0.35172090116994E+01
 0.35171025695615E+01
 0.35171454348691E+01
 0.35170467433466E+01
 0.35170897716298E+01
 0.35170638060799E+01
 0.35170411564508E+01
 0.35170529596386E+01
 0.35170426509793E+01
 0.35171017289441E+01
 0.35170036894855E+01
 0.35169273575181E+01
 0.35169707719123E+01
 0.35169565462735E+01
 0.35170089551046E+01
 0.35169195563374E+01
 0.35169570332825E+01
 0.35168507142363E+01
 0.35168926551511E+01
 0.35167895388072E+01
 0.35168413403425E+01
 0.35167140736144E+01
 0.35167284244109E+01
 0.35166430313859E+01
 0.35166415119626E+01
 0.35166095501949E+01
 0.35164712952779E+01
 0.35165471513719E+01
 0.35164389023357E+01
 0.35164058931428E+01
 0.35163429317428E+01
 0.35162821409621E+01
 0.35162510469087E+01
 0.35162880118297E+01
 0.35161754496338E+01
 0.35161690229348E+01
 0.35159679792452E+01
 0.35159927201044E+01
 0.35158778528485E+01
 0.35157594923438E+01
 0.35157234807998E+01
 0.35154875874122E+01
 0.35155284154420E+01
 0.35153310177942E+01
 0.35152432620531E+01
 0.35149265855944E+01
 0.35148096236860E+01
 0.35145903927525E+01
 0.35144017474853E+01
 0.35141324803752E+01
 0.35139478066744E+01
 0.35137008787180E+01
 0.35134085561192E+01
 0.35132152856658E+01
 0.35128210236374E+01
 0.35124196867539E+01
 0.35122232893664E+01
 0.35117799106599E+01
 0.35114554397459E+01
 0.35109595880378E+01
 0.35104802248599E+01
 0.35100474452149E+01
 0.35096003131233E+01
 0.35092262896492E+01
 0.35086547452656E+01
 0.35080792869893E+01
 0.35074181731004E+01
 0.35069396022302E+01
 0.35063682805930E+01
 0.35056834806098E+01
 0.35051263916206E+01
 0.35044710363090E+01
 0.35036486467935E+01
 0.35029231356199E+01
 0.35021511724850E+01
 0.35014230014102E+01
 0.35007486291454E+01
 0.34998817260746E+01
 0.34989661604234E+01
 0.34980925112536E+01
 0.34973320578117E+01
 0.34962984611712E+01
 0.34954456635611E+01
 0.34943146023699E+01
 0.34934249441530E+01
 0.34923828558095E+01
 0.34913542122019E+01
 0.34902424624100E+01
 0.34891844678116E+01
 0.34880223647153E+01
 0.34870116626371E+01
 0.34857575930614E+01
 0.34845900921730E+01
 0.34833184336405E+01
 0.34820540347796E+01
 0.34808809007301E+01
 0.34796654662778E+01
 0.34783482449616E+01
 0.34770078625782E+01
 0.34756316621236E+01
 0.34741675619751E+01
 0.34727826053846E+01
 0.34713152302863E+01
 0.34698755009851E+01
 0.34683556078612E+01
 0.34668334949883E+01
 0.34654587827587E+01
 0.34638683935764E+01
 0.34623508113232E+01
 0.34608050763505E+01
 0.34592272838643E+01
 0.34574844178219E+01
 0.34557927458408E+01
 0.34542463436635E+01
 0.34525452459200E+01
 0.34508317559974E+01
 0.34490671578813E+01
 0.34472032353044E+01
 0.34454844502593E+01
 0.34436723861594E+01
 0.34417640175232E+01
 0.34400202505639E+01
 0.34382877906391E+01
 0.34362151418626E+01
 0.34343468907559E+01
 0.34326120607154E+01
 0.34305522802940E+01
 0.34287670104448E+01
 0.34266463441960E+01
 0.34246733507704E+01
 0.34227140994923E+01
 0.34208209636773E+01
 0.34185717762306E+01
