 0.68032888602620E+03
 0.68032888602620E+03
 0.68032888602620E+03
 0.68032888602620E+03
 0.68032888602620E+03
 0.68032899810335E+03
 0.68032862192869E+03
 0.68033029992835E+03
 0.68033087811426E+03
 0.68030010956611E+03
 0.68039393082590E+03
 0.68050925862838E+03
 0.68049059544554E+03
 0.68052052405622E+03
 0.68054198759937E+03
 0.68048891108160E+03
 0.68042533713340E+03
 0.68055772659303E+03
 0.68051848125103E+03
 0.68044966249076E+03
 0.68043649448254E+03
 0.68060494116087E+03
 0.68043127254266E+03
 0.68066162576971E+03
 0.68062478208407E+03
 0.68061653925405E+03
 0.68054595760687E+03
 0.68072193305122E+03
 0.68081569972841E+03
 0.68035742424371E+03
 0.68067065635635E+03
 0.67996916252625E+03
 0.68033545533920E+03
 0.68092005435382E+03
 0.68069279577236E+03
 0.68068927717161E+03
 0.68103654218000E+03
 0.68106566998955E+03
 0.68074888975507E+03
 0.68053010863062E+03
 0.67986647431231E+03
 0.67944369514290E+03
 0.68026044063590E+03
 0.68069829005692E+03
 0.68129391455423E+03
 0.68007157691861E+03
 0.67951522450097E+03
 0.67991636366261E+03
 0.68076947231330E+03
 0.68041021749812E+03
 0.68047731890206E+03
 0.68087363904339E+03
 0.67650639041987E+03
 0.67252975078719E+03
 0.67300803384690E+03
 0.67321918963994E+03
 0.67375612949936E+03
 0.67448530277640E+03
 0.67565240047173E+03
 0.67339676476332E+03
 0.67392452937706E+03
 0.67642395075913E+03
 0.67403538634114E+03
 0.67357154001287E+03
 0.67267325668424E+03
 0.67396447488103E+03
 0.67902821595807E+03
 0.67857723180846E+03
 0.68154738129891E+03
 0.67973248197151E+03
 0.67824015120669E+03
 0.67712105275272E+03
 0.67485721336578E+03
 0.67465699292329E+03
 0.67767912069576E+03
 0.67388400654909E+03
 0.67219657092628E+03
 0.67526543093579E+03
 0.67987226192773E+03
 0.67487854691491E+03
 0.67429724167379E+03
 0.68208431248110E+03
 0.67975727211454E+03
 0.68043853800584E+03
 0.68101596534020E+03
 0.67646304536183E+03
 0.67815482660861E+03
 0.67763225140134E+03
 0.68032501237256E+03
 0.67795291394918E+03
 0.67575881743885E+03
 0.67953264508374E+03
 0.68180033506847E+03
 0.68395277044721E+03
 0.68532558434079E+03
 0.67891889767164E+03
 0.68179967175355E+03
 0.67899251544275E+03
 0.68579883292184E+03
 0.68949406044940E+03
 0.68369007824786E+03
 0.68377041078817E+03
 0.69331895691457E+03
 0.68658614449518E+03
 0.68446115862387E+03
 0.68664200968289E+03
 0.69094518044240E+03
 0.69072503259552E+03
 0.69595095219666E+03
 0.69676701498596E+03
 0.69123433548965E+03
 0.69444143509819E+03
 0.69327319299292E+03
 0.69353033388744E+03
 0.70061963589913E+03
 0.70540791942375E+03
 0.69751178129717E+03
 0.70145285144927E+03
 0.69886696295442E+03
 0.70801028769276E+03
 0.70218227413116E+03
 0.71196635087583E+03
 0.70387250691112E+03
 0.71466761229559E+03
 0.71140453100126E+03
 0.71301265050246E+03
 0.71078699661807E+03
 0.71659194101012E+03
 0.71704553410072E+03
 0.72310626797661E+03
 0.71643867772346E+03
 0.72474355358271E+03
 0.72106363003432E+03
 0.72649714413039E+03
 0.73076649107460E+03
 0.72900385907949E+03
 0.72678861845890E+03
 0.72814860768252E+03
 0.73404707143662E+03
 0.74132338951889E+03
 0.74012037593902E+03
 0.73723565501619E+03
 0.74112790358234E+03
 0.74192209957783E+03
 0.73909697439990E+03
 0.74575686624537E+03
 0.74689170708449E+03
 0.75528062393094E+03
 0.75509673317714E+03
 0.74908818546687E+03
 0.75225890783406E+03
 0.75658039291635E+03
 0.76391931440799E+03
 0.75965265639604E+03
 0.76747813208525E+03
 0.76873485626544E+03
 0.76073534685651E+03
 0.76479679584714E+03
 0.76893779724756E+03
 0.76714055038368E+03
 0.76883587669195E+03
 0.77927761868549E+03
 0.78025645890041E+03
 0.77765750623163E+03
 0.77699669860581E+03
 0.77853042562467E+03
 0.78069047597167E+03
 0.78259919957817E+03
 0.79310369105349E+03
 0.79644526744193E+03
 0.79265425250519E+03
 0.79947852325597E+03
 0.80145503281947E+03
 0.79473682386392E+03
 0.80744855795332E+03
 0.80060108490384E+03
 0.81049200866271E+03
 0.81319532617848E+03
 0.81827515708840E+03
 0.81260654961969E+03
 0.81633393319324E+03
 0.82454295910827E+03
 0.81637077547093E+03
 0.81791692558118E+03
 0.82798090142304E+03
 0.82627457690750E+03
 0.83488926773721E+03
 0.83010050294940E+03
 0.83443725676313E+03
 0.83132322212572E+03
 0.83884922973213E+03
 0.84368811045381E+03
 0.84838669719014E+03
 0.83968763276076E+03
 0.85284786695548E+03
 0.85448691905621E+03
 0.85067684664927E+03
 0.86095841231505E+03
 0.85687450162886E+03
 0.86488000985288E+03
 0.86228448344992E+03
 0.87080539857363E+03
 0.86314642864274E+03
 0.86553869482697E+03
 0.87481594503492E+03
 0.87956156551232E+03
 0.87195429664109E+03
 0.88742795102066E+03
 0.87670477729716E+03
 0.88556252378892E+03
 0.89504608307914E+03
 0.89434664715954E+03
 0.89088634498113E+03
 0.89430053773536E+03
 0.89610970939905E+03
 0.89783019636598E+03
 0.89691613111008E+03
 0.90633027288010E+03
 0.90936360663836E+03
 0.90932327748581E+03
 0.91820002745772E+03
 0.92088282622838E+03
 0.92414072898694E+03
 0.91646116386596E+03
 0.91926502446752E+03
 0.92221784872390E+03
 0.92549486610255E+03
 0.93064261245925E+03
 0.93216636163486E+03
 0.93121510508549E+03
 0.94567924571641E+03
 0.94644799071831E+03
 0.94866907626713E+03
 0.94845957806075E+03
 0.94656762904943E+03
 0.94482616819133E+03
 0.94816302635372E+03
 0.95449722160016E+03
 0.96551452210289E+03
 0.95995046866622E+03
 0.95966250934657E+03
 0.96216888218443E+03
 0.96448042822567E+03
 0.97520305681066E+03
 0.97467428339529E+03
 0.97094460642264E+03
 0.97960466643020E+03
 0.99166939874781E+03
 0.97909908254365E+03
 0.99014943753244E+03
