 0.10789503381475E+04
 0.10789503381475E+04
 0.10789503381475E+04
 0.10789503381475E+04
 0.10789503381475E+04
 0.10789503381475E+04
 0.10789503381475E+04
 0.10789503381475E+04
 0.10789503381475E+04
 0.10788884385147E+04
 0.10790301865731E+04
 0.10791654363640E+04
 0.10791523826494E+04
 0.10791953896580E+04
 0.10792057625189E+04
 0.10791287980433E+04
 0.10790575923756E+04
 0.10792205884277E+04
 0.10791759971359E+04
 0.10790923670933E+04
 0.10790786711147E+04
 0.10792968816722E+04
 0.10790739942849E+04
 0.10793656853009E+04
 0.10793095363676E+04
 0.10793118519647E+04
 0.10792097491485E+04
 0.10794430716490E+04
 0.10795649544223E+04
 0.10789598862613E+04
 0.10793942269245E+04
 0.10784893694341E+04
 0.10789516779880E+04
 0.10796889010366E+04
 0.10794081590736E+04
 0.10794056838814E+04
 0.10798407663459E+04
 0.10798857758549E+04
 0.10794788637295E+04
 0.10791875107444E+04
 0.10783373468654E+04
 0.10810793601300E+04
 0.10788492957341E+04
 0.10794166741073E+04
 0.10801633941007E+04
 0.10786014742947E+04
 0.10811820189502E+04
 0.10784157566525E+04
 0.10795077810081E+04
 0.10790488796996E+04
 0.10791161404847E+04
 0.10796395172370E+04
 0.10805819640486E+04
 0.10820163329139E+04
 0.10761417686589E+04
 0.10764001837085E+04
 0.10770708549400E+04
 0.10780126660568E+04
 0.10795092967938E+04
 0.10766332541123E+04
 0.10772957755863E+04
 0.10804768541603E+04
 0.10774381598187E+04
 0.10768478433220E+04
 0.10885727394721E+04
 0.10773502067412E+04
 0.10838090857032E+04
 0.10832264598426E+04
 0.10804947718035E+04
 0.10847154210041E+04
 0.10827977096427E+04
 0.10878482612483E+04
 0.10783286960919E+04
 0.10782299907958E+04
 0.10820810740396E+04
 0.10772484910164E+04
 0.10879522816137E+04
 0.10788486447022E+04
 0.10848964645436E+04
 0.10849535242185E+04
 0.10873846605330E+04
 0.10877302790556E+04
 0.10782048746413E+04
 0.10856229033959E+04
 0.10863674519358E+04
 0.10869885668667E+04
 0.10826961970399E+04
 0.10818699885875E+04
 0.10789378831532E+04
 0.10889373489348E+04
 0.10861120849062E+04
 0.10843265165243E+04
 0.10808240357314E+04
 0.10770852849116E+04
 0.10788613899821E+04
 0.10835739524371E+04
 0.10874150081628E+04
 0.10836770956982E+04
 0.10795169652304E+04
 0.10842241590491E+04
 0.10767268373953E+04
 0.10768447443090E+04
 0.10891978613477E+04
 0.10804960821152E+04
 0.10778084847953E+04
 0.10807648571900E+04
 0.10796325378854E+04
 0.10793799942048E+04
 0.10797008223191E+04
 0.10807366342299E+04
 0.10867718314113E+04
 0.10842842209334E+04
 0.10895192728471E+04
 0.10898994967727E+04
 0.10794520675021E+04
 0.10790381525873E+04
 0.10885536625248E+04
 0.10806975936050E+04
 0.10840051223362E+04
 0.10761387120287E+04
 0.10883947223571E+04
 0.10813470358999E+04
 0.10841195544264E+04
 0.10849518196423E+04
 0.10808519022569E+04
 0.10831120131229E+04
 0.10804393442712E+04
 0.10878537907939E+04
 0.10886235956782E+04
 0.10832721277308E+04
 0.10881702341805E+04
 0.10791765967721E+04
 0.10877073024304E+04
 0.10817393470639E+04
 0.10806829490024E+04
 0.10852624019352E+04
 0.10826101032874E+04
 0.10846828460093E+04
 0.10791502344424E+04
 0.10883578228477E+04
 0.10871662068041E+04
 0.10838810924722E+04
 0.10889451507263E+04
 0.10902725813923E+04
 0.10804608370392E+04
 0.10825351137493E+04
 0.10842278557433E+04
 0.10816725586455E+04
 0.10818157153626E+04
 0.10880397670760E+04
 0.10857700828928E+04
 0.10914230733185E+04
 0.10874858583836E+04
 0.10826547453197E+04
 0.10925877893251E+04
 0.10945186886084E+04
 0.10853377749700E+04
 0.10840242796066E+04
 0.10829820109702E+04
 0.10877395769206E+04
 0.10969866200758E+04
 0.10899714782039E+04
 0.10849327746403E+04
 0.10888117907971E+04
 0.10885056448410E+04
 0.10908011577000E+04
 0.10872981666608E+04
 0.10965480583205E+04
 0.10961220681210E+04
 0.11004921172878E+04
 0.10964934337326E+04
 0.10915453881925E+04
 0.10943355436442E+04
 0.11003921509194E+04
 0.10954995078197E+04
 0.11013709441755E+04
 0.10932365258435E+04
 0.10934621572186E+04
 0.10963563697260E+04
 0.11037455776118E+04
 0.11086777210080E+04
 0.11049582977076E+04
 0.11095790226940E+04
 0.11052360202583E+04
 0.11103623704866E+04
 0.11089252097150E+04
 0.11056460418407E+04
 0.11143312302959E+04
 0.11060941569835E+04
 0.11098630741297E+04
 0.11121368148252E+04
 0.11180403486198E+04
 0.11170098323931E+04
 0.11146283313773E+04
 0.11230696383231E+04
 0.11184619728967E+04
 0.11217175969371E+04
 0.11197958181254E+04
 0.11227645303659E+04
 0.11252295573633E+04
 0.11228179805912E+04
 0.11328554048461E+04
 0.11248021935348E+04
 0.11279995838237E+04
 0.11389791719653E+04
 0.11306623336215E+04
 0.11368873739827E+04
 0.11403479817390E+04
 0.11433250207219E+04
 0.11393791368978E+04
 0.11361024772425E+04
 0.11429955489334E+04
 0.11397808984721E+04
 0.11439118585355E+04
 0.11537729586666E+04
 0.11562357615008E+04
 0.11484205817178E+04
 0.11522049567783E+04
 0.11488267371888E+04
 0.11639041870329E+04
 0.11594403662956E+04
 0.11629409655763E+04
 0.11670881222078E+04
 0.11592376016119E+04
 0.11629133109018E+04
 0.11667151141144E+04
 0.11707990551373E+04
 0.11770302872684E+04
 0.11716505244549E+04
 0.11787287621575E+04
 0.11799880320845E+04
 0.11813888062015E+04
 0.11843124221153E+04
 0.11846390643946E+04
 0.11906885723946E+04
 0.11893865527569E+04
 0.11935301351901E+04
 0.12009429016824E+04
 0.11982367372631E+04
 0.12004603098192E+04
 0.12044835475366E+04
 0.11962547856711E+04
 0.12072363539050E+04
 0.12115027441963E+04
 0.12038697250111E+04
 0.12079652653048E+04
 0.12179767038834E+04
 0.12158651056937E+04
 0.12108007844454E+04
 0.12152657233947E+04
