 0.25056169732398E+01
 0.25056169732413E+01
 0.25056169734688E+01
 0.25056171659815E+01
 0.25056280600279E+01
 0.25057791827671E+01
 0.25067092368650E+01
 0.25101449723422E+01
 0.25192163683597E+01
 0.25382376366886E+01
 0.25720974844919E+01
 0.26255671552769E+01
 0.27027558806067E+01
 0.28067986898608E+01
 0.29397464489821E+01
 0.31025997686162E+01
 0.32954669567491E+01
 0.35177050730446E+01
 0.37681001033702E+01
 0.40450634692753E+01
 0.43466734221390E+01
 0.46709481824054E+01
 0.50157715231796E+01
 0.53790848731920E+01
 0.57588637158082E+01
 0.61532188228741E+01
 0.65603595709491E+01
 0.69786059635158E+01
 0.74065706297487E+01
 0.78429374306247E+01
 0.82865982966504E+01
 0.87364491933050E+01
 0.91918325348667E+01
 0.96519065566438E+01
 0.10116111561187E+02
 0.10584150552049E+02
 0.11055613776855E+02
 0.11530327900325E+02
 0.12007689017616E+02
 0.12488106568457E+02
 0.12971268962008E+02
 0.13456838154574E+02
 0.13945210478184E+02
 0.14436221775722E+02
 0.14929507252801E+02
 0.15425357025845E+02
 0.15923467459947E+02
 0.16423724051789E+02
 0.16926679697854E+02
 0.17431045793264E+02
 0.17937372867612E+02
 0.18445423467314E+02
 0.18954595758575E+02
 0.19465197334988E+02
 0.19976010995686E+02
 0.20487705009961E+02
 0.20999089449899E+02
 0.21510109143715E+02
 0.22020138982813E+02
 0.22529437070201E+02
 0.23036209834773E+02
 0.23540613004031E+02
 0.24042681941899E+02
 0.24541754209306E+02
 0.25036157744824E+02
 0.25527891794423E+02
 0.26012654406275E+02
 0.26493195206656E+02
 0.26967516638107E+02
 0.27434995959893E+02
 0.27894063016992E+02
 0.28348396075604E+02
 0.28791895928057E+02
 0.29227078803882E+02
 0.29653299864923E+02
 0.30068799145067E+02
 0.30476307881780E+02
 0.30871050378761E+02
 0.31254217506413E+02
 0.31626067785167E+02
 0.31984352145580E+02
 0.32332089946458E+02
 0.32664172442865E+02
 0.32982779304389E+02
 0.33288003894831E+02
 0.33575724929317E+02
 0.33850857690805E+02
 0.34109984475066E+02
 0.34351661951552E+02
 0.34579319647038E+02
 0.34789102012266E+02
 0.34981254073195E+02
 0.35155218679246E+02
 0.35312340986572E+02
 0.35449892372600E+02
 0.35567596909987E+02
 0.35671050975717E+02
 0.35748828400847E+02
 0.35810380131494E+02
 0.35849480373495E+02
 0.35873352189535E+02
 0.35870096609060E+02
 0.35847901249135E+02
 0.35804195853066E+02
 0.35738527668071E+02
 0.35649348809576E+02
 0.35533962054898E+02
 0.35405443652086E+02
 0.35246250980521E+02
 0.35063118469343E+02
 0.34860812643936E+02
 0.34633572081729E+02
 0.34378001982542E+02
 0.34098100148934E+02
 0.33795094786051E+02
 0.33464195241682E+02
 0.33109018565838E+02
 0.32730953649510E+02
 0.32316820156565E+02
 0.31877246328225E+02
 0.31419375014276E+02
 0.30918547872603E+02
 0.30398056805623E+02
 0.29845926561693E+02
 0.29267071947298E+02
 0.28658031482619E+02
 0.28013052330742E+02
 0.27338149430791E+02
 0.26640578217594E+02
 0.25902595445445E+02
 0.25139593677802E+02
 0.24344820296975E+02
 0.23504985098827E+02
 0.22642110252452E+02
 0.21755257779728E+02
 0.20828684282744E+02
 0.19863280943711E+02
 0.18891423444042E+02
 0.17878887921262E+02
 0.16845201262157E+02
 0.15789526641015E+02
 0.14720863240863E+02
 0.13621665070666E+02
 0.12529097567694E+02
 0.11431510181166E+02
 0.10353508648041E+02
 0.92886592599188E+01
 0.82680512274837E+01
 0.72770920005015E+01
 0.63436915859919E+01
 0.54784174611320E+01
 0.46835724325977E+01
 0.39684851324008E+01
 0.33243120743861E+01
 0.27546842025461E+01
 0.22380508942026E+01
 0.17665134520451E+01
 0.13302391215594E+01
 0.92167429074309E+00
 0.53757377696667E+00
 0.17947012630546E+00
-0.15771277553618E+00
-0.45927686740885E+00
-0.72744334316274E+00
-0.96143571892820E+00
-0.11583857313074E+01
-0.13189898544746E+01
-0.14488235909272E+01
-0.15472143264521E+01
-0.16194999693899E+01
-0.16699133759404E+01
-0.17006861435271E+01
-0.17143201987340E+01
-0.17149990002745E+01
-0.17043136803866E+01
-0.16849740546180E+01
-0.16580823176357E+01
-0.16259966971789E+01
-0.15897452821263E+01
-0.15501313735776E+01
-0.15084532441300E+01
-0.14654046938952E+01
-0.14214094214515E+01
-0.13771244826926E+01
-0.13328469647040E+01
-0.12889714572024E+01
-0.12456934258068E+01
-0.12032164480080E+01
-0.11616945924298E+01
-0.11212503272344E+01
-0.10819143831153E+01
-0.10437796204065E+01
-0.10068791124865E+01
-0.97125195695596E+00
-0.93682039147643E+00
-0.90363399611688E+00
-0.87169388057964E+00
-0.84096202135453E+00
-0.81136828834112E+00
-0.78293772514808E+00
-0.75560201417729E+00
-0.72940685080090E+00
-0.70418924621435E+00
-0.67999378495740E+00
-0.65674970836485E+00
-0.63444632943676E+00
-0.61305316130479E+00
-0.59249658310553E+00
-0.57277322958603E+00
-0.55382455338001E+00
-0.53562060668549E+00
-0.51817148802305E+00
-0.50141059058402E+00
-0.48528980349281E+00
-0.46980272094174E+00
-0.45493311224999E+00
-0.44064573311397E+00
-0.42689884263494E+00
-0.41368760003137E+00
-0.40097987481809E+00
-0.38878233426369E+00
-0.37701291501628E+00
-0.36571195288348E+00
-0.35480881035158E+00
-0.34432645040680E+00
-0.33424746201842E+00
-0.32452111049143E+00
-0.31514622883762E+00
-0.30612497011372E+00
-0.29742523822905E+00
-0.28903670038454E+00
-0.28095093523046E+00
-0.27313646817715E+00
-0.26561631187761E+00
-0.25833929355393E+00
-0.25132768233326E+00
-0.24455541873160E+00
-0.23801347995327E+00
-0.23169039813300E+00
-0.22559181090968E+00
-0.21968865392011E+00
-0.21398145720892E+00
-0.20846684248076E+00
-0.20312563721123E+00
-0.19796464198696E+00
-0.19296812839051E+00
-0.18813159743509E+00
-0.18345497595585E+00
-0.17892140733226E+00
-0.17453465572235E+00
