 0.10000000133514E-09
 0.10000000133514E-09
 0.10000000133514E-09
 0.10000000133514E-09
 0.10000000133514E-09
 0.10000000133514E-09
 0.10000000133514E-09
 0.10000000133514E-09
 0.10000000133514E-09
 0.10000000133514E-09
 0.10000000133514E-09
 0.10000000133514E-09
 0.10000000133514E-09
 0.10000000133514E-09
 0.10000000133514E-09
 0.10000000133514E-09
 0.10000000133514E-09
 0.10000000133514E-09
 0.10000000133514E-09
 0.10000000133514E-09
 0.10000000133514E-09
 0.10000000133514E-09
 0.10000000133514E-09
 0.10000000133514E-09
 0.10000000133514E-09
 0.10000000133514E-09
 0.10000000133514E-09
 0.10000000133514E-09
 0.10000000133514E-09
 0.10000000133514E-09
 0.10000000133514E-09
 0.10000000133514E-09
 0.10000000133514E-09
 0.16563754667046E-04
 0.16563754667046E-04
 0.29431172569679E-04
 0.29431172569679E-04
 0.49351134188905E-04
 0.62708427835745E-04
 0.78775498039068E-04
 0.97918046721652E-04
 0.12052607203893E-03
 0.14699938790780E-03
 0.17776360300298E-03
 0.21326718639540E-03
 0.25396299593434E-03
 0.30032285941167E-03
 0.35283543960843E-03
 0.41197269903098E-03
 0.47828261673361E-03
 0.55225102837258E-03
 0.63439509327888E-03
 0.72526112277770E-03
 0.82536541017811E-03
 0.93527725999802E-03
 0.10554957647354E-02
 0.11866145154820E-02
 0.13291692678391E-02
 0.14837085288600E-02
 0.16507327990681E-02
 0.18309390906549E-02
 0.20248508139048E-02
 0.22328799829818E-02
 0.24556998319645E-02
 0.26940894923634E-02
 0.29480150846561E-02
 0.32186809946594E-02
 0.35064355152290E-02
 0.38120627371460E-02
 0.41358086354818E-02
 0.44787032089128E-02
 0.48406153510530E-02
 0.52230476790066E-02
 0.56263754670559E-02
 0.60509122218329E-02
 0.64977958046086E-02
 0.69666846256495E-02
 0.74595316636624E-02
 0.79767123674976E-02
 0.85183826738181E-02
 0.90860447786588E-02
 0.96796043406623E-02
 0.10301514895447E-01
 0.10951096254959E-01
 0.11628978334016E-01
 0.12337651390543E-01
 0.13075681301278E-01
 0.13845862344286E-01
 0.14649447924081E-01
 0.15484742409315E-01
 0.16355059833781E-01
 0.17261308170018E-01
 0.18205886504604E-01
 0.19186616056116E-01
 0.20207614706115E-01
 0.21270151497369E-01
 0.22371777988249E-01
 0.23520531056183E-01
 0.24712100517156E-01
 0.25951129265453E-01
 0.27237161522139E-01
 0.28575030535403E-01
 0.29963239112059E-01
 0.31407311968643E-01
 0.32905500063249E-01
 0.34462678805826E-01
 0.36081522315961E-01
 0.37758243310592E-01
 0.39506415350107E-01
 0.41320941727727E-01
 0.43202165284315E-01
 0.45159012285537E-01
 0.47195990062947E-01
 0.49312845569404E-01
 0.51512452920358E-01
 0.53802220355945E-01
 0.56179485088475E-01
 0.58652653080763E-01
 0.61235875664504E-01
 0.63920598329016E-01
 0.66711842609519E-01
 0.69629864839785E-01
 0.72665065885827E-01
 0.75831923399194E-01
 0.79131631931498E-01
 0.82574774214779E-01
 0.86175478500096E-01
 0.89935998654321E-01
 0.93859711947677E-01
 0.97965799716374E-01
 0.10225470470678E+00
 0.10674469076469E+00
 0.11145803482324E+00
 0.11638571912930E+00
 0.12153846131525E+00
 0.12694557952233E+00
 0.13262757191098E+00
 0.13855110157257E+00
 0.14477932558994E+00
 0.15130230716606E+00
 0.15813259807407E+00
 0.16528473166054E+00
 0.17279188114394E+00
 0.18061090186505E+00
 0.18877981824640E+00
 0.19725838308570E+00
 0.20607356334449E+00
 0.21516398909862E+00
 0.22456766040965E+00
 0.23420811536374E+00
 0.24404518451939E+00
 0.25403608966375E+00
 0.26410342189215E+00
 0.27420945405849E+00
 0.28425188914785E+00
 0.29420714067231E+00
 0.30400336950604E+00
 0.31358812705273E+00
 0.32292160544552E+00
 0.33197659268477E+00
 0.34073932619962E+00
 0.34923581310629E+00
 0.35743600433512E+00
 0.36537380776056E+00
 0.37306872652397E+00
 0.38053069669467E+00
 0.38777704566512E+00
 0.39483339666916E+00
 0.40170471487914E+00
 0.40840927829459E+00
 0.41496068077238E+00
 0.42136568229682E+00
 0.42763175579287E+00
 0.43376880042717E+00
 0.43978149453313E+00
 0.44567689783866E+00
 0.45145614205603E+00
 0.45712840798769E+00
 0.46269492673783E+00
 0.46815801365042E+00
 0.47352270037922E+00
 0.47879206295805E+00
 0.48396781597867E+00
 0.48905362240279E+00
 0.49404990787213E+00
 0.49896194676452E+00
 0.50379030816464E+00
 0.50853715044238E+00
 0.51320450376483E+00
 0.51779452773488E+00
 0.52230940340758E+00
 0.52675061353141E+00
 0.53112030155575E+00
 0.53541926781128E+00
 0.53965084486368E+00
 0.54381520383036E+00
 0.54791459612161E+00
 0.55195034083505E+00
 0.55592457016180E+00
 0.55983789129396E+00
 0.56369243014394E+00
 0.56748864368324E+00
 0.57122899719258E+00
 0.57491389368765E+00
 0.57854527267669E+00
 0.58212390624280E+00
 0.58565092582895E+00
 0.58912782728500E+00
 0.59255561858512E+00
 0.59593551436170E+00
 0.59926816497553E+00
 0.60255481796989E+00
 0.60579689354860E+00
 0.60899468213418E+00
 0.61214966838986E+00
 0.61526256676100E+00
 0.61833404058944E+00
 0.62136558686343E+00
 0.62435742879822E+00
 0.62731054556002E+00
 0.63022582701615E+00
 0.63310394205410E+00
 0.63594593266338E+00
 0.63875232255992E+00
 0.64152374604950E+00
 0.64426103557874E+00
 0.64696497373120E+00
 0.64963584903108E+00
 0.65227462891449E+00
 0.65488202641085E+00
 0.65745822783080E+00
 0.66000430957980E+00
 0.66252047600183E+00
 0.66500759320246E+00
 0.66746576545114E+00
 0.66989581500727E+00
 0.67229864042683E+00
 0.67467427863426E+00
 0.67702312704409E+00
 0.67934566701316E+00
 0.68164298062781E+00
 0.68391493016553E+00
 0.68616202231501E+00
 0.68838517265891E+00
 0.69058424433868E+00
 0.69275976074293E+00
 0.69491249546925E+00
 0.69704233001923E+00
 0.69915000982386E+00
 0.70123571995711E+00
