 0.21139601365225E+08
 0.21139601365220E+08
 0.21139601365148E+08
 0.21139601364699E+08
 0.21139601363043E+08
 0.21139601371073E+08
 0.21139601452912E+08
 0.21139601929823E+08
 0.21139603666773E+08
 0.21139608267265E+08
 0.21139618523740E+08
 0.21139638236943E+08
 0.21139672319014E+08
 0.21139726495459E+08
 0.21139807377961E+08
 0.21139922136789E+08
 0.21140077383631E+08
 0.21140281109442E+08
 0.21140540437454E+08
 0.21140860198706E+08
 0.21141252706838E+08
 0.21141718619006E+08
 0.21142267740077E+08
 0.21142903575947E+08
 0.21143632942826E+08
 0.21144459113794E+08
 0.21145389937574E+08
 0.21146437070991E+08
 0.21147597179896E+08
 0.21148875970076E+08
 0.21150275721521E+08
 0.21151820839718E+08
 0.21153494216584E+08
 0.21155323761094E+08
 0.21157315647530E+08
 0.21159456020719E+08
 0.21161758017420E+08
 0.21164221184989E+08
 0.21166905948037E+08
 0.21169741539724E+08
 0.21172765091828E+08
 0.21176021814421E+08
 0.21179450929615E+08
 0.21183074076589E+08
 0.21186945212977E+08
 0.21191013730231E+08
 0.21195319857020E+08
 0.21199866365995E+08
 0.21204558973959E+08
 0.21209565885570E+08
 0.21214778202686E+08
 0.21220199809991E+08
 0.21225883326176E+08
 0.21231738872085E+08
 0.21237906130370E+08
 0.21244223786067E+08
 0.21250815740970E+08
 0.21257625255612E+08
 0.21264680250566E+08
 0.21271873854705E+08
 0.21279395975055E+08
 0.21287152770719E+08
 0.21295041900026E+08
 0.21303096079059E+08
 0.21311475800431E+08
 0.21319793704928E+08
 0.21328615901589E+08
 0.21337439651472E+08
 0.21346467651367E+08
 0.21355719629485E+08
 0.21365341488182E+08
 0.21374678742245E+08
 0.21384579195548E+08
 0.21394569589741E+08
 0.21404661892515E+08
 0.21415041948103E+08
 0.21425216331024E+08
 0.21435815374706E+08
 0.21446591298501E+08
 0.21457419902080E+08
 0.21468571916539E+08
 0.21479512793318E+08
 0.21490937469124E+08
 0.21502450938082E+08
 0.21513978537924E+08
 0.21526067071709E+08
 0.21537911644420E+08
 0.21549982452723E+08
 0.21562391287716E+08
 0.21574620535706E+08
 0.21587167486921E+08
 0.21599930557096E+08
 0.21612953771010E+08
 0.21626000581461E+08
 0.21639395216509E+08
 0.21653132668643E+08
 0.21666406978867E+08
 0.21680762552849E+08
 0.21694839857101E+08
 0.21709478963443E+08
 0.21723615432930E+08
 0.21738900812831E+08
 0.21754173789255E+08
 0.21769715480832E+08
 0.21785597298600E+08
 0.21801969075918E+08
 0.21819210298026E+08
 0.21835497306070E+08
 0.21853167295140E+08
 0.21871333332164E+08
 0.21889287901716E+08
 0.21907785854859E+08
 0.21927314081201E+08
 0.21947282228239E+08
 0.21967543855228E+08
 0.21988686658160E+08
 0.22010232451417E+08
 0.22032025817297E+08
 0.22055771882374E+08
 0.22080073793794E+08
 0.22104002216768E+08
 0.22130826978276E+08
 0.22157467087801E+08
 0.22185547726112E+08
 0.22214445532294E+08
 0.22244664542250E+08
 0.22277031749348E+08
 0.22310807478867E+08
 0.22345102514933E+08
 0.22382444980713E+08
 0.22420874445058E+08
 0.22461478596148E+08
 0.22506282977727E+08
 0.22552564603222E+08
 0.22600797626348E+08
 0.22653505534644E+08
 0.22711115066250E+08
 0.22769644494563E+08
 0.22834709659008E+08
 0.22904397640679E+08
 0.22979941440520E+08
 0.23061260336500E+08
 0.23152906322729E+08
 0.23250893070257E+08
 0.23359500566371E+08
 0.23477217066264E+08
 0.23608557907393E+08
 0.23750891048877E+08
 0.23911795631078E+08
 0.24089454410568E+08
 0.24285366184194E+08
 0.24502830547845E+08
 0.24741124300697E+08
 0.25004323947773E+08
 0.25287727810992E+08
 0.25596714064164E+08
 0.25927793550573E+08
 0.26277235648355E+08
 0.26640419945222E+08
 0.27011487853354E+08
 0.27382958697545E+08
 0.27756031958892E+08
 0.28113795829319E+08
 0.28456080220821E+08
 0.28779544738881E+08
 0.29077782506994E+08
 0.29347422046379E+08
 0.29590987270097E+08
 0.29802877581678E+08
 0.29985472999258E+08
 0.30140243371146E+08
 0.30266348578220E+08
 0.30364036784100E+08
 0.30436369841466E+08
 0.30483463321848E+08
 0.30507335088069E+08
 0.30508764717067E+08
 0.30489756385507E+08
 0.30451293473989E+08
 0.30395184392248E+08
 0.30322309213225E+08
 0.30233522228414E+08
 0.30131127748949E+08
 0.30014854502676E+08
 0.29887868642845E+08
 0.29748036783555E+08
 0.29597871806060E+08
 0.29438522358993E+08
 0.29270671249009E+08
 0.29095578560201E+08
 0.28911957549916E+08
 0.28722103098227E+08
 0.28526566959941E+08
 0.28326481961464E+08
 0.28119986257637E+08
 0.27909187490185E+08
 0.27695152956497E+08
 0.27477841739168E+08
 0.27256211651592E+08
 0.27032416617605E+08
 0.26805631092248E+08
 0.26579005381448E+08
 0.26348366012836E+08
 0.26116900948459E+08
 0.25883605596446E+08
 0.25649735809892E+08
 0.25415799151243E+08
 0.25180442691532E+08
 0.24945233423664E+08
 0.24709217005691E+08
 0.24472664050651E+08
 0.24237829223966E+08
 0.24003196605875E+08
 0.23767802577369E+08
 0.23533009158110E+08
 0.23299536082241E+08
 0.23067021025321E+08
 0.22834637557107E+08
 0.22603542404965E+08
 0.22373340845154E+08
 0.22146040226158E+08
 0.21917559758060E+08
 0.21692200456754E+08
 0.21466312857148E+08
 0.21242957335094E+08
 0.21022304387832E+08
 0.20801774148823E+08
 0.20582455425603E+08
 0.20365893941232E+08
 0.20150696897453E+08
 0.19937136631425E+08
 0.19725726734369E+08
 0.19514645380517E+08
 0.19307344314382E+08
 0.19099852760370E+08
 0.18895562921183E+08
 0.18692969784669E+08
 0.18492091426321E+08
 0.18292676249623E+08
 0.18096485763862E+08
 0.17901136311369E+08
 0.17707634868838E+08
 0.17516518279843E+08
 0.17326366415493E+08
 0.17138920685724E+08
 0.16953005319542E+08
 0.16768905592707E+08
 0.16587483700263E+08
 0.16407182070859E+08
 0.16229376766397E+08
