 0.12287905797426E+01
 0.12287905880962E+01
 0.12287906258680E+01
 0.12287907301123E+01
 0.12287909537746E+01
 0.12287913678307E+01
 0.12287920726691E+01
 0.12287932301619E+01
 0.12287951166240E+01
 0.12287981801087E+01
 0.12288030821338E+01
 0.12288107137099E+01
 0.12288221805147E+01
 0.12288387672246E+01
 0.12288619116603E+01
 0.12288931124218E+01
 0.12289339502392E+01
 0.12289859815906E+01
 0.12290507273210E+01
 0.12291296996773E+01
 0.12292242145013E+01
 0.12293356498287E+01
 0.12294651600252E+01
 0.12296138596163E+01
 0.12297827188363E+01
 0.12299726391902E+01
 0.12301843644123E+01
 0.12304184739732E+01
 0.12306756581812E+01
 0.12309563681342E+01
 0.12312610238445E+01
 0.12315897004233E+01
 0.12319428735369E+01
 0.12323204032565E+01
 0.12327223269381E+01
 0.12331488270066E+01
 0.12335996930287E+01
 0.12340748374140E+01
 0.12345733534814E+01
 0.12350957572549E+01
 0.12356412953603E+01
 0.12362090633025E+01
 0.12367992226576E+01
 0.12374109902473E+01
 0.12380432015766E+01
 0.12386957010632E+01
 0.12393673710085E+01
 0.12400573830363E+01
 0.12407659326579E+01
 0.12414903944542E+01
 0.12422309941848E+01
 0.12429867621691E+01
 0.12437561919232E+01
 0.12445392224567E+01
 0.12453334327330E+01
 0.12461394109022E+01
 0.12469548630069E+01
 0.12477793052098E+01
 0.12486114004591E+01
 0.12494512226907E+01
 0.12502956837880E+01
 0.12511447307883E+01
 0.12519983134669E+01
 0.12528550956626E+01
 0.12537123026412E+01
 0.12545730121927E+01
 0.12554302306525E+01
 0.12562882774878E+01
 0.12571439657696E+01
 0.12579961837560E+01
 0.12588423729759E+01
 0.12596886230641E+01
 0.12605249193518E+01
 0.12613554588477E+01
 0.12621792611653E+01
 0.12629934591582E+01
 0.12638027209467E+01
 0.12645991825238E+01
 0.12653849133710E+01
 0.12661605109225E+01
 0.12669222492828E+01
 0.12676755089496E+01
 0.12684116615398E+01
 0.12691346247512E+01
 0.12698446957404E+01
 0.12705348940597E+01
 0.12712140654260E+01
 0.12718763307408E+01
 0.12725195401075E+01
 0.12731497603085E+01
 0.12737604406394E+01
 0.12743523925564E+01
 0.12749247631262E+01
 0.12754801428219E+01
 0.12760140615765E+01
 0.12765262705664E+01
 0.12770270601868E+01
 0.12774961766465E+01
 0.12779510279549E+01
 0.12783805654055E+01
 0.12787986214103E+01
 0.12791834447660E+01
 0.12795503829967E+01
 0.12798955658969E+01
 0.12802181469933E+01
 0.12805160268862E+01
 0.12807842762632E+01
 0.12810481226836E+01
 0.12812754834852E+01
 0.12814789319324E+01
 0.12816683701492E+01
 0.12818337650289E+01
 0.12819691206467E+01
 0.12820826620863E+01
 0.12821774136708E+01
 0.12822452009393E+01
 0.12822933911863E+01
 0.12823256879709E+01
 0.12823180714513E+01
 0.12822910081757E+01
 0.12822597197943E+01
 0.12821772998935E+01
 0.12820900258180E+01
 0.12819754595686E+01
 0.12818439354775E+01
 0.12816897866582E+01
 0.12815028978708E+01
 0.12812957122038E+01
 0.12810834004575E+01
 0.12808309634109E+01
 0.12805697845206E+01
 0.12802869854102E+01
 0.12799556541273E+01
 0.12796189546506E+01
 0.12792738877800E+01
 0.12788868150944E+01
 0.12784574709628E+01
 0.12780466626120E+01
 0.12775801726893E+01
 0.12770909553700E+01
 0.12765673119100E+01
 0.12760188784482E+01
 0.12753892040856E+01
 0.12747416740089E+01
 0.12740272472451E+01
 0.12732749703218E+01
 0.12724356479741E+01
 0.12715533919372E+01
 0.12705427014624E+01
 0.12694370462254E+01
 0.12682289752745E+01
 0.12668872559420E+01
 0.12654280156326E+01
 0.12638097804625E+01
 0.12620863536388E+01
 0.12601929653821E+01
 0.12581584753166E+01
 0.12560050431705E+01
 0.12537559019281E+01
 0.12514399665786E+01
 0.12490996749280E+01
 0.12466794059785E+01
 0.12443223522234E+01
 0.12419939728289E+01
 0.12396958963026E+01
 0.12374762858346E+01
 0.12353580506528E+01
 0.12332910140344E+01
 0.12313484096951E+01
 0.12294963215982E+01
 0.12277105730437E+01
 0.12260151997403E+01
 0.12244331747296E+01
 0.12229107987611E+01
 0.12214799634041E+01
 0.12201073464119E+01
 0.12188378630602E+01
 0.12176115925224E+01
 0.12164411929110E+01
 0.12153623505872E+01
 0.12143247048195E+01
 0.12133202659361E+01
 0.12123912862564E+01
 0.12114865886224E+01
 0.12106600873546E+01
 0.12098356094184E+01
 0.12090500462228E+01
 0.12083055207010E+01
 0.12075966296731E+01
 0.12069266475842E+01
 0.12062679140825E+01
 0.12056405984202E+01
 0.12050414874137E+01
 0.12044751722988E+01
 0.12039133037988E+01
 0.12033735126646E+01
 0.12028599282104E+01
 0.12023654087659E+01
 0.12018766185411E+01
 0.12014084313847E+01
 0.12009499553762E+01
 0.12005235650695E+01
 0.12000912614704E+01
 0.11996760415366E+01
 0.11992673286013E+01
 0.11988721897032E+01
 0.11984918875371E+01
 0.11981139236009E+01
 0.11977481139684E+01
 0.11973858397419E+01
 0.11970269294385E+01
 0.11966858117871E+01
 0.11963501472517E+01
 0.11960124617284E+01
 0.11956803499032E+01
 0.11953577862997E+01
 0.11950408886540E+01
 0.11947234875700E+01
 0.11944121997965E+01
 0.11941035699547E+01
 0.11938095787179E+01
 0.11935033660090E+01
 0.11932118994230E+01
 0.11929109232165E+01
 0.11926198856513E+01
 0.11923388474027E+01
 0.11920511151736E+01
 0.11917631412447E+01
 0.11914842526011E+01
 0.11912051932358E+01
 0.11909273776759E+01
 0.11906537895465E+01
 0.11903724224843E+01
 0.11901048952091E+01
 0.11898259999170E+01
 0.11895568628442E+01
 0.11892876586218E+01
 0.11890183877285E+01
 0.11887474389260E+01
 0.11884856620771E+01
 0.11882178962664E+01
 0.11879502332723E+01
 0.11876863290095E+01
 0.11874166218583E+01
 0.11871525493813E+01
 0.11868862689394E+01
 0.11866198519772E+01
 0.11863585374240E+01
 0.11860923438463E+01
 0.11858303009143E+01
