 0.11380733575462E+02
 0.12147389633106E+03
 0.22592696552389E+03
 0.32366722756860E+03
 0.41649177721642E+03
 0.50300852657925E+03
 0.58346608001153E+03
 0.65889081057445E+03
 0.72699148564154E+03
 0.78851386088363E+03
 0.84424023881114E+03
 0.89353938475288E+03
 0.93715274264344E+03
 0.97115068923093E+03
 0.10013322771314E+04
 0.10236575954838E+04
 0.10397465872947E+04
 0.10432470814961E+04
 0.10372562722671E+04
 0.10314546197538E+04
 0.10069041172525E+04
 0.98889067736773E+03
 0.93129667640591E+03
 0.90693214206054E+03
 0.84001337103879E+03
 0.73652520979941E+03
 0.81357058376941E+03
 0.49131801364316E+03
 0.54736935292201E+03
 0.60503899425987E+03
-0.54573034657424E+02
 0.13596185959106E+02
-0.17291647608099E+03
 0.11994113931283E+04
 0.19709600678200E+04
 0.42227649572446E+04
 0.12179763597938E+04
-0.21519237266912E+04
 0.71927384780956E+04
-0.27283640455663E+04
-0.42693923516546E+04
 0.58803233443969E+04
-0.15825779435599E+04
 0.44686967993355E+04
-0.19702631134678E+04
 0.19706376532853E+04
-0.35885820062207E+04
-0.70858095344678E+04
-0.36382542585812E+03
-0.30906720404845E+04
-0.46185822219227E+04
-0.45724968957271E+04
-0.54527201292985E+04
-0.44345943364381E+04
-0.53644063585414E+04
-0.52679150945718E+04
-0.66789492173685E+04
-0.60088223281690E+04
-0.67010924515408E+04
-0.70709329526285E+04
-0.74531731611561E+04
-0.77832163435898E+04
-0.81075832420593E+04
-0.84591327669831E+04
-0.88445620784048E+04
-0.92710963185669E+04
-0.97477561598524E+04
-0.10286257889450E+05
-0.10902199488399E+05
-0.11616838153011E+05
-0.12459889498198E+05
-0.13474113598958E+05
-0.14723151977211E+05
-0.16305586539739E+05
-0.18381656302305E+05
-0.21227702116069E+05
-0.25357167291984E+05
-0.31821042100145E+05
-0.43072444027063E+05
-0.66029822134195E+05
-0.12708349732036E+06
-0.40767905593650E+06
-0.12823290214531E+08
 0.13283638260650E+08
 0.15013411968110E+07
-0.11835662064485E+08
-0.51966127173647E+07
-0.15188001109162E+08
-0.69517696996509E+07
-0.20362278342096E+07
-0.31187083104405E+07
 0.57662964130959E+07
-0.13933528962916E+07
 0.10085907167634E+08
-0.81812917001297E+07
 0.88182511499519E+07
 0.44506853037496E+07
 0.21133448215103E+07
-0.78495616811280E+07
-0.30403689978590E+08
-0.18034239808054E+08
-0.14771113773458E+08
-0.15399718936891E+08
-0.67222306060887E+07
-0.36519095432432E+07
 0.12623683526632E+08
-0.17085520190334E+08
-0.11009284353166E+08
-0.71041707013678E+07
-0.82174435125769E+07
 0.24784935780049E+07
-0.49554376371378E+07
-0.11704854735458E+08
-0.83833378061513E+07
-0.17601699619903E+08
-0.13169346542665E+08
-0.43310583464575E+07
 0.23772255318200E+07
-0.16480842567724E+08
-0.49574270825943E+07
-0.64000881234805E+07
-0.60474332988647E+07
-0.73928408327277E+07
-0.77024784260450E+07
-0.77922672049153E+07
-0.77624731149693E+07
-0.80413590809202E+07
-0.66134724228452E+07
-0.81089668199498E+07
-0.83818024027167E+07
-0.80528221970254E+07
-0.77803296752370E+07
-0.81983857950705E+07
-0.73581213118596E+07
-0.83994075408600E+07
-0.86958720421542E+07
-0.82758465174357E+07
-0.79752597590809E+07
-0.93552990556428E+07
-0.90341846708247E+07
-0.93939664957590E+07
-0.90906110896857E+07
-0.97717826182016E+07
-0.97006623857594E+07
-0.98456275086069E+07
-0.92390661815189E+07
-0.99075433470332E+07
-0.10349340583089E+08
-0.97134327996149E+07
-0.10547546035730E+08
-0.10843885815358E+08
-0.11047901892165E+08
-0.98656310616904E+07
-0.10033087757138E+08
-0.11404059527851E+08
-0.10158246357651E+08
-0.11037676716774E+08
-0.11698508848624E+08
-0.11681946876269E+08
-0.11426296396121E+08
-0.10661616186348E+08
-0.12117842239901E+08
-0.11641144167606E+08
-0.11394320269345E+08
-0.12344435582328E+08
-0.11306547714780E+08
-0.11730212334079E+08
-0.12677579782366E+08
-0.12920478750269E+08
-0.11747008016840E+08
-0.12892567372846E+08
-0.12679057966680E+08
-0.13117896174843E+08
-0.11993286207968E+08
-0.13420638795113E+08
-0.12753813216875E+08
-0.12119649584932E+08
-0.13444341994086E+08
-0.13710675173183E+08
-0.13992764515180E+08
-0.12993607829727E+08
-0.13818876340159E+08
-0.14378224410374E+08
-0.14093191833284E+08
-0.14578041192866E+08
-0.13605825727147E+08
-0.11158146668307E+08
-0.14876152824001E+08
-0.14944170994678E+08
-0.14862764563698E+08
-0.14963663465441E+08
-0.14704471093882E+08
-0.15214489931555E+08
-0.15380603792936E+08
-0.15169948126875E+08
-0.15604075716259E+08
-0.15709761720453E+08
-0.15286236492686E+08
-0.15726272676365E+08
-0.16141864423365E+08
-0.16112032156998E+08
