 0.62217284805199E+01
 0.62217284809304E+01
 0.62217284916181E+01
 0.62217284463743E+01
 0.62217284709287E+01
 0.62217285246637E+01
 0.62217284861928E+01
 0.62217284315408E+01
 0.62217284283682E+01
 0.62217284775152E+01
 0.62217284425442E+01
 0.62217284229875E+01
 0.62217283786069E+01
 0.62217284472591E+01
 0.62217284630767E+01
 0.62217284578224E+01
 0.62217284577451E+01
 0.62217284407875E+01
 0.62217284585552E+01
 0.62217284667386E+01
 0.62217284309868E+01
 0.62217284509184E+01
 0.62217284367074E+01
 0.62217284523366E+01
 0.62217284556987E+01
 0.62217284570313E+01
 0.62217284665152E+01
 0.62217284793367E+01
 0.62217284576725E+01
 0.62217284757144E+01
 0.62217284459705E+01
 0.62217284598143E+01
 0.62217284402009E+01
 0.62217284606682E+01
 0.62217284556404E+01
 0.62217284909045E+01
 0.62217284561583E+01
 0.62217284711979E+01
 0.62217284979202E+01
 0.62217284750627E+01
 0.62217285026077E+01
 0.62217285145764E+01
 0.62217284974302E+01
 0.62217284825414E+01
 0.62217284879190E+01
 0.62217284975772E+01
 0.62217285167245E+01
 0.62217285449473E+01
 0.62217285532086E+01
 0.62217285727113E+01
 0.62217286079703E+01
 0.62217285885981E+01
 0.62217286810790E+01
 0.62217287490556E+01
 0.62217287914948E+01
 0.62217288672323E+01
 0.62217289590221E+01
 0.62217290653619E+01
 0.62217300304179E+01
 0.62217302257745E+01
 0.62217302084672E+01
 0.62217302084672E+01
 0.62217302084672E+01
 0.62217302084672E+01
 0.62217302084672E+01
 0.62217302084672E+01
 0.62217302084672E+01
 0.62217302084672E+01
 0.62217302084672E+01
 0.62217302084672E+01
 0.62217302084672E+01
 0.62217302084672E+01
 0.62217302084672E+01
 0.62217302084672E+01
 0.62217302084672E+01
 0.62217302084672E+01
 0.62217302084672E+01
 0.62217302084672E+01
 0.62217302084672E+01
 0.62217302060019E+01
 0.62217301331453E+01
 0.62217300668949E+01
 0.62217300234107E+01
 0.62217298541969E+01
 0.62217298400365E+01
 0.62217298374533E+01
 0.62217298342151E+01
 0.62217298257393E+01
 0.62217298185624E+01
 0.62217298056223E+01
 0.62217297982758E+01
 0.62217297949666E+01
 0.62217297944906E+01
 0.62217297949548E+01
 0.62217297957555E+01
 0.62217297965263E+01
 0.62217291677379E+01
 0.62217291666738E+01
 0.62217291638781E+01
 0.62217291609315E+01
 0.62217291599116E+01
 0.62217298069846E+01
 0.62217297732836E+01
 0.62217297603684E+01
 0.62217291971176E+01
 0.62217291933443E+01
 0.62217291918627E+01
 0.62217291911929E+01
 0.62217291732016E+01
 0.62217291643644E+01
 0.62217291598323E+01
 0.62217294008736E+01
 0.62217294008954E+01
 0.62217294010785E+01
 0.62217293817549E+01
 0.62217293788592E+01
 0.62217293780781E+01
 0.62217293785300E+01
 0.62217293814756E+01
 0.62217293648227E+01
 0.62217293643606E+01
 0.62217293632547E+01
 0.62217293661309E+01
 0.62217293747716E+01
 0.62217293570396E+01
 0.62217293592355E+01
 0.62217293693912E+01
 0.62217293671561E+01
 0.62217294297571E+01
 0.62217294334001E+01
 0.62217294274915E+01
 0.62217294313227E+01
 0.62217294380301E+01
 0.62217294362322E+01
 0.62217294475421E+01
 0.62217295144442E+01
 0.62217295216364E+01
 0.62217295511575E+01
 0.62217295591735E+01
 0.62217296067540E+01
 0.62217296149912E+01
 0.62217296817164E+01
 0.62217296803075E+01
 0.62217296576749E+01
 0.62217296534961E+01
 0.62217296166410E+01
 0.62217296323796E+01
 0.62217296013868E+01
 0.62217295873172E+01
 0.62217295795860E+01
 0.62217296042684E+01
 0.62217296290101E+01
 0.62217295784054E+01
 0.62217295784912E+01
 0.62217295808630E+01
 0.62217295569006E+01
 0.62217295925803E+01
 0.62217295585697E+01
 0.62217295547109E+01
 0.62217295314338E+01
 0.62217295273657E+01
 0.62217295413938E+01
 0.62217295455391E+01
 0.62217295384470E+01
 0.62217295248954E+01
 0.62217295246462E+01
 0.62217295168528E+01
 0.62217295129657E+01
 0.62217294882449E+01
 0.62217294946464E+01
 0.62217294882717E+01
 0.62217302676136E+01
 0.62217302411303E+01
 0.62217302691664E+01
 0.62217302486953E+01
 0.62217302283001E+01
 0.62217302318322E+01
 0.62217302302106E+01
 0.62217302306080E+01
 0.62217293737160E+01
 0.62217293784406E+01
 0.62217296317805E+01
 0.62217296219301E+01
 0.62217296399679E+01
 0.62217291834156E+01
 0.62217297839972E+01
 0.62217297990993E+01
 0.62217299350742E+01
 0.62217293633460E+01
 0.62217293605118E+01
 0.62217297232587E+01
 0.62217289622794E+01
 0.62217289613010E+01
 0.62217292129583E+01
 0.62217292915839E+01
 0.62217292159757E+01
 0.62217292783316E+01
 0.62217292038726E+01
 0.62217292146514E+01
 0.62217293080196E+01
 0.62217292373933E+01
