 0.10138465651892E+02
 0.10138465708706E+02
 0.10138465806234E+02
 0.10138465709067E+02
 0.10138465803309E+02
 0.10138465958477E+02
 0.10138465858922E+02
 0.10138465753651E+02
 0.10138465756175E+02
 0.10138465870282E+02
 0.10138465835886E+02
 0.10138465799955E+02
 0.10138465688811E+02
 0.10138465923597E+02
 0.10138465980019E+02
 0.10138465972100E+02
 0.10138465983759E+02
 0.10138465986247E+02
 0.10138466030082E+02
 0.10138466064578E+02
 0.10138465982260E+02
 0.10138466058538E+02
 0.10138466014267E+02
 0.10138466086363E+02
 0.10138466075453E+02
 0.10138466093805E+02
 0.10138466110504E+02
 0.10138466149884E+02
 0.10138466121310E+02
 0.10138466127092E+02
 0.10138466073706E+02
 0.10138466086324E+02
 0.10138466062130E+02
 0.10138466086451E+02
 0.10138466081861E+02
 0.10138466160022E+02
 0.10138466073782E+02
 0.10138466108618E+02
 0.10138466150726E+02
 0.10138466105891E+02
 0.10138466157470E+02
 0.10138466185350E+02
 0.10138466145884E+02
 0.10138466114320E+02
 0.10138466135002E+02
 0.10138466111254E+02
 0.10138466113801E+02
 0.10138466163384E+02
 0.10138466137903E+02
 0.10138466104531E+02
 0.10138466119225E+02
 0.10138466028285E+02
 0.10138466137718E+02
 0.10138466069622E+02
 0.10138465940134E+02
 0.10138466045999E+02
 0.10138466057362E+02
 0.10138466252851E+02
 0.10138465488057E+02
 0.10138460366158E+02
 0.10138460244702E+02
 0.10138460244702E+02
 0.10138460244702E+02
 0.10138460244702E+02
 0.10138460244702E+02
 0.10138460244702E+02
 0.10138460244702E+02
 0.10138460244702E+02
 0.10138460244702E+02
 0.10138460244702E+02
 0.10138460244702E+02
 0.10138460244702E+02
 0.10138460244702E+02
 0.10138460244702E+02
 0.10138460244702E+02
 0.10138460244702E+02
 0.10138460244702E+02
 0.10138460244702E+02
 0.10138460244702E+02
 0.10138460242571E+02
 0.10138460336119E+02
 0.10138460287547E+02
 0.10138460171654E+02
 0.10138458104926E+02
 0.10138458157394E+02
 0.10138458172581E+02
 0.10138458185519E+02
 0.10138458218577E+02
 0.10138458248051E+02
 0.10138458290747E+02
 0.10138458326782E+02
 0.10138458352434E+02
 0.10138458376694E+02
 0.10138458384048E+02
 0.10138458390332E+02
 0.10138458392813E+02
 0.10138458466180E+02
 0.10138458465106E+02
 0.10138458452481E+02
 0.10138458459074E+02
 0.10138458458606E+02
 0.10138461860957E+02
 0.10138461807667E+02
 0.10138461786844E+02
 0.10138462357990E+02
 0.10138462352922E+02
 0.10138462350816E+02
 0.10138462349477E+02
 0.10138462319312E+02
 0.10138462302947E+02
 0.10138462291778E+02
 0.10138464527881E+02
 0.10138464518972E+02
 0.10138464514675E+02
 0.10138464472576E+02
 0.10138464456887E+02
 0.10138464445772E+02
 0.10138464439205E+02
 0.10138464426353E+02
 0.10138464385149E+02
 0.10138464368828E+02
 0.10138464363778E+02
 0.10138464352172E+02
 0.10138464327113E+02
 0.10138464294887E+02
 0.10138464274132E+02
 0.10138464239411E+02
 0.10138464243696E+02
 0.10138466057267E+02
 0.10138466023808E+02
 0.10138466029727E+02
 0.10138466012853E+02
 0.10138465989960E+02
 0.10138465924945E+02
 0.10138465868390E+02
 0.10138465633564E+02
 0.10138465636660E+02
 0.10138467612204E+02
 0.10138467563555E+02
 0.10138467530219E+02
 0.10138467685502E+02
 0.10138467710131E+02
 0.10138467876778E+02
 0.10138467852497E+02
 0.10138467757095E+02
 0.10138467779515E+02
 0.10138467675132E+02
 0.10138467746576E+02
 0.10138467707028E+02
 0.10138467712797E+02
 0.10138467626902E+02
 0.10138467528096E+02
 0.10138467695772E+02
 0.10138467630661E+02
 0.10138467599263E+02
 0.10138467662097E+02
 0.10138467532446E+02
 0.10138467632125E+02
 0.10138467586056E+02
 0.10138467629298E+02
 0.10138467629961E+02
 0.10138467572118E+02
 0.10138467555617E+02
 0.10138467504390E+02
 0.10138467529227E+02
 0.10138467515459E+02
 0.10138467526127E+02
 0.10138467533046E+02
 0.10138467549755E+02
 0.10138467506498E+02
 0.10138467513272E+02
 0.10138467158429E+02
 0.10138467243539E+02
 0.10138467151307E+02
 0.10138467161431E+02
 0.10138467206817E+02
 0.10138467202619E+02
 0.10138467202226E+02
 0.10138467199080E+02
 0.10138462954501E+02
 0.10138462954208E+02
 0.10138465737560E+02
 0.10138465807178E+02
 0.10138465752878E+02
 0.10138460993978E+02
 0.10138465399050E+02
 0.10138465392536E+02
 0.10138465406571E+02
 0.10138462377284E+02
 0.10138462331517E+02
 0.10138461590564E+02
 0.10138461020516E+02
 0.10138461032909E+02
 0.10138459904224E+02
 0.10138459769815E+02
 0.10138459923140E+02
 0.10138459828870E+02
 0.10138459898205E+02
 0.10138459931222E+02
 0.10138459777215E+02
 0.10138459862280E+02
