 0.84539107022857E+02
 0.84539107344806E+02
 0.84539107085105E+02
 0.84539107690276E+02
 0.84539107436983E+02
 0.84539106565615E+02
 0.84539107278047E+02
 0.84539107811495E+02
 0.84539108150411E+02
 0.84539107747050E+02
 0.84539107797977E+02
 0.84539108119275E+02
 0.84539108540518E+02
 0.84539107454998E+02
 0.84539107560953E+02
 0.84539107686226E+02
 0.84539107629115E+02
 0.84539107643020E+02
 0.84539107495557E+02
 0.84539107546848E+02
 0.84539107917864E+02
 0.84539107528276E+02
 0.84539107777272E+02
 0.84539107432739E+02
 0.84539107824319E+02
 0.84539107611915E+02
 0.84539107775815E+02
 0.84539107484064E+02
 0.84539107388521E+02
 0.84539107831399E+02
 0.84539107736889E+02
 0.84539108081553E+02
 0.84539107873117E+02
 0.84539107885975E+02
 0.84539108026116E+02
 0.84539107735098E+02
 0.84539108015987E+02
 0.84539107780719E+02
 0.84539107965406E+02
 0.84539108040305E+02
 0.84539107941009E+02
 0.84539107949576E+02
 0.84539107976772E+02
 0.84539107944408E+02
 0.84539107811853E+02
 0.84539108060373E+02
 0.84539108034116E+02
 0.84539107799509E+02
 0.84539107849798E+02
 0.84539107977298E+02
 0.84539107910925E+02
 0.84539107679894E+02
 0.84539107635916E+02
 0.84539107531899E+02
 0.84539107301046E+02
 0.84539107548651E+02
 0.84539107704661E+02
 0.84539108248725E+02
 0.84539092689004E+02
 0.84539079580180E+02
 0.84539079599647E+02
 0.84539079599647E+02
 0.84539079599647E+02
 0.84539079599647E+02
 0.84539079599647E+02
 0.84539079599647E+02
 0.84539079599647E+02
 0.84539079599647E+02
 0.84539079599647E+02
 0.84539079599647E+02
 0.84539079599647E+02
 0.84539079599647E+02
 0.84539079599647E+02
 0.84539079599647E+02
 0.84539079599647E+02
 0.84539079599647E+02
 0.84539079599647E+02
 0.84539079599647E+02
 0.84539079599647E+02
 0.84539079563569E+02
 0.84539079532699E+02
 0.84539078714036E+02
 0.84539077887812E+02
 0.84539075304747E+02
 0.84539075435559E+02
 0.84539075468130E+02
 0.84539075498258E+02
 0.84539075572521E+02
 0.84539075607333E+02
 0.84539075637197E+02
 0.84539075655172E+02
 0.84539075674183E+02
 0.84539075707836E+02
 0.84539075727492E+02
 0.84539075752033E+02
 0.84539075765521E+02
 0.84539088300280E+02
 0.84539088308066E+02
 0.84539088260649E+02
 0.84539088283214E+02
 0.84539088307291E+02
 0.84539084975562E+02
 0.84539084983611E+02
 0.84539084989436E+02
 0.84539095690942E+02
 0.84539095682990E+02
 0.84539095672530E+02
 0.84539095666228E+02
 0.84539095658571E+02
 0.84539095644337E+02
 0.84539095629483E+02
 0.84539097161602E+02
 0.84539097146375E+02
 0.84539097138904E+02
 0.84539097125623E+02
 0.84539097116270E+02
 0.84539097107649E+02
 0.84539097102459E+02
 0.84539097096754E+02
 0.84539097085549E+02
 0.84539097078307E+02
 0.84539097076782E+02
 0.84539097070036E+02
 0.84539097046410E+02
 0.84539097040425E+02
 0.84539097022026E+02
 0.84539096960136E+02
 0.84539096969805E+02
 0.84539100213613E+02
 0.84539100143697E+02
 0.84539100170563E+02
 0.84539100129659E+02
 0.84539100056493E+02
 0.84539099926379E+02
 0.84539099777450E+02
 0.84539099041215E+02
 0.84539099201111E+02
 0.84539102718202E+02
 0.84539102806074E+02
 0.84539103039761E+02
 0.84539103809112E+02
 0.84539103925630E+02
 0.84539104450987E+02
 0.84539104529375E+02
 0.84539104411391E+02
 0.84539104652586E+02
 0.84539104393177E+02
 0.84539104700782E+02
 0.84539104643569E+02
 0.84539104692809E+02
 0.84539104430155E+02
 0.84539104086259E+02
 0.84539104657278E+02
 0.84539104535980E+02
 0.84539104452428E+02
 0.84539104673604E+02
 0.84539104242205E+02
 0.84539104585459E+02
 0.84539104521945E+02
 0.84539104687658E+02
 0.84539104699622E+02
 0.84539104507736E+02
 0.84539104470912E+02
 0.84539104379475E+02
 0.84539104485318E+02
 0.84539104447265E+02
 0.84539104483626E+02
 0.84539104512581E+02
 0.84539104649572E+02
 0.84539104511787E+02
 0.84539104546392E+02
 0.84539090920503E+02
 0.84539091211585E+02
 0.84539090912767E+02
 0.84539091012030E+02
 0.84539091174368E+02
 0.84539091151861E+02
 0.84539091156261E+02
 0.84539091149358E+02
 0.84539095965705E+02
 0.84539095938203E+02
 0.84539098644379E+02
 0.84539098835249E+02
 0.84539098649534E+02
 0.84539094604939E+02
 0.84539094852178E+02
 0.84539094777623E+02
 0.84539094300049E+02
 0.84539096427748E+02
 0.84539096343018E+02
 0.84539087942602E+02
 0.84539097715710E+02
 0.84539097737267E+02
 0.84539092050476E+02
 0.84539091427272E+02
 0.84539092069896E+02
 0.84539091626799E+02
 0.84539092052256E+02
 0.84539092091730E+02
 0.84539091368097E+02
 0.84539091863542E+02
