 0.13775863660339E+03
 0.13775863789089E+03
 0.13775863855624E+03
 0.13775863922388E+03
 0.13775863954799E+03
 0.13775863904668E+03
 0.13775863970668E+03
 0.13775864035563E+03
 0.13775864101245E+03
 0.13775864081743E+03
 0.13775864120736E+03
 0.13775864167572E+03
 0.13775864183460E+03
 0.13775864173587E+03
 0.13775864232494E+03
 0.13775864253781E+03
 0.13775864260488E+03
 0.13775864303681E+03
 0.13775864299873E+03
 0.13775864336985E+03
 0.13775864364750E+03
 0.13775864360779E+03
 0.13775864372665E+03
 0.13775864379879E+03
 0.13775864421419E+03
 0.13775864408793E+03
 0.13775864437192E+03
 0.13775864414771E+03
 0.13775864408343E+03
 0.13775864448421E+03
 0.13775864426338E+03
 0.13775864468996E+03
 0.13775864445583E+03
 0.13775864435407E+03
 0.13775864463139E+03
 0.13775864443839E+03
 0.13775864449364E+03
 0.13775864425060E+03
 0.13775864453204E+03
 0.13775864455098E+03
 0.13775864448012E+03
 0.13775864460791E+03
 0.13775864449561E+03
 0.13775864434366E+03
 0.13775864428961E+03
 0.13775864415804E+03
 0.13775864372592E+03
 0.13775864339245E+03
 0.13775864294524E+03
 0.13775864226774E+03
 0.13775864157856E+03
 0.13775864039535E+03
 0.13775863976296E+03
 0.13775863716308E+03
 0.13775863408779E+03
 0.13775863425279E+03
 0.13775863262904E+03
 0.13775863381733E+03
 0.13775857670275E+03
 0.13775848142121E+03
 0.13775848018583E+03
 0.13775848018583E+03
 0.13775848018583E+03
 0.13775848018583E+03
 0.13775848018583E+03
 0.13775848018583E+03
 0.13775848018583E+03
 0.13775848018583E+03
 0.13775848018583E+03
 0.13775848018583E+03
 0.13775848018583E+03
 0.13775848018583E+03
 0.13775848018583E+03
 0.13775848018583E+03
 0.13775848018583E+03
 0.13775848018583E+03
 0.13775848018583E+03
 0.13775848018583E+03
 0.13775848018583E+03
 0.13775848015267E+03
 0.13775848298662E+03
 0.13775848245950E+03
 0.13775848050122E+03
 0.13775845195661E+03
 0.13775845319622E+03
 0.13775845351285E+03
 0.13775845380944E+03
 0.13775845456730E+03
 0.13775845518341E+03
 0.13775845609874E+03
 0.13775845678033E+03
 0.13775845723312E+03
 0.13775845762814E+03
 0.13775845774982E+03
 0.13775845785746E+03
 0.13775845789609E+03
 0.13775849324100E+03
 0.13775849326264E+03
 0.13775849307574E+03
 0.13775849326734E+03
 0.13775849332279E+03
 0.13775851979666E+03
 0.13775851983188E+03
 0.13775851984440E+03
 0.13775855751456E+03
 0.13775855751628E+03
 0.13775855750342E+03
 0.13775855748979E+03
 0.13775855746580E+03
 0.13775855741591E+03
 0.13775855734029E+03
 0.13775858488343E+03
 0.13775858473708E+03
 0.13775858466246E+03
 0.13775858449665E+03
 0.13775858433234E+03
 0.13775858418456E+03
 0.13775858407687E+03
 0.13775858382773E+03
 0.13775858361832E+03
 0.13775858339498E+03
 0.13775858334837E+03
 0.13775858311600E+03
 0.13775858254569E+03
 0.13775858249066E+03
 0.13775858213005E+03
 0.13775858133256E+03
 0.13775858145602E+03
 0.13775860999810E+03
 0.13775860934888E+03
 0.13775860960390E+03
 0.13775860922315E+03
 0.13775860864434E+03
 0.13775860758872E+03
 0.13775860632717E+03
 0.13775860045539E+03
 0.13775860059876E+03
 0.13775863251945E+03
 0.13775863182412E+03
 0.13775863069846E+03
 0.13775863387969E+03
 0.13775863292681E+03
 0.13775863607844E+03
 0.13775863637738E+03
 0.13775863498134E+03
 0.13775863649504E+03
 0.13775863430553E+03
 0.13775863646376E+03
 0.13775863614469E+03
 0.13775863647450E+03
 0.13775863433287E+03
 0.13775863188211E+03
 0.13775863621141E+03
 0.13775863512714E+03
 0.13775863451184E+03
 0.13775863625659E+03
 0.13775863300195E+03
 0.13775863566875E+03
 0.13775863502472E+03
 0.13775863639770E+03
 0.13775863651629E+03
 0.13775863510704E+03
 0.13775863473104E+03
 0.13775863404302E+03
 0.13775863485302E+03
 0.13775863460946E+03
 0.13775863498622E+03
 0.13775863521348E+03
 0.13775863621110E+03
 0.13775863525708E+03
 0.13775863554666E+03
 0.13775859126560E+03
 0.13775859348275E+03
 0.13775859112183E+03
 0.13775859187441E+03
 0.13775859320722E+03
 0.13775859303529E+03
 0.13775859307303E+03
 0.13775859301024E+03
 0.13775856215735E+03
 0.13775856200395E+03
 0.13775859862379E+03
 0.13775860009888E+03
 0.13775859865905E+03
 0.13775853751446E+03
 0.13775858447442E+03
 0.13775858393004E+03
 0.13775858033183E+03
 0.13775855529681E+03
 0.13775855459963E+03
 0.13775852281131E+03
 0.13775854784042E+03
 0.13775854806561E+03
 0.13775851789052E+03
 0.13775851330778E+03
 0.13775851811238E+03
 0.13775851472877E+03
 0.13775851801280E+03
 0.13775851828709E+03
 0.13775851294800E+03
 0.13775851647495E+03
