 0.84038982486304E+09
 0.84038982471519E+09
 0.84038982478173E+09
 0.84038982456898E+09
 0.84038982472058E+09
 0.84038982483517E+09
 0.84038982482198E+09
 0.84038982474780E+09
 0.84038982453696E+09
 0.84038982465457E+09
 0.84038982463246E+09
 0.84038982452938E+09
 0.84038982453207E+09
 0.84038982477638E+09
 0.84038982466949E+09
 0.84038982469019E+09
 0.84038982472079E+09
 0.84038982464157E+09
 0.84038982468821E+09
 0.84038982471295E+09
 0.84038982469474E+09
 0.84038982469018E+09
 0.84038982482546E+09
 0.84038982477310E+09
 0.84038982462489E+09
 0.84038982476120E+09
 0.84038982460672E+09
 0.84038982486408E+09
 0.84038982490558E+09
 0.84038982463601E+09
 0.84038982484229E+09
 0.84038982450808E+09
 0.84038982466340E+09
 0.84038982482528E+09
 0.84038982454896E+09
 0.84038982479989E+09
 0.84038982470061E+09
 0.84038982475734E+09
 0.84038982470228E+09
 0.84038982471516E+09
 0.84038982484043E+09
 0.84038982472041E+09
 0.84038982478772E+09
 0.84038982486574E+09
 0.84038982475347E+09
 0.84038982480709E+09
 0.84038982471853E+09
 0.84038982458703E+09
 0.84038982483124E+09
 0.84038982457638E+09
 0.84038982428685E+09
 0.84038982471501E+09
 0.84038982482809E+09
 0.84038982475086E+09
 0.84038982449744E+09
 0.84038982455988E+09
 0.84038982445084E+09
 0.84038982445712E+09
 0.84038982921217E+09
 0.84038982884882E+09
 0.84038982884754E+09
 0.84038982884754E+09
 0.84038982884754E+09
 0.84038982884754E+09
 0.84038982884754E+09
 0.84038982884754E+09
 0.84038982884754E+09
 0.84038982884754E+09
 0.84038982884754E+09
 0.84038982884754E+09
 0.84038982884754E+09
 0.84038982884754E+09
 0.84038982884754E+09
 0.84038982884754E+09
 0.84038982884754E+09
 0.84038982884754E+09
 0.84038982884754E+09
 0.84038982884754E+09
 0.84038982884754E+09
 0.84038982884735E+09
 0.84038982884707E+09
 0.84038982884485E+09
 0.84038982884321E+09
 0.84038982841600E+09
 0.84038982841654E+09
 0.84038982841682E+09
 0.84038982841700E+09
 0.84038982841787E+09
 0.84038982841876E+09
 0.84038982842010E+09
 0.84038982842102E+09
 0.84038982842156E+09
 0.84038982842196E+09
 0.84038982842209E+09
 0.84038982842219E+09
 0.84038982842222E+09
 0.84038982656601E+09
 0.84038982656597E+09
 0.84038982656563E+09
 0.84038982656575E+09
 0.84038982656580E+09
 0.84038982895162E+09
 0.84038982895118E+09
 0.84038982895101E+09
 0.84038982560338E+09
 0.84038982560330E+09
 0.84038982560323E+09
 0.84038982560319E+09
 0.84038982560296E+09
 0.84038982560280E+09
 0.84038982560265E+09
 0.84038982685088E+09
 0.84038982685071E+09
 0.84038982685062E+09
 0.84038982685027E+09
 0.84038982685003E+09
 0.84038982684983E+09
 0.84038982684968E+09
 0.84038982684935E+09
 0.84038982684895E+09
 0.84038982684861E+09
 0.84038982684853E+09
 0.84038982684819E+09
 0.84038982684735E+09
 0.84038982684718E+09
 0.84038982684662E+09
 0.84038982684550E+09
 0.84038982684572E+09
 0.84038982717044E+09
 0.84038982716970E+09
 0.84038982717007E+09
 0.84038982716979E+09
 0.84038982716934E+09
 0.84038982716884E+09
 0.84038982716845E+09
 0.84038982716699E+09
 0.84038982716801E+09
 0.84038982575831E+09
 0.84038982575896E+09
 0.84038982575920E+09
 0.84038982576126E+09
 0.84038982576175E+09
 0.84038982576271E+09
 0.84038982576268E+09
 0.84038982576178E+09
 0.84038982576187E+09
 0.84038982576079E+09
 0.84038982576178E+09
 0.84038982576176E+09
 0.84038982576202E+09
 0.84038982576119E+09
 0.84038982576035E+09
 0.84038982576142E+09
 0.84038982576153E+09
 0.84038982576164E+09
 0.84038982576191E+09
 0.84038982576056E+09
 0.84038982576110E+09
 0.84038982576075E+09
 0.84038982576187E+09
 0.84038982576094E+09
 0.84038982576157E+09
 0.84038982576066E+09
 0.84038982575947E+09
 0.84038982576179E+09
 0.84038982576080E+09
 0.84038982576066E+09
 0.84038982576229E+09
 0.84038982576348E+09
 0.84038982576315E+09
 0.84038982576525E+09
 0.84038982988446E+09
 0.84038982988806E+09
 0.84038982988445E+09
 0.84038982988275E+09
 0.84038982988297E+09
 0.84038982988439E+09
 0.84038982988259E+09
 0.84038982988279E+09
 0.84038982689299E+09
 0.84038982688473E+09
 0.84038982772678E+09
 0.84038982773307E+09
 0.84038982773425E+09
 0.84038982600881E+09
 0.84038982858840E+09
 0.84038982858879E+09
 0.84038982859079E+09
 0.84038982731231E+09
 0.84038982730530E+09
 0.84038982898363E+09
 0.84038982553828E+09
 0.84038982552467E+09
 0.84038982633891E+09
 0.84038982635436E+09
 0.84038982635175E+09
 0.84038982634872E+09
 0.84038982637255E+09
 0.84038982632203E+09
 0.84038982632325E+09
 0.84038982635103E+09
