 0.45387138470679E+03
 0.45387137832028E+03
 0.45387138302934E+03
 0.45387136981414E+03
 0.45387137495732E+03
 0.45387139345719E+03
 0.45387137771475E+03
 0.45387136564923E+03
 0.45387136028648E+03
 0.45387136929606E+03
 0.45387136774131E+03
 0.45387136187107E+03
 0.45387135166962E+03
 0.45387137562156E+03
 0.45387137572915E+03
 0.45387137337723E+03
 0.45387137453062E+03
 0.45387137502806E+03
 0.45387137817455E+03
 0.45387137830717E+03
 0.45387137005069E+03
 0.45387137897443E+03
 0.45387137314849E+03
 0.45387138148152E+03
 0.45387137537618E+03
 0.45387137901595E+03
 0.45387137759268E+03
 0.45387138259818E+03
 0.45387138377898E+03
 0.45387137719017E+03
 0.45387137667923E+03
 0.45387137258032E+03
 0.45387137499246E+03
 0.45387137429896E+03
 0.45387137338753E+03
 0.45387137922244E+03
 0.45387137241535E+03
 0.45387137666076E+03
 0.45387137531148E+03
 0.45387137267701E+03
 0.45387137493752E+03
 0.45387137618067E+03
 0.45387137429903E+03
 0.45387137352333E+03
 0.45387137657486E+03
 0.45387137072354E+03
 0.45387137042113E+03
 0.45387137590719E+03
 0.45387137327676E+03
 0.45387137089025E+03
 0.45387137339538E+03
 0.45387137436179E+03
 0.45387137816314E+03
 0.45387138530055E+03
 0.45387140417533E+03
 0.45387140706695E+03
 0.45387142453598E+03
 0.45387143355862E+03
 0.45387161064395E+03
 0.45387157867189E+03
 0.45387159700832E+03
 0.45387159700832E+03
 0.45387159700832E+03
 0.45387159700832E+03
 0.45387159700832E+03
 0.45387159700832E+03
 0.45387159700832E+03
 0.45387159700832E+03
 0.45387159700832E+03
 0.45387159700832E+03
 0.45387159700832E+03
 0.45387159700832E+03
 0.45387159700832E+03
 0.45387159700832E+03
 0.45387159700832E+03
 0.45387159700832E+03
 0.45387159700832E+03
 0.45387159700832E+03
 0.45387159700832E+03
 0.45387159648164E+03
 0.45387157461950E+03
 0.45387154879101E+03
 0.45387153512965E+03
 0.45387146970605E+03
 0.45387146507574E+03
 0.45387146390297E+03
 0.45387146288015E+03
 0.45387146165136E+03
 0.45387146157265E+03
 0.45387146243427E+03
 0.45387146333041E+03
 0.45387146412124E+03
 0.45387146485682E+03
 0.45387146513085E+03
 0.45387146517661E+03
 0.45387146507196E+03
 0.45387129691080E+03
 0.45387129664014E+03
 0.45387129633828E+03
 0.45387129690995E+03
 0.45387129646054E+03
 0.45387148454531E+03
 0.45387148295434E+03
 0.45387148217959E+03
 0.45387136310612E+03
 0.45387136321453E+03
 0.45387136332623E+03
 0.45387136333660E+03
 0.45387136259347E+03
 0.45387136218672E+03
 0.45387136183153E+03
 0.45387143166805E+03
 0.45387143126895E+03
 0.45387143109691E+03
 0.45387142997999E+03
 0.45387142950969E+03
 0.45387142917290E+03
 0.45387142897082E+03
 0.45387142855916E+03
 0.45387142757238E+03
 0.45387142715138E+03
 0.45387142703414E+03
 0.45387142672316E+03
 0.45387142623548E+03
 0.45387142557269E+03
 0.45387142522643E+03
 0.45387142529989E+03
 0.45387142533233E+03
 0.45387145934418E+03
 0.45387146022686E+03
 0.45387145997195E+03
 0.45387146077796E+03
 0.45387146252739E+03
 0.45387146550870E+03
 0.45387147014353E+03
 0.45387149387058E+03
 0.45387149555865E+03
 0.45387152604732E+03
 0.45387153171833E+03
 0.45387154521282E+03
 0.45387154582484E+03
 0.45387155696936E+03
 0.45387155084627E+03
 0.45387155557387E+03
 0.45387156568732E+03
 0.45387156499185E+03
 0.45387157417122E+03
 0.45387156891295E+03
 0.45387156931783E+03
 0.45387156840065E+03
 0.45387157703521E+03
 0.45387158650221E+03
 0.45387156951513E+03
 0.45387157296057E+03
 0.45387157581564E+03
 0.45387156906020E+03
 0.45387158183086E+03
 0.45387157122317E+03
 0.45387157327531E+03
 0.45387156812565E+03
 0.45387156764808E+03
 0.45387157263780E+03
 0.45387157329631E+03
 0.45387157676562E+03
 0.45387157235509E+03
 0.45387157300802E+03
 0.45387157236399E+03
 0.45387157132577E+03
 0.45387156738129E+03
 0.45387157053839E+03
 0.45387156920870E+03
 0.45387174523478E+03
 0.45387173801742E+03
 0.45387174733446E+03
 0.45387174381942E+03
 0.45387173874345E+03
 0.45387173935344E+03
 0.45387173923399E+03
 0.45387173942987E+03
 0.45387150166500E+03
 0.45387150250796E+03
 0.45387158092128E+03
 0.45387157533989E+03
 0.45387158094136E+03
 0.45387143733786E+03
 0.45387161256905E+03
 0.45387161488509E+03
 0.45387163319431E+03
 0.45387146233918E+03
 0.45387146486964E+03
 0.45387154231213E+03
 0.45387138906073E+03
 0.45387138857638E+03
 0.45387142003126E+03
 0.45387143856148E+03
 0.45387141917843E+03
 0.45387143362144E+03
 0.45387141868053E+03
 0.45387141939606E+03
 0.45387144126777E+03
 0.45387142472151E+03
