 0.27852977143501E+03
 0.27852976597333E+03
 0.27852976666228E+03
 0.27852975919640E+03
 0.27852976086281E+03
 0.27852977035843E+03
 0.27852976171049E+03
 0.27852975475161E+03
 0.27852975124925E+03
 0.27852975584357E+03
 0.27852975426886E+03
 0.27852975077805E+03
 0.27852974558429E+03
 0.27852975690619E+03
 0.27852975613029E+03
 0.27852975466930E+03
 0.27852975505334E+03
 0.27852975453113E+03
 0.27852975605319E+03
 0.27852975555322E+03
 0.27852975114741E+03
 0.27852975542041E+03
 0.27852975242522E+03
 0.27852975625801E+03
 0.27852975296157E+03
 0.27852975475068E+03
 0.27852975384306E+03
 0.27852975640692E+03
 0.27852975694672E+03
 0.27852975355215E+03
 0.27852975337371E+03
 0.27852975113138E+03
 0.27852975239830E+03
 0.27852975222083E+03
 0.27852975156252E+03
 0.27852975457466E+03
 0.27852975121105E+03
 0.27852975353261E+03
 0.27852975274406E+03
 0.27852975133580E+03
 0.27852975253915E+03
 0.27852975307190E+03
 0.27852975223383E+03
 0.27852975195840E+03
 0.27852975350360E+03
 0.27852975099760E+03
 0.27852975159921E+03
 0.27852975486716E+03
 0.27852975432280E+03
 0.27852975464814E+03
 0.27852975736024E+03
 0.27852975958441E+03
 0.27852976305093E+03
 0.27852977234489E+03
 0.27852978938512E+03
 0.27852979164182E+03
 0.27852980615915E+03
 0.27852981108607E+03
 0.27852998397283E+03
 0.27853011380987E+03
 0.27853012762442E+03
 0.27853012762442E+03
 0.27853012762442E+03
 0.27853012762442E+03
 0.27853012762442E+03
 0.27853012762442E+03
 0.27853012762442E+03
 0.27853012762442E+03
 0.27853012762442E+03
 0.27853012762442E+03
 0.27853012762442E+03
 0.27853012762442E+03
 0.27853012762442E+03
 0.27853012762442E+03
 0.27853012762442E+03
 0.27853012762442E+03
 0.27853012762442E+03
 0.27853012762442E+03
 0.27853012762442E+03
 0.27853012724938E+03
 0.27853010800152E+03
 0.27853009051973E+03
 0.27853008337331E+03
 0.27853009242759E+03
 0.27853008751072E+03
 0.27853008625816E+03
 0.27853008513007E+03
 0.27853008308837E+03
 0.27853008190906E+03
 0.27853008068553E+03
 0.27853007991660E+03
 0.27853007954906E+03
 0.27853007931267E+03
 0.27853007929957E+03
 0.27853007919087E+03
 0.27853007909299E+03
 0.27852994573176E+03
 0.27852994554756E+03
 0.27852994558398E+03
 0.27852994562176E+03
 0.27852994531317E+03
 0.27852999623251E+03
 0.27852999521148E+03
 0.27852999472992E+03
 0.27852988075133E+03
 0.27852988078819E+03
 0.27852988084827E+03
 0.27852988086143E+03
 0.27852988042867E+03
 0.27852988023304E+03
 0.27852988011902E+03
 0.27852987233521E+03
 0.27852987233602E+03
 0.27852987235670E+03
 0.27852987196277E+03
 0.27852987197555E+03
 0.27852987203926E+03
 0.27852987211588E+03
 0.27852987234819E+03
 0.27852987212912E+03
 0.27852987229846E+03
 0.27852987231573E+03
 0.27852987257249E+03
 0.27852987334846E+03
 0.27852987303326E+03
 0.27852987348925E+03
 0.27852987494285E+03
 0.27852987474500E+03
 0.27852984859622E+03
 0.27852985022019E+03
 0.27852984963664E+03
 0.27852985076634E+03
 0.27852985276914E+03
 0.27852985630434E+03
 0.27852986120863E+03
 0.27852988521566E+03
 0.27852988648851E+03
 0.27852985224693E+03
 0.27852985742246E+03
 0.27852986874957E+03
 0.27852986522790E+03
 0.27852987437749E+03
 0.27852986597861E+03
 0.27852986853368E+03
 0.27852987717394E+03
 0.27852987448131E+03
 0.27852988368669E+03
 0.27852987710961E+03
 0.27852987781470E+03
 0.27852987674726E+03
 0.27852988551081E+03
 0.27852989514255E+03
 0.27852987784605E+03
 0.27852988175305E+03
 0.27852988447391E+03
 0.27852987752931E+03
 0.27852989052549E+03
 0.27852987975479E+03
 0.27852988210703E+03
 0.27852987671680E+03
 0.27852987622338E+03
 0.27852988150256E+03
 0.27852988254557E+03
 0.27852988576443E+03
 0.27852988176880E+03
 0.27852988253657E+03
 0.27852988149938E+03
 0.27852988049815E+03
 0.27852987651180E+03
 0.27852987992418E+03
 0.27852987863670E+03
 0.27853003129709E+03
 0.27853002334420E+03
 0.27853003285080E+03
 0.27853002949913E+03
 0.27853002422421E+03
 0.27853002487202E+03
 0.27853002473690E+03
 0.27853002496132E+03
 0.27852995729971E+03
 0.27852995803655E+03
 0.27852994103235E+03
 0.27852993525361E+03
 0.27852994099038E+03
 0.27852996316512E+03
 0.27852997656789E+03
 0.27852997884423E+03
 0.27852999578180E+03
 0.27852994855982E+03
 0.27852995124314E+03
 0.27853003536286E+03
 0.27852992290988E+03
 0.27852992222837E+03
 0.27852998380541E+03
 0.27853000238940E+03
 0.27852998289745E+03
 0.27852999714214E+03
 0.27852998273512E+03
 0.27852998274971E+03
 0.27853000458266E+03
 0.27852998892991E+03
