-0.83515062984741E+09
-0.83515181416944E+09
-0.83515496705331E+09
-0.83516008743444E+09
-0.83516717447417E+09
-0.83517623041412E+09
-0.83518725635100E+09
-0.83520025671154E+09
-0.83521523172914E+09
-0.83523218968156E+09
-0.83525113251582E+09
-0.83527206666628E+09
-0.83529499903208E+09
-0.83531993719494E+09
-0.83534688579233E+09
-0.83537585665738E+09
-0.83540686074689E+09
-0.83543989955238E+09
-0.83547499307022E+09
-0.83551214551921E+09
-0.83555137932233E+09
-0.83559269973137E+09
-0.83563611486082E+09
-0.83568168418043E+09
-0.83572929729419E+09
-0.83577921399294E+09
-0.83583113210287E+09
-0.83588529204523E+09
-0.83594202163146E+09
-0.83599999208961E+09
-0.83606127578076E+09
-0.83612523290216E+09
-0.83618795780873E+09
-0.83625902674406E+09
-0.83633076928007E+09
-0.83640121412651E+09
-0.83647486323617E+09
-0.83655590406659E+09
-0.83664128150324E+09
-0.83671202593816E+09
-0.83679486051296E+09
-0.83689501189703E+09
-0.83698042604795E+09
-0.83707441853293E+09
-0.83716734688369E+09
-0.83726759498226E+09
-0.83737296858537E+09
-0.83747608067916E+09
-0.83758735043295E+09
-0.83769763630744E+09
-0.83780875200633E+09
-0.83792981858022E+09
-0.83805611367129E+09
-0.83818331774216E+09
-0.83831506419765E+09
-0.83844499568093E+09
-0.83858754594549E+09
-0.83873049703974E+09
-0.83887824672358E+09
-0.83903148378993E+09
-0.83919031572699E+09
-0.83935495566461E+09
-0.83952614447032E+09
-0.83970428007192E+09
-0.83988997432946E+09
-0.84008397481161E+09
-0.84028719008354E+09
-0.84050073441773E+09
-0.84072599283627E+09
-0.84096471522978E+09
-0.84121915531285E+09
-0.84149228171118E+09
-0.84178810990483E+09
-0.84211224610701E+09
-0.84247282323430E+09
-0.84288221051775E+09
-0.84336037555249E+09
-0.84394214845000E+09
-0.84469499915478E+09
-0.84577081259562E+09
-0.84760279442679E+09
-0.85211505285095E+09
-0.88610884863439E+09
-0.84366509085752E+09
-0.84311397138747E+09
-0.85841363967655E+09
-0.84465237841972E+09
-0.81432528329177E+09
-0.83943844786996E+09
-0.83822150603740E+09
-0.85259941786738E+09
-0.83948332622400E+09
-0.85832008389789E+09
-0.83839718236178E+09
-0.82083692658612E+09
-0.85221452900328E+09
-0.83879991981383E+09
-0.83916739971616E+09
-0.82629755399712E+09
-0.83574656868796E+09
-0.81516731598330E+09
-0.84401287725644E+09
-0.84320606423497E+09
-0.84402354965552E+09
-0.84500395069352E+09
-0.85486095700828E+09
-0.84080863670871E+09
-0.84729527780142E+09
-0.84578328172512E+09
-0.84411650592737E+09
-0.83034043766196E+09
-0.84382139914185E+09
-0.82724705924338E+09
-0.85908401096204E+09
-0.84614214780268E+09
-0.83658524385816E+09
-0.84934020362087E+09
-0.85587807754764E+09
-0.84108111530263E+09
-0.84498904570712E+09
-0.84690998258391E+09
-0.84623952940970E+09
-0.84712917280087E+09
-0.84748151534411E+09
-0.84807994004094E+09
-0.84880168069795E+09
-0.84887706871522E+09
-0.84910535423782E+09
-0.84790919473818E+09
-0.84884762982011E+09
-0.84860055466611E+09
-0.84887991484929E+09
-0.84881160896181E+09
-0.84910484996689E+09
-0.84987721898864E+09
-0.85003759356737E+09
-0.85017691702803E+09
-0.85026029093564E+09
-0.85037073666439E+09
-0.85110384640671E+09
-0.85078516453820E+09
-0.85133091569958E+09
-0.85076977530869E+09
-0.85121531394733E+09
-0.85091750363317E+09
-0.85108894203952E+09
-0.85113000862533E+09
-0.85166849565520E+09
-0.85113336040614E+09
-0.85163374025572E+09
-0.85144835844257E+09
-0.85222812300176E+09
-0.85102235428745E+09
-0.85179283614851E+09
-0.85255592873151E+09
-0.85206939042028E+09
-0.85175748530967E+09
-0.85323286005593E+09
-0.85278949236779E+09
-0.85275680417543E+09
-0.85278102624686E+09
-0.85308390001523E+09
-0.85291191570015E+09
-0.85447031985282E+09
-0.85412554595992E+09
-0.85369722816132E+09
-0.85409458725214E+09
-0.85484808471122E+09
-0.85473316640270E+09
-0.85486964180109E+09
-0.85474747934275E+09
-0.85538378559092E+09
-0.85566789609263E+09
-0.85551520846765E+09
-0.85572436125912E+09
-0.85473353644909E+09
-0.85440542834937E+09
-0.85581188058722E+09
-0.85649781109094E+09
-0.85589463625954E+09
-0.85693129605603E+09
-0.85798666492479E+09
-0.85678250697441E+09
-0.85658347006465E+09
-0.85687878751114E+09
-0.85624195155408E+09
-0.85744731226184E+09
-0.85766284901998E+09
-0.85744330185294E+09
-0.85817451809635E+09
-0.85769285247106E+09
-0.85842685909891E+09
-0.85914347801738E+09
-0.85834538225200E+09
-0.85961280120169E+09
-0.85923270840536E+09
-0.85864200244481E+09
-0.85910763401038E+09
-0.86052897134889E+09
-0.85971689486386E+09
-0.85983054531862E+09
