 0.81759140484460E+07
 0.81759139553757E+07
 0.81759137987254E+07
 0.81759139533703E+07
 0.81759138028471E+07
 0.81759135536994E+07
 0.81759137141386E+07
 0.81759138832034E+07
 0.81759138770807E+07
 0.81759136941872E+07
 0.81759137494484E+07
 0.81759138063968E+07
 0.81759139856820E+07
 0.81759136093831E+07
 0.81759135173441E+07
 0.81759135303175E+07
 0.81759135118107E+07
 0.81759135070281E+07
 0.81759134367818E+07
 0.81759133813848E+07
 0.81759135139755E+07
 0.81759133909057E+07
 0.81759134636235E+07
 0.81759133468343E+07
 0.81759133629896E+07
 0.81759133347162E+07
 0.81759133062807E+07
 0.81759132452697E+07
 0.81759132917600E+07
 0.81759132798110E+07
 0.81759133679225E+07
 0.81759133443186E+07
 0.81759133848513E+07
 0.81759133472007E+07
 0.81759133519155E+07
 0.81759132282949E+07
 0.81759133664204E+07
 0.81759133107879E+07
 0.81759132423380E+07
 0.81759133147752E+07
 0.81759132328054E+07
 0.81759131866710E+07
 0.81759132509789E+07
 0.81759133026453E+07
 0.81759132681959E+07
 0.81759133070207E+07
 0.81759133020507E+07
 0.81759132208012E+07
 0.81759132642749E+07
 0.81759133156183E+07
 0.81759132891023E+07
 0.81759134399402E+07
 0.81759132645420E+07
 0.81759133736193E+07
 0.81759135799979E+07
 0.81759134098613E+07
 0.81759133904742E+07
 0.81759130752402E+07
 0.81759143549992E+07
 0.81759226123277E+07
 0.81759228082065E+07
 0.81759228082065E+07
 0.81759228082065E+07
 0.81759228082065E+07
 0.81759228082065E+07
 0.81759228082065E+07
 0.81759228082065E+07
 0.81759228082065E+07
 0.81759228082065E+07
 0.81759228082065E+07
 0.81759228082065E+07
 0.81759228082065E+07
 0.81759228082065E+07
 0.81759228082065E+07
 0.81759228082065E+07
 0.81759228082065E+07
 0.81759228082065E+07
 0.81759228082065E+07
 0.81759228082065E+07
 0.81759228116409E+07
 0.81759226607594E+07
 0.81759227390770E+07
 0.81759229259803E+07
 0.81759262551522E+07
 0.81759261705343E+07
 0.81759261460430E+07
 0.81759261251779E+07
 0.81759260718689E+07
 0.81759260243404E+07
 0.81759259554903E+07
 0.81759258973795E+07
 0.81759258560127E+07
 0.81759258168888E+07
 0.81759258050283E+07
 0.81759257948948E+07
 0.81759257908932E+07
 0.81759256545041E+07
 0.81759256562372E+07
 0.81759256765950E+07
 0.81759256659629E+07
 0.81759256667184E+07
 0.81759202024369E+07
 0.81759202883815E+07
 0.81759203219641E+07
 0.81759193682221E+07
 0.81759193763964E+07
 0.81759193797926E+07
 0.81759193819513E+07
 0.81759194306006E+07
 0.81759194569938E+07
 0.81759194750062E+07
 0.81759158806482E+07
 0.81759158950146E+07
 0.81759159019448E+07
 0.81759159698407E+07
 0.81759159951422E+07
 0.81759160130673E+07
 0.81759160236570E+07
 0.81759160443815E+07
 0.81759161108345E+07
 0.81759161371546E+07
 0.81759161452982E+07
 0.81759161640136E+07
 0.81759162044214E+07
 0.81759162563963E+07
 0.81759162898648E+07
 0.81759163458539E+07
 0.81759163389460E+07
 0.81759134170855E+07
 0.81759134710425E+07
 0.81759134614999E+07
 0.81759134887117E+07
 0.81759135256308E+07
 0.81759136304860E+07
 0.81759137216958E+07
 0.81759141004215E+07
 0.81759140954382E+07
 0.81759108954666E+07
 0.81759109739363E+07
 0.81759110277050E+07
 0.81759107772776E+07
 0.81759107375586E+07
 0.81759104687922E+07
 0.81759105079532E+07
 0.81759106618142E+07
 0.81759106256551E+07
 0.81759107939980E+07
 0.81759106787793E+07
 0.81759107425640E+07
 0.81759107332621E+07
 0.81759108717903E+07
 0.81759110311413E+07
 0.81759107607143E+07
 0.81759108657299E+07
 0.81759109163723E+07
 0.81759108150329E+07
 0.81759110241276E+07
 0.81759108633644E+07
 0.81759109376633E+07
 0.81759108679322E+07
 0.81759108668531E+07
 0.81759109601519E+07
 0.81759109867568E+07
 0.81759110693663E+07
 0.81759110293309E+07
 0.81759110515261E+07
 0.81759110343196E+07
 0.81759110231761E+07
 0.81759109962384E+07
 0.81759110660015E+07
 0.81759110550965E+07
 0.81759116674799E+07
 0.81759115302456E+07
 0.81759116789670E+07
 0.81759116626216E+07
 0.81759115894227E+07
 0.81759115962079E+07
 0.81759115968233E+07
 0.81759116018993E+07
 0.81759184186856E+07
 0.81759184190766E+07
 0.81759139381378E+07
 0.81759138259152E+07
 0.81759139135051E+07
 0.81759215721168E+07
 0.81759144924863E+07
 0.81759145029962E+07
 0.81759144803795E+07
 0.81759193537305E+07
 0.81759194274768E+07
 0.81759206388536E+07
 0.81759215247375E+07
 0.81759215046166E+07
 0.81759233329405E+07
 0.81759235498739E+07
 0.81759233025569E+07
 0.81759234545715E+07
 0.81759233429763E+07
 0.81759232892337E+07
 0.81759235376360E+07
 0.81759234007086E+07
