 0.21709942679242E+08
 0.21709942672558E+08
 0.21709942599691E+08
 0.21709942909940E+08
 0.21709942742497E+08
 0.21709942370454E+08
 0.21709942638592E+08
 0.21709943018079E+08
 0.21709943034772E+08
 0.21709942694826E+08
 0.21709942938309E+08
 0.21709943072127E+08
 0.21709943381918E+08
 0.21709942909122E+08
 0.21709942795974E+08
 0.21709942833178E+08
 0.21709942834507E+08
 0.21709942950804E+08
 0.21709942828012E+08
 0.21709942771541E+08
 0.21709943020574E+08
 0.21709942881359E+08
 0.21709942984028E+08
 0.21709942873603E+08
 0.21709942846311E+08
 0.21709942840533E+08
 0.21709942770356E+08
 0.21709942687526E+08
 0.21709942839787E+08
 0.21709942706914E+08
 0.21709942919818E+08
 0.21709942814572E+08
 0.21709942955462E+08
 0.21709942816807E+08
 0.21709942844757E+08
 0.21709942605139E+08
 0.21709942845060E+08
 0.21709942741568E+08
 0.21709942553657E+08
 0.21709942713507E+08
 0.21709942524513E+08
 0.21709942437886E+08
 0.21709942559284E+08
 0.21709942665205E+08
 0.21709942624776E+08
 0.21709942558759E+08
 0.21709942422846E+08
 0.21709942222490E+08
 0.21709942171145E+08
 0.21709942028456E+08
 0.21709941774913E+08
 0.21709941921168E+08
 0.21709941278688E+08
 0.21709940802301E+08
 0.21709940499582E+08
 0.21709939972642E+08
 0.21709939329248E+08
 0.21709938587291E+08
 0.21709931975248E+08
 0.21709930602518E+08
 0.21709930723269E+08
 0.21709930723269E+08
 0.21709930723269E+08
 0.21709930723269E+08
 0.21709930723269E+08
 0.21709930723269E+08
 0.21709930723269E+08
 0.21709930723269E+08
 0.21709930723269E+08
 0.21709930723269E+08
 0.21709930723269E+08
 0.21709930723269E+08
 0.21709930723269E+08
 0.21709930723269E+08
 0.21709930723269E+08
 0.21709930723269E+08
 0.21709930723269E+08
 0.21709930723269E+08
 0.21709930723269E+08
 0.21709930740468E+08
 0.21709931248908E+08
 0.21709931711195E+08
 0.21709932014618E+08
 0.21709933184482E+08
 0.21709933283318E+08
 0.21709933301352E+08
 0.21709933323956E+08
 0.21709933383129E+08
 0.21709933433237E+08
 0.21709933523578E+08
 0.21709933574871E+08
 0.21709933597979E+08
 0.21709933601311E+08
 0.21709933598075E+08
 0.21709933592490E+08
 0.21709933587111E+08
 0.21709937927314E+08
 0.21709937934739E+08
 0.21709937954241E+08
 0.21709937974808E+08
 0.21709937981926E+08
 0.21709933527802E+08
 0.21709933762981E+08
 0.21709933853108E+08
 0.21709937697413E+08
 0.21709937723743E+08
 0.21709937734081E+08
 0.21709937738755E+08
 0.21709937864306E+08
 0.21709937925974E+08
 0.21709937957598E+08
 0.21709936307678E+08
 0.21709936307521E+08
 0.21709936306241E+08
 0.21709936441087E+08
 0.21709936461289E+08
 0.21709936466735E+08
 0.21709936463578E+08
 0.21709936443012E+08
 0.21709936559218E+08
 0.21709936562434E+08
 0.21709936570150E+08
 0.21709936550069E+08
 0.21709936489746E+08
 0.21709936613489E+08
 0.21709936598150E+08
 0.21709936527247E+08
 0.21709936542850E+08
 0.21709936114363E+08
 0.21709936088920E+08
 0.21709936130164E+08
 0.21709936103420E+08
 0.21709936056599E+08
 0.21709936069134E+08
 0.21709935990194E+08
 0.21709935523264E+08
 0.21709935473098E+08
 0.21709935230661E+08
 0.21709935174735E+08
 0.21709934842690E+08
 0.21709934785257E+08
 0.21709934319612E+08
 0.21709934329469E+08
 0.21709934487416E+08
 0.21709934516555E+08
 0.21709934773760E+08
 0.21709934663896E+08
 0.21709934880212E+08
 0.21709934978400E+08
 0.21709935032361E+08
 0.21709934860088E+08
 0.21709934687400E+08
 0.21709935040584E+08
 0.21709935039988E+08
 0.21709935023439E+08
 0.21709935190674E+08
 0.21709934941639E+08
 0.21709935179004E+08
 0.21709935205925E+08
 0.21709935368399E+08
 0.21709935396765E+08
 0.21709935298883E+08
 0.21709935269930E+08
 0.21709935319394E+08
 0.21709935414027E+08
 0.21709935415740E+08
 0.21709935470125E+08
 0.21709935497294E+08
 0.21709935669845E+08
 0.21709935625162E+08
 0.21709935669704E+08
 0.21709930337288E+08
 0.21709930522201E+08
 0.21709930326451E+08
 0.21709930469270E+08
 0.21709930611608E+08
 0.21709930586995E+08
 0.21709930598265E+08
 0.21709930595497E+08
 0.21709936498292E+08
 0.21709936465106E+08
 0.21709934718865E+08
 0.21709934787771E+08
 0.21709934661920E+08
 0.21709937803509E+08
 0.21709933678841E+08
 0.21709933573458E+08
 0.21709932624576E+08
 0.21709936581494E+08
 0.21709936601092E+08
 0.21709934112930E+08
 0.21709939334608E+08
 0.21709939341084E+08
 0.21709937605865E+08
 0.21709937057557E+08
 0.21709937585140E+08
 0.21709937149895E+08
 0.21709937670141E+08
 0.21709937593614E+08
 0.21709936942053E+08
 0.21709937435653E+08
