 0.95328291592985E+11
 0.15701094325087E+07
-0.14465721630972E+09
-0.22816797506178E+09
-0.30631480274563E+09
-0.38416152336369E+09
-0.46289573685365E+09
-0.54305989917109E+09
-0.62504672719795E+09
-0.70921517216010E+09
-0.79592736091033E+09
-0.88556458913955E+09
-0.97853704124986E+09
-0.10752917871099E+10
-0.11763207824179E+10
-0.12821697249223E+10
-0.13934483578509E+10
-0.15108427835954E+10
-0.16351304404137E+10
-0.17671985760704E+10
-0.19080673369266E+10
-0.20589190191125E+10
-0.22211356748980E+10
-0.23963482629576E+10
-0.25865021073701E+10
-0.27939460105809E+10
-0.30215567610068E+10
-0.32729186225635E+10
-0.35525922070967E+10
-0.38665370614574E+10
-0.42228180799249E+10
-0.46328867837182E+10
-0.51141826113424E+10
-0.56963681239036E+10
-0.64409887810532E+10
-0.75547648871192E+10
-0.19618650380392E+11
-0.58676548391600E+11
-0.11237128003066E+12
-0.17948950531499E+12
-0.26142525938636E+12
-0.36048548213169E+12
-0.47963628232570E+12
-0.62243608883489E+12
-0.79319692192068E+12
-0.99702925491095E+12
-0.12401111651123E+13
-0.15299569766329E+13
-0.18751103094949E+13
-0.22856813400968E+13
-0.27743780232395E+13
-0.33545713405341E+13
-0.40414612335940E+13
-0.48489061312369E+13
-0.57907480429862E+13
-0.68726742449326E+13
-0.80854935808997E+13
-0.93973961976220E+13
-0.10732593767865E+14
-0.11969765133767E+14
-0.12929898099024E+14
-0.13412820034023E+14
-0.13261160429306E+14
-0.12433504259463E+14
-0.11073417962584E+14
-0.94557133923351E+13
-0.78755128454629E+13
-0.65546642199771E+13
-0.55831229319044E+13
-0.49572537969202E+13
-0.46138106372562E+13
-0.44709491993977E+13
-0.44650739885269E+13
-0.45371689943868E+13
-0.46526694694544E+13
-0.47821785955578E+13
-0.49137632716450E+13
-0.50339594624373E+13
-0.51417787912175E+13
-0.52305553888908E+13
-0.53039479908482E+13
-0.53568885688943E+13
-0.53946739791105E+13
-0.54177746474644E+13
-0.54217995958677E+13
-0.54146761549732E+13
-0.53980433466755E+13
-0.53615166349547E+13
-0.53194847547302E+13
-0.52674594097013E+13
-0.52090885447657E+13
-0.51335092933517E+13
-0.50560596728015E+13
-0.49709336686701E+13
-0.48798131811443E+13
-0.47823230208108E+13
-0.46805440784123E+13
-0.45726261874141E+13
-0.44552172445695E+13
-0.43387345716071E+13
-0.42178076507646E+13
-0.40937333303288E+13
-0.39676757196839E+13
-0.38328997620912E+13
-0.37005972154710E+13
-0.35669207543828E+13
-0.34308886532827E+13
-0.32928755934862E+13
-0.31551261487443E+13
-0.30169154447148E+13
-0.28717109334221E+13
-0.27307936542910E+13
-0.25898517334300E+13
-0.24483242689448E+13
-0.23087569797087E+13
-0.21652296443710E+13
-0.20264356275272E+13
-0.18883451469857E+13
-0.17517369775102E+13
-0.16152628836868E+13
-0.14820167888712E+13
-0.13508402985829E+13
-0.12152501816977E+13
-0.10860950947611E+13
-0.95944908495578E+12
-0.83427326787764E+12
-0.71355402255363E+12
-0.58847212145291E+12
-0.47029466332021E+12
-0.35598805245633E+12
-0.24332452597266E+12
-0.13415749604171E+12
-0.23542006474140E+11
 0.75390187589173E+11
 0.18235886258663E+12
 0.28042706953885E+12
 0.37686168340319E+12
 0.46775264419203E+12
 0.56294305808241E+12
 0.64998389534373E+12
 0.73307167523431E+12
 0.81418743212413E+12
 0.89243816446797E+12
 0.96774143227087E+12
 0.10441587670185E+13
 0.11138585986926E+13
 0.11797716221932E+13
 0.12444403677383E+13
 0.13056901796236E+13
 0.13633794581973E+13
 0.14184904567097E+13
 0.14763153399943E+13
 0.15262583124557E+13
 0.15750304565488E+13
 0.16208461493715E+13
 0.16632295546661E+13
 0.17029652654560E+13
 0.17462830873514E+13
 0.17819954736019E+13
 0.18166248512402E+13
 0.18486263152657E+13
 0.18772488256820E+13
 0.19100330797736E+13
 0.19348194767689E+13
 0.19591333386198E+13
 0.19811072246798E+13
 0.20019821007492E+13
 0.20195869930807E+13
 0.20353027071870E+13
 0.20550843480606E+13
 0.20688364888416E+13
 0.20809677825765E+13
 0.20921169404270E+13
 0.21011654908850E+13
 0.21123452981435E+13
 0.21147099062297E+13
 0.21245733585601E+13
 0.21284578410528E+13
 0.21323327839544E+13
 0.21337889602696E+13
 0.21380525861575E+13
 0.21381055874249E+13
 0.21376086928890E+13
 0.21350654304592E+13
 0.21320151891045E+13
 0.21290583985109E+13
 0.21246104348325E+13
 0.21189695060141E+13
 0.21163598722654E+13
 0.21100457793259E+13
 0.21023784136910E+13
 0.20947670558487E+13
 0.20871086513284E+13
 0.20777616476664E+13
 0.20676189372002E+13
 0.20567809958529E+13
 0.20506346903342E+13
 0.20394782290871E+13
 0.20286475056780E+13
 0.20178016212880E+13
 0.20054401109681E+13
