 0.25180199810683E+04
 0.25180222145765E+04
 0.25180222248106E+04
 0.25180222248106E+04
 0.25180222248106E+04
 0.25180222248106E+04
 0.25180222248106E+04
 0.25180222248106E+04
 0.25180222248106E+04
 0.25180222248106E+04
 0.25180222248106E+04
 0.25180222248106E+04
 0.25180222248106E+04
 0.25180222248106E+04
 0.25180222248106E+04
 0.25180222248106E+04
 0.25180222248106E+04
 0.25180222248106E+04
 0.25180222248106E+04
 0.25180222248106E+04
 0.25180222248106E+04
 0.25180222248106E+04
 0.25180222248106E+04
 0.25180222248106E+04
 0.25180222248106E+04
 0.25180222248106E+04
 0.25180222248106E+04
 0.25180222248106E+04
 0.25180222248106E+04
 0.25180222248106E+04
 0.25180222248106E+04
 0.25180222248106E+04
 0.25180222248106E+04
 0.25180222248106E+04
 0.25180222248106E+04
 0.25180222248106E+04
 0.25180222246213E+04
 0.25180222277879E+04
 0.25180222370455E+04
 0.25180222438546E+04
 0.25180222488414E+04
 0.25180222483276E+04
 0.25180222484985E+04
 0.25180222467714E+04
 0.25180222460660E+04
 0.25180222442705E+04
 0.25180222454827E+04
 0.25180222431508E+04
 0.25180222448749E+04
 0.25180222420844E+04
 0.25180222359499E+04
 0.25180211728371E+04
 0.25180211663364E+04
 0.25180211371898E+04
 0.25180211082867E+04
 0.25180210900132E+04
 0.25180210783350E+04
 0.25180210580796E+04
 0.25180210540165E+04
 0.25180210334426E+04
 0.25180210319212E+04
 0.25180210309676E+04
 0.25180210356450E+04
 0.25180210283949E+04
 0.25180210269158E+04
 0.25180210274494E+04
 0.25180210284534E+04
 0.25180210314722E+04
 0.25180210337851E+04
 0.25180210395346E+04
 0.25180210444864E+04
 0.25180210531010E+04
 0.25180210623830E+04
 0.25180210742775E+04
 0.25180210902715E+04
 0.25180211094574E+04
 0.25180211319163E+04
 0.25180211397916E+04
 0.25180211509541E+04
 0.25180211767343E+04
 0.25180211413321E+04
 0.25180212050059E+04
 0.25180211742510E+04
 0.25180211914213E+04
 0.25180211401186E+04
 0.25180211407556E+04
 0.25180211396277E+04
 0.25180211939628E+04
 0.25180211394561E+04
 0.25180211469338E+04
 0.25180211443052E+04
 0.25180211854094E+04
 0.25180211485319E+04
 0.25180212022177E+04
 0.25180231463210E+04
 0.25180254231205E+04
 0.25180254511811E+04
 0.25180254146100E+04
 0.25180254104770E+04
 0.25180254006375E+04
 0.25180254571035E+04
 0.25180254577937E+04
 0.25180254023189E+04
 0.25180254034014E+04
 0.25180254484350E+04
 0.25180277116298E+04
 0.25180277263465E+04
 0.25180277229556E+04
 0.25180277379874E+04
 0.25180277562566E+04
 0.25180277069714E+04
 0.25180277327092E+04
 0.25180296211355E+04
 0.25180295826181E+04
 0.25180296097023E+04
 0.25180295738497E+04
 0.25180295757575E+04
 0.25180296235877E+04
 0.25180295877118E+04
 0.25180296113692E+04
 0.25180296039867E+04
 0.25180295577550E+04
 0.25180295653337E+04
 0.25180296122243E+04
 0.25180295911725E+04
 0.25180296121283E+04
 0.25180296002577E+04
 0.25180312969797E+04
 0.25180288409102E+04
 0.25180288325827E+04
 0.25180315294583E+04
 0.25180315340386E+04
 0.25180315309605E+04
 0.25180315250840E+04
 0.25180315504749E+04
 0.25180266142751E+04
 0.25180265574922E+04
 0.25180319498421E+04
 0.25180319456171E+04
 0.25180319454569E+04
 0.25180271555450E+04
 0.25180289036483E+04
 0.25180289229162E+04
 0.25180289109802E+04
 0.25180289385591E+04
 0.25180289034315E+04
 0.25180289007894E+04
 0.25180289166793E+04
 0.25180249411594E+04
 0.25180232476846E+04
 0.25180232836742E+04
 0.25180232673865E+04
 0.25180232655504E+04
 0.25180232528287E+04
 0.25180232794801E+04
 0.25180214039853E+04
 0.25180214226401E+04
 0.25180214358137E+04
 0.25180214503050E+04
 0.25180214345360E+04
 0.25180197516991E+04
 0.25180197443559E+04
 0.25180197573219E+04
 0.25180197946805E+04
 0.25180228017924E+04
 0.25180227982800E+04
 0.25180200049458E+04
 0.25180199888808E+04
 0.25180200071072E+04
 0.25180200226160E+04
 0.25180219803076E+04
 0.25180219765176E+04
 0.25180219970560E+04
 0.25180200042343E+04
 0.25180199973949E+04
 0.25180200070852E+04
 0.25180223148789E+04
 0.25180223005825E+04
 0.25180223474447E+04
 0.25180199941358E+04
 0.25180199928275E+04
 0.25180199754346E+04
 0.25180222360900E+04
 0.25180222428867E+04
 0.25180246286733E+04
 0.25180226146439E+04
 0.25180226050638E+04
 0.25180226058864E+04
 0.25180226537213E+04
 0.25180245533216E+04
 0.25180212334234E+04
 0.25180212351571E+04
 0.25180237314883E+04
 0.25180237334487E+04
 0.25180237349296E+04
 0.25180205059393E+04
 0.25180182638656E+04
 0.25180182755937E+04
 0.25180182886963E+04
 0.25180182609237E+04
 0.25180182591959E+04
