 0.13359161824488E+04
 0.13359159285688E+04
 0.13359159817351E+04
 0.13359159817351E+04
 0.13359159817351E+04
 0.13359159817351E+04
 0.13359159817351E+04
 0.13359159817351E+04
 0.13359159817351E+04
 0.13359159817351E+04
 0.13359159817351E+04
 0.13359159817351E+04
 0.13359159817351E+04
 0.13359159817351E+04
 0.13359159817351E+04
 0.13359159817351E+04
 0.13359159817351E+04
 0.13359159817351E+04
 0.13359159817351E+04
 0.13359159817351E+04
 0.13359159817351E+04
 0.13359159817351E+04
 0.13359159817351E+04
 0.13359159817351E+04
 0.13359159817351E+04
 0.13359159817351E+04
 0.13359159817351E+04
 0.13359159817351E+04
 0.13359159817351E+04
 0.13359159817351E+04
 0.13359159817351E+04
 0.13359159817351E+04
 0.13359159817351E+04
 0.13359159817351E+04
 0.13359159817351E+04
 0.13359159817351E+04
 0.13359159819427E+04
 0.13359159808205E+04
 0.13359159788995E+04
 0.13359159773146E+04
 0.13359159752722E+04
 0.13359159753144E+04
 0.13359159742386E+04
 0.13359159745299E+04
 0.13359159737361E+04
 0.13359159739899E+04
 0.13359159723707E+04
 0.13359159726423E+04
 0.13359159686012E+04
 0.13359159685131E+04
 0.13359159379359E+04
 0.13359157812123E+04
 0.13359157745558E+04
 0.13359157560005E+04
 0.13359157405908E+04
 0.13359157333859E+04
 0.13359157299639E+04
 0.13359157217727E+04
 0.13359157209578E+04
 0.13359157159388E+04
 0.13359157154991E+04
 0.13359157152549E+04
 0.13359157123068E+04
 0.13359157177978E+04
 0.13359157208720E+04
 0.13359157239111E+04
 0.13359157279207E+04
 0.13359157319708E+04
 0.13359157378176E+04
 0.13359157423402E+04
 0.13359157505622E+04
 0.13359157566060E+04
 0.13359157670511E+04
 0.13359157775582E+04
 0.13359157863859E+04
 0.13359158012242E+04
 0.13359158217258E+04
 0.13359158301059E+04
 0.13359158451815E+04
 0.13359158588110E+04
 0.13359158359185E+04
 0.13359158689855E+04
 0.13359158580599E+04
 0.13359158560891E+04
 0.13359158294899E+04
 0.13359158292302E+04
 0.13359158357776E+04
 0.13359158595183E+04
 0.13359158296583E+04
 0.13359158299375E+04
 0.13359158410841E+04
 0.13359158498682E+04
 0.13359158443022E+04
 0.13359158675802E+04
 0.13359158071298E+04
 0.13359162206252E+04
 0.13359162200263E+04
 0.13359162141789E+04
 0.13359161961685E+04
 0.13359162027739E+04
 0.13359162301453E+04
 0.13359162296719E+04
 0.13359161914355E+04
 0.13359162055438E+04
 0.13359162225809E+04
 0.13359160450585E+04
 0.13359160610469E+04
 0.13359160587613E+04
 0.13359160667994E+04
 0.13359160622089E+04
 0.13359160421302E+04
 0.13359160618403E+04
 0.13359154323748E+04
 0.13359154091831E+04
 0.13359154216163E+04
 0.13359154059374E+04
 0.13359154197533E+04
 0.13359154392910E+04
 0.13359154088386E+04
 0.13359154265735E+04
 0.13359154190285E+04
 0.13359153988792E+04
 0.13359154125506E+04
 0.13359154315735E+04
 0.13359154087889E+04
 0.13359154311011E+04
 0.13359154189193E+04
 0.13359141269829E+04
 0.13359147975599E+04
 0.13359147771802E+04
 0.13359143507709E+04
 0.13359143597985E+04
 0.13359143478931E+04
 0.13359143518545E+04
 0.13359143531004E+04
 0.13359149046214E+04
 0.13359148786894E+04
 0.13359140166310E+04
 0.13359140130110E+04
 0.13359140174291E+04
 0.13359154431993E+04
 0.13359145452630E+04
 0.13359145450115E+04
 0.13359145391558E+04
 0.13359145519354E+04
 0.13359145375148E+04
 0.13359145386561E+04
 0.13359145430376E+04
 0.13359153592788E+04
 0.13359154736880E+04
 0.13359154871527E+04
 0.13359154707854E+04
 0.13359154681661E+04
 0.13359154749386E+04
 0.13359154837312E+04
 0.13359158291042E+04
 0.13359158369834E+04
 0.13359158326514E+04
 0.13359158475731E+04
 0.13359158324652E+04
 0.13359159479245E+04
 0.13359159437805E+04
 0.13359159518021E+04
 0.13359159647248E+04
 0.13359158178068E+04
 0.13359158140452E+04
 0.13359161817249E+04
 0.13359161751866E+04
 0.13359161834812E+04
 0.13359161793477E+04
 0.13359158510341E+04
 0.13359158476067E+04
 0.13359158687006E+04
 0.13359159882985E+04
 0.13359159862706E+04
 0.13359159783459E+04
 0.13359163049976E+04
 0.13359162999254E+04
 0.13359163336249E+04
 0.13359162582958E+04
 0.13359162575041E+04
 0.13359162396996E+04
 0.13359158853492E+04
 0.13359158939473E+04
 0.13359151356183E+04
 0.13359151066242E+04
 0.13359151039623E+04
 0.13359151031302E+04
 0.13359151322154E+04
 0.13359150306212E+04
 0.13359157788360E+04
 0.13359157798505E+04
 0.13359155132847E+04
 0.13359155138784E+04
 0.13359155136826E+04
 0.13359163679304E+04
 0.13359164272526E+04
 0.13359164336128E+04
 0.13359164251199E+04
 0.13359164255484E+04
 0.13359164247174E+04
