 0.18544796470323E+03
 0.18544822703710E+03
 0.18544822472239E+03
 0.18544822472239E+03
 0.18544822472239E+03
 0.18544822472239E+03
 0.18544822472239E+03
 0.18544822472239E+03
 0.18544822472239E+03
 0.18544822472239E+03
 0.18544822472239E+03
 0.18544822472239E+03
 0.18544822472239E+03
 0.18544822472239E+03
 0.18544822472239E+03
 0.18544822472239E+03
 0.18544822472239E+03
 0.18544822472239E+03
 0.18544822472239E+03
 0.18544822472239E+03
 0.18544822472239E+03
 0.18544822472239E+03
 0.18544822472239E+03
 0.18544822472239E+03
 0.18544822472239E+03
 0.18544822472239E+03
 0.18544822472239E+03
 0.18544822472239E+03
 0.18544822472239E+03
 0.18544822472239E+03
 0.18544822472239E+03
 0.18544822472239E+03
 0.18544822472239E+03
 0.18544822472239E+03
 0.18544822472239E+03
 0.18544822472239E+03
 0.18544822471304E+03
 0.18544822513608E+03
 0.18544822619201E+03
 0.18544822698197E+03
 0.18544822772110E+03
 0.18544822766740E+03
 0.18544822792714E+03
 0.18544822773853E+03
 0.18544822787956E+03
 0.18544822769396E+03
 0.18544822804702E+03
 0.18544822780664E+03
 0.18544822831417E+03
 0.18544822803802E+03
 0.18544822910408E+03
 0.18544821185004E+03
 0.18544821151632E+03
 0.18544820979944E+03
 0.18544820797149E+03
 0.18544820670134E+03
 0.18544820579929E+03
 0.18544820442629E+03
 0.18544820404471E+03
 0.18544820257207E+03
 0.18544820248714E+03
 0.18544820245142E+03
 0.18544820343801E+03
 0.18544820191114E+03
 0.18544820145766E+03
 0.18544820126859E+03
 0.18544820105469E+03
 0.18544820107096E+03
 0.18544820089607E+03
 0.18544820118544E+03
 0.18544820113897E+03
 0.18544820160413E+03
 0.18544820184497E+03
 0.18544820233192E+03
 0.18544820330466E+03
 0.18544820424567E+03
 0.18544820516548E+03
 0.18544820547580E+03
 0.18544820566526E+03
 0.18544820727450E+03
 0.18544820526821E+03
 0.18544820913292E+03
 0.18544820710528E+03
 0.18544820864667E+03
 0.18544820549586E+03
 0.18544820556252E+03
 0.18544820515625E+03
 0.18544820870883E+03
 0.18544820542271E+03
 0.18544820605105E+03
 0.18544820531904E+03
 0.18544820840039E+03
 0.18544820558311E+03
 0.18544820903809E+03
 0.18544837928629E+03
 0.18544838348307E+03
 0.18544838625048E+03
 0.18544838374844E+03
 0.18544838444652E+03
 0.18544838349308E+03
 0.18544838715695E+03
 0.18544838738245E+03
 0.18544838453194E+03
 0.18544838406018E+03
 0.18544838799941E+03
 0.18544862729029E+03
 0.18544862801887E+03
 0.18544862794987E+03
 0.18544862895461E+03
 0.18544863075836E+03
 0.18544862752958E+03
 0.18544862963992E+03
 0.18544906345851E+03
 0.18544906139627E+03
 0.18544906319049E+03
 0.18544906096494E+03
 0.18544906055890E+03
 0.18544906432385E+03
 0.18544906285463E+03
 0.18544906418986E+03
 0.18544906396282E+03
 0.18544906101276E+03
 0.18544906108951E+03
 0.18544906483144E+03
 0.18544906419547E+03
 0.18544906500786E+03
 0.18544906464966E+03
 0.18544974359884E+03
 0.18544926224515E+03
 0.18544926257717E+03
 0.18544966511653E+03
 0.18544966514661E+03
 0.18544966552000E+03
 0.18544966532296E+03
 0.18544966741807E+03
 0.18544903958970E+03
 0.18544903590899E+03
 0.18544984251656E+03
 0.18544984276044E+03
 0.18544984259618E+03
 0.18544884112735E+03
 0.18544936227767E+03
 0.18544936404431E+03
 0.18544936364797E+03
 0.18544936536129E+03
 0.18544936302516E+03
 0.18544936262899E+03
 0.18544936346776E+03
 0.18544871590304E+03
 0.18544852750536E+03
 0.18544852963928E+03
 0.18544852987602E+03
 0.18544852961783E+03
 0.18544852801660E+03
 0.18544852994274E+03
 0.18544822210472E+03
 0.18544822335398E+03
 0.18544822462656E+03
 0.18544822490896E+03
 0.18544822458668E+03
 0.18544803659903E+03
 0.18544803570369E+03
 0.18544803650229E+03
 0.18544803920603E+03
 0.18544833442277E+03
 0.18544833425337E+03
 0.18544795710597E+03
 0.18544795557391E+03
 0.18544795686984E+03
 0.18544795843979E+03
 0.18544825764415E+03
 0.18544825744625E+03
 0.18544825790322E+03
 0.18544804074409E+03
 0.18544804016040E+03
 0.18544804184068E+03
 0.18544808085062E+03
 0.18544807935750E+03
 0.18544808212729E+03
 0.18544793012192E+03
 0.18544792997764E+03
 0.18544792965260E+03
 0.18544825612031E+03
 0.18544825467138E+03
 0.18544877060227E+03
 0.18544862577887E+03
 0.18544862466889E+03
 0.18544862511793E+03
 0.18544862549030E+03
 0.18544881263165E+03
 0.18544822628669E+03
 0.18544822627154E+03
 0.18544854082266E+03
 0.18544854077435E+03
 0.18544854077424E+03
 0.18544791325806E+03
 0.18544771114640E+03
 0.18544771203245E+03
 0.18544771404969E+03
 0.18544771108292E+03
 0.18544771074866E+03
