 0.98387994897532E+02
 0.98388028107758E+02
 0.98388030395436E+02
 0.98388030395436E+02
 0.98388030395436E+02
 0.98388030395436E+02
 0.98388030395436E+02
 0.98388030395436E+02
 0.98388030395436E+02
 0.98388030395436E+02
 0.98388030395436E+02
 0.98388030395436E+02
 0.98388030395436E+02
 0.98388030395436E+02
 0.98388030395436E+02
 0.98388030395436E+02
 0.98388030395436E+02
 0.98388030395436E+02
 0.98388030395436E+02
 0.98388030395436E+02
 0.98388030395436E+02
 0.98388030395436E+02
 0.98388030395436E+02
 0.98388030395436E+02
 0.98388030395436E+02
 0.98388030395436E+02
 0.98388030395436E+02
 0.98388030395436E+02
 0.98388030395436E+02
 0.98388030395436E+02
 0.98388030395436E+02
 0.98388030395436E+02
 0.98388030395436E+02
 0.98388030395436E+02
 0.98388030395436E+02
 0.98388030395436E+02
 0.98388030413160E+02
 0.98388030431226E+02
 0.98388030488229E+02
 0.98388030524554E+02
 0.98388030571427E+02
 0.98388030566125E+02
 0.98388030618013E+02
 0.98388030606883E+02
 0.98388030650811E+02
 0.98388030641182E+02
 0.98388030661887E+02
 0.98388030645466E+02
 0.98388030549753E+02
 0.98388030505784E+02
 0.98388029059111E+02
 0.98388049902268E+02
 0.98388049488982E+02
 0.98388048350399E+02
 0.98388047375040E+02
 0.98388046884556E+02
 0.98388046610264E+02
 0.98388046070009E+02
 0.98388045966308E+02
 0.98388045619270E+02
 0.98388045601273E+02
 0.98388045601597E+02
 0.98388045725143E+02
 0.98388045602766E+02
 0.98388045646378E+02
 0.98388045749038E+02
 0.98388045891631E+02
 0.98388046080590E+02
 0.98388046328042E+02
 0.98388046589990E+02
 0.98388046977381E+02
 0.98388047332684E+02
 0.98388047867049E+02
 0.98388048434463E+02
 0.98388048975748E+02
 0.98388049818152E+02
 0.98388050938507E+02
 0.98388051412609E+02
 0.98388052187261E+02
 0.98388053037495E+02
 0.98388051670369E+02
 0.98388053668132E+02
 0.98388052989437E+02
 0.98388052991153E+02
 0.98388051365111E+02
 0.98388051356459E+02
 0.98388051667187E+02
 0.98388053177378E+02
 0.98388051364585E+02
 0.98388051426328E+02
 0.98388051961604E+02
 0.98388052637243E+02
 0.98388052173562E+02
 0.98388053623268E+02
 0.98388063531957E+02
 0.98388007249244E+02
 0.98388007576931E+02
 0.98388007247807E+02
 0.98388006453221E+02
 0.98388006818330E+02
 0.98388008571689E+02
 0.98388008629498E+02
 0.98388006468729E+02
 0.98388007215200E+02
 0.98388008800248E+02
 0.98388034248767E+02
 0.98388035237791E+02
 0.98388035165349E+02
 0.98388035703059E+02
 0.98388035608095E+02
 0.98388034342075E+02
 0.98388035907650E+02
 0.98388145919413E+02
 0.98388144622281E+02
 0.98388145431597E+02
 0.98388144497021E+02
 0.98388145224571E+02
 0.98388146792059E+02
 0.98388145171603E+02
 0.98388146261764E+02
 0.98388145874097E+02
 0.98388144631440E+02
 0.98388145382909E+02
 0.98388146936988E+02
 0.98388145744090E+02
 0.98388146999540E+02
 0.98388146376153E+02
 0.98388345139395E+02
 0.98388235116601E+02
 0.98388234117201E+02
 0.98388310899398E+02
 0.98388311401256E+02
 0.98388310842810E+02
 0.98388311259643E+02
 0.98388311470826E+02
 0.98388211876360E+02
 0.98388210232449E+02
 0.98388363982200E+02
 0.98388364010066E+02
 0.98388364254573E+02
 0.98388125100193E+02
 0.98388267155124E+02
 0.98388267321012E+02
 0.98388267145859E+02
 0.98388267918431E+02
 0.98388266989529E+02
 0.98388266966636E+02
 0.98388267113454E+02
 0.98388139006809E+02
 0.98388113650212E+02
 0.98388114367754E+02
 0.98388113924344E+02
 0.98388113666207E+02
 0.98388113812547E+02
 0.98388114440641E+02
 0.98388049838183E+02
 0.98388050352351E+02
 0.98388050193729E+02
 0.98388050876282E+02
 0.98388050208775E+02
 0.98388024731241E+02
 0.98388024237954E+02
 0.98388024745797E+02
 0.98388025672240E+02
 0.98388053978281E+02
 0.98388053748623E+02
 0.98387989880578E+02
 0.98387989213933E+02
 0.98387989800194E+02
 0.98387989722710E+02
 0.98388047789479E+02
 0.98388047580153E+02
 0.98388048573626E+02
 0.98388020036399E+02
 0.98388019844619E+02
 0.98388019773801E+02
 0.98387974353906E+02
 0.98387973746790E+02
 0.98387975867126E+02
 0.98387981626094E+02
 0.98387981542355E+02
 0.98387980738245E+02
 0.98388039513953E+02
 0.98388039112891E+02
 0.98388163764674E+02
 0.98388163489835E+02
 0.98388163079230E+02
 0.98388163224041E+02
 0.98388163694596E+02
 0.98388181274356E+02
 0.98388055019188E+02
 0.98388055018124E+02
 0.98388104727898E+02
 0.98388104669393E+02
 0.98388104597052E+02
 0.98387960755531E+02
 0.98387945501453E+02
 0.98387945981699E+02
 0.98387945914481E+02
 0.98387945457212E+02
 0.98387945286189E+02
