 0.42993119183262E+14
 0.42993118697267E+14
 0.42993118762295E+14
 0.42993118762295E+14
 0.42993118762295E+14
 0.42993118762295E+14
 0.42993118762295E+14
 0.42993118762295E+14
 0.42993118762295E+14
 0.42993118762295E+14
 0.42993118762295E+14
 0.42993118762295E+14
 0.42993118762295E+14
 0.42993118762295E+14
 0.42993118762295E+14
 0.42993118762295E+14
 0.42993118762295E+14
 0.42993118762295E+14
 0.42993118762295E+14
 0.42993118762295E+14
 0.42993118762295E+14
 0.42993118762295E+14
 0.42993118762295E+14
 0.42993118762295E+14
 0.42993118762295E+14
 0.42993118762295E+14
 0.42993118762295E+14
 0.42993118762295E+14
 0.42993118762295E+14
 0.42993118762295E+14
 0.42993118762295E+14
 0.42993118762295E+14
 0.42993118762295E+14
 0.42993118762295E+14
 0.42993118762295E+14
 0.42993118762295E+14
 0.42993118762845E+14
 0.42993118766169E+14
 0.42993118771181E+14
 0.42993118773383E+14
 0.42993118772978E+14
 0.42993118771924E+14
 0.42993118768478E+14
 0.42993118767044E+14
 0.42993118763153E+14
 0.42993118761839E+14
 0.42993118758345E+14
 0.42993118756602E+14
 0.42993118750275E+14
 0.42993118747714E+14
 0.42993118707972E+14
 0.42993120672387E+14
 0.42993120661855E+14
 0.42993120626948E+14
 0.42993120595852E+14
 0.42993120579094E+14
 0.42993120569906E+14
 0.42993120551601E+14
 0.42993120549310E+14
 0.42993120533535E+14
 0.42993120532390E+14
 0.42993120531274E+14
 0.42993120528298E+14
 0.42993120534621E+14
 0.42993120538867E+14
 0.42993120543307E+14
 0.42993120548903E+14
 0.42993120555315E+14
 0.42993120563696E+14
 0.42993120571366E+14
 0.42993120583898E+14
 0.42993120594497E+14
 0.42993120611399E+14
 0.42993120629298E+14
 0.42993120646698E+14
 0.42993120672672E+14
 0.42993120706693E+14
 0.42993120719919E+14
 0.42993120742602E+14
 0.42993120769956E+14
 0.42993120728285E+14
 0.42993120795655E+14
 0.42993120768536E+14
 0.42993120775076E+14
 0.42993120721235E+14
 0.42993120721372E+14
 0.42993120728045E+14
 0.42993120780355E+14
 0.42993120721381E+14
 0.42993120725335E+14
 0.42993120736032E+14
 0.42993120765816E+14
 0.42993120740939E+14
 0.42993120792546E+14
 0.42993119503497E+14
 0.42993114854681E+14
 0.42993114862233E+14
 0.42993114833103E+14
 0.42993114807910E+14
 0.42993114807291E+14
 0.42993114862418E+14
 0.42993114860318E+14
 0.42993114790137E+14
 0.42993114804807E+14
 0.42993114831341E+14
 0.42993113956691E+14
 0.42993113978378E+14
 0.42993113972395E+14
 0.42993113986967E+14
 0.42993113990068E+14
 0.42993113943307E+14
 0.42993113964661E+14
 0.42993117455740E+14
 0.42993117409276E+14
 0.42993117434815E+14
 0.42993117398770E+14
 0.42993117413757E+14
 0.42993117448443E+14
 0.42993117394939E+14
 0.42993117423689E+14
 0.42993117410837E+14
 0.42993117365326E+14
 0.42993117383106E+14
 0.42993117415980E+14
 0.42993117378972E+14
 0.42993117412135E+14
 0.42993117392128E+14
 0.42993124801698E+14
 0.42993121954824E+14
 0.42993121926569E+14
 0.42993123029074E+14
 0.42993123040167E+14
 0.42993123024200E+14
 0.42993123016429E+14
 0.42993123030144E+14
 0.42993122731605E+14
 0.42993122676306E+14
 0.42993125025469E+14
 0.42993125011197E+14
 0.42993125014559E+14
 0.42993118383557E+14
 0.42993123219116E+14
 0.42993123226654E+14
 0.42993123206783E+14
 0.42993123234150E+14
 0.42993123201166E+14
 0.42993123202735E+14
 0.42993123219808E+14
 0.42993120919909E+14
 0.42993121313029E+14
 0.42993121349510E+14
 0.42993121311232E+14
 0.42993121310572E+14
 0.42993121314782E+14
 0.42993121332868E+14
 0.42993120033452E+14
 0.42993120050305E+14
 0.42993120052272E+14
 0.42993120079871E+14
 0.42993120048140E+14
 0.42993120309514E+14
 0.42993120308431E+14
 0.42993120322868E+14
 0.42993120352434E+14
 0.42993118970294E+14
 0.42993118964529E+14
 0.42993118493909E+14
 0.42993118484659E+14
 0.42993118500666E+14
 0.42993118501974E+14
 0.42993119416613E+14
 0.42993119412536E+14
 0.42993119449105E+14
 0.42993119879968E+14
 0.42993119876437E+14
 0.42993119861856E+14
 0.42993115806922E+14
 0.42993115800902E+14
 0.42993115855160E+14
 0.42993118225448E+14
 0.42993118224472E+14
 0.42993118186996E+14
 0.42993118824330E+14
 0.42993118861208E+14
 0.42993122388004E+14
 0.42993124146418E+14
 0.42993124139480E+14
 0.42993124133588E+14
 0.42993124222876E+14
 0.42993123236802E+14
 0.42993120457323E+14
 0.42993120457567E+14
 0.42993120508761E+14
 0.42993120512335E+14
 0.42993120515314E+14
 0.42993116836709E+14
 0.42993118070680E+14
 0.42993118087079E+14
 0.42993118067917E+14
 0.42993118061718E+14
 0.42993118064553E+14
