 0.17687126082017E+03
 0.17687108472630E+03
 0.17687109421677E+03
 0.17687109421677E+03
 0.17687109421677E+03
 0.17687109421677E+03
 0.17687109421677E+03
 0.17687109421677E+03
 0.17687109421677E+03
 0.17687109421677E+03
 0.17687109421677E+03
 0.17687109421677E+03
 0.17687109421677E+03
 0.17687109421677E+03
 0.17687109421677E+03
 0.17687109421677E+03
 0.17687109421677E+03
 0.17687109421677E+03
 0.17687109421677E+03
 0.17687109421677E+03
 0.17687109421677E+03
 0.17687109421677E+03
 0.17687109421677E+03
 0.17687109421677E+03
 0.17687109421677E+03
 0.17687109421677E+03
 0.17687109421677E+03
 0.17687109421677E+03
 0.17687109421677E+03
 0.17687109421677E+03
 0.17687109421677E+03
 0.17687109421677E+03
 0.17687109421677E+03
 0.17687109421677E+03
 0.17687109421677E+03
 0.17687109421677E+03
 0.17687109426694E+03
 0.17687109391115E+03
 0.17687109352645E+03
 0.17687109334682E+03
 0.17687109304566E+03
 0.17687109308801E+03
 0.17687109266623E+03
 0.17687109272313E+03
 0.17687109218514E+03
 0.17687109219385E+03
 0.17687109142746E+03
 0.17687109139768E+03
 0.17687109008467E+03
 0.17687108992776E+03
 0.17687108385031E+03
 0.17687102130393E+03
 0.17687102026576E+03
 0.17687101815969E+03
 0.17687101666770E+03
 0.17687101626997E+03
 0.17687101628813E+03
 0.17687101585560E+03
 0.17687101598538E+03
 0.17687101624024E+03
 0.17687101627548E+03
 0.17687101625111E+03
 0.17687101533957E+03
 0.17687101721865E+03
 0.17687101815089E+03
 0.17687101887330E+03
 0.17687101970590E+03
 0.17687102044859E+03
 0.17687102158951E+03
 0.17687102218339E+03
 0.17687102371368E+03
 0.17687102440653E+03
 0.17687102609502E+03
 0.17687102757835E+03
 0.17687102839448E+03
 0.17687103023071E+03
 0.17687103296411E+03
 0.17687103415940E+03
 0.17687103646471E+03
 0.17687103748955E+03
 0.17687103529891E+03
 0.17687103772270E+03
 0.17687103756469E+03
 0.17687103608228E+03
 0.17687103419610E+03
 0.17687103411669E+03
 0.17687103545766E+03
 0.17687103661613E+03
 0.17687103429292E+03
 0.17687103387753E+03
 0.17687103619386E+03
 0.17687103529786E+03
 0.17687103654332E+03
 0.17687103766426E+03
 0.17687096417198E+03
 0.17687113792857E+03
 0.17687113596204E+03
 0.17687113710128E+03
 0.17687113383039E+03
 0.17687113568628E+03
 0.17687113742843E+03
 0.17687113725286E+03
 0.17687113333486E+03
 0.17687113598890E+03
 0.17687113631548E+03
 0.17687099649694E+03
 0.17687099864846E+03
 0.17687099840233E+03
 0.17687099900529E+03
 0.17687099693112E+03
 0.17687099615503E+03
 0.17687099826455E+03
 0.17687057162452E+03
 0.17687056956086E+03
 0.17687057025199E+03
 0.17687056946523E+03
 0.17687057201583E+03
 0.17687057270982E+03
 0.17687056906646E+03
 0.17687057097435E+03
 0.17687056998359E+03
 0.17687056900030E+03
 0.17687057116907E+03
 0.17687057182444E+03
 0.17687056874074E+03
 0.17687057174650E+03
 0.17687057010851E+03
 0.17686981010512E+03
 0.17687025417190E+03
 0.17687025072917E+03
 0.17686993141436E+03
 0.17686993286662E+03
 0.17686993074781E+03
 0.17686993185651E+03
 0.17686993052591E+03
 0.17687037548321E+03
 0.17687037406351E+03
 0.17686973179974E+03
 0.17686973134573E+03
 0.17686973221605E+03
 0.17687067476823E+03
 0.17687012754739E+03
 0.17687012627271E+03
 0.17687012591170E+03
 0.17687012666465E+03
 0.17687012610078E+03
 0.17687012650691E+03
 0.17687012640982E+03
 0.17687066951331E+03
 0.17687078332680E+03
 0.17687078367075E+03
 0.17687078138155E+03
 0.17687078103423E+03
 0.17687078321519E+03
 0.17687078328245E+03
 0.17687104034630E+03
 0.17687104070386E+03
 0.17687103902638E+03
 0.17687104101896E+03
 0.17687103909627E+03
 0.17687115646949E+03
 0.17687115617439E+03
 0.17687115689773E+03
 0.17687115702479E+03
 0.17687100248495E+03
 0.17687100200072E+03
 0.17687128105571E+03
 0.17687128092103E+03
 0.17687128136304E+03
 0.17687127957954E+03
 0.17687103873718E+03
 0.17687103826384E+03
 0.17687104114012E+03
 0.17687117084114E+03
 0.17687117087762E+03
 0.17687116868655E+03
 0.17687129611898E+03
 0.17687129615666E+03
 0.17687129967263E+03
 0.17687131480190E+03
 0.17687131477202E+03
 0.17687131246650E+03
 0.17687105890743E+03
 0.17687106037542E+03
 0.17687056894449E+03
 0.17687060187928E+03
 0.17687060218355E+03
 0.17687060191042E+03
 0.17687060487865E+03
 0.17687050773497E+03
 0.17687102019014E+03
 0.17687102041568E+03
 0.17687080050949E+03
 0.17687080056016E+03
 0.17687080041511E+03
 0.17687137454010E+03
 0.17687146692009E+03
 0.17687146715201E+03
 0.17687146479955E+03
 0.17687146683505E+03
 0.17687146675796E+03
