 0.33337822737170E+03
 0.33337825452398E+03
 0.33337826049954E+03
 0.33337826049954E+03
 0.33337826049954E+03
 0.33337826049954E+03
 0.33337826049954E+03
 0.33337826049954E+03
 0.33337826049954E+03
 0.33337826049954E+03
 0.33337826049954E+03
 0.33337826049954E+03
 0.33337826049954E+03
 0.33337826049954E+03
 0.33337826049954E+03
 0.33337826049954E+03
 0.33337826049954E+03
 0.33337826049954E+03
 0.33337826049954E+03
 0.33337826049954E+03
 0.33337826049954E+03
 0.33337826049954E+03
 0.33337826049954E+03
 0.33337826049954E+03
 0.33337826049954E+03
 0.33337826049954E+03
 0.33337826049954E+03
 0.33337826049954E+03
 0.33337826049954E+03
 0.33337826049954E+03
 0.33337826049954E+03
 0.33337826049954E+03
 0.33337826049954E+03
 0.33337826049954E+03
 0.33337826049954E+03
 0.33337826049954E+03
 0.33337826051724E+03
 0.33337826054591E+03
 0.33337826152590E+03
 0.33337826248432E+03
 0.33337826308657E+03
 0.33337826308785E+03
 0.33337826258395E+03
 0.33337826238984E+03
 0.33337826148050E+03
 0.33337826119589E+03
 0.33337826031587E+03
 0.33337825988325E+03
 0.33337825864510E+03
 0.33337825800189E+03
 0.33337825336508E+03
 0.33337803383120E+03
 0.33337803267484E+03
 0.33337802947674E+03
 0.33337802668336E+03
 0.33337802531233E+03
 0.33337802465434E+03
 0.33337802320146E+03
 0.33337802311151E+03
 0.33337802212045E+03
 0.33337802209515E+03
 0.33337802198392E+03
 0.33337802162074E+03
 0.33337802283238E+03
 0.33337802362655E+03
 0.33337802430046E+03
 0.33337802500210E+03
 0.33337802579094E+03
 0.33337802678857E+03
 0.33337802754056E+03
 0.33337802902878E+03
 0.33337802996701E+03
 0.33337803177189E+03
 0.33337803352052E+03
 0.33337803497341E+03
 0.33337803727172E+03
 0.33337804028111E+03
 0.33337804148549E+03
 0.33337804354646E+03
 0.33337804549010E+03
 0.33337804238674E+03
 0.33337804713358E+03
 0.33337804549038E+03
 0.33337804546136E+03
 0.33337804175167E+03
 0.33337804175115E+03
 0.33337804249547E+03
 0.33337804594834E+03
 0.33337804180444E+03
 0.33337804194183E+03
 0.33337804317816E+03
 0.33337804473929E+03
 0.33337804359336E+03
 0.33337804700497E+03
 0.33337818096038E+03
 0.33337870672156E+03
 0.33337870687952E+03
 0.33337870564414E+03
 0.33337870342627E+03
 0.33337870397325E+03
 0.33337870790237E+03
 0.33337870778096E+03
 0.33337870259327E+03
 0.33337870421836E+03
 0.33337870654464E+03
 0.33337878694568E+03
 0.33337878895955E+03
 0.33337878861706E+03
 0.33337878973777E+03
 0.33337878939261E+03
 0.33337878641523E+03
 0.33337878888031E+03
 0.33337839182380E+03
 0.33337838862201E+03
 0.33337839040784E+03
 0.33337838809079E+03
 0.33337838970318E+03
 0.33337839246817E+03
 0.33337838845048E+03
 0.33337839075302E+03
 0.33337838979098E+03
 0.33337838684495E+03
 0.33337838852452E+03
 0.33337839122076E+03
 0.33337838830712E+03
 0.33337839117904E+03
 0.33337838955999E+03
 0.33337750409256E+03
 0.33337784858543E+03
 0.33337784607955E+03
 0.33337770767826E+03
 0.33337770876918E+03
 0.33337770733894E+03
 0.33337770766210E+03
 0.33337770820483E+03
 0.33337775572596E+03
 0.33337775200349E+03
 0.33337747047142E+03
 0.33337746995968E+03
 0.33337747047635E+03
 0.33337825709941E+03
 0.33337768118142E+03
 0.33337768139256E+03
 0.33337768059312E+03
 0.33337768247453E+03
 0.33337768035959E+03
 0.33337768049049E+03
 0.33337768131783E+03
 0.33337797495980E+03
 0.33337793672196E+03
 0.33337793877507E+03
 0.33337793638827E+03
 0.33337793614413E+03
 0.33337793688060E+03
 0.33337793834172E+03
 0.33337808837536E+03
 0.33337808955289E+03
 0.33337808921625E+03
 0.33337809116688E+03
 0.33337808922530E+03
 0.33337805884269E+03
 0.33337805834837E+03
 0.33337805942663E+03
 0.33337806138744E+03
 0.33337820489630E+03
 0.33337820445724E+03
 0.33337826885486E+03
 0.33337826810570E+03
 0.33337826928203E+03
 0.33337826900521E+03
 0.33337815617303E+03
 0.33337815563436E+03
 0.33337815851098E+03
 0.33337810929082E+03
 0.33337810896012E+03
 0.33337810809084E+03
 0.33337857231253E+03
 0.33337857175653E+03
 0.33337857617834E+03
 0.33337831192236E+03
 0.33337831189040E+03
 0.33337830968513E+03
 0.33337821949267E+03
 0.33337822101387E+03
 0.33337779984321E+03
 0.33337760250585E+03
 0.33337760247526E+03
 0.33337760227699E+03
 0.33337760694668E+03
 0.33337770069703E+03
 0.33337804034628E+03
 0.33337804074775E+03
 0.33337802328171E+03
 0.33337802348860E+03
 0.33337802346013E+03
 0.33337846492262E+03
 0.33337832739837E+03
 0.33337832780109E+03
 0.33337832722117E+03
 0.33337832727388E+03
 0.33337832710718E+03
