-0.25136656973202E+13
-0.24833635537551E+13
-0.24850860521346E+13
-0.24888343537133E+13
-0.24941815844148E+13
-0.25010854986118E+13
-0.25095540427498E+13
-0.25196108430074E+13
-0.25312885379545E+13
-0.25446271855712E+13
-0.25596740175308E+13
-0.25764836802723E+13
-0.25951187208917E+13
-0.26156502459016E+13
-0.26381587380839E+13
-0.26627350407975E+13
-0.26894815329565E+13
-0.27185135291852E+13
-0.27499609516537E+13
-0.27839703348106E+13
-0.28207072435519E+13
-0.28603592117287E+13
-0.29031393448352E+13
-0.29492907837968E+13
-0.29990923050587E+13
-0.30528654510692E+13
-0.31109837720349E+13
-0.31738850651759E+13
-0.32420880211361E+13
-0.33162156376279E+13
-0.33970296137530E+13
-0.34854838959099E+13
-0.35828150732795E+13
-0.36907144456684E+13
-0.38117266576629E+13
-0.39506305722225E+13
-0.41198136148970E+13
-0.42995665268009E+13
-0.44858248282499E+13
-0.46818689564826E+13
-0.48897166568597E+13
-0.51108334242848E+13
-0.53462243052052E+13
-0.55966528554307E+13
-0.58625071115305E+13
-0.61439511648388E+13
-0.64401722800331E+13
-0.67499711088139E+13
-0.70705962741503E+13
-0.73975589010345E+13
-0.77235703096468E+13
-0.80372436087621E+13
-0.83222170243658E+13
-0.85534473657475E+13
-0.86966306705831E+13
-0.87043247513981E+13
-0.85128746731088E+13
-0.80492562486674E+13
-0.72329986984559E+13
-0.60052713051331E+13
-0.43544388331171E+13
-0.23718603050256E+13
-0.26562271099460E+12
 0.16722650233568E+13
 0.31502853901239E+13
 0.40036502930823E+13
 0.42467601959043E+13
 0.40230126783483E+13
 0.35286128212973E+13
 0.29404255253901E+13
 0.23682975469755E+13
 0.18855601505556E+13
 0.15041298577852E+13
 0.12326707715089E+13
 0.10529976057877E+13
 0.95605251584781E+12
 0.92071679866170E+12
 0.93919257805524E+12
 0.99329752100589E+12
 0.10817771632719E+13
 0.11866177693643E+13
 0.13160737214925E+13
 0.14506960115833E+13
 0.15966792609137E+13
 0.17511805303651E+13
 0.19033482969384E+13
 0.20594267121585E+13
 0.22197310065587E+13
 0.23759669630811E+13
 0.25265370070793E+13
 0.26784327943839E+13
 0.28308694979170E+13
 0.29761616706711E+13
 0.31176598969712E+13
 0.32511350103256E+13
 0.33827395156156E+13
 0.35088304078564E+13
 0.36333057365327E+13
 0.37542837781845E+13
 0.38664267573969E+13
 0.39733213582396E+13
 0.40706251636179E+13
 0.41639827005749E+13
 0.42599817809827E+13
 0.43444083759865E+13
 0.44232965893726E+13
 0.44966556439037E+13
 0.45606569691106E+13
 0.46199049693921E+13
 0.46784472749153E+13
 0.47336651799390E+13
 0.47792909925282E+13
 0.48195864164529E+13
 0.48548645559628E+13
 0.48796443872884E+13
 0.49064280915693E+13
 0.49289910801769E+13
 0.49439908794460E+13
 0.49543340875735E+13
 0.49570182438761E+13
 0.49553781694734E+13
 0.49532941282857E+13
 0.49504375806704E+13
 0.49390330437931E+13
 0.49238006244205E+13
 0.49005137485662E+13
 0.48746889966582E+13
 0.48553706314582E+13
 0.48258153888330E+13
 0.47932018703041E+13
 0.47577530080221E+13
 0.47137803098800E+13
 0.46744553766153E+13
 0.46290848703332E+13
 0.45873505661076E+13
 0.45389308645815E+13
 0.44851343933656E+13
 0.44285353857970E+13
 0.43782516473750E+13
 0.43249124646508E+13
 0.42673381382309E+13
 0.42084322954991E+13
 0.41433294898119E+13
 0.40806714667842E+13
 0.40206388772098E+13
 0.39599796426122E+13
 0.38957331350642E+13
 0.38309823529989E+13
 0.37613867772884E+13
 0.36928272830589E+13
 0.36276658789182E+13
 0.35653541127511E+13
 0.34984251188201E+13
 0.34279940087883E+13
 0.33600774798207E+13
 0.32904671255784E+13
 0.32250799097825E+13
 0.31625205903127E+13
 0.30959503946056E+13
 0.30296202596718E+13
 0.29592189739458E+13
 0.28910102560007E+13
 0.28323226220640E+13
 0.27677189315822E+13
 0.27035574639845E+13
 0.26401281562407E+13
 0.25737147728396E+13
 0.25089376227895E+13
 0.24489517901326E+13
 0.23922609282130E+13
 0.23321964012411E+13
 0.22730340995209E+13
 0.22108544644092E+13
 0.21518717830883E+13
 0.20969565693820E+13
 0.20395975244524E+13
 0.19884260824103E+13
 0.19342091953235E+13
 0.18783763949749E+13
 0.18239389120545E+13
 0.17740781556813E+13
 0.17231502444744E+13
 0.16758296352251E+13
 0.16269732091195E+13
 0.15790624886616E+13
 0.15290268874594E+13
 0.14819978033849E+13
 0.14349386146081E+13
 0.13931136063286E+13
 0.13520738599285E+13
 0.13094795068258E+13
 0.12678921263783E+13
 0.12246544798998E+13
 0.11829652334703E+13
 0.11418951043661E+13
 0.11054479390991E+13
 0.10714329978126E+13
 0.10348083513029E+13
 0.99893884926016E+12
 0.96147699988435E+12
 0.92565049369357E+12
