 0.67807949349859E+07
 0.67807828290897E+07
 0.67807827842274E+07
 0.67807827842274E+07
 0.67807827842274E+07
 0.67807827842274E+07
 0.67807827842274E+07
 0.67807827842274E+07
 0.67807827842274E+07
 0.67807827842274E+07
 0.67807827842274E+07
 0.67807827842274E+07
 0.67807827842274E+07
 0.67807827842274E+07
 0.67807827842274E+07
 0.67807827842274E+07
 0.67807827842274E+07
 0.67807827842274E+07
 0.67807827842274E+07
 0.67807827842274E+07
 0.67807827842274E+07
 0.67807827842274E+07
 0.67807827842274E+07
 0.67807827842274E+07
 0.67807827842274E+07
 0.67807827842274E+07
 0.67807827842274E+07
 0.67807827842274E+07
 0.67807827842274E+07
 0.67807827842274E+07
 0.67807827842274E+07
 0.67807827842274E+07
 0.67807827842274E+07
 0.67807827842274E+07
 0.67807827842274E+07
 0.67807827842274E+07
 0.67807827853335E+07
 0.67807827688033E+07
 0.67807827197339E+07
 0.67807826834086E+07
 0.67807826564871E+07
 0.67807826590881E+07
 0.67807826576237E+07
 0.67807826666997E+07
 0.67807826698851E+07
 0.67807826793480E+07
 0.67807826722684E+07
 0.67807826845525E+07
 0.67807826742692E+07
 0.67807826888942E+07
 0.67807827156654E+07
 0.67807887512060E+07
 0.67807887845564E+07
 0.67807889360289E+07
 0.67807890867911E+07
 0.67807891825659E+07
 0.67807892440129E+07
 0.67807893502176E+07
 0.67807893717393E+07
 0.67807894800584E+07
 0.67807894880723E+07
 0.67807894930317E+07
 0.67807894673711E+07
 0.67807895074160E+07
 0.67807895160518E+07
 0.67807895138778E+07
 0.67807895093532E+07
 0.67807894941057E+07
 0.67807894829709E+07
 0.67807894532150E+07
 0.67807894285218E+07
 0.67807893837969E+07
 0.67807893364717E+07
 0.67807892752333E+07
 0.67807891918369E+07
 0.67807890926020E+07
 0.67807889770083E+07
 0.67807889366794E+07
 0.67807888801380E+07
 0.67807887456050E+07
 0.67807889297023E+07
 0.67807885973929E+07
 0.67807887587555E+07
 0.67807886673111E+07
 0.67807889351260E+07
 0.67807889317165E+07
 0.67807889388437E+07
 0.67807886544555E+07
 0.67807889387170E+07
 0.67807888990673E+07
 0.67807889149111E+07
 0.67807886982297E+07
 0.67807888929210E+07
 0.67807886119192E+07
 0.67807779380596E+07
 0.67807649425019E+07
 0.67807647925645E+07
 0.67807649849344E+07
 0.67807650032201E+07
 0.67807650561161E+07
 0.67807647606970E+07
 0.67807647566485E+07
 0.67807650443545E+07
 0.67807650408386E+07
 0.67807648024820E+07
 0.67807524754835E+07
 0.67807523996431E+07
 0.67807524169619E+07
 0.67807523383028E+07
 0.67807522403982E+07
 0.67807524984616E+07
 0.67807523632118E+07
 0.67807427432055E+07
 0.67807429433227E+07
 0.67807428014817E+07
 0.67807429888902E+07
 0.67807429809792E+07
 0.67807427288481E+07
 0.67807429136283E+07
 0.67807427907497E+07
 0.67807428284832E+07
 0.67807430702979E+07
 0.67807430322848E+07
 0.67807427849288E+07
 0.67807428924717E+07
 0.67807427848392E+07
 0.67807428456156E+07
 0.67807348761122E+07
 0.67807476548909E+07
 0.67807476952844E+07
 0.67807333444702E+07
 0.67807333215512E+07
 0.67807333356108E+07
 0.67807333660345E+07
 0.67807332314488E+07
 0.67807597695377E+07
 0.67807600666359E+07
 0.67807313952569E+07
 0.67807314157608E+07
 0.67807314171537E+07
 0.67807561686194E+07
 0.67807475163986E+07
 0.67807474138153E+07
 0.67807474749660E+07
 0.67807473307485E+07
 0.67807475147353E+07
 0.67807475292129E+07
 0.67807474463263E+07
 0.67807684948313E+07
 0.67807776775313E+07
 0.67807774894523E+07
 0.67807775711373E+07
 0.67807775809219E+07
 0.67807776501023E+07
 0.67807775094160E+07
 0.67807874055150E+07
 0.67807873077017E+07
 0.67807872370618E+07
 0.67807871633671E+07
 0.67807872432912E+07
 0.67807963479566E+07
 0.67807963873350E+07
 0.67807963197792E+07
 0.67807961232359E+07
 0.67807797095242E+07
 0.67807797275324E+07
 0.67807946976629E+07
 0.67807947827270E+07
 0.67807946870874E+07
 0.67807946037665E+07
 0.67807842042695E+07
 0.67807842240387E+07
 0.67807841191906E+07
 0.67807949201013E+07
 0.67807949563803E+07
 0.67807949018903E+07
 0.67807818330225E+07
 0.67807819090700E+07
 0.67807816652374E+07
 0.67807947135420E+07
 0.67807947204344E+07
 0.67807948081987E+07
 0.67807827332626E+07
 0.67807827024730E+07
 0.67807704093587E+07
 0.67807815338352E+07
 0.67807815843375E+07
 0.67807815789776E+07
 0.67807813354308E+07
 0.67807709490572E+07
 0.67807883909804E+07
 0.67807883816816E+07
 0.67807749450172E+07
 0.67807749350229E+07
 0.67807749275167E+07
 0.67807917380351E+07
 0.67808040080572E+07
 0.67808039474777E+07
 0.67808038738872E+07
 0.67808040224881E+07
 0.67808040322410E+07
