 0.24090207087005E+08
 0.24090215970985E+08
 0.24090214089955E+08
 0.24090214089955E+08
 0.24090214089955E+08
 0.24090214089955E+08
 0.24090214089955E+08
 0.24090214089955E+08
 0.24090214089955E+08
 0.24090214089955E+08
 0.24090214089955E+08
 0.24090214089955E+08
 0.24090214089955E+08
 0.24090214089955E+08
 0.24090214089955E+08
 0.24090214089955E+08
 0.24090214089955E+08
 0.24090214089955E+08
 0.24090214089955E+08
 0.24090214089955E+08
 0.24090214089955E+08
 0.24090214089955E+08
 0.24090214089955E+08
 0.24090214089955E+08
 0.24090214089955E+08
 0.24090214089955E+08
 0.24090214089955E+08
 0.24090214089955E+08
 0.24090214089955E+08
 0.24090214089955E+08
 0.24090214089955E+08
 0.24090214089955E+08
 0.24090214089955E+08
 0.24090214089955E+08
 0.24090214089955E+08
 0.24090214089955E+08
 0.24090214082777E+08
 0.24090214125112E+08
 0.24090214197204E+08
 0.24090214255597E+08
 0.24090214329029E+08
 0.24090214326916E+08
 0.24090214363784E+08
 0.24090214352476E+08
 0.24090214378923E+08
 0.24090214369037E+08
 0.24090214425473E+08
 0.24090214414704E+08
 0.24090214556900E+08
 0.24090214558645E+08
 0.24090215639156E+08
 0.24090222392184E+08
 0.24090222626350E+08
 0.24090223275997E+08
 0.24090223814332E+08
 0.24090224064791E+08
 0.24090224183057E+08
 0.24090224468221E+08
 0.24090224496328E+08
 0.24090224668500E+08
 0.24090224683717E+08
 0.24090224691898E+08
 0.24090224796555E+08
 0.24090224602062E+08
 0.24090224493570E+08
 0.24090224386452E+08
 0.24090224244977E+08
 0.24090224102501E+08
 0.24090223896329E+08
 0.24090223737518E+08
 0.24090223448012E+08
 0.24090223235976E+08
 0.24090222868739E+08
 0.24090222499825E+08
 0.24090222191199E+08
 0.24090221670603E+08
 0.24090220950265E+08
 0.24090220655445E+08
 0.24090220124447E+08
 0.24090219648219E+08
 0.24090220450498E+08
 0.24090219295670E+08
 0.24090219674511E+08
 0.24090219749256E+08
 0.24090220678397E+08
 0.24090220687840E+08
 0.24090220455446E+08
 0.24090219628538E+08
 0.24090220672407E+08
 0.24090220664554E+08
 0.24090220268541E+08
 0.24090219968425E+08
 0.24090220155227E+08
 0.24090219344611E+08
 0.24090220802493E+08
 0.24090203284734E+08
 0.24090203310567E+08
 0.24090203505134E+08
 0.24090204140570E+08
 0.24090203901994E+08
 0.24090202945724E+08
 0.24090202961620E+08
 0.24090204301308E+08
 0.24090203800706E+08
 0.24090203201125E+08
 0.24090209113458E+08
 0.24090208548983E+08
 0.24090208628061E+08
 0.24090208346326E+08
 0.24090208513624E+08
 0.24090209211570E+08
 0.24090208512680E+08
 0.24090233170802E+08
 0.24090233981189E+08
 0.24090233547090E+08
 0.24090234092358E+08
 0.24090233602480E+08
 0.24090232917279E+08
 0.24090233985580E+08
 0.24090233362072E+08
 0.24090233626983E+08
 0.24090234328176E+08
 0.24090233845074E+08
 0.24090233177422E+08
 0.24090233978425E+08
 0.24090233192305E+08
 0.24090233620438E+08
 0.24090284366643E+08
 0.24090258586705E+08
 0.24090259305879E+08
 0.24090275302341E+08
 0.24090274982972E+08
 0.24090275403399E+08
 0.24090275256175E+08
 0.24090275218925E+08
 0.24090255160723E+08
 0.24090256064990E+08
 0.24090288471940E+08
 0.24090288594500E+08
 0.24090288437040E+08
 0.24090233300294E+08
 0.24090268394355E+08
 0.24090268407650E+08
 0.24090268607705E+08
 0.24090268162136E+08
 0.24090268663740E+08
 0.24090268623459E+08
 0.24090268475002E+08
 0.24090237748116E+08
 0.24090233842167E+08
 0.24090233376999E+08
 0.24090233945845E+08
 0.24090234039939E+08
 0.24090233798048E+08
 0.24090233491071E+08
 0.24090220306926E+08
 0.24090220032201E+08
 0.24090220189538E+08
 0.24090219666845E+08
 0.24090220193940E+08
 0.24090216176302E+08
 0.24090216325148E+08
 0.24090216043934E+08
 0.24090215594440E+08
 0.24090220118656E+08
 0.24090220251087E+08
 0.24090206726848E+08
 0.24090206957473E+08
 0.24090206667293E+08
 0.24090206817104E+08
 0.24090219170383E+08
 0.24090219291709E+08
 0.24090218551435E+08
 0.24090214479507E+08
 0.24090214550665E+08
 0.24090214828304E+08
 0.24090200775373E+08
 0.24090200954931E+08
 0.24090199769945E+08
 0.24090203814861E+08
 0.24090203842868E+08
 0.24090204463994E+08
 0.24090217600919E+08
 0.24090217311490E+08
 0.24090246637164E+08
 0.24090248668143E+08
 0.24090248760257E+08
 0.24090248786964E+08
 0.24090247788022E+08
 0.24090250899546E+08
 0.24090222357378E+08
 0.24090222320926E+08
 0.24090231963438E+08
 0.24090231944030E+08
 0.24090231952759E+08
 0.24090199082693E+08
 0.24090197634638E+08
 0.24090197414444E+08
 0.24090197710007E+08
 0.24090197691081E+08
 0.24090197722638E+08
