 0.20942631600047E+01
 0.20942631600047E+01
 0.20942631600047E+01
 0.20942631600047E+01
 0.20942631600047E+01
 0.20942631506714E+01
 0.20942631686203E+01
 0.20942630833035E+01
 0.20942630612425E+01
 0.20942645681040E+01
 0.20942599498486E+01
 0.20942541523070E+01
 0.20942550850474E+01
 0.20942535429108E+01
 0.20942524876034E+01
 0.20942551425383E+01
 0.20942583527500E+01
 0.20942516898055E+01
 0.20942536514107E+01
 0.20942573283385E+01
 0.20942577772857E+01
 0.20942491959301E+01
 0.20942579323699E+01
 0.20942460694626E+01
 0.20942478916022E+01
 0.20942483689338E+01
 0.20942521137640E+01
 0.20942423695248E+01
 0.20942371612004E+01
 0.20942608162025E+01
 0.20942453010246E+01
 0.20942791446582E+01
 0.20942622891752E+01
 0.20942314773842E+01
 0.20942426248184E+01
 0.20942425183561E+01
 0.20942234821530E+01
 0.20942228102448E+01
 0.20942377754397E+01
 0.20942493241489E+01
 0.20942813623190E+01
 0.20941641476729E+01
 0.20942604792110E+01
 0.20942388332033E+01
 0.20942035422727E+01
 0.20942666912408E+01
 0.20941557060394E+01
 0.20942670750403E+01
 0.20942264100593E+01
 0.20942395507640E+01
 0.20942318122971E+01
 0.20942074361991E+01
 0.20941951554761E+01
 0.20941458251956E+01
 0.20941488729042E+01
 0.20941470570986E+01
 0.20941470115208E+01
 0.20941453340989E+01
 0.20941360513567E+01
 0.20940954488975E+01
 0.20940831491805E+01
 0.20940710782237E+01
 0.20940322701915E+01
 0.20939966028138E+01
 0.20939673061396E+01
 0.20939422678582E+01
 0.20938647185215E+01
 0.20938387017341E+01
 0.20938148466199E+01
 0.20937032050559E+01
 0.20936747292180E+01
 0.20937878621686E+01
 0.20935846182221E+01
 0.20934591078844E+01
 0.20933795080029E+01
 0.20932369850939E+01
 0.20931073656944E+01
 0.20930815055819E+01
 0.20928875599183E+01
 0.20929043825131E+01
 0.20926023339277E+01
 0.20923614332568E+01
 0.20923977557563E+01
 0.20920338566961E+01
 0.20918093627251E+01
 0.20917102773124E+01
 0.20913257736185E+01
 0.20910671839947E+01
 0.20908761655407E+01
 0.20905393453664E+01
 0.20900940315056E+01
 0.20896949721230E+01
 0.20893996791807E+01
 0.20889350637911E+01
 0.20882787969355E+01
 0.20877613566470E+01
 0.20872797373213E+01
 0.20865878327232E+01
 0.20860661122502E+01
 0.20854554071144E+01
 0.20847472734638E+01
 0.20839691094095E+01
 0.20831525552263E+01
 0.20823889716667E+01
 0.20814163369595E+01
 0.20805090967703E+01
 0.20795891036221E+01
 0.20786092180310E+01
 0.20774280550705E+01
 0.20764518949999E+01
 0.20753030655751E+01
 0.20740171545486E+01
 0.20727998165390E+01
 0.20714251045732E+01
 0.20699666492853E+01
 0.20685304332017E+01
 0.20670073115074E+01
 0.20655331336364E+01
 0.20639375368461E+01
 0.20623278424315E+01
 0.20606340502284E+01
 0.20586137114573E+01
 0.20568006713363E+01
 0.20549050820097E+01
 0.20531252738291E+01
 0.20511107592142E+01
 0.20491269807068E+01
 0.20470747449241E+01
 0.20447882132511E+01
 0.20426155073388E+01
 0.20403908618545E+01
 0.20379692064409E+01
 0.20355781536842E+01
 0.20331483507209E+01
 0.20308087325334E+01
 0.20282041544781E+01
 0.20255466715253E+01
 0.20229734062419E+01
 0.20203724904108E+01
 0.20176215834114E+01
 0.20148863670115E+01
 0.20122153633247E+01
 0.20094927566033E+01
 0.20064717670214E+01
 0.20034544417943E+01
 0.20006324026283E+01
 0.19978196181358E+01
 0.19946327608166E+01
 0.19916842177320E+01
 0.19886498888936E+01
 0.19853970180926E+01
 0.19822446873584E+01
 0.19790372323784E+01
 0.19758417602033E+01
 0.19725776432576E+01
 0.19692969274935E+01
 0.19657955395007E+01
 0.19624495674391E+01
 0.19589796594822E+01
 0.19553982720294E+01
 0.19520281116645E+01
 0.19481368201981E+01
 0.19447210227274E+01
 0.19409017050033E+01
 0.19370169687030E+01
 0.19331668990342E+01
 0.19295237498289E+01
 0.19254018839477E+01
 0.19215267475834E+01
 0.19175240257508E+01
 0.19137939430228E+01
 0.19096343300862E+01
 0.19053980025659E+01
 0.19013467419511E+01
 0.18970065631140E+01
 0.18928438813337E+01
 0.18888343833533E+01
 0.18843389696493E+01
 0.18799983671109E+01
 0.18758296298598E+01
 0.18714585843223E+01
 0.18669692744987E+01
 0.18625841477661E+01
 0.18582465570705E+01
 0.18537237294291E+01
 0.18494291640209E+01
 0.18445081559951E+01
 0.18402928780144E+01
 0.18357282327052E+01
 0.18308719649911E+01
 0.18263227500245E+01
 0.18218284706154E+01
 0.18168875588243E+01
 0.18124108030192E+01
 0.18075487406135E+01
 0.18030416044551E+01
 0.17981886869587E+01
 0.17933312454153E+01
 0.17888937036304E+01
 0.17838077584823E+01
 0.17792994206301E+01
 0.17744004747730E+01
 0.17694630660178E+01
 0.17646381972060E+01
 0.17598184366213E+01
 0.17548908791256E+01
 0.17502436708784E+01
 0.17452151037469E+01
 0.17404998659422E+01
 0.17355363088748E+01
 0.17305324473316E+01
 0.17256556313028E+01
 0.17208729277152E+01
 0.17159687325738E+01
 0.17112167208945E+01
 0.17062987617002E+01
 0.17011024571754E+01
 0.16964584813620E+01
 0.16915232198156E+01
 0.16864059654284E+01
 0.16815931178071E+01
 0.16766223222034E+01
 0.16716941817148E+01
 0.16666688804372E+01
 0.16619364663556E+01
 0.16568762060089E+01
 0.16519626461924E+01
 0.16470438698971E+01
 0.16421634261858E+01
 0.16373731210398E+01
 0.16323305236112E+01
 0.16275476003603E+01
 0.16226323135816E+01
 0.16178726424577E+01
 0.16127731943825E+01
 0.16077710497237E+01
 0.16029477341816E+01
 0.15982030718762E+01
 0.15931993614079E+01
 0.15887204771254E+01
 0.15836255026671E+01
 0.15787881197902E+01
 0.15741586272814E+01
 0.15692068565289E+01
 0.15646318358411E+01
 0.15594838980989E+01
 0.15548470913704E+01
 0.15500469101026E+01
 0.15453667639934E+01
 0.15405877691320E+01
