 0.11312510180405E+03
 0.11312510180404E+03
 0.11312510180388E+03
 0.11312510181371E+03
 0.11312510222447E+03
 0.11312510595603E+03
 0.11312512238735E+03
 0.11312516711541E+03
 0.11312525672535E+03
 0.11312540249945E+03
 0.11312560611681E+03
 0.11312585749536E+03
 0.11312613540190E+03
 0.11312641033712E+03
 0.11312664907338E+03
 0.11312680122840E+03
 0.11312683020119E+03
 0.11312668375606E+03
 0.11312630544693E+03
 0.11312566512618E+03
 0.11311954842854E+03
 0.11311684770357E+03
 0.11311363583800E+03
 0.11310988541296E+03
 0.11310554385899E+03
 0.11310058443544E+03
 0.11309494860576E+03
 0.11308854377316E+03
 0.11308139356467E+03
 0.11307343899119E+03
 0.11306465577113E+03
 0.11305487337195E+03
 0.11304419361208E+03
 0.11303241790213E+03
 0.11301949416509E+03
 0.11300549623115E+03
 0.11299031963716E+03
 0.11297397137095E+03
 0.11295604171092E+03
 0.11293696598979E+03
 0.11291650033892E+03
 0.11289435590736E+03
 0.11287088893854E+03
 0.11284595337574E+03
 0.11281922324553E+03
 0.11279097946840E+03
 0.11276098394354E+03
 0.11272919733810E+03
 0.11269618592086E+03
 0.11266093203923E+03
 0.11262406729285E+03
 0.11258555748094E+03
 0.11254508114715E+03
 0.11250315065863E+03
 0.11245895308287E+03
 0.11241338728116E+03
 0.11236572596615E+03
 0.11231627269120E+03
 0.11226485002458E+03
 0.11221206840672E+03
 0.11215677530819E+03
 0.11209951209387E+03
 0.11204078778633E+03
 0.11198042413775E+03
 0.11191743209218E+03
 0.11185400669660E+03
 0.11178686329793E+03
 0.11171883813906E+03
 0.11164868578418E+03
 0.11157628735976E+03
 0.11150074405332E+03
 0.11142568340336E+03
 0.11134626808982E+03
 0.11126509799194E+03
 0.11118203231318E+03
 0.11109596617197E+03
 0.11100960713992E+03
 0.11091928348866E+03
 0.11082635878578E+03
 0.11073141344803E+03
 0.11063286450324E+03
 0.11053359752571E+03
 0.11042961222126E+03
 0.11032304086154E+03
 0.11021421233189E+03
 0.11009996109702E+03
 0.10998464901980E+03
 0.10986560963531E+03
 0.10974195043429E+03
 0.10961661457177E+03
 0.10948662029402E+03
 0.10935239706221E+03
 0.10921358320586E+03
 0.10907141567513E+03
 0.10892383679041E+03
 0.10877073293048E+03
 0.10861663275204E+03
 0.10845249008121E+03
 0.10828591754368E+03
 0.10811196757771E+03
 0.10793645616229E+03
 0.10774989548054E+03
 0.10755872903920E+03
 0.10736099561809E+03
 0.10715622708207E+03
 0.10694321067823E+03
 0.10671963897945E+03
 0.10649577003121E+03
 0.10625771327895E+03
 0.10601051848661E+03
 0.10575787267748E+03
 0.10549504603092E+03
 0.10521908916469E+03
 0.10493292569871E+03
 0.10463723198602E+03
 0.10432795508444E+03
 0.10400763766196E+03
 0.10367691531339E+03
 0.10332495261484E+03
 0.10295966648047E+03
 0.10258629172227E+03
 0.10218435764222E+03
 0.10177205272476E+03
 0.10133886358288E+03
 0.10088796750024E+03
 0.10041558600278E+03
 0.99915812864580E+02
 0.99392400984267E+02
 0.98850184644984E+02
 0.98272415299751E+02
 0.97670543487537E+02
 0.97036702854882E+02
 0.96356509140081E+02
 0.95646775199140E+02
 0.94903785190110E+02
 0.94109168145171E+02
 0.93258888298774E+02
 0.92379447208197E+02
 0.91431305956547E+02
 0.90426821996344E+02
 0.89362572343769E+02
 0.88220181523371E+02
 0.86988911290795E+02
 0.85688163615472E+02
 0.84289677269803E+02
 0.82807670118733E+02
 0.81212599055204E+02
 0.79529388586454E+02
 0.77709483348651E+02
 0.75775635656646E+02
 0.73728541590090E+02
 0.71558372903830E+02
 0.69285900476190E+02
 0.66900068550538E+02
 0.64449857561057E+02
 0.61915192287677E+02
 0.59332957113024E+02
 0.56735429476810E+02
 0.54153392688062E+02
 0.51617521884260E+02
 0.49160682456617E+02
 0.46760736324948E+02
 0.44494124643372E+02
 0.42341451152304E+02
 0.40300798490743E+02
 0.38389321378123E+02
 0.36609798883346E+02
 0.34934191493633E+02
 0.33385172094449E+02
 0.31941506878228E+02
 0.30587664625194E+02
 0.29326522234726E+02
 0.28159541014789E+02
 0.27063004859445E+02
 0.26042457224942E+02
 0.25082842112332E+02
 0.24193610544444E+02
 0.23353080610569E+02
 0.22561939414921E+02
 0.21826747241181E+02
 0.21130932942409E+02
 0.20470293028138E+02
 0.19853195252822E+02
 0.19264934648058E+02
 0.18716438576521E+02
 0.18188228064415E+02
 0.17687550046780E+02
 0.17213326735175E+02
 0.16763074755252E+02
 0.16336187693723E+02
 0.15926061230847E+02
 0.15535775811485E+02
 0.15163759041751E+02
 0.14809937167141E+02
 0.14468401470188E+02
 0.14141695001198E+02
 0.13829816005842E+02
 0.13530926853726E+02
 0.13242232560907E+02
 0.12965716869162E+02
 0.12699119039715E+02
 0.12445432181446E+02
 0.12198423648354E+02
 0.11961203259809E+02
 0.11731848990915E+02
 0.11511029750847E+02
 0.11298563779263E+02
 0.11092464149761E+02
 0.10893732119357E+02
 0.10700996866568E+02
 0.10514033337578E+02
 0.10334367875686E+02
 0.10160226152413E+02
 0.99905318892986E+01
 0.98260106001882E+01
 0.96669129603262E+01
 0.95126213533569E+01
 0.93622668322365E+01
 0.92164473094861E+01
 0.90746165306422E+01
 0.89378783171825E+01
 0.88033371783955E+01
 0.86735901688645E+01
 0.85461248290381E+01
 0.84227112277101E+01
 0.83032343515031E+01
 0.81859916370202E+01
 0.80715223023946E+01
 0.79605672084105E+01
 0.78521861068804E+01
 0.77464213620026E+01
 0.76434430415038E+01
 0.75421702859354E+01
 0.74443195596870E+01
 0.73477422429711E+01
 0.72540894216864E+01
 0.71624893554406E+01
 0.70728884597068E+01
 0.69851008911511E+01
 0.68998786811298E+01
 0.68160336913883E+01
 0.67339697434999E+01
 0.66538901980769E+01
 0.65750715747505E+01
 0.64982616610095E+01
 0.64228791720830E+01
 0.63490102252228E+01
 0.62769690339923E+01
 0.62060473595962E+01
 0.61367875341140E+01
