 0.64711004194943E-04
 0.64709459099558E-04
 0.64706877678044E-04
 0.64703262991897E-04
 0.64698609460529E-04
 0.64692913907365E-04
 0.64686169922557E-04
 0.64678370377022E-04
 0.64669509485602E-04
 0.64659579785234E-04
 0.64648568841480E-04
 0.64636473382757E-04
 0.64623279357224E-04
 0.64608980332654E-04
 0.64593565501045E-04
 0.64577025112814E-04
 0.64559350712104E-04
 0.64540528943851E-04
 0.64520547120289E-04
 0.64499392801536E-04
 0.64477049089432E-04
 0.64453503769158E-04
 0.64428732052006E-04
 0.64402721860115E-04
 0.64375446923501E-04
 0.64346880931543E-04
 0.64317000756378E-04
 0.64285763189346E-04
 0.64253150833536E-04
 0.64219123290160E-04
 0.64183650814721E-04
 0.64146677463141E-04
 0.64108184965416E-04
 0.64068116082326E-04
 0.64026430954598E-04
 0.63983107080330E-04
 0.63938098930785E-04
 0.63891382386919E-04
 0.63842877007154E-04
 0.63792611246587E-04
 0.63740530962582E-04
 0.63686584357140E-04
 0.63630795937374E-04
 0.63573134136343E-04
 0.63513550010294E-04
 0.63452066038598E-04
 0.63388652933200E-04
 0.63323297634156E-04
 0.63256078427054E-04
 0.63186867267224E-04
 0.63115749128788E-04
 0.63042728469930E-04
 0.62967776025991E-04
 0.62890965753058E-04
 0.62812219498199E-04
 0.62731656885446E-04
 0.62649207421488E-04
 0.62564930183173E-04
 0.62478822514361E-04
 0.62390986050833E-04
 0.62301295693933E-04
 0.62209846094217E-04
 0.62116724646742E-04
 0.62021936184624E-04
 0.61925380573217E-04
 0.61827365890652E-04
 0.61727504631958E-04
 0.61626187721593E-04
 0.61523278144432E-04
 0.61418798749756E-04
 0.61312666457790E-04
 0.61205369672287E-04
 0.61096326482554E-04
 0.60985893998825E-04
 0.60874100735891E-04
 0.60760821964058E-04
 0.60646453824026E-04
 0.60530544131968E-04
 0.60413313545064E-04
 0.60294864058971E-04
 0.60175042324489E-04
 0.60054229755521E-04
 0.59931966705029E-04
 0.59808559001859E-04
 0.59684089417879E-04
 0.59558195830287E-04
 0.59431453649804E-04
 0.59303580860410E-04
 0.59174488383059E-04
 0.59044597421527E-04
 0.58913581522443E-04
 0.58781507501113E-04
 0.58648407739507E-04
 0.58514458899515E-04
 0.58379445329012E-04
 0.58243400160581E-04
 0.58106933544909E-04
 0.57968977255207E-04
 0.57830506798842E-04
 0.57690970775520E-04
 0.57551113137662E-04
 0.57409843282256E-04
 0.57268009820236E-04
 0.57125398795489E-04
 0.56982023267712E-04
 0.56837771894863E-04
 0.56692478510876E-04
 0.56547367910685E-04
 0.56400877934831E-04
 0.56253685161205E-04
 0.56106239762667E-04
 0.55958079314235E-04
 0.55808958761260E-04
 0.55659271296699E-04
 0.55509169620393E-04
 0.55358277095442E-04
 0.55206922936723E-04
 0.55055302623167E-04
 0.54902339903405E-04
 0.54748954572570E-04
 0.54595795577225E-04
 0.54440851753078E-04
 0.54286081144481E-04
 0.54130544023833E-04
 0.53974663608110E-04
 0.53818196079497E-04
 0.53660724560316E-04
 0.53502751019390E-04
 0.53344870731436E-04
 0.53185676900502E-04
 0.53026398581202E-04
 0.52866517677519E-04
 0.52704983442284E-04
 0.52543472324477E-04
 0.52381851188825E-04
 0.52218830572433E-04
 0.52054405210847E-04
 0.51890901656761E-04
 0.51725522220695E-04
 0.51559545475726E-04
 0.51392591024365E-04
 0.51225063238364E-04
 0.51055008243053E-04
 0.50884879337770E-04
 0.50713040111011E-04
 0.50540755107580E-04
 0.50366525248710E-04
 0.50192158241164E-04
 0.50015108009887E-04
 0.49836897835644E-04
 0.49657686462288E-04
 0.49476904750499E-04
 0.49295450251011E-04
 0.49112402422020E-04
 0.48929585261740E-04
 0.48745171222104E-04
 0.48559910533452E-04
 0.48374108882218E-04
 0.48187867869337E-04
 0.48001280868091E-04
 0.47814692540963E-04
 0.47625620526363E-04
 0.47437262962164E-04
 0.47247884913479E-04
 0.47056843618955E-04
 0.46865097166201E-04
 0.46673072697940E-04
 0.46478898561416E-04
 0.46285003730867E-04
 0.46090284689935E-04
 0.45893904139449E-04
 0.45696910504780E-04
 0.45500521654961E-04
 0.45302773874740E-04
 0.45105298459138E-04
 0.44906890879715E-04
 0.44709971336635E-04
 0.44511983573683E-04
 0.44313787718299E-04
 0.44117548639149E-04
 0.43920937318485E-04
 0.43723731186552E-04
 0.43528534158563E-04
 0.43332706939659E-04
 0.43139635931501E-04
 0.42945015236697E-04
 0.42751224462215E-04
 0.42558605001979E-04
 0.42367015669715E-04
 0.42176871495622E-04
 0.41986489871904E-04
 0.41797363975501E-04
 0.41609424329346E-04
 0.41423146278909E-04
 0.41236658096563E-04
 0.41051310475656E-04
 0.40867510674093E-04
 0.40684866117193E-04
 0.40502475237729E-04
 0.40321528062160E-04
 0.40141289072437E-04
 0.39963543455897E-04
 0.39785460918859E-04
 0.39608873845312E-04
 0.39433009418749E-04
 0.39258496185428E-04
 0.39085483941477E-04
 0.38913030892556E-04
 0.38741967621977E-04
 0.38571643460867E-04
 0.38402077985791E-04
 0.38234490912075E-04
 0.38067909936859E-04
 0.37901746171103E-04
 0.37736658761701E-04
 0.37573001459085E-04
 0.37410476239327E-04
 0.37248599366735E-04
 0.37087929283949E-04
 0.36928212864777E-04
 0.36770472108077E-04
 0.36612450447246E-04
 0.36456448783824E-04
 0.36300420837674E-04
 0.36146034632266E-04
 0.35993299162942E-04
 0.35840813070624E-04
 0.35689128150162E-04
 0.35539042239612E-04
 0.35389786782841E-04
 0.35241477481151E-04
 0.35094378700247E-04
 0.34947467743046E-04
 0.34802590657952E-04
 0.34657608416705E-04
 0.34514312265773E-04
 0.34371876923831E-04
 0.34230301156033E-04
 0.34089440778926E-04
 0.33950237688473E-04
 0.33811374396622E-04
 0.33673388938425E-04
 0.33536584409778E-04
 0.33400143196116E-04
 0.33265043932349E-04
 0.33130609754113E-04
 0.32997013260769E-04
 0.32864702279049E-04
 0.32732824923039E-04
 0.32602147857256E-04
