 0.11118590238466E+04
 0.11118590238466E+04
 0.11118590238466E+04
 0.11118590238466E+04
 0.11118590238466E+04
 0.11118590238466E+04
 0.11118590238466E+04
 0.11118590238466E+04
 0.11118590238466E+04
 0.11118021813037E+04
 0.11119588642621E+04
 0.11120865616110E+04
 0.11120711002216E+04
 0.11121167330070E+04
 0.11121400973612E+04
 0.11120447656413E+04
 0.11119866407624E+04
 0.11121509504745E+04
 0.11120845028167E+04
 0.11120014270056E+04
 0.11120011117110E+04
 0.11122338412832E+04
 0.11119717085054E+04
 0.11123008928892E+04
 0.11122400087606E+04
 0.11122411265871E+04
 0.11121308669200E+04
 0.11123761282644E+04
 0.11124922705115E+04
 0.11118679055409E+04
 0.11123288368940E+04
 0.11113831614723E+04
 0.11118683833971E+04
 0.11126180480229E+04
 0.11123337865282E+04
 0.11123257438399E+04
 0.11127692811936E+04
 0.11128313956097E+04
 0.11124222828190E+04
 0.11121173008395E+04
 0.11112376650223E+04
 0.11073731675344E+04
 0.11117735557500E+04
 0.11123461102765E+04
 0.11064342538265E+04
 0.11115101956867E+04
 0.11074758632365E+04
 0.11113250603478E+04
 0.11124390495695E+04
 0.11119728900026E+04
 0.11120251855454E+04
 0.11125713513033E+04
 0.11135483516307E+04
 0.11083314108811E+04
 0.11089934126140E+04
 0.11092454784910E+04
 0.11099378801214E+04
 0.11108968508380E+04
 0.11124414955007E+04
 0.11094817743536E+04
 0.11101605321218E+04
 0.11134278987693E+04
 0.11103156685957E+04
 0.11097056943690E+04
 0.11083671277090E+04
 0.11102267279913E+04
 0.11168607715842E+04
 0.11162602511088E+04
 0.11067838809089E+04
 0.11177887300110E+04
 0.11158228838184E+04
 0.11076457236776E+04
 0.11112293118769E+04
 0.11111353862158E+04
 0.11150903410740E+04
 0.11101259397524E+04
 0.11211153969780E+04
 0.11117617034099E+04
 0.11179717050348E+04
 0.11180337529959E+04
 0.11104988602355E+04
 0.11208932721207E+04
 0.11110651825514E+04
 0.11187245831740E+04
 0.11194662936512E+04
 0.11201324547857E+04
 0.11157097641905E+04
 0.11148735797577E+04
 0.11118644537307E+04
 0.11087566313014E+04
 0.11192353449808E+04
 0.11173938383073E+04
 0.11071078826092E+04
 0.11099519293602E+04
 0.11117760925934E+04
 0.11166234057608E+04
 0.11205656426166E+04
 0.11167395241317E+04
 0.11124499626291E+04
 0.11172954373008E+04
 0.11095940141927E+04
 0.11096961156485E+04
 0.11090143336504E+04
 0.11067856503827E+04
 0.11106844641032E+04
 0.11137464128677E+04
 0.11125670065289E+04
 0.11123064625211E+04
 0.11126291850582E+04
 0.11137135253730E+04
 0.11199199874165E+04
 0.11173539489426E+04
 0.11093351081770E+04
 0.11097122410490E+04
 0.11123852406403E+04
 0.11119629118063E+04
 0.11217273677139E+04
 0.11136783272834E+04
 0.11170802496305E+04
 0.11090093318855E+04
 0.11082073645419E+04
 0.11143514022984E+04
 0.11172048103237E+04
 0.11180532230560E+04
 0.11071601171892E+04
 0.11161547860034E+04
 0.11134109852011E+04
 0.11210453336695E+04
 0.11084433051564E+04
 0.11163332726200E+04
 0.11213864231880E+04
 0.11121340464359E+04
 0.11209082268121E+04
 0.11147908103913E+04
 0.11136742029811E+04
 0.11184092476848E+04
 0.11156792591586E+04
 0.11178313597680E+04
 0.11121359125551E+04
 0.11215919998552E+04
 0.11203923723098E+04
 0.11169957141839E+04
 0.11222357917304E+04
 0.11235922359205E+04
 0.11135332331113E+04
 0.11156713120012E+04
 0.11174237546227E+04
 0.11147992222659E+04
 0.11149510837196E+04
 0.11213467355748E+04
 0.11190540320342E+04
 0.11248666012936E+04
 0.11208433100194E+04
 0.11158770979654E+04
 0.11260965194482E+04
 0.11280926459966E+04
 0.11186926049510E+04
 0.11173570570252E+04
 0.11298553174791E+04
 0.11211901927216E+04
 0.11307178776316E+04
 0.11235205306485E+04
 0.11319741179488E+04
 0.11223695774723E+04
 0.11220712485547E+04
 0.11244385145172E+04
 0.11345200016078E+04
 0.11303881399363E+04
 0.11299642185730E+04
 0.11344536285990E+04
 0.11303795669340E+04
 0.11390842931584E+04
 0.11281976250257E+04
 0.11344336429329E+04
 0.11294417720445E+04
 0.11355041644644E+04
 0.11409598953906E+04
 0.11342906096579E+04
 0.11373414540435E+04
 0.11380142592415E+04
 0.11430976522467E+04
 0.11392767649140E+04
 0.11440590195691E+04
 0.11536340917577E+04
 0.11449124423154E+04
 0.11434556062993E+04
 0.11541229145168E+04
 0.11490322023829E+04
 0.11547123107660E+04
 0.11515487877863E+04
 0.11610074407131E+04
 0.11529765342150E+04
 0.11589767004063E+04
 0.11637153885252E+04
 0.11581907912520E+04
 0.11678037310081E+04
 0.11640092265988E+04
 0.11692222678653E+04
 0.11722977209734E+04
 0.11749789609689E+04
 0.11797594904457E+04
 0.11684380440195E+04
 0.11745988873446E+04
 0.11779200087629E+04
 0.11894062890711E+04
 0.11807602966404E+04
 0.11800424513666E+04
 0.11909668175060E+04
 0.11867559641499E+04
 0.11900012972822E+04
 0.12014862006214E+04
 0.12012562408271E+04
 0.11979680012260E+04
 0.11949070119954E+04
 0.12051557568566E+04
 0.12077953969402E+04
 0.11997440510995E+04
 0.12036574408130E+04
 0.12077577597941E+04
 0.12084176351035E+04
 0.12189926585546E+04
 0.12226173722365E+04
 0.12119148678306E+04
 0.12265738747537E+04
 0.12227754482381E+04
 0.12192315339222E+04
 0.12235194568514E+04
 0.12300455863957E+04
 0.12321254676742E+04
 0.12394750458906E+04
 0.12331629990669E+04
 0.12347595073880E+04
 0.12378510305962E+04
 0.12383097242736E+04
 0.12523196934246E+04
 0.12510099499257E+04
 0.12554716872936E+04
 0.12475332247743E+04
 0.12604399752879E+04
 0.12550007177355E+04
 0.12551469057666E+04
 0.12586125846820E+04
 0.12622632776154E+04
 0.12745407259195E+04
 0.12749654623326E+04
 0.12714162483277E+04
 0.12816124300542E+04
 0.12795139958165E+04
 0.12825953628306E+04
 0.12792258576875E+04
