 0.16433521076376E+00
 0.16433521076372E+00
 0.16433521076318E+00
 0.16433521075833E+00
 0.16433521076820E+00
 0.16433521046464E+00
 0.16433520887688E+00
 0.16433520092747E+00
 0.16433517328651E+00
 0.16433510038611E+00
 0.16433494065500E+00
 0.16433463257656E+00
 0.16433409500014E+00
 0.16433323282997E+00
 0.16433194788301E+00
 0.16433009820986E+00
 0.16432758608019E+00
 0.16432427204744E+00
 0.16432000723307E+00
 0.16431472047584E+00
 0.16430815495163E+00
 0.16430030933159E+00
 0.16429097910299E+00
 0.16428008469523E+00
 0.16426747360458E+00
 0.16425306833555E+00
 0.16423669911096E+00
 0.16421809727505E+00
 0.16419733183691E+00
 0.16417423193605E+00
 0.16414872746443E+00
 0.16412032398536E+00
 0.16408931767088E+00
 0.16405513286364E+00
 0.16401761946017E+00
 0.16397699279092E+00
 0.16393295087615E+00
 0.16388551539815E+00
 0.16383349928706E+00
 0.16377816730521E+00
 0.16371881399090E+00
 0.16365460383900E+00
 0.16358657278444E+00
 0.16351429952620E+00
 0.16343684256557E+00
 0.16335501939217E+00
 0.16326814351770E+00
 0.16317610550906E+00
 0.16308054821249E+00
 0.16297853062817E+00
 0.16287188551631E+00
 0.16276051856085E+00
 0.16264350566929E+00
 0.16252233274913E+00
 0.16239465743398E+00
 0.16226308200214E+00
 0.16212551256459E+00
 0.16198283255377E+00
 0.16183453726796E+00
 0.16168239218412E+00
 0.16152308533485E+00
 0.16135818740959E+00
 0.16118916411532E+00
 0.16101551703438E+00
 0.16083440954837E+00
 0.16065215756653E+00
 0.16045933593268E+00
 0.16026409930429E+00
 0.16006288093581E+00
 0.15985535385628E+00
 0.15963895631873E+00
 0.15942408442946E+00
 0.15919690612766E+00
 0.15896487663924E+00
 0.15872760142285E+00
 0.15848194452732E+00
 0.15823564062279E+00
 0.15797823615028E+00
 0.15771363833960E+00
 0.15744351635715E+00
 0.15716338674191E+00
 0.15688146861323E+00
 0.15658642360173E+00
 0.15628432825612E+00
 0.15597613685896E+00
 0.15565291686599E+00
 0.15532703510773E+00
 0.15499098040188E+00
 0.15464226799758E+00
 0.15428922966768E+00
 0.15392349682675E+00
 0.15354632257585E+00
 0.15315673508410E+00
 0.15275825022550E+00
 0.15234514706557E+00
 0.15191716989921E+00
 0.15148701724556E+00
 0.15102950305893E+00
 0.15056592469973E+00
 0.15008257637042E+00
 0.14959567774345E+00
 0.14907899426089E+00
 0.14855048300836E+00
 0.14800480590560E+00
 0.14744077189241E+00
 0.14685516341744E+00
 0.14624178918099E+00
 0.14562888744526E+00
 0.14497855591827E+00
 0.14430480112668E+00
 0.14361781106459E+00
 0.14290487771609E+00
 0.14215823594682E+00
 0.14138604529341E+00
 0.14059034685943E+00
 0.13976049961792E+00
 0.13890361769520E+00
 0.13802166725063E+00
 0.13708615849204E+00
 0.13611859922494E+00
 0.13513315645214E+00
 0.13407633905434E+00
 0.13299656192216E+00
 0.13186679394207E+00
 0.13069596347020E+00
 0.12947494195330E+00
 0.12818935533676E+00
 0.12684983744206E+00
 0.12546961235793E+00
 0.12400719421099E+00
 0.12249288489264E+00
 0.12090819818183E+00
 0.11921909630114E+00
 0.11746930461472E+00
 0.11565138089153E+00
 0.11372282471542E+00
 0.11167713157752E+00
 0.10958081100042E+00
 0.10734297939628E+00
 0.10499735035783E+00
 0.10252732212414E+00
 0.99938960801292E-01
 0.97165391546824E-01
 0.94281285706141E-01
 0.91228936636748E-01
 0.88049112463521E-01
 0.84689721461060E-01
 0.81215557453818E-01
 0.77541123550703E-01
 0.73729842650678E-01
 0.69799996364558E-01
 0.65751422627645E-01
 0.61641636433804E-01
 0.57469552051120E-01
 0.53337045499935E-01
 0.49224343207960E-01
 0.45204120795513E-01
 0.41332856244858E-01
 0.37656406312846E-01
 0.34212337860058E-01
 0.31033106981983E-01
 0.28077161565583E-01
 0.25421251316961E-01
 0.23020996488503E-01
 0.20855516485737E-01
 0.18924109416394E-01
 0.17210366183512E-01
 0.15671031348220E-01
 0.14312124081686E-01
 0.13101114450972E-01
 0.12014081956935E-01
 0.11043825139715E-01
 0.10182394442798E-01
 0.94048339506115E-02
 0.87089000475431E-02
 0.80789164766694E-02
 0.75162498333210E-02
 0.70030685003985E-02
 0.65366168316693E-02
 0.61175614751458E-02
 0.57337369679937E-02
 0.53808222220542E-02
 0.50612925231377E-02
 0.47657994569381E-02
 0.44982872032262E-02
 0.42479714773433E-02
 0.40173181050368E-02
 0.38047885537521E-02
 0.36083470737563E-02
 0.34269076277097E-02
 0.32570000609644E-02
 0.30993235833283E-02
 0.29526692157036E-02
 0.28164854050251E-02
 0.26880800139319E-02
 0.25680533689383E-02
 0.24560314969309E-02
 0.23510194941224E-02
 0.22517676633174E-02
 0.21587096527901E-02
 0.20708486889999E-02
 0.19889375882856E-02
 0.19107709195514E-02
 0.18371767752109E-02
 0.17673971039315E-02
 0.17014906711796E-02
 0.16392595009232E-02
 0.15800007697805E-02
 0.15238935335131E-02
 0.14704481340315E-02
 0.14195148623716E-02
 0.13714155885023E-02
 0.13255862931995E-02
 0.12816766601465E-02
 0.12398116498085E-02
 0.11999879253187E-02
 0.11619881172673E-02
 0.11255461243045E-02
 0.10907578824682E-02
 0.10574450997698E-02
 0.10258175751025E-02
 0.99516692335839E-03
 0.96604878386129E-03
 0.93786372444624E-03
 0.91097214033998E-03
 0.88531100338312E-03
 0.86048611179910E-03
 0.83658905143584E-03
 0.81374682316757E-03
 0.79173974657280E-03
 0.77055476632001E-03
 0.75020393693019E-03
 0.73045579293102E-03
 0.71162515211810E-03
 0.69328069396917E-03
 0.67572049636026E-03
 0.65876309758448E-03
 0.64238427615910E-03
 0.62653689604135E-03
 0.61134194040830E-03
 0.59657457588739E-03
 0.58229572980438E-03
 0.56852889653115E-03
 0.55513965568578E-03
 0.54224514313958E-03
 0.52973758558130E-03
 0.51762272634221E-03
 0.50594260405867E-03
 0.49457419661866E-03
 0.48359684851655E-03
