-0.26579470455089E+03
-0.26579470455112E+03
-0.26579470467662E+03
-0.26579478778402E+03
-0.26579859324166E+03
-0.26584295818191E+03
-0.26607750972842E+03
-0.26683637421294E+03
-0.26861819184224E+03
-0.27198232956629E+03
-0.27743054933700E+03
-0.28532646882291E+03
-0.29586551105658E+03
-0.30908375899405E+03
-0.32488758887253E+03
-0.34308949851110E+03
-0.36344323028871E+03
-0.38567087175354E+03
-0.40948414065299E+03
-0.43460042860869E+03
-0.46074873557079E+03
-0.48768107386417E+03
-0.51516923147487E+03
-0.54301009061927E+03
-0.57102252604636E+03
-0.59904862637362E+03
-0.62694984641136E+03
-0.65460492441933E+03
-0.68191513019199E+03
-0.70879353855691E+03
-0.73516893603922E+03
-0.76097633511973E+03
-0.78617370128452E+03
-0.81071553036933E+03
-0.83457143216705E+03
-0.85772421096793E+03
-0.88015504003603E+03
-0.90185638139549E+03
-0.92280557950874E+03
-0.94302297660390E+03
-0.96250119993185E+03
-0.98123337035154E+03
-0.99924428560322E+03
-0.10165372782575E+04
-0.10331090394587E+04
-0.10489843245867E+04
-0.10641651824983E+04
-0.10786624982379E+04
-0.10925159194896E+04
-0.11056908974728E+04
-0.11182291575260E+04
-0.11301413330078E+04
-0.11414242493351E+04
-0.11521123719505E+04
-0.11621795035226E+04
-0.11716761180199E+04
-0.11805783790545E+04
-0.11889087955824E+04
-0.11966673603196E+04
-0.12038898605549E+04
-0.12105301878544E+04
-0.12166207243559E+04
-0.12221885086424E+04
-0.12272333103836E+04
-0.12317150865129E+04
-0.12357381154504E+04
-0.12391595848042E+04
-0.12421125671798E+04
-0.12445441615195E+04
-0.12464556087072E+04
-0.12478116049391E+04
-0.12487766092686E+04
-0.12491423306145E+04
-0.12490282050311E+04
-0.12484331863173E+04
-0.12473140442944E+04
-0.12457947431324E+04
-0.12437200958919E+04
-0.12411564068194E+04
-0.12381342153587E+04
-0.12345931835701E+04
-0.12306615864716E+04
-0.12261770958137E+04
-0.12212376384184E+04
-0.12158652848530E+04
-0.12099359332840E+04
-0.12036383324894E+04
-0.11968723632450E+04
-0.11896075568981E+04
-0.11819770979129E+04
-0.11738685220473E+04
-0.11653073306784E+04
-0.11562919012329E+04
-0.11468828578652E+04
-0.11370076914165E+04
-0.11266741632995E+04
-0.11160731845879E+04
-0.11048625549958E+04
-0.10933512799058E+04
-0.10813624563616E+04
-0.10691272061657E+04
-0.10563039251799E+04
-0.10431509439362E+04
-0.10296041402855E+04
-0.10156649951059E+04
-0.10013018512437E+04
-0.98645284664653E+03
-0.97149610632631E+03
-0.95595301539627E+03
-0.94002617615262E+03
-0.92385584638778E+03
-0.90729521830709E+03
-0.89026718509750E+03
-0.87289075409045E+03
-0.85520820161991E+03
-0.83710673729668E+03
-0.81869272472179E+03
-0.80000863103881E+03
-0.78073722402212E+03
-0.76116018251645E+03
-0.74145954253097E+03
-0.72105163471482E+03
-0.70051290061846E+03
-0.67957077376987E+03
-0.65835765036379E+03
-0.63680885128466E+03
-0.61481242235506E+03
-0.59252890354273E+03
-0.57014075649450E+03
-0.54728261922426E+03
-0.52432146151976E+03
-0.50114128408332E+03
-0.47750516584347E+03
-0.45392243637173E+03
-0.43041761828533E+03
-0.40673237380342E+03
-0.38296339368191E+03
-0.35981195638748E+03
-0.33671494803393E+03
-0.31414545034920E+03
-0.29220803673421E+03
-0.27118494580274E+03
-0.25096450289161E+03
-0.23229246116660E+03
-0.21516881565868E+03
-0.20009017342275E+03
-0.18713670460070E+03
-0.17673687975613E+03
-0.16881338161931E+03
-0.16351148019859E+03
-0.16061052052355E+03
-0.15963165202388E+03
-0.15983860728386E+03
-0.16027506034823E+03
-0.15986130435426E+03
-0.15764172278697E+03
-0.15291058140816E+03
-0.14541323177587E+03
-0.13537325631400E+03
-0.12339741725428E+03
-0.11031302598264E+03
-0.96746892120240E+02
-0.83633284484517E+02
-0.71341376898321E+02
-0.60138857759042E+02
-0.50229556265211E+02
-0.41642040920606E+02
-0.34224423708105E+02
-0.27970576529194E+02
-0.22701973208616E+02
-0.18268818834910E+02
-0.14579091285706E+02
-0.11538369767455E+02
-0.90098088925597E+01
-0.69329387763681E+01
-0.52183022242865E+01
-0.38270896207513E+01
-0.26820798775237E+01
-0.17484011263723E+01
-0.10008484241045E+01
-0.39468478599245E+00
 0.94699175869026E-01
 0.47888997650078E+00
 0.78453882088528E+00
 0.10173644912318E+01
 0.11996441186243E+01
 0.13355655107475E+01
 0.14332190001298E+01
 0.14999641649684E+01
 0.15412881125974E+01
 0.15635243627340E+01
 0.15691685559563E+01
 0.15616474874394E+01
 0.15435236660402E+01
 0.15179148373243E+01
 0.14859646136103E+01
 0.14491051660975E+01
 0.14087545585100E+01
 0.13661185288049E+01
 0.13217573422646E+01
 0.12764823540329E+01
 0.12306401388001E+01
 0.11849866097350E+01
 0.11396795769626E+01
 0.10950511399630E+01
 0.10512864917559E+01
 0.10085593745375E+01
 0.96701465300523E+00
 0.92672670483209E+00
 0.88775975929246E+00
 0.85014933299784E+00
 0.81392644624504E+00
 0.77908961138223E+00
 0.74561918132396E+00
 0.71350708976119E+00
 0.68273852379989E+00
 0.65327880033975E+00
 0.62507688260712E+00
 0.59811262158047E+00
 0.57233670439997E+00
 0.54773858968896E+00
 0.52421008931204E+00
 0.50177376787229E+00
 0.48032866840557E+00
 0.45988008610836E+00
 0.44038705701487E+00
 0.42176732049913E+00
 0.40399875810411E+00
 0.38706421512969E+00
 0.37090406438789E+00
 0.35548691043418E+00
 0.34078332101768E+00
 0.32673599477678E+00
 0.31335765579255E+00
 0.30056658615943E+00
 0.28837595361506E+00
 0.27673731753516E+00
 0.26562512666829E+00
 0.25501135037251E+00
 0.24489027895858E+00
 0.23521241076815E+00
 0.22596700414683E+00
 0.21713874099832E+00
 0.20869267116646E+00
 0.20062770992115E+00
 0.19291436833686E+00
 0.18553822188573E+00
 0.17849045862836E+00
 0.17174220484208E+00
 0.16529058441598E+00
