 0.13708345617146E+03
 0.13708345617142E+03
 0.13708345617101E+03
 0.13708345625697E+03
 0.13708345941237E+03
 0.13708348920470E+03
 0.13708362089166E+03
 0.13708398821001E+03
 0.13708475241753E+03
 0.13708606284638E+03
 0.13708803244957E+03
 0.13709073088702E+03
 0.13709418836052E+03
 0.13709840658200E+03
 0.13710335923459E+03
 0.13710900616373E+03
 0.13711529097297E+03
 0.13712215018834E+03
 0.13712951295280E+03
 0.13713730541157E+03
 0.13710570931536E+03
 0.13710377914060E+03
 0.13710153888784E+03
 0.13709898029038E+03
 0.13709609816527E+03
 0.13709289324502E+03
 0.13708937270784E+03
 0.13708555071621E+03
 0.13708144027986E+03
 0.13707706352834E+03
 0.13707244560068E+03
 0.13706762325729E+03
 0.13706262183536E+03
 0.13705748585726E+03
 0.13705225272452E+03
 0.13704695730397E+03
 0.13704164110881E+03
 0.13703634388044E+03
 0.13703112272594E+03
 0.13702599289968E+03
 0.13702100122021E+03
 0.13701619629050E+03
 0.13701159021430E+03
 0.13700721951754E+03
 0.13700312537635E+03
 0.13699931707739E+03
 0.13699582469859E+03
 0.13699266814661E+03
 0.13698983413397E+03
 0.13698738047226E+03
 0.13698528800171E+03
 0.13698356376624E+03
 0.13698222631844E+03
 0.13698125690408E+03
 0.13698068835889E+03
 0.13698048406539E+03
 0.13698067330789E+03
 0.13698124299993E+03
 0.13698219679194E+03
 0.13698350741391E+03
 0.13698522601196E+03
 0.13698732338832E+03
 0.13698979685154E+03
 0.13699263678759E+03
 0.13699590444415E+03
 0.13699950553226E+03
 0.13700359942383E+03
 0.13700807292352E+03
 0.13701300355921E+03
 0.13701840934129E+03
 0.13702436240617E+03
 0.13703072399496E+03
 0.13703775183856E+03
 0.13704535898450E+03
 0.13705360945475E+03
 0.13706258865667E+03
 0.13707222744972E+03
 0.13708276550445E+03
 0.13709420410358E+03
 0.13710658224402E+03
 0.13712007571275E+03
 0.13713460336749E+03
 0.13715049290592E+03
 0.13716772414370E+03
 0.13718637972978E+03
 0.13720677774641E+03
 0.13722878187259E+03
 0.13725269109631E+03
 0.13727873999275E+03
 0.13730684342230E+03
 0.13733740979861E+03
 0.13737057885510E+03
 0.13740662735527E+03
 0.13744559182974E+03
 0.13748791178823E+03
 0.13753384502418E+03
 0.13758321784027E+03
 0.13763715982190E+03
 0.13769523889375E+03
 0.13775823991971E+03
 0.13782597530949E+03
 0.13789968089756E+03
 0.13797911886526E+03
 0.13806499537137E+03
 0.13815767563097E+03
 0.13825784862116E+03
 0.13836634659285E+03
 0.13848235123282E+03
 0.13860841477016E+03
 0.13874436474425E+03
 0.13889030632084E+03
 0.13904781206378E+03
 0.13921817137338E+03
 0.13940175309615E+03
 0.13959933265672E+03
 0.13981276187222E+03
 0.14004240096737E+03
 0.14028949721197E+03
 0.14055793461240E+03
 0.14084704226417E+03
 0.14115715900410E+03
 0.14149530282159E+03
 0.14185849890204E+03
 0.14225170589078E+03
 0.14267610614695E+03
 0.14313540080434E+03
 0.14363461916656E+03
 0.14417550991225E+03
 0.14475945381617E+03
 0.14539659727676E+03
 0.14608660685043E+03
 0.14683765416870E+03
 0.14766221454449E+03
 0.14855790853364E+03
 0.14953250902418E+03
 0.15060408832185E+03
 0.15178509922653E+03
 0.15306643125753E+03
 0.15448643578628E+03
 0.15604914352500E+03
 0.15779736354478E+03
 0.15967652303257E+03
 0.16181798267829E+03
 0.16417662902314E+03
 0.16681390370759E+03
 0.16974188266455E+03
 0.17302938859472E+03
 0.17668201071129E+03
 0.18081149993961E+03
 0.18543846892065E+03
 0.19061998918594E+03
 0.19643888796986E+03
 0.20293041197529E+03
 0.21019924664255E+03
 0.21822311160039E+03
 0.22713812109505E+03
 0.23694719416506E+03
 0.24764847585127E+03
 0.25922449970619E+03
 0.27163393018794E+03
 0.28479659159503E+03
 0.29884357535526E+03
 0.31344980205596E+03
 0.32868472648565E+03
 0.34454115812241E+03
 0.36088173347819E+03
 0.37762207168912E+03
 0.39489486497749E+03
 0.41245660529947E+03
 0.43038845137856E+03
 0.44875652537810E+03
 0.46745861444372E+03
 0.48638223077807E+03
 0.50570764343560E+03
 0.52528894046667E+03
 0.54524330119788E+03
 0.56534927563953E+03
 0.58585510018657E+03
 0.60668773083453E+03
 0.62764814334607E+03
 0.64896537840486E+03
 0.67067182506689E+03
 0.69252209700750E+03
 0.71478147140905E+03
 0.73712101304846E+03
 0.75997989438738E+03
 0.78312685650686E+03
 0.80653510129401E+03
 0.83022383567970E+03
 0.85415739850464E+03
 0.87851630221935E+03
 0.90315278207699E+03
 0.92807850110894E+03
 0.95324640458499E+03
 0.97886761403575E+03
 0.10048004266730E+04
 0.10310038255399E+04
 0.10575252656536E+04
 0.10844771380026E+04
 0.11117248992159E+04
 0.11393622078526E+04
 0.11671768619322E+04
 0.11955162355610E+04
 0.12241634315301E+04
 0.12532180406865E+04
 0.12826080441318E+04
 0.13123158464394E+04
 0.13424664300181E+04
 0.13729599576577E+04
 0.14038853309085E+04
 0.14352435458603E+04
 0.14668762225272E+04
 0.14989185369081E+04
 0.15314556199760E+04
 0.15644044467228E+04
 0.15977172683644E+04
 0.16314373666009E+04
 0.16656466895553E+04
 0.17002610040626E+04
 0.17353279291667E+04
 0.17706919237494E+04
 0.18067044912372E+04
 0.18430161346939E+04
 0.18799514042791E+04
 0.19172528988495E+04
 0.19549147109879E+04
 0.19931779564221E+04
 0.20319545120966E+04
 0.20711123404314E+04
 0.21107916172682E+04
 0.21509723765556E+04
 0.21916159162745E+04
 0.22329090021919E+04
 0.22745219972250E+04
 0.23168543957078E+04
 0.23595746524124E+04
 0.24028480952648E+04
 0.24466770772264E+04
 0.24910932507386E+04
 0.25359195187905E+04
 0.25814196331249E+04
 0.26274955645877E+04
 0.26740875419479E+04
 0.27213747498225E+04
 0.27691568164198E+04
 0.28175790766633E+04
 0.28666161848813E+04
 0.29161709321729E+04
 0.29664401606435E+04
 0.30172620714827E+04
