 0.30965549042697E+03
 0.30965549042701E+03
 0.30965549042765E+03
 0.30965549046548E+03
 0.30965549145167E+03
 0.30965549495744E+03
 0.30965547806050E+03
 0.30965530557137E+03
 0.30965461137307E+03
 0.30965272130624E+03
 0.30964865299280E+03
 0.30964117940068E+03
 0.30962892900309E+03
 0.30961050129121E+03
 0.30958454797503E+03
 0.30954979607885E+03
 0.30950518107204E+03
 0.30944976628282E+03
 0.30938277487675E+03
 0.30930369942456E+03
 0.30919115956299E+03
 0.30908108858289E+03
 0.30895766343748E+03
 0.30882094472086E+03
 0.30867100640180E+03
 0.30850811455896E+03
 0.30833251368570E+03
 0.30814440580688E+03
 0.30794446688443E+03
 0.30773314235654E+03
 0.30751105290097E+03
 0.30727837637696E+03
 0.30703623229261E+03
 0.30678476143824E+03
 0.30652460840251E+03
 0.30625684099024E+03
 0.30598191977813E+03
 0.30570068193287E+03
 0.30541255227641E+03
 0.30511970324166E+03
 0.30482204386749E+03
 0.30451930295134E+03
 0.30421324636467E+03
 0.30390395526232E+03
 0.30359089538446E+03
 0.30327540710265E+03
 0.30295711913776E+03
 0.30263623586301E+03
 0.30231482362009E+03
 0.30198986749798E+03
 0.30166352317554E+03
 0.30133578419352E+03
 0.30100569850988E+03
 0.30067486910104E+03
 0.30034074075939E+03
 0.30000602281881E+03
 0.29966835179877E+03
 0.29932852784563E+03
 0.29898583272671E+03
 0.29864194619582E+03
 0.29829311807298E+03
 0.29794080062144E+03
 0.29758623678466E+03
 0.29722867414365E+03
 0.29686482822624E+03
 0.29650106526754E+03
 0.29612717806206E+03
 0.29575146540941E+03
 0.29536985723855E+03
 0.29498175603179E+03
 0.29458419514993E+03
 0.29418774462424E+03
 0.29377769180776E+03
 0.29336155104325E+03
 0.29293864678352E+03
 0.29250545929415E+03
 0.29206980075194E+03
 0.29162054597162E+03
 0.29116154646184E+03
 0.29069431312860E+03
 0.29021399742602E+03
 0.28972890615248E+03
 0.28922710346961E+03
 0.28871470489074E+03
 0.28819254628589E+03
 0.28765120454588E+03
 0.28710331951209E+03
 0.28654100000257E+03
 0.28596148337572E+03
 0.28537332072450E+03
 0.28476772595977E+03
 0.28414582591900E+03
 0.28350655390167E+03
 0.28285344952583E+03
 0.28218045488646E+03
 0.28148720710472E+03
 0.28078682657139E+03
 0.28005307819294E+03
 0.27930797570063E+03
 0.27853723292274E+03
 0.27775756352736E+03
 0.27694169606901E+03
 0.27610823371100E+03
 0.27525147228670E+03
 0.27437015965054E+03
 0.27346080371035E+03
 0.27251697667718E+03
 0.27156791701086E+03
 0.27057404970723E+03
 0.26954997140051E+03
 0.26850612799575E+03
 0.26742915969272E+03
 0.26631087417015E+03
 0.26515968605607E+03
 0.26397759458905E+03
 0.26275332414715E+03
 0.26149416978722E+03
 0.26020205878595E+03
 0.25884689264041E+03
 0.25745110697501E+03
 0.25602931171395E+03
 0.25452518656672E+03
 0.25298923648859E+03
 0.25139286150268E+03
 0.24974520517602E+03
 0.24803634505292E+03
 0.24625077015070E+03
 0.24439936232284E+03
 0.24249576104530E+03
 0.24049586828712E+03
 0.23843128980235E+03
 0.23628209589705E+03
 0.23401183612660E+03
 0.23166665437841E+03
 0.22923847980946E+03
 0.22668201467467E+03
 0.22399008788016E+03
 0.22123406203940E+03
 0.21831730192200E+03
 0.21527660371039E+03
 0.21211613957693E+03
 0.20877725491640E+03
 0.20526932611344E+03
 0.20163924133075E+03
 0.19783635271937E+03
 0.19391114104766E+03
 0.18981833998768E+03
 0.18563766851887E+03
 0.18129693113904E+03
 0.17688215949088E+03
 0.17243628164192E+03
 0.16799002989965E+03
 0.16363411758186E+03
 0.15940867413119E+03
 0.15544684911218E+03
 0.15177692419524E+03
 0.14850180306224E+03
 0.14569888094086E+03
 0.14342234446107E+03
 0.14170234484854E+03
 0.14054401974399E+03
 0.13992148982033E+03
 0.13981111156345E+03
 0.14016002716163E+03
 0.14092143333964E+03
 0.14203602188168E+03
 0.14344475738127E+03
 0.14512211603618E+03
 0.14699654857000E+03
 0.14904618296379E+03
 0.15125574279212E+03
 0.15358543076763E+03
 0.15599481627276E+03
 0.15850133034649E+03
 0.16106441396137E+03
 0.16369578152912E+03
 0.16634329523997E+03
 0.16904785702736E+03
 0.17178935802239E+03
 0.17452292463116E+03
 0.17728983753083E+03
 0.18009291976057E+03
 0.18288017187247E+03
 0.18570181127265E+03
 0.18849049083960E+03
 0.19133110465157E+03
 0.19417611333294E+03
 0.19701888099800E+03
 0.19986190763157E+03
 0.20269705811276E+03
 0.20555842469374E+03
 0.20841625775377E+03
 0.21127188261323E+03
 0.21411586786665E+03
 0.21698723827451E+03
 0.21985853691117E+03
 0.22272121999988E+03
 0.22558354231159E+03
 0.22846577080115E+03
 0.23134222471001E+03
 0.23422945632534E+03
 0.23708808620993E+03
 0.23998091801728E+03
 0.24286776555838E+03
 0.24576594133301E+03
 0.24866182295063E+03
 0.25155179963655E+03
 0.25445737081204E+03
 0.25736021333139E+03
 0.26027530698941E+03
 0.26320218012971E+03
 0.26611238443386E+03
 0.26902873903623E+03
 0.27196572943715E+03
 0.27490767088652E+03
 0.27784596159246E+03
 0.28078740436556E+03
 0.28374486090722E+03
 0.28670368314931E+03
 0.28967101643602E+03
 0.29261998492497E+03
 0.29560871089102E+03
 0.29857803933601E+03
 0.30158092959646E+03
 0.30457424674683E+03
 0.30755624583929E+03
 0.31056553076937E+03
 0.31358692790463E+03
 0.31659816522198E+03
 0.31962075225013E+03
 0.32265122732434E+03
 0.32568203044104E+03
 0.32874214138962E+03
 0.33177832920266E+03
 0.33485296915313E+03
 0.33791301147318E+03
 0.34098291624878E+03
 0.34406241561284E+03
 0.34715591951256E+03
 0.35023471103914E+03
 0.35333836119644E+03
 0.35645073624781E+03
 0.35956215767235E+03
 0.36269807114441E+03
 0.36582772357579E+03
 0.36897190439758E+03
 0.37212554620965E+03
 0.37527314738916E+03
 0.37844302837687E+03
 0.38160985472330E+03
