 0.16432427717562E+00
 0.16432427717558E+00
 0.16432427717511E+00
 0.16432427720368E+00
 0.16432427839701E+00
 0.16432428923784E+00
 0.16432433697377E+00
 0.16432446691678E+00
 0.16432472724987E+00
 0.16432515075042E+00
 0.16432574229721E+00
 0.16432647260068E+00
 0.16432727997504E+00
 0.16432807871906E+00
 0.16432877229913E+00
 0.16432921434289E+00
 0.16432929851527E+00
 0.16432887305987E+00
 0.16432777399099E+00
 0.16432591373074E+00
 0.16430814402737E+00
 0.16430029841952E+00
 0.16429096819168E+00
 0.16428007382442E+00
 0.16426746277605E+00
 0.16425305757475E+00
 0.16423668844285E+00
 0.16421808675068E+00
 0.16419732149191E+00
 0.16417422178153E+00
 0.16414871760784E+00
 0.16412031441139E+00
 0.16408930853420E+00
 0.16405512424927E+00
 0.16401761139910E+00
 0.16397698538980E+00
 0.16393294425722E+00
 0.16388550965328E+00
 0.16383349451625E+00
 0.16377816364392E+00
 0.16371881154444E+00
 0.16365460295657E+00
 0.16358657336768E+00
 0.16351430189486E+00
 0.16343684690788E+00
 0.16335502581499E+00
 0.16326815241038E+00
 0.16317611687323E+00
 0.16308056245975E+00
 0.16297854794071E+00
 0.16287190618417E+00
 0.16276054287976E+00
 0.16264353380735E+00
 0.16252236543004E+00
 0.16239469463052E+00
 0.16226312404110E+00
 0.16212555974233E+00
 0.16198288499889E+00
 0.16183459508699E+00
 0.16168245692876E+00
 0.16152315639096E+00
 0.16135826267129E+00
 0.16118924908482E+00
 0.16101560963985E+00
 0.16083450923904E+00
 0.16065226592542E+00
 0.16045945206135E+00
 0.16026422413771E+00
 0.16006301576506E+00
 0.15985549781969E+00
 0.15963910910343E+00
 0.15942424807931E+00
 0.15919707936051E+00
 0.15896505842747E+00
 0.15872779424042E+00
 0.15848214661308E+00
 0.15823585422661E+00
 0.15797845982775E+00
 0.15771387189111E+00
 0.15744375956812E+00
 0.15716364010707E+00
 0.15688173182575E+00
 0.15658669535651E+00
 0.15628460963157E+00
 0.15597642676731E+00
 0.15565321504408E+00
 0.15532734215217E+00
 0.15499129407247E+00
 0.15464258962429E+00
 0.15428955791539E+00
 0.15392383111249E+00
 0.15354666191997E+00
 0.15315707968120E+00
 0.15275859826178E+00
 0.15234549842434E+00
 0.15191752431151E+00
 0.15148737304506E+00
 0.15102986017918E+00
 0.15056628193686E+00
 0.15008293260268E+00
 0.14959603208618E+00
 0.14907934625887E+00
 0.14855083183216E+00
 0.14800514921377E+00
 0.14744111018582E+00
 0.14685549498668E+00
 0.14624211499171E+00
 0.14562920569166E+00
 0.14497886497064E+00
 0.14430510053396E+00
 0.14361810011750E+00
 0.14290515536579E+00
 0.14215850266731E+00
 0.14138629962197E+00
 0.14059058874456E+00
 0.13976072805914E+00
 0.13890383268519E+00
 0.13802186737438E+00
 0.13708634394655E+00
 0.13611877081614E+00
 0.13513331385824E+00
 0.13407648100949E+00
 0.13299669016982E+00
 0.13186690832321E+00
 0.13069606440831E+00
 0.12947502948831E+00
 0.12818942997874E+00
 0.12684989969155E+00
 0.12546966379373E+00
 0.12400723516982E+00
 0.12249291596394E+00
 0.12090821998588E+00
 0.11921911125953E+00
 0.11746931293342E+00
 0.11565138371985E+00
 0.11372282347864E+00
 0.11167712698007E+00
 0.10958080405487E+00
 0.10734297081025E+00
 0.10499734092160E+00
 0.10254041902431E+00
 0.99935469840222E-01
 0.97165380439799E-01
 0.94281272526467E-01
 0.91228922719885E-01
 0.88049094791597E-01
 0.84689697859423E-01
 0.81215524207006E-01
 0.77541073219091E-01
 0.73729780490903E-01
 0.69799940287321E-01
 0.65751350662778E-01
 0.61641542213682E-01
 0.57469430049408E-01
 0.53336889908616E-01
 0.49224148988050E-01
 0.45203884035055E-01
 0.41332574573601E-01
 0.37656079733252E-01
 0.34211968671260E-01
 0.31032700563945E-01
 0.28076724914516E-01
 0.25420793260729E-01
 0.23020525921570E-01
 0.20855041891422E-01
 0.18923638126413E-01
 0.17209904115315E-01
 0.15670583127314E-01
 0.14311692718574E-01
 0.13100701935805E-01
 0.12013689523754E-01
 0.11043453137223E-01
 0.10182042560377E-01
 0.94045018355575E-02
 0.87085867722957E-02
 0.80786213576062E-02
 0.75159716825802E-02
 0.70028064223424E-02
 0.65363699072842E-02
 0.61173285040938E-02
 0.57335170475526E-02
 0.53806145735493E-02
 0.50610961976594E-02
 0.47656138001880E-02
 0.44981112364795E-02
 0.42478047574386E-02
 0.40171599839177E-02
 0.38046384210855E-02
 0.36082043688871E-02
 0.34267718738293E-02
 0.32568707722373E-02
 0.30992003725265E-02
 0.29525517198846E-02
 0.28163731575436E-02
 0.26879727812509E-02
 0.25679507919793E-02
 0.24559333067915E-02
 0.23509254481952E-02
 0.22516774886409E-02
 0.21586231582526E-02
 0.20707656533117E-02
 0.19888577850094E-02
 0.19106942161618E-02
 0.18371029965096E-02
 0.17673261071761E-02
 0.17014222866428E-02
 0.16391935915260E-02
 0.15799372264625E-02
 0.15238322047560E-02
 0.14703889769496E-02
 0.14194577292173E-02
 0.13713603825379E-02
 0.13255329082670E-02
 0.12816250439898E-02
 0.12397617159227E-02
 0.11999395863253E-02
 0.11619412900246E-02
 0.11255007634663E-02
 0.10907139146625E-02
 0.10574024891701E-02
 0.10257762511249E-02
 0.99512683292558E-03
 0.96600986137186E-03
 0.93782591317897E-03
 0.91093541526078E-03
 0.88527531770880E-03
 0.86045142419409E-03
 0.83655532249195E-03
 0.81371400559976E-03
 0.79170781749101E-03
 0.77052369299486E-03
 0.75017369539173E-03
 0.73042634970669E-03
 0.71159646150016E-03
 0.69325273307786E-03
 0.67569324029294E-03
 0.65873652369681E-03
 0.64235836353109E-03
 0.62651162124573E-03
 0.61131728258538E-03
 0.59655051014705E-03
 0.58227224062042E-03
 0.56850596298790E-03
 0.55511726420243E-03
 0.54222327288987E-03
 0.52971621681020E-03
 0.51760184717306E-03
 0.50592220005331E-03
 0.49455424662540E-03
 0.48357733729308E-03
