 0.53405562401388E+07
 0.53405562401388E+07
 0.53405562401388E+07
 0.53405562401388E+07
 0.53405562401388E+07
 0.53405562401388E+07
 0.53405562401388E+07
 0.53405562401388E+07
 0.53405562401388E+07
 0.53405562401388E+07
 0.53405562401386E+07
 0.53405562401383E+07
 0.53405562401388E+07
 0.53405562401383E+07
 0.53405562401384E+07
 0.53405562401382E+07
 0.53405562401378E+07
 0.53405562401368E+07
 0.53405562401360E+07
 0.53405562401327E+07
 0.53405562401334E+07
 0.53405562401298E+07
 0.53405562401296E+07
 0.53405562401269E+07
 0.53405562401241E+07
 0.53405562401142E+07
 0.53405562401042E+07
 0.53405562401053E+07
 0.53405562401057E+07
 0.53405562400916E+07
 0.53405562400509E+07
 0.53405562400486E+07
 0.53405562399987E+07
 0.53405562400072E+07
 0.53405562400396E+07
 0.53405562400400E+07
 0.53405562399710E+07
 0.53405562398504E+07
 0.53405562400111E+07
 0.53405562399103E+07
 0.53405562397908E+07
 0.53405562399228E+07
 0.53405562398092E+07
 0.53405562395131E+07
 0.53405562395878E+07
 0.53405562393786E+07
 0.53405562393934E+07
 0.53405562395771E+07
 0.53405562388908E+07
 0.53405562393499E+07
 0.53405562397815E+07
 0.53405562395144E+07
 0.53405562397351E+07
 0.53405562381439E+07
 0.53405562391007E+07
 0.53405562380921E+07
 0.53405562383207E+07
 0.53405562377966E+07
 0.53405562378835E+07
 0.53405562375127E+07
 0.53405562389300E+07
 0.53405562440192E+07
 0.53405562423120E+07
 0.53405562420088E+07
 0.53405562444827E+07
 0.53405562351214E+07
 0.53405562402073E+07
 0.53405562385790E+07
 0.53405562361991E+07
 0.53405562350198E+07
 0.53405562491572E+07
 0.53405562299557E+07
 0.53405562390939E+07
 0.53405562440352E+07
 0.53405562403650E+07
 0.53405562498072E+07
 0.53405562269406E+07
 0.53405562269296E+07
 0.53405562330143E+07
 0.53405562259335E+07
 0.53405562407072E+07
 0.53405562192850E+07
 0.53405562238998E+07
 0.53405562209519E+07
 0.53405562058465E+07
 0.53405562504042E+07
 0.53405562292272E+07
 0.53405562407411E+07
 0.53405562397004E+07
 0.53405562071597E+07
 0.53405562213574E+07
 0.53405562121113E+07
 0.53405562072939E+07
 0.53405561968278E+07
 0.53405561769952E+07
 0.53405562241836E+07
 0.53405561092913E+07
 0.53405562050141E+07
 0.53405561392476E+07
 0.53405562052754E+07
 0.53405559666844E+07
 0.53405559511925E+07
 0.53405560651396E+07
 0.53405559589285E+07
 0.53405559845397E+07
 0.53405560187407E+07
 0.53405562513830E+07
 0.53405560133379E+07
 0.53405561814414E+07
 0.53405563466389E+07
 0.53405561237898E+07
 0.53405558778754E+07
 0.53405561052461E+07
 0.53405560843437E+07
 0.53405560848870E+07
 0.53405559143230E+07
 0.53405557227194E+07
 0.53405555029934E+07
 0.53405557660025E+07
 0.53405558703451E+07
 0.53405554014090E+07
 0.53405562711828E+07
 0.53405559294079E+07
 0.53405561396082E+07
 0.53405558828476E+07
 0.53405558449980E+07
 0.53405560241844E+07
 0.53405566146997E+07
 0.53405557808370E+07
 0.53405564259422E+07
 0.53405558474326E+07
 0.53405550477979E+07
 0.53405564871771E+07
 0.53405568032683E+07
 0.53405559654509E+07
 0.53405566465564E+07
 0.53405579137301E+07
 0.53405560701277E+07
 0.53405568812970E+07
 0.53405566878531E+07
 0.53405565964064E+07
 0.53405551523534E+07
 0.53405575653956E+07
 0.53405577312617E+07
 0.53405582132973E+07
 0.53405581965600E+07
 0.53405570230485E+07
 0.53405557194898E+07
 0.53405574027387E+07
 0.53405577555647E+07
 0.53405582345719E+07
 0.53405573745260E+07
 0.53405576561947E+07
 0.53405582968531E+07
 0.53405569656284E+07
 0.53405557667935E+07
 0.53405564069179E+07
 0.53405582390166E+07
 0.53405565518464E+07
 0.53405568497987E+07
 0.53405550129090E+07
 0.53405580273697E+07
 0.53405558542980E+07
 0.53405567350673E+07
 0.53405568657517E+07
 0.53405586321053E+07
 0.53405555929821E+07
 0.53405575880610E+07
 0.53405555808126E+07
 0.53405544524608E+07
 0.53405565171042E+07
 0.53405566788437E+07
 0.53405552969317E+07
 0.53405562887347E+07
 0.53405553008207E+07
 0.53405572687907E+07
 0.53405559345997E+07
 0.53405549376753E+07
 0.53405562487687E+07
 0.53405545409038E+07
 0.53405536690904E+07
 0.53405564500317E+07
 0.53405537823298E+07
 0.53405563829683E+07
 0.53405523784003E+07
 0.53405525687745E+07
 0.53405544643545E+07
 0.53405548101892E+07
 0.53405532404276E+07
 0.53405531496111E+07
 0.53405537202916E+07
 0.53405549541002E+07
 0.53405544149760E+07
 0.53405529552984E+07
 0.53405537887990E+07
 0.53405543200240E+07
 0.53405527425885E+07
 0.53405531481520E+07
 0.53405531676286E+07
 0.53405543139382E+07
 0.53405546936578E+07
 0.53405514516337E+07
 0.53405516253207E+07
 0.53405521498600E+07
 0.53405513451490E+07
 0.53405529017805E+07
 0.53405510841734E+07
 0.53405526979412E+07
 0.53405517574022E+07
 0.53405505327446E+07
 0.53405518937308E+07
 0.53405520058735E+07
 0.53405508989193E+07
 0.53405506661225E+07
 0.53405519031082E+07
 0.53405528851317E+07
 0.53405518574332E+07
 0.53405541747308E+07
 0.53405541831827E+07
 0.53405540714773E+07
 0.53405527430831E+07
 0.53405541613669E+07
 0.53405533163573E+07
 0.53405568581114E+07
 0.53405568277514E+07
 0.53405545673464E+07
 0.53405559873621E+07
 0.53405583845224E+07
 0.53405566160920E+07
 0.53405562484890E+07
 0.53405569241732E+07
 0.53405553176042E+07
 0.53405584656286E+07
 0.53405564810176E+07
 0.53405590813538E+07
 0.53405572191422E+07
 0.53405581645039E+07
 0.53405586515242E+07
 0.53405589548554E+07
 0.53405579173865E+07
 0.53405577427400E+07
 0.53405589954974E+07
 0.53405573526807E+07
 0.53405590671897E+07
 0.53405587779195E+07
 0.53405604095642E+07
 0.53405582445838E+07
 0.53405578480977E+07
 0.53405586065724E+07
 0.53405573520870E+07
