 0.20000000000000E+05
 0.19997098478896E+05
 0.19995647876092E+05
 0.19991296699233E+05
 0.19985496603496E+05
 0.19984774934645E+05
 0.19984108749496E+05
 0.19983964961173E+05
 0.19983328198506E+05
 0.19983027379827E+05
 0.19982876972175E+05
 0.19982425756033E+05
 0.19981824150419E+05
 0.19981482179951E+05
 0.19981311196898E+05
 0.19980798256546E+05
 0.19980114356627E+05
 0.19979772745247E+05
 0.19979601941734E+05
 0.19979089539982E+05
 0.19978406358156E+05
 0.19978046177611E+05
 0.19977866089761E+05
 0.19977325835976E+05
 0.19976605520394E+05
 0.19976232595941E+05
 0.19976046136311E+05
 0.19975486767892E+05
 0.19974740967773E+05
 0.19973609914362E+05
 0.19973044411632E+05
 0.19971347999588E+05
 0.19969086341217E+05
 0.19968733654319E+05
 0.19967926447694E+05
 0.19967522856588E+05
 0.19966312132273E+05
 0.19964697947542E+05
 0.19964317845802E+05
 0.19963860177308E+05
 0.19963631346979E+05
 0.19962944871762E+05
 0.19962029608283E+05
 0.19961495388224E+05
 0.19961228283536E+05
 0.19960426990955E+05
 0.19959358650990E+05
 0.19958836530087E+05
 0.19958575474738E+05
 0.19957792329217E+05
 0.19956748183094E+05
 0.19956213610635E+05
 0.19955946329756E+05
 0.19955144508636E+05
 0.19954075464030E+05
 0.19953443162127E+05
 0.19953127018665E+05
 0.19952178618381E+05
 0.19950914154917E+05
 0.19950262344811E+05
 0.19949936447719E+05
 0.19948958788433E+05
 0.19947655317377E+05
 0.19946968454773E+05
 0.19946625032315E+05
 0.19945594800467E+05
 0.19944221240912E+05
 0.19943439405638E+05
 0.19943048499465E+05
 0.19941875826976E+05
 0.19940312371075E+05
 0.19939458036597E+05
 0.19939030883053E+05
 0.19937749477389E+05
 0.19936041064773E+05
 0.19935211650782E+05
 0.19934796956695E+05
 0.19933552926257E+05
 0.19931894339932E+05
 0.19931118635242E+05
 0.19930730794189E+05
 0.19929567316369E+05
 0.19928016118414E+05
 0.19927050229852E+05
 0.19926567303092E+05
 0.19925118593102E+05
 0.19923187143811E+05
 0.19922233318954E+05
 0.19921756423614E+05
 0.19920325806160E+05
 0.19918418476221E+05
 0.19917296265924E+05
 0.19916735184443E+05
 0.19915052034919E+05
 0.19912808057040E+05
 0.19911640108138E+05
 0.19911056159332E+05
 0.19909304415754E+05
 0.19906968997615E+05
 0.19906757484260E+05
 0.19906263254663E+05
 0.19904780639569E+05
 0.19902803991409E+05
 0.19901507447715E+05
 0.19900859207493E+05
 0.19898914613610E+05
 0.19896322117597E+05
 0.19894789953861E+05
 0.19894023916183E+05
 0.19891725980231E+05
 0.19888662478822E+05
 0.19888492491775E+05
 0.19886580048508E+05
 0.19884030410463E+05
 0.19879868360769E+05
 0.19877787662473E+05
 0.19871546874443E+05
 0.19863228872325E+05
 0.19860804043495E+05
 0.19859331888791E+05
 0.19858595852305E+05
 0.19856387906629E+05
 0.19853444361217E+05
 0.19851962191368E+05
 0.19851221147883E+05
 0.19848998183507E+05
 0.19846034618519E+05
 0.19844544246184E+05
 0.19843799101931E+05
 0.19841563837159E+05
 0.19838583876088E+05
 0.19837938701204E+05
 0.19837230612177E+05
 0.19835106496842E+05
 0.19832274697143E+05
 0.19830879995392E+05
 0.19830182681246E+05
 0.19828090886027E+05
 0.19825302169247E+05
 0.19820125645203E+05
 0.19817537889870E+05
 0.19809776651254E+05
 0.19799433062144E+05
 0.19797948840326E+05
 0.19796727345052E+05
 0.19793063311577E+05
 0.19788178988973E+05
 0.19785946215910E+05
 0.19784829923771E+05
 0.19781481425385E+05
 0.19777017642859E+05
 0.19774981693338E+05
 0.19773963797100E+05
 0.19770910422897E+05
 0.19766839991102E+05
 0.19764672824124E+05
 0.19763589329656E+05
 0.19760339202782E+05
 0.19756006532117E+05
 0.19753908699420E+05
 0.19752859866531E+05
 0.19749713702135E+05
 0.19745519596181E+05
 0.19743334277514E+05
 0.19742241708798E+05
 0.19738964365566E+05
 0.19734595421326E+05
 0.19732070258010E+05
 0.19730807797427E+05
 0.19727020900479E+05
 0.19721972835622E+05
 0.19719470904282E+05
 0.19718220057545E+05
 0.19714467993561E+05
 0.19709466352657E+05
 0.19706658345378E+05
 0.19705254491659E+05
 0.19701043530725E+05
 0.19695430316470E+05
 0.19692412859168E+05
 0.19690904303768E+05
 0.19686379331145E+05
 0.19680347652399E+05
 0.19677231766547E+05
 0.19675674008505E+05
 0.19671001474497E+05
 0.19664773155805E+05
 0.19661824428090E+05
 0.19660350229937E+05
 0.19655928298856E+05
 0.19650033938395E+05
 0.19644880402587E+05
 0.19642304141361E+05
 0.19634577385023E+05
 0.19624279772164E+05
 0.19619210239866E+05
 0.19616675964653E+05
 0.19609075103386E+05
 0.19598945203773E+05
 0.19594026833687E+05
 0.19586343627817E+05
 0.19582697728185E+05
 0.19580875032741E+05
 0.19575407964523E+05
 0.19568120915327E+05
 0.19563959679029E+05
 0.19561879392574E+05
 0.19555639860641E+05
 0.19547323581290E+05
 0.19543374120011E+05
 0.19541399688474E+05
 0.19535477590917E+05
 0.19527584253310E+05
 0.19523711642368E+05
 0.19521775624761E+05
 0.19515968724032E+05
 0.19508228877329E+05
 0.19503856162863E+05
 0.19501670173030E+05
 0.19495113673779E+05
 0.19486375104442E+05
 0.19481369005067E+05
 0.19478866437494E+05
 0.19471360663853E+05
 0.19461357465434E+05
 0.19456275517460E+05
 0.19453735040949E+05
 0.19446115601938E+05
 0.19435960992979E+05
 0.19431032330735E+05
 0.19428568468136E+05
 0.19421178755062E+05
 0.19411330177288E+05
 0.19405552118085E+05
 0.19402663733270E+05
 0.19394001158500E+05
 0.19382457075798E+05
 0.19377073773394E+05
 0.19374382682704E+05
 0.19366311653261E+05
 0.19355555511663E+05
 0.19348631424154E+05
 0.19345170309058E+05
 0.19334790678621E+05
 0.19320959835398E+05
 0.19311483515116E+05
 0.19306747097703E+05
 0.19292544815074E+05
 0.19273624690258E+05
 0.19264056797770E+05
 0.19259274632467E+05
 0.19244935258923E+05
 0.19225832702285E+05
 0.19222838396505E+05
 0.19218767239982E+05
 0.19206558943607E+05
 0.19190293279283E+05
 0.19188297847290E+05
 0.19184658571099E+05
 0.19173744883921E+05
 0.19159202959568E+05
 0.19151723211056E+05
 0.19147984431627E+05
 0.19136772472612E+05
 0.19121833407089E+05
 0.19114391561848E+05
 0.19110671725105E+05
 0.19099516558350E+05
 0.19084653132384E+05
 0.19076385275039E+05
 0.19072252689332E+05
 0.19059860303591E+05
 0.19043349648789E+05
 0.19035490564837E+05
 0.19031562238928E+05
 0.19019782125211E+05
 0.19004086650233E+05
 0.18995584575497E+05
 0.18991334964294E+05
 0.18978591834699E+05
 0.18961614296870E+05
 0.18952909194030E+05
 0.18948558141063E+05
 0.18935510975165E+05
 0.18918128729300E+05
 0.18906863891406E+05
 0.18901233987666E+05
 0.18884354333797E+05
 0.18861871577442E+05
 0.18848325038395E+05
 0.18841555417210E+05
 0.18821261139555E+05
 0.18794236104195E+05
 0.18790748758494E+05
 0.18784401858134E+05
 0.18765374017757E+05
 0.18740033545513E+05
 0.18726496774311E+05
 0.18719732055481E+05
 0.18699452558498E+05
 0.18672447402104E+05
 0.18667236262210E+05
 0.18660286561485E+05
 0.18639452980484E+05
 0.18611711052956E+05
 0.18598890460929E+05
 0.18592483476597E+05
 0.18573275764058E+05
 0.18547696347024E+05
 0.18534957360403E+05
 0.18528591148030E+05
 0.18509505628495E+05
 0.18484088849097E+05
 0.18470264667900E+05
 0.18463356454416E+05
 0.18442647313907E+05
 0.18415071257379E+05
 0.18398308975709E+05
 0.18389933556806E+05
 0.18364830170734E+05
 0.18331412289784E+05
 0.18307692987787E+05
 0.18295844847430E+05
 0.18260346414650E+05
 0.18213122292468E+05
 0.18204628107500E+05
 0.18167999827976E+05
 0.18150172825069E+05
 0.18123076254551E+05
 0.18106562129285E+05
 0.18098310709901E+05
 0.18073579007860E+05
 0.18040655972544E+05
 0.18019180189578E+05
 0.18008451886072E+05
 0.17976305286600E+05
 0.17933532405097E+05
 0.17909399922393E+05
 0.17897345860692E+05
 0.17861232334026E+05
 0.17813194298441E+05
 0.17786886488031E+05
 0.17773747155413E+05
 0.17734387367693E+05
 0.17682043207670E+05
 0.17652152934978E+05
 0.17637226750653E+05
 0.17592523884288E+05
 0.17533096267425E+05
 0.17531455401348E+05
 0.17519653929924E+05
 0.17484297161677E+05
 0.17437265779220E+05
 0.17412904125376E+05
 0.17400736063922E+05
 0.17364282875535E+05
 0.17315797393980E+05
 0.17281320897466E+05
 0.17264108398045E+05
 0.17212573697764E+05
 0.17144099990434E+05
 0.17138459346848E+05
 0.17116331720935E+05
 0.17050120114098E+05
 0.16962236230792E+05
 0.16919172211261E+05
 0.16897681216640E+05
 0.16833371886477E+05
 0.16748006680896E+05
 0.16731765952216E+05
 0.16674789953289E+05
 0.16648499467365E+05
 0.16635369771703E+05
 0.16596042781738E+05
 0.16543751384341E+05
 0.16517489222070E+05
 0.16504373777669E+05
 0.16465089897981E+05
 0.16412856808928E+05
 0.16378802594949E+05
 0.16361801992382E+05
 0.16310905990010E+05
 0.16243290850852E+05
 0.16209359098122E+05
 0.16192419810666E+05
 0.16141708089349E+05
 0.16074339434786E+05
 0.16039555759411E+05
 0.16022192156602E+05
 0.15970214051070E+05
 0.15901172126343E+05
 0.15856099730109E+05
 0.15833611462672E+05
 0.15766337849743E+05
 0.15677084124158E+05
 0.15620198506788E+05
 0.15591833148209E+05
 0.15507045761588E+05
 0.15394712707581E+05
 0.15321150494314E+05
 0.15284501306462E+05
 0.15175078913438E+05
 0.15030399992551E+05
 0.14978387292270E+05
 0.14876985760054E+05
 0.14854783258414E+05
 0.14822143928787E+05
 0.14724655610853E+05
 0.14595667893614E+05
 0.14557260516224E+05
 0.14464982980799E+05
 0.14415144711047E+05
 0.14390290004433E+05
 0.14315982720932E+05
 0.14217502878557E+05
 0.14153858837447E+05
 0.14122143731806E+05
 0.14027424174647E+05
 0.13902118950925E+05
 0.13897125275274E+05
 0.13826637483765E+05
 0.13733209602727E+05
 0.13675262158945E+05
 0.13646380190716E+05
 0.13560099765215E+05
 0.13445907192067E+05
 0.13376025657041E+05
 0.13341221201670E+05
 0.13237350266474E+05
 0.13100112602517E+05
 0.13036858986802E+05
 0.13005346800964E+05
 0.12911266532233E+05
 0.12786884004457E+05
 0.12709046307875E+05
 0.12670305320635E+05
 0.12554789490713E+05
 0.12402404991912E+05
 0.12302725629466E+05
 0.12253186773058E+05
 0.12105763857361E+05
 0.11911955386822E+05
 0.11839090934560E+05
 0.11695739855849E+05
 0.11621771604964E+05
 0.11584963088256E+05
 0.11475235548193E+05
 0.11330547144552E+05
 0.11260031904882E+05
 0.11224939021900E+05
 0.11120315236141E+05
 0.10982332214360E+05
 0.10902211552865E+05
 0.10862370678930E+05
 0.10743719499961E+05
 0.10587531559359E+05
 0.10516311642257E+05
 0.10480881538066E+05
 0.10375305820730E+05
 0.10236190662468E+05
 0.10139799497217E+05
 0.10091944829752E+05
 0.99497316731495E+04
 0.97632266401529E+04
 0.97342299974757E+04
 0.96068250804026E+04
 0.95400555306678E+04
 0.95068449790939E+04
 0.94079053901894E+04
 0.92775858258072E+04
 0.91863835735168E+04
 0.91411192044031E+04
 0.90066599089470E+04
 0.88304524022302E+04
 0.88057788563601E+04
 0.86915083876609E+04
 0.86230834216598E+04
 0.85890732084466E+04
 0.84878452956213E+04
 0.83547281600828E+04
 0.82890332795605E+04
 0.82563798059335E+04
 0.81591891673417E+04
 0.80313790210134E+04
 0.79615852585378E+04
 0.79269161491598E+04
 0.78238120092968E+04
 0.76884229068082E+04
 0.76743387031438E+04
 0.75924930308295E+04
 0.74847216671598E+04
 0.74168474173422E+04
 0.73831414558611E+04
 0.72829398581966E+04
 0.71514499492208E+04
 0.71259084078535E+04
 0.70372936106157E+04
 0.69208523710120E+04
 0.69008897930465E+04
 0.68754316438741E+04
 0.67996193231305E+04
 0.66998350071439E+04
 0.66499982305273E+04
 0.66252190299293E+04
 0.65514340499050E+04
 0.64543307673179E+04
 0.64047828128559E+04
 0.63801516535923E+04
 0.63068250745637E+04
 0.62103655583514E+04
 0.61627096311026E+04
 0.61390189764969E+04
 0.60684920460314E+04
 0.59757149014971E+04
 0.59288996811832E+04
 0.59056297851394E+04
 0.58363666496880E+04
 0.57452778021544E+04
 0.57008071485525E+04
 0.56787010695863E+04
 0.56128958334524E+04
 0.55263401955173E+04
 0.54842937388328E+04
 0.54633906259149E+04
 0.54011581037965E+04
 0.53192827192096E+04
 0.52788227105405E+04
 0.52587082578975E+04
 0.51988236011284E+04
 0.51200368650094E+04
 0.50818987836397E+04
 0.50629364051366E+04
 0.50064727497688E+04
 0.49321662046479E+04
 0.48943503408720E+04
 0.48755512749825E+04
 0.48195862119594E+04
 0.47459641580100E+04
 0.47095449165958E+04
 0.46914402307354E+04
 0.46375427006647E+04
 0.45666413036624E+04
 0.45315281264319E+04
 0.45140729118859E+04
 0.44621096554087E+04
 0.43937546134109E+04
 0.43603498780934E+04
 0.43437428685063E+04
 0.42943003803972E+04
 0.42292513913304E+04
 0.41973894138610E+04
 0.41815485519510E+04
 0.41343837654613E+04
 0.40723238812778E+04
 0.40417227258925E+04
 0.40265084866090E+04
 0.39812085348432E+04
 0.39216003916322E+04
 0.38923272597158E+04
 0.38777727368631E+04
 0.38344348982897E+04
 0.37774036027560E+04
 0.37492615486013E+04
 0.37352692413615E+04
 0.36936048600558E+04
 0.36387743848509E+04
 0.36121239325390E+04
 0.35988719906539E+04
 0.35594071616843E+04
 0.35074597661162E+04
 0.34817365456554E+04
 0.34689457651321E+04
 0.34308546708841E+04
 0.33807163861788E+04
 0.33559801230599E+04
 0.33436799456014E+04
 0.33070492468483E+04
 0.32588317982185E+04
 0.32352498369414E+04
 0.32235229253430E+04
 0.31885966179686E+04
 0.31426161567930E+04
 0.31199309740059E+04
 0.31086498638015E+04
 0.30750506882483E+04
 0.30308160115177E+04
 0.30091588875692E+04
 0.29983884268726E+04
 0.29663077944649E+04
 0.29240669152519E+04
 0.29033008542188E+04
 0.28929731920338E+04
 0.28622101109739E+04
 0.28217009342368E+04
 0.28018372845857E+04
 0.27919579577970E+04
 0.27625284961000E+04
 0.27237712004726E+04
 0.27047691422220E+04
 0.26953178824514E+04
 0.26671617962710E+04
 0.26300773503993E+04
 0.26118208124891E+04
 0.26027401205445E+04
 0.25756870360934E+04
 0.25400531640459E+04
 0.25226198446418E+04
 0.25139481050187E+04
 0.24881113373817E+04
 0.24540748977308E+04
 0.24373213357699E+04
 0.24289874933057E+04
 0.24041565513835E+04
 0.23714430461737E+04
 0.23553924181280E+04
 0.23474078879052E+04
 0.23236163320332E+04
 0.22922689339609E+04
 0.22769112490234E+04
 0.22692710341206E+04
 0.22465038680380E+04
 0.22165025710267E+04
 0.22017798904139E+04
 0.21944552625152E+04
 0.21726272563890E+04
 0.21438606209743E+04
 0.21297510906513E+04
 0.21227311858281E+04
 0.21018099981687E+04
 0.20742354800579E+04
 0.20606910875784E+04
 0.20539520930504E+04
 0.20338670520983E+04
 0.20073921888372E+04
 0.19943952987046E+04
 0.19879284431101E+04
 0.19686534189132E+04
 0.19432437958758E+04
 0.19307665590318E+04
 0.19245580153345E+04
 0.19060519133429E+04
 0.18816536292744E+04
 0.18696661567509E+04
 0.18637010889547E+04
 0.18459198313050E+04
 0.18224751075918E+04
 0.18109530331218E+04
 0.18052193413721E+04
 0.17881269587619E+04
 0.17655885981953E+04
 0.17545073277645E+04
 0.17489928005012E+04
 0.17325529971061E+04
 0.17108733869375E+04
 0.17002136892214E+04
 0.16949087721070E+04
 0.16790931281872E+04
 0.16582349368937E+04
 0.16479726101313E+04
 0.16428652877461E+04
 0.16276380959579E+04
 0.16075544956138E+04
 0.15976690137356E+04
 0.15927490923563E+04
 0.15780800464486E+04
 0.15587312631390E+04
 0.15492006491854E+04
 0.15444572171526E+04
 0.15303138868256E+04
 0.15116573831823E+04
 0.15024637365821E+04
 0.14978879026065E+04
 0.14842438480247E+04
 0.14662449111591E+04
 0.14573701317862E+04
 0.14529529065047E+04
 0.14397814003538E+04
 0.14224049496284E+04
 0.14138311656240E+04
 0.14095636735528E+04
 0.13968383291350E+04
 0.13800497357328E+04
 0.13717607898081E+04
 0.13676350057972E+04
 0.13553319598475E+04
 0.13390998959886E+04
 0.13310839655256E+04
 0.13270940130365E+04
 0.13151957738802E+04
 0.12994972360867E+04
 0.12917358293128E+04
 0.12878725278074E+04
 0.12763518129510E+04
 0.12611510227155E+04
 0.12536328378117E+04
 0.12498905704433E+04
 0.12387306644119E+04
 0.12240056465856E+04
 0.12167063978153E+04
 0.12130731145590E+04
 0.12022382352990E+04
 0.11879421297681E+04
 0.11808580976295E+04
 0.11773319410206E+04
 0.11668165251136E+04
 0.11529419354541E+04
 0.11460502125011E+04
 0.11426198174158E+04
 0.11323901205177E+04
 0.11188928644488E+04
 0.11121938267671E+04
 0.11088593670483E+04
 0.10989158541201E+04
 0.10857964220258E+04
 0.10792738697298E+04
 0.10760273058384E+04
 0.10663460972648E+04
 0.10535732016807E+04
 0.10472125858814E+04
 0.10440466979390E+04
 0.10346063497222E+04
 0.10221518969009E+04
 0.10159466389370E+04
 0.10128581575608E+04
 0.10036489397236E+04
 0.99150013783598E+03
 0.98543916367703E+03
 0.98242259320056E+03
 0.97342818136774E+03
 0.96156364101669E+03
 0.95563675980115E+03
 0.95268704369553E+03
 0.94389242069605E+03
 0.93229247224396E+03
 0.92648967906356E+03
 0.92360185466523E+03
 0.91499228773852E+03
 0.90363764777852E+03
 0.89794909143544E+03
 0.89511827425293E+03
 0.88667926936924E+03
 0.87555098330605E+03
 0.86996734796342E+03
 0.86718892102948E+03
 0.85890678467924E+03
 0.84798696173506E+03
 0.84249922323686E+03
 0.83976871677450E+03
 0.83163020027603E+03
 0.82090155209911E+03
 0.81550004607563E+03
 0.81281267669157E+03
 0.80480361307023E+03
 0.79424768172605E+03
 0.78892237700494E+03
 0.78627318417368E+03
 0.77837889505089E+03
 0.76797659127449E+03
 0.76271618962365E+03
 0.76009959169870E+03
 0.75230357678459E+03
 0.74203348491104E+03
 0.73682442933709E+03
 0.73423373572146E+03
 0.72651623606802E+03
 0.71635276503906E+03
 0.71117709863382E+03
 0.70860345589655E+03
 0.70093834891814E+03
 0.69084773254205E+03
 0.68567841325044E+03
 0.68310849919864E+03
 0.67545650677231E+03
 0.66538805814751E+03
 0.66017787613970E+03
 0.65758844797025E+03
 0.64988108971456E+03
 0.63974656580024E+03
 0.63439328224509E+03
 0.63173403459935E+03
 0.62382321146260E+03
 0.61343206499444E+03
 0.60760226825787E+03
 0.60470930831994E+03
 0.59611321668926E+03
 0.58484720534689E+03
 0.57829791396631E+03
 0.57505348190255E+03
 0.56542984965723E+03
 0.55286274048989E+03
 0.54934229815670E+03
 0.54023919594154E+03
 0.54016517030282E+03
 0.53823178767047E+03
 0.53247381604152E+03
 0.52490369730123E+03
 0.52379545037130E+03
 0.52212606462183E+03
 0.51715062739100E+03
 0.51060376348564E+03
 0.50930552237200E+03
 0.50784184035353E+03
 0.50347699346695E+03
 0.49773149496961E+03
 0.49512106850556E+03
 0.49382572588691E+03
 0.48996123615492E+03
 0.48487595658815E+03
 0.48256776568569E+03
 0.48142383406515E+03
 0.47800978656896E+03
 0.47352103914342E+03
 0.47149135589193E+03
 0.47048735892524E+03
 0.46748995020836E+03
 0.46355484425983E+03
 0.46179130200520E+03
 0.46092126105603E+03
 0.45832295467352E+03
 0.45491916349498E+03
 0.45436883172493E+03
 0.45362364749520E+03
 0.45139744344177E+03
 0.44848707589443E+03
 0.44831509687601E+03
 0.44769818783037E+03
 0.44585436799972E+03
 0.44344717567427E+03
 0.44221732835987E+03
 0.44161797969113E+03
 0.43982711119507E+03
 0.43750725393371E+03
 0.43627527822358E+03
 0.43568291230035E+03
 0.43391352220072E+03
 0.43165433150113E+03
 0.43048584007270E+03
 0.42993617332133E+03
 0.42829393568238E+03
 0.42624398662481E+03
 0.42519120810151E+03
 0.42471329400986E+03
 0.42328271814799E+03
 0.42156020262451E+03
 0.42066628640416E+03
 0.42028344158900E+03
 0.41913027518079E+03
 0.41782069921079E+03
 0.41711620695117E+03
 0.41684260582553E+03
 0.41600449257863E+03
 0.41514559673668E+03
 0.41464663301362E+03
 0.41448475007284E+03
 0.41396566278842E+03
 0.41353981948858E+03
 0.41324551639348E+03
 0.41318156384661E+03
 0.41294241951156E+03
 0.41285592905835E+03
 0.41272534569767E+03
 0.41271308280986E+03
 0.41264083740908E+03
 0.41265672355045E+03
 0.41257957218100E+03
 0.41255262873213E+03
 0.41245205222531E+03
 0.41233173124809E+03
 0.41217213408428E+03
 0.41206510081438E+03
 0.41174383746420E+03
 0.41125149841836E+03
 0.41085756836232E+03
 0.41059500063264E+03
 0.40983725659188E+03
 0.40870135335979E+03
 0.40788864567404E+03
 0.40737615479411E+03
 0.40591834060009E+03
 0.40381298807174E+03
 0.40234315116745E+03
 0.40145983239448E+03
 0.39897448499984E+03
 0.39551961650486E+03
 0.39343234786574E+03
 0.39225490978433E+03
 0.38894929275489E+03
 0.38453198853507E+03
 0.38248874056953E+03
 0.38140561138588E+03
 0.37832705044158E+03
 0.37431598573022E+03
 0.37208790529580E+03
 0.37093470956384E+03
 0.36766717894919E+03
 0.36350646380215E+03
 0.36124263607654E+03
 0.36010018855449E+03
 0.35687663265355E+03
 0.35286737492186E+03
 0.35099465920339E+03
 0.35007146665673E+03
 0.34745782728240E+03
 0.34424590789704E+03
 0.34275649929408E+03
 0.34203346124933E+03
 0.33998248248527E+03
 0.33748439397302E+03
 0.33633046596884E+03
 0.33577636770229E+03
 0.33420314952590E+03
 0.33230015095799E+03
 0.33142424656819E+03
 0.33100680289920E+03
 0.32982132327708E+03
 0.32839475280365E+03
 0.32774013357542E+03
 0.32742960752550E+03
 0.32654801825247E+03
 0.32549096417056E+03
 0.32500705418489E+03
 0.32477803327959E+03
 0.32412826173825E+03
 0.32335089779059E+03
 0.32299562064491E+03
 0.32282755662899E+03
 0.32235114292684E+03
 0.32178181838425E+03
 0.32152189507252E+03
 0.32139884701208E+03
 0.32105037202982E+03
 0.32063408768218E+03
 0.32044414630229E+03
 0.32035410592326E+03
 0.32009934560628E+03
 0.31979499023129E+03
 0.31965615989118E+03
 0.31959024938842E+03
 0.31940391682657E+03
 0.31918125524491E+03
 0.31907970261918E+03
 0.31903142415002E+03
 0.31889503353557E+03
 0.31873200833293E+03
 0.31865766032542E+03
 0.31862227627423E+03
 0.31852236963843E+03
 0.31840292953300E+03
 0.31834846224775E+03
 0.31832251898653E+03
 0.31824930070592E+03
 0.31816175753937E+03
 0.31812183939657E+03
 0.31810281548738E+03
 0.31804914379086E+03
 0.31798496988356E+03
 0.31795571099470E+03
 0.31794176204592E+03
 0.31790241882715E+03
 0.31785537915142E+03
 0.31783393520779E+03
 0.31782370982928E+03
 0.31779487521564E+03
 0.31776040303854E+03
 0.31774469065535E+03
 0.31773719751251E+03
 0.31771607129581E+03
 0.31769081775729E+03
 0.31767930914321E+03
 0.31767382052741E+03
 0.31765834821805E+03
 0.31763985584405E+03
 0.31763142992386E+03
 0.31762741149798E+03
 0.31761608512289E+03
 0.31760255005782E+03
 0.31759638401009E+03
 0.31759344343459E+03
 0.31758515608524E+03
 0.31757525428009E+03
 0.31757074422537E+03
 0.31756859349088E+03
 0.31756253279482E+03
 0.31755529260914E+03
 0.31755199546641E+03
 0.31755042322929E+03
 0.31754599317398E+03
 0.31754070184109E+03
 0.31753829263604E+03
 0.31753714388183E+03
 0.31753390737916E+03
 0.31753004227098E+03
 0.31752828280639E+03
 0.31752744391355E+03
 0.31752508063060E+03
 0.31752225878086E+03
 0.31752097447967E+03
 0.31752036217767E+03
 0.31751863738242E+03
 0.31751657821811E+03
 0.31751564120182E+03
 0.31751519449851E+03
 0.31751393628222E+03
 0.31751243436406E+03
 0.31751175103507E+03
 0.31751142529165E+03
 0.31751050785215E+03
 0.31750941286775E+03
 0.31750891476295E+03
 0.31750867732995E+03
 0.31750800866315E+03
 0.31750721070182E+03
 0.31750684776942E+03
 0.31750667477926E+03
 0.31750618763425E+03
 0.31750560636948E+03
 0.31750534203678E+03
 0.31750521605063E+03
 0.31750486129527E+03
 0.31750443805163E+03
 0.31750424560854E+03
 0.31750415389123E+03
 0.31750389564856E+03
 0.31750358758720E+03
 0.31750344753622E+03
 0.31750338079209E+03
 0.31750319287710E+03
 0.31750296873655E+03
 0.31750286685199E+03
 0.31750281829919E+03
 0.31750268160965E+03
 0.31750251858770E+03
 0.31750244449506E+03
 0.31750240918807E+03
 0.31750230979512E+03
 0.31750219126736E+03
 0.31750213740415E+03
 0.31750211173814E+03
 0.31750203948974E+03
 0.31750195334113E+03
 0.31750191419708E+03
 0.31750189554561E+03
 0.31750184304565E+03
 0.31750178045110E+03
 0.31750175201297E+03
 0.31750173846323E+03
 0.31750170032561E+03
 0.31750165485923E+03
 0.31750163420523E+03
 0.31750162436474E+03
 0.31750159666871E+03
 0.31750156365340E+03
 0.31750154865723E+03
 0.31750154151265E+03
 0.31750152140523E+03
 0.31750149743806E+03
 0.31750148655289E+03
 0.31750148136709E+03
 0.31750146677305E+03
 0.31750144937903E+03
 0.31750144148000E+03
 0.31750143771696E+03
 0.31750142712736E+03
 0.31750141450704E+03
 0.31750140877644E+03
 0.31750140604650E+03
 0.31750139836450E+03
 0.31750138921006E+03
 0.31750138505362E+03
 0.31750138307364E+03
 0.31750137750225E+03
 0.31750137086343E+03
 0.31750136784946E+03
 0.31750136641375E+03
 0.31750136237401E+03
 0.31750135756063E+03
 0.31750135537557E+03
 0.31750135433475E+03
 0.31750135140624E+03
 0.31750134791712E+03
 0.31750134633335E+03
 0.31750134557897E+03
 0.31750134345646E+03
 0.31750134092780E+03
 0.31750133978009E+03
 0.31750133923342E+03
 0.31750133769539E+03
 0.31750133586316E+03
 0.31750133503160E+03
 0.31750133463554E+03
 0.31750133352125E+03
 0.31750133219389E+03
 0.31750133159152E+03
 0.31750133130462E+03
 0.31750133049748E+03
 0.31750132953605E+03
 0.31750132909977E+03
 0.31750132889198E+03
 0.31750132830742E+03
 0.31750132761116E+03
 0.31750132729523E+03
 0.31750132714476E+03
 0.31750132672148E+03
 0.31750132621733E+03
 0.31750132598859E+03
 0.31750132587964E+03
 0.31750132557319E+03
 0.31750132520821E+03
 0.31750132504261E+03
 0.31750132496375E+03
 0.31750132474191E+03
 0.31750132447771E+03
 0.31750132435786E+03
 0.31750132430078E+03
 0.31750132414021E+03
 0.31750132394900E+03
 0.31750132386226E+03
 0.31750132382095E+03
 0.31750132370475E+03
 0.31750132356638E+03
 0.31750132350361E+03
 0.31750132347372E+03
 0.31750132338964E+03
 0.31750132328951E+03
 0.31750132324410E+03
 0.31750132322247E+03
 0.31750132316164E+03
 0.31750132308921E+03
 0.31750132305635E+03
 0.31750132304070E+03
 0.31750132299670E+03
 0.31750132294430E+03
 0.31750132292053E+03
 0.31750132290922E+03
 0.31750132287738E+03
 0.31750132283948E+03
 0.31750132282229E+03
 0.31750132281411E+03
 0.31750132279109E+03
 0.31750132276367E+03
 0.31750132275484E+03
 0.31750132275057E+03
 0.31750132273833E+03
 0.31750132272326E+03
