 0.00000000000000E+00
 0.10001000000000E+05
 0.10001000000000E+05
 0.10001000000000E+05
 0.10001000000000E+05
 0.10012166090260E+05
 0.10013984710607E+05
 0.10015197658362E+05
 0.10015197658362E+05
 0.10016637847939E+05
 0.10016637847939E+05
 0.10016637847939E+05
 0.10016637847939E+05
 0.10017988243067E+05
 0.10017988243067E+05
 0.10017988243067E+05
 0.10017988243067E+05
 0.10019511162584E+05
 0.10019511162584E+05
 0.10019511162584E+05
 0.10019511162584E+05
 0.10021019537440E+05
 0.10021019537440E+05
 0.10021019537440E+05
 0.10021019537440E+05
 0.10022595896043E+05
 0.10022595896043E+05
 0.10022595896043E+05
 0.10022595896043E+05
 0.10024212832880E+05
 0.10024212832880E+05
 0.10024212832880E+05
 0.10024212832880E+05
 0.10026304060095E+05
 0.10029317324126E+05
 0.10029317324126E+05
 0.10029317324126E+05
 0.10029317324126E+05
 0.10031190405753E+05
 0.10032966987952E+05
 0.10032966987952E+05
 0.10032966987952E+05
 0.10032966987952E+05
 0.10034823828319E+05
 0.10034823828319E+05
 0.10034823828319E+05
 0.10034823828319E+05
 0.10036961528888E+05
 0.10036961528888E+05
 0.10036961528888E+05
 0.10036961528888E+05
 0.10039019991682E+05
 0.10039019991682E+05
 0.10039019991682E+05
 0.10039019991682E+05
 0.10041095767747E+05
 0.10041095767747E+05
 0.10041095767747E+05
 0.10041095767747E+05
 0.10043509487629E+05
 0.10043509487629E+05
 0.10043509487629E+05
 0.10043509487629E+05
 0.10045950609011E+05
 0.10045950609011E+05
 0.10045950609011E+05
 0.10045950609011E+05
 0.10048471143571E+05
 0.10048471143571E+05
 0.10048471143571E+05
 0.10048471143571E+05
 0.10051275170016E+05
 0.10051275170016E+05
 0.10051275170016E+05
 0.10051275170016E+05
 0.10054259968992E+05
 0.10054259968992E+05
 0.10054259968992E+05
 0.10054259968992E+05
 0.10057078645826E+05
 0.10057078645826E+05
 0.10057078645826E+05
 0.10057078645826E+05
 0.10059644015098E+05
 0.10059644015098E+05
 0.10059644015098E+05
 0.10059644015098E+05
 0.10062742860980E+05
 0.10062742860980E+05
 0.10062742860980E+05
 0.10062742860980E+05
 0.10065698788865E+05
 0.10065698788865E+05
 0.10065698788865E+05
 0.10065698788865E+05
 0.10069043818838E+05
 0.10069043818838E+05
 0.10069043818838E+05
 0.10069043818838E+05
 0.10071938240145E+05
 0.10071938240145E+05
 0.10071938240145E+05
 0.10071938240145E+05
 0.10074650505163E+05
 0.10074650505163E+05
 0.10074650505163E+05
 0.10074650505163E+05
 0.10078037762695E+05
 0.10078037762695E+05
 0.10078037762695E+05
 0.10078037762695E+05
 0.10080961240776E+05
 0.10080961240776E+05
 0.10080961240776E+05
 0.10083930444453E+05
 0.10083930444453E+05
 0.10083930444453E+05
 0.10083930444453E+05
 0.10090514427890E+05
 0.10093162076925E+05
 0.10093162076925E+05
 0.10093162076925E+05
 0.10093162076925E+05
 0.10095565694677E+05
 0.10095565694677E+05
 0.10095565694677E+05
 0.10095565694677E+05
 0.10097731496234E+05
 0.10097731496234E+05
 0.10097731496234E+05
 0.10097731496234E+05
 0.10099465431142E+05
 0.10099465431142E+05
 0.10099465431142E+05
 0.10099465431142E+05
 0.10101076690058E+05
 0.10101076690058E+05
 0.10101076690058E+05
 0.10101076690058E+05
 0.10102434991005E+05
 0.10102434991005E+05
 0.10102434991005E+05
 0.10102434991005E+05
 0.10105431034842E+05
 0.10105431034842E+05
 0.10105431034842E+05
 0.10105431034842E+05
 0.10105842705398E+05
 0.10105842705398E+05
 0.10105842705398E+05
 0.10105842705398E+05
 0.10105607482718E+05
 0.10105607482718E+05
 0.10105607482718E+05
 0.10105607482718E+05
 0.10104885325266E+05
 0.10104885325266E+05
 0.10104885325266E+05
 0.10104885325266E+05
 0.10103583796974E+05
 0.10103583796974E+05
 0.10103583796974E+05
 0.10103583796974E+05
 0.10101802905479E+05
 0.10101802905479E+05
 0.10101802905479E+05
 0.10101802905479E+05
 0.10099403683114E+05
 0.10099403683114E+05
 0.10099403683114E+05
 0.10099403683114E+05
 0.10095939105810E+05
 0.10095939105810E+05
 0.10095939105810E+05
 0.10095939105810E+05
 0.10091775045768E+05
 0.10091775045768E+05
 0.10091775045768E+05
 0.10091775045768E+05
 0.10086237597551E+05
 0.10086237597551E+05
 0.10086237597551E+05
 0.10086237597551E+05
 0.10079274243632E+05
 0.10079274243632E+05
 0.10079274243632E+05
 0.10079274243632E+05
 0.10070986101927E+05
 0.10070986101927E+05
 0.10070986101927E+05
 0.10070986101927E+05
 0.10062119596297E+05
 0.10062119596297E+05
 0.10062119596297E+05
 0.10062119596297E+05
 0.10044259605235E+05
 0.10044259605235E+05
 0.10044259605235E+05
 0.10044259605235E+05
 0.10029398279419E+05
 0.10029398279419E+05
 0.10012517284170E+05
 0.10012517284170E+05
 0.10012517284170E+05
 0.10012517284170E+05
 0.99950032855974E+04
 0.99950032855974E+04
 0.99950032855974E+04
 0.99950032855974E+04
 0.99732457386898E+04
 0.99732457386898E+04
 0.99732457386898E+04
 0.99732457386898E+04
 0.99508656846516E+04
 0.99508656846516E+04
 0.99508656846516E+04
 0.99508656846516E+04
 0.99273098085842E+04
 0.99273098085842E+04
 0.99273098085842E+04
 0.99273098085842E+04
 0.98988309418746E+04
 0.98988309418746E+04
 0.98988309418746E+04
 0.98988309418746E+04
 0.98638154811684E+04
 0.98638154811684E+04
 0.98638154811684E+04
 0.98638154811684E+04
 0.98256844357224E+04
 0.98256844357224E+04
 0.98256844357224E+04
 0.98256844357224E+04
 0.97862799605130E+04
 0.97862799605130E+04
 0.97862799605130E+04
 0.97862799605130E+04
 0.97371274899986E+04
 0.97371274899986E+04
 0.97371274899986E+04
 0.97371274899986E+04
 0.96885475758653E+04
 0.96885475758653E+04
 0.96885475758653E+04
 0.96885475758653E+04
 0.96222775439847E+04
 0.96222775439847E+04
 0.96222775439847E+04
 0.96222775439847E+04
 0.95249883853063E+04
 0.95249883853063E+04
 0.95249883853063E+04
 0.95249883853063E+04
 0.94311727828894E+04
 0.94311727828894E+04
 0.94311727828894E+04
 0.94311727828894E+04
 0.93491309864658E+04
 0.93491309864658E+04
 0.93491309864658E+04
 0.93491309864658E+04
 0.92611638436580E+04
 0.92611638436580E+04
 0.92611638436580E+04
 0.92611638436580E+04
 0.91671914860606E+04
 0.91671914860606E+04
 0.91671914860606E+04
 0.91671914860606E+04
 0.90703469158756E+04
 0.90703469158756E+04
 0.90703469158756E+04
 0.90703469158756E+04
 0.89591899555948E+04
 0.89591899555948E+04
 0.89591899555948E+04
 0.89591899555948E+04
 0.88503632794702E+04
 0.88503632794702E+04
 0.88503632794702E+04
 0.88503632794702E+04
 0.87295219196294E+04
 0.87295219196294E+04
 0.87295219196294E+04
 0.87295219196294E+04
 0.86028342038571E+04
 0.86028342038571E+04
 0.86028342038571E+04
 0.86028342038571E+04
 0.84351147621109E+04
 0.84351147621109E+04
 0.84351147621109E+04
 0.84351147621109E+04
 0.82572067723475E+04
 0.82572067723475E+04
 0.82572067723475E+04
 0.82572067723475E+04
 0.80608555274122E+04
 0.80608555274122E+04
 0.80608555274122E+04
 0.80608555274122E+04
 0.78764575124270E+04
 0.78764575124270E+04
 0.78764575124270E+04
 0.78764575124270E+04
 0.76575994521226E+04
 0.76575994521226E+04
 0.76575994521226E+04
 0.76575994521226E+04
 0.74554418398580E+04
 0.74554418398580E+04
 0.74554418398580E+04
 0.74554418398580E+04
 0.72550565117343E+04
 0.72550565117343E+04
 0.72550565117343E+04
 0.72550565117343E+04
 0.70390760743778E+04
 0.70390760743778E+04
 0.70390760743778E+04
 0.70390760743778E+04
 0.67804041358952E+04
 0.67804041358952E+04
 0.67804041358952E+04
 0.67804041358952E+04
 0.65623216119879E+04
 0.65623216119879E+04
 0.63568145598226E+04
 0.63568145598226E+04
 0.61584341410893E+04
 0.61584341410893E+04
 0.61584341410893E+04
 0.61584341410893E+04
 0.59234103925538E+04
 0.59234103925538E+04
 0.59234103925538E+04
 0.59234103925538E+04
 0.56286557518811E+04
 0.56286557518811E+04
 0.56286557518811E+04
 0.56286557518811E+04
 0.53128898653618E+04
 0.53128898653618E+04
 0.53128898653618E+04
 0.53128898653618E+04
 0.49877689858153E+04
 0.49877689858153E+04
 0.49877689858153E+04
 0.49877689858153E+04
 0.46920334060025E+04
 0.46920334060025E+04
 0.46920334060025E+04
 0.46920334060025E+04
 0.44341090543111E+04
 0.44341090543111E+04
 0.44341090543111E+04
 0.44341090543111E+04
 0.41844381253448E+04
 0.41844381253448E+04
 0.41844381253448E+04
 0.41844381253448E+04
 0.39292429662495E+04
 0.39292429662495E+04
 0.39292429662495E+04
 0.39292429662495E+04
 0.35453057137454E+04
 0.35453057137454E+04
 0.35453057137454E+04
 0.35453057137454E+04
 0.33181636965238E+04
 0.33181636965238E+04
 0.31114095373288E+04
 0.31114095373288E+04
 0.31114095373288E+04
 0.31114095373288E+04
 0.29358237209557E+04
 0.29358237209557E+04
 0.29358237209557E+04
 0.29358237209557E+04
 0.27729166404210E+04
 0.27729166404210E+04
 0.27729166404210E+04
 0.27729166404210E+04
 0.25789081288079E+04
 0.25789081288079E+04
 0.25789081288079E+04
 0.25789081288079E+04
 0.24029647781948E+04
 0.24029647781948E+04
 0.24029647781948E+04
 0.24029647781948E+04
 0.22388143345276E+04
 0.22388143345276E+04
 0.22388143345276E+04
 0.22388143345276E+04
 0.20480068543746E+04
 0.20480068543746E+04
 0.20480068543746E+04
 0.20480068543746E+04
 0.18377018700555E+04
 0.18377018700555E+04
 0.18377018700555E+04
 0.18377018700555E+04
 0.16675810202447E+04
 0.16675810202447E+04
 0.15461002062137E+04
 0.15461002062137E+04
 0.15461002062137E+04
 0.15461002062137E+04
 0.14306513243100E+04
 0.14306513243100E+04
 0.13231775301122E+04
 0.13231775301122E+04
 0.13231775301122E+04
 0.13231775301122E+04
 0.12204424243976E+04
 0.12204424243976E+04
 0.12204424243976E+04
 0.12204424243976E+04
 0.11277770870223E+04
 0.11277770870223E+04
 0.11277770870223E+04
 0.10493233744752E+04
 0.10493233744752E+04
 0.10493233744752E+04
 0.10493233744752E+04
 0.96331013227389E+03
 0.96331013227389E+03
 0.96331013227389E+03
 0.96331013227389E+03
 0.87228876183022E+03
 0.87228876183022E+03
 0.87228876183022E+03
 0.87228876183022E+03
 0.79984852015937E+03
 0.79984852015937E+03
 0.79984852015937E+03
 0.79984852015937E+03
 0.72184472658366E+03
 0.72184472658366E+03
 0.72184472658366E+03
 0.72184472658366E+03
 0.66050991619395E+03
 0.66050991619395E+03
 0.60360982326623E+03
 0.60360982326623E+03
 0.60360982326623E+03
 0.60360982326623E+03
 0.55269273635223E+03
 0.55269273635223E+03
 0.55269273635223E+03
 0.55269273635223E+03
 0.50935996110984E+03
 0.50935996110984E+03
 0.50935996110984E+03
 0.50935996110984E+03
 0.46549137503117E+03
 0.46549137503117E+03
 0.46549137503117E+03
 0.46549137503117E+03
 0.43049390057966E+03
 0.43049390057966E+03
 0.43049390057966E+03
 0.43049390057966E+03
 0.40255638062373E+03
 0.40255638062373E+03
 0.37572408029144E+03
 0.37572408029144E+03
 0.37572408029144E+03
 0.37572408029144E+03
 0.35048743173398E+03
 0.35048743173398E+03
 0.35048743173398E+03
 0.35048743173398E+03
 0.32939426724766E+03
 0.32939426724766E+03
 0.31033225086525E+03
 0.31033225086525E+03
 0.31033225086525E+03
 0.31033225086525E+03
 0.28962291740045E+03
 0.28962291740045E+03
 0.28962291740045E+03
 0.28962291740045E+03
 0.27113261701194E+03
 0.27113261701194E+03
 0.27113261701194E+03
 0.27113261701194E+03
 0.25640091905796E+03
 0.25640091905796E+03
 0.25640091905796E+03
 0.24255455758273E+03
 0.24255455758273E+03
 0.24255455758273E+03
 0.24255455758273E+03
 0.22956498446837E+03
 0.22956498446837E+03
 0.22956498446837E+03
 0.21744506480583E+03
 0.21744506480583E+03
 0.21744506480583E+03
 0.21744506480583E+03
 0.20635088898583E+03
 0.20635088898583E+03
 0.20635088898583E+03
 0.20635088898583E+03
 0.19598490987073E+03
 0.19598490987073E+03
 0.19598490987073E+03
 0.19598490987073E+03
 0.18606606890663E+03
 0.18606606890663E+03
 0.18606606890663E+03
 0.18606606890663E+03
 0.17685134313043E+03
 0.17685134313043E+03
 0.17685134313043E+03
 0.17685134313043E+03
 0.16808254664440E+03
 0.16808254664440E+03
 0.16808254664440E+03
 0.16808254664440E+03
 0.15998333225565E+03
 0.15998333225565E+03
 0.15998333225565E+03
 0.15998333225565E+03
 0.15251038660096E+03
 0.15251038660096E+03
 0.15251038660096E+03
 0.15251038660096E+03
 0.14547276537334E+03
 0.14547276537334E+03
 0.14547276537334E+03
 0.14547276537334E+03
 0.13895956007392E+03
 0.13895956007392E+03
 0.13895956007392E+03
 0.13895956007392E+03
 0.13260764771867E+03
 0.13260764771867E+03
 0.13260764771867E+03
 0.13260764771867E+03
 0.12657501614543E+03
 0.12657501614543E+03
 0.12657501614543E+03
 0.12657501614543E+03
 0.12082582053293E+03
 0.12082582053293E+03
 0.12082582053293E+03
 0.12082582053293E+03
 0.11540595115238E+03
 0.11540595115238E+03
 0.11540595115238E+03
 0.11540595115238E+03
 0.11027227672521E+03
 0.11027227672521E+03
 0.11027227672521E+03
 0.11027227672521E+03
 0.10536676316433E+03
 0.10536676316433E+03
 0.10536676316433E+03
 0.10536676316433E+03
 0.10068914754447E+03
 0.10068914754447E+03
 0.10068914754447E+03
 0.10068914754447E+03
 0.96199451749919E+02
 0.96199451749919E+02
 0.96199451749919E+02
 0.96199451749919E+02
 0.91947120063096E+02
 0.91947120063096E+02
 0.91947120063096E+02
 0.91947120063096E+02
 0.87837739695818E+02
 0.87837739695818E+02
 0.87837739695818E+02
 0.87837739695818E+02
 0.83876254690831E+02
 0.83876254690831E+02
 0.83876254690831E+02
 0.83876254690831E+02
 0.80085945558766E+02
 0.80085945558766E+02
 0.80085945558766E+02
 0.80085945558766E+02
 0.76423918050421E+02
 0.76423918050421E+02
 0.76423918050421E+02
 0.76423918050421E+02
 0.72909874362434E+02
 0.72909874362434E+02
 0.72909874362434E+02
 0.72909874362434E+02
 0.69521605940516E+02
 0.69521605940516E+02
 0.69521605940516E+02
 0.69521605940516E+02
 0.66261297342733E+02
 0.66261297342733E+02
 0.66261297342733E+02
 0.66261297342733E+02
 0.63123363317451E+02
 0.63123363317451E+02
 0.63123363317451E+02
 0.63123363317451E+02
 0.60090288908352E+02
 0.60090288908352E+02
 0.60090288908352E+02
 0.60090288908352E+02
 0.57176649824588E+02
 0.57176649824588E+02
 0.57176649824588E+02
 0.57176649824588E+02
 0.54360961132680E+02
 0.54360961132680E+02
 0.54360961132680E+02
 0.54360961132680E+02
 0.51649403548039E+02
 0.51649403548039E+02
 0.51649403548039E+02
 0.51649403548039E+02
 0.49042918136413E+02
 0.49042918136413E+02
 0.49042918136413E+02
 0.49042918136413E+02
 0.46534502951889E+02
 0.46534502951889E+02
 0.46534502951889E+02
 0.46534502951889E+02
 0.44123207835502E+02
 0.44123207835502E+02
 0.44123207835502E+02
 0.44123207835502E+02
 0.41803646565775E+02
 0.41803646565775E+02
 0.41803646565775E+02
 0.41803646565775E+02
 0.39575499495158E+02
 0.39575499495158E+02
 0.39575499495158E+02
 0.39575499495158E+02
 0.37436633447257E+02
 0.37436633447257E+02
 0.37436633447257E+02
 0.37436633447257E+02
 0.35384451678111E+02
 0.35384451678111E+02
 0.35384451678111E+02
 0.35384451678111E+02
 0.33417153847016E+02
 0.33417153847016E+02
 0.33417153847016E+02
 0.33417153847016E+02
 0.31532745475393E+02
 0.31532745475393E+02
 0.31532745475393E+02
 0.31532745475393E+02
 0.29729960016420E+02
 0.29729960016420E+02
 0.29729960016420E+02
 0.29729960016420E+02
 0.28006515832633E+02
 0.28006515832633E+02
 0.28006515832633E+02
 0.28006515832633E+02
 0.26360562129012E+02
 0.26360562129012E+02
 0.26360562129012E+02
 0.26360562129012E+02
 0.24789828022000E+02
 0.24789828022000E+02
 0.24789828022000E+02
 0.24789828022000E+02
 0.23292530196866E+02
 0.23292530196866E+02
 0.23292530196866E+02
 0.23292530196866E+02
 0.21866671416094E+02
 0.21866671416094E+02
 0.21866671416094E+02
 0.21866671416094E+02
 0.20510123680868E+02
 0.20510123680868E+02
 0.20510123680868E+02
 0.20510123680868E+02
 0.19220870898960E+02
 0.19220870898960E+02
 0.19220870898960E+02
 0.19220870898960E+02
 0.17997395783826E+02
 0.17997395783826E+02
 0.17997395783826E+02
 0.17997395783826E+02
 0.16837029877889E+02
 0.16837029877889E+02
 0.16837029877889E+02
 0.16837029877889E+02
 0.15738055256774E+02
 0.15738055256774E+02
 0.15738055256774E+02
 0.15738055256774E+02
 0.14696800329687E+02
 0.14696800329687E+02
 0.14696800329687E+02
 0.14696800329687E+02
 0.13712446399666E+02
 0.13712446399666E+02
 0.13712446399666E+02
 0.13712446399666E+02
 0.12781438311091E+02
 0.12781438311091E+02
 0.12781438311091E+02
 0.12781438311091E+02
 0.11903292690889E+02
 0.11903292690889E+02
 0.11903292690889E+02
 0.11903292690889E+02
 0.11075233201297E+02
 0.11075233201297E+02
 0.11075233201297E+02
 0.11075233201297E+02
 0.10294720554263E+02
 0.10294720554263E+02
 0.10294720554263E+02
 0.10294720554263E+02
 0.95601641820744E+01
 0.95601641820744E+01
 0.95601641820744E+01
 0.95601641820744E+01
 0.88693916195352E+01
 0.88693916195352E+01
 0.88693916195352E+01
 0.88693916195352E+01
 0.82203319796900E+01
 0.82203319796900E+01
 0.82203319796900E+01
 0.82203319796900E+01
 0.76109409647326E+01
 0.76109409647326E+01
 0.76109409647326E+01
 0.76109409647326E+01
 0.70392077408383E+01
 0.70392077408383E+01
 0.70392077408383E+01
 0.70392077408383E+01
 0.65031996987127E+01
 0.65031996987127E+01
 0.65031996987127E+01
 0.65031996987127E+01
 0.60010406733435E+01
 0.60010406733435E+01
 0.60010406733435E+01
 0.60010406733435E+01
 0.55308369463177E+01
 0.55308369463177E+01
 0.55308369463177E+01
 0.55308369463177E+01
 0.50907220474593E+01
 0.50907220474593E+01
 0.50907220474593E+01
 0.50907220474593E+01
 0.46788042945818E+01
 0.46788042945818E+01
 0.46788042945818E+01
 0.46788042945818E+01
 0.42931283120460E+01
 0.42931283120460E+01
 0.42931283120460E+01
 0.42931283120460E+01
 0.39315805582581E+01
 0.39315805582581E+01
 0.39315805582581E+01
 0.39315805582581E+01
 0.35916813428870E+01
 0.35916813428870E+01
 0.35916813428870E+01
 0.35916813428870E+01
 0.32701029453527E+01
 0.32701029453527E+01
 0.32701029453527E+01
 0.32701029453527E+01
 0.29611313042258E+01
 0.29611313042258E+01
 0.29611313042258E+01
 0.29611313042258E+01
 0.26488047635327E+01
 0.26488047635327E+01
 0.26488047635327E+01
 0.26488047635327E+01
 0.24288446997432E+01
 0.24288446997432E+01
 0.22429811626676E+01
 0.22429811626676E+01
 0.22429811626676E+01
 0.22429811626676E+01
 0.20877708688834E+01
 0.20877708688834E+01
 0.20877708688834E+01
 0.20877708688834E+01
 0.19568328706355E+01
 0.19568328706355E+01
 0.19568328706355E+01
 0.19568328706355E+01
 0.18343353166695E+01
 0.18343353166695E+01
 0.18343353166695E+01
 0.18343353166695E+01
 0.17298498601071E+01
 0.17298498601071E+01
 0.17298498601071E+01
 0.17298498601071E+01
 0.16404415800376E+01
 0.16404415800376E+01
 0.16404415800376E+01
 0.16404415800376E+01
 0.15639915803429E+01
 0.15639915803429E+01
 0.15639915803429E+01
 0.15639915803429E+01
 0.15062683179729E+01
 0.15062683179729E+01
 0.15062683179729E+01
 0.15062683179729E+01
 0.14593720973252E+01
 0.14593720973252E+01
 0.14593720973252E+01
 0.14593720973252E+01
 0.14142134840838E+01
 0.14142134840838E+01
 0.14142134840838E+01
 0.14142134840838E+01
 0.13705070368459E+01
 0.13705070368459E+01
 0.13705070368459E+01
 0.13705070368459E+01
 0.13271334936428E+01
 0.13271334936428E+01
 0.13271334936428E+01
 0.13271334936428E+01
 0.12861013314055E+01
 0.12861013314055E+01
 0.12861013314055E+01
 0.12861013314055E+01
 0.12487390475231E+01
 0.12487390475231E+01
 0.12487390475231E+01
 0.12487390475231E+01
 0.12158818905108E+01
 0.12158818905108E+01
 0.12158818905108E+01
 0.12158818905108E+01
 0.11878446732065E+01
 0.11878446732065E+01
 0.11878446732065E+01
 0.11878446732065E+01
 0.11645819741705E+01
 0.11645819741705E+01
 0.11645819741705E+01
 0.11645819741705E+01
 0.11461710404968E+01
 0.11461710404968E+01
 0.11461710404968E+01
 0.11461710404968E+01
 0.11337810032552E+01
 0.11337810032552E+01
 0.11337810032552E+01
 0.11337810032552E+01
 0.11259898056291E+01
 0.11259898056291E+01
 0.11259898056291E+01
 0.11259898056291E+01
 0.11220566079295E+01
 0.11220566079295E+01
 0.11220566079295E+01
 0.11220566079295E+01
 0.11221209271811E+01
 0.11221209271811E+01
 0.11221209271811E+01
 0.11221209271811E+01
 0.11273475346393E+01
 0.11273475346393E+01
 0.11273475346393E+01
 0.11273475346393E+01
 0.11408971233544E+01
 0.11408971233544E+01
 0.11408971233544E+01
 0.11408971233544E+01
 0.11658534700103E+01
 0.11658534700103E+01
 0.11658534700103E+01
 0.11658534700103E+01
 0.11984640214073E+01
 0.11984640214073E+01
 0.11984640214073E+01
 0.11984640214073E+01
 0.12490195792879E+01
 0.12490195792879E+01
 0.12490195792879E+01
 0.12490195792879E+01
 0.13285727590143E+01
 0.13285727590143E+01
 0.13285727590143E+01
 0.13285727590143E+01
 0.14381506484571E+01
 0.14381506484571E+01
 0.14381506484571E+01
 0.14381506484571E+01
 0.15879814844466E+01
 0.15879814844466E+01
 0.15879814844466E+01
 0.15879814844466E+01
 0.17924157423720E+01
 0.17924157423720E+01
 0.17924157423720E+01
 0.17924157423720E+01
 0.20710712088466E+01
 0.20710712088466E+01
 0.20710712088466E+01
 0.20710712088466E+01
 0.24507395779668E+01
 0.24507395779668E+01
 0.24507395779668E+01
 0.24507395779668E+01
 0.29680150184156E+01
 0.29680150184156E+01
 0.29680150184156E+01
 0.29680150184156E+01
 0.36728978659793E+01
 0.36728978659793E+01
 0.36728978659793E+01
 0.36728978659793E+01
 0.46337342957427E+01
 0.46337342957427E+01
 0.46337342957427E+01
 0.46337342957427E+01
 0.59439903775813E+01
 0.59439903775813E+01
 0.59439903775813E+01
 0.59439903775813E+01
 0.77315463488747E+01
 0.77315463488747E+01
 0.77315463488747E+01
 0.77315463488747E+01
 0.10171454270052E+02
 0.10171454270052E+02
 0.10171454270052E+02
 0.10171454270052E+02
 0.13503456627928E+02
 0.13503456627928E+02
 0.13503456627928E+02
 0.13503456627928E+02
 0.18056051995112E+02
 0.18056051995112E+02
 0.18056051995112E+02
 0.18056051995112E+02
 0.24279567430521E+02
 0.24279567430521E+02
 0.24279567430521E+02
 0.24279567430521E+02
 0.32791626092999E+02
 0.32791626092999E+02
 0.32791626092999E+02
 0.32791626092999E+02
 0.44439679480982E+02
 0.44439679480982E+02
 0.44439679480982E+02
 0.44439679480982E+02
 0.60387040744331E+02
 0.60387040744331E+02
 0.60387040744331E+02
 0.60387040744331E+02
 0.82231293625222E+02
 0.82231293625222E+02
 0.82231293625222E+02
 0.82231293625222E+02
 0.11216731622452E+03
 0.11216731622452E+03
 0.11216731622452E+03
 0.11216731622452E+03
 0.15321180227586E+03
 0.15321180227586E+03
 0.15321180227586E+03
 0.15321180227586E+03
 0.20951257035197E+03
 0.20951257035197E+03
 0.20951257035197E+03
 0.20951257035197E+03
 0.28677479020381E+03
 0.28677479020381E+03
 0.28677479020381E+03
 0.28677479020381E+03
 0.39284843741674E+03
 0.39284843741674E+03
 0.39284843741674E+03
 0.39284843741674E+03
 0.53853383423969E+03
 0.53853383423969E+03
 0.53853383423969E+03
 0.53853383423969E+03
 0.73869753535691E+03
 0.73869753535691E+03
 0.73869753535691E+03
 0.73869753535691E+03
 0.10138127184274E+04
 0.10138127184274E+04
 0.10138127184274E+04
 0.10138127184274E+04
 0.13920810570077E+04
 0.13920810570077E+04
 0.13920810570077E+04
 0.13920810570077E+04
 0.19123595171376E+04
 0.19123595171376E+04
 0.19123595171376E+04
 0.19123595171376E+04
 0.26282002230796E+04
 0.26282002230796E+04
 0.26282002230796E+04
 0.26282002230796E+04
 0.36134264818242E+04
 0.36134264818242E+04
 0.36134264818242E+04
 0.36134264818242E+04
 0.49698304969005E+04
 0.49698304969005E+04
 0.49698304969005E+04
 0.49698304969005E+04
 0.68378019177190E+04
 0.68378019177190E+04
 0.68378019177190E+04
 0.68378019177190E+04
 0.94110055363729E+04
 0.94110055363729E+04
 0.94110055363729E+04
 0.94110055363729E+04
 0.12956653982390E+05
 0.12956653982390E+05
 0.12956653982390E+05
 0.12956653982390E+05
 0.17843512432550E+05
 0.17843512432550E+05
 0.17843512432550E+05
 0.17843512432550E+05
 0.24580589688488E+05
 0.24580589688488E+05
 0.24580589688488E+05
 0.24580589688488E+05
 0.33870601202200E+05
 0.33870601202200E+05
 0.33870601202200E+05
 0.33870601202200E+05
 0.46683852468984E+05
 0.46683852468984E+05
 0.46683852468984E+05
 0.46683852468984E+05
 0.64360357001791E+05
 0.64360357001791E+05
 0.64360357001791E+05
 0.64360357001791E+05
 0.88750993207989E+05
 0.88750993207989E+05
 0.88750993207989E+05
 0.88750993207989E+05
 0.12241264833747E+06
 0.12241264833747E+06
 0.12241264833747E+06
 0.12241264833747E+06
 0.16887802211582E+06
 0.16887802211582E+06
 0.16887802211582E+06
 0.16887802211582E+06
 0.23302870134863E+06
 0.23302870134863E+06
 0.23302870134863E+06
 0.23302870134863E+06
 0.32161107455574E+06
 0.32161107455574E+06
 0.32161107455574E+06
 0.32161107455574E+06
 0.44394984065941E+06
 0.44394984065941E+06
 0.44394984065941E+06
 0.44394984065941E+06
 0.61293491248780E+06
 0.61293491248780E+06
 0.61293491248780E+06
 0.61293491248780E+06
 0.84638642163963E+06
 0.84638642163963E+06
 0.84638642163963E+06
 0.84638642163963E+06
 0.11689434021376E+07
 0.11689434021376E+07
 0.11689434021376E+07
 0.11689434021376E+07
 0.16146757525718E+07
 0.16146757525718E+07
 0.16146757525718E+07
 0.16146757525718E+07
 0.22306997282862E+07
 0.22306997282862E+07
 0.22306997282862E+07
 0.22306997282862E+07
 0.30821785984950E+07
 0.30821785984950E+07
 0.30821785984950E+07
 0.30821785984950E+07
 0.42592436645553E+07
 0.42592436645553E+07
 0.42592436645553E+07
 0.42592436645553E+07
 0.58865723790729E+07
 0.58865723790729E+07
 0.58865723790729E+07
 0.58865723790729E+07
 0.81366406684530E+07
 0.81366406684530E+07
 0.81366406684530E+07
 0.81366406684530E+07
 0.11248064920635E+08
 0.11248064920635E+08
 0.11248064920635E+08
 0.11248064920635E+08
 0.15550999695886E+08
 0.15550999695886E+08
 0.15550999695886E+08
 0.15550999695886E+08
 0.21502259712781E+08
 0.21502259712781E+08
 0.21502259712781E+08
 0.21502259712781E+08
 0.29733975485118E+08
 0.29733975485118E+08
 0.29733975485118E+08
 0.29733975485118E+08
 0.41120988174926E+08
 0.41120988174926E+08
 0.41120988174926E+08
 0.41120988174926E+08
 0.56873930177990E+08
 0.56873930177990E+08
 0.56873930177990E+08
 0.56873930177990E+08
