 0.20000000000000E+05
 0.19997098478896E+05
 0.19995647876092E+05
 0.19991296699233E+05
 0.19985496603496E+05
 0.19984774934645E+05
 0.19984108749496E+05
 0.19983964961173E+05
 0.19983328198506E+05
 0.19983027379827E+05
 0.19982876972175E+05
 0.19982425756033E+05
 0.19981824150419E+05
 0.19981482179951E+05
 0.19981311196898E+05
 0.19980798256546E+05
 0.19980114356627E+05
 0.19979772745247E+05
 0.19979601941734E+05
 0.19979089539982E+05
 0.19978406358156E+05
 0.19978046177611E+05
 0.19977866089761E+05
 0.19977325835976E+05
 0.19976605520394E+05
 0.19976232595941E+05
 0.19976046136311E+05
 0.19975486767892E+05
 0.19974740967773E+05
 0.19973609914362E+05
 0.19973044411632E+05
 0.19971347999588E+05
 0.19969086341217E+05
 0.19968733654319E+05
 0.19967926447694E+05
 0.19967522856588E+05
 0.19966312132273E+05
 0.19964697947542E+05
 0.19964317845802E+05
 0.19963860177308E+05
 0.19963631346979E+05
 0.19962944871762E+05
 0.19962029608283E+05
 0.19961495388224E+05
 0.19961228283536E+05
 0.19960426990955E+05
 0.19959358650990E+05
 0.19958836530087E+05
 0.19958575474738E+05
 0.19957792329217E+05
 0.19956748183094E+05
 0.19956213610635E+05
 0.19955946329756E+05
 0.19955144508636E+05
 0.19954075464030E+05
 0.19953443162127E+05
 0.19953127018665E+05
 0.19952178618381E+05
 0.19950914154917E+05
 0.19950262344811E+05
 0.19949936447719E+05
 0.19948958788433E+05
 0.19947655317377E+05
 0.19946968454773E+05
 0.19946625032315E+05
 0.19945594800467E+05
 0.19944221240912E+05
 0.19943439405638E+05
 0.19943048499465E+05
 0.19941875826976E+05
 0.19940312371075E+05
 0.19939458036597E+05
 0.19939030883053E+05
 0.19937749477389E+05
 0.19936041064773E+05
 0.19935211650782E+05
 0.19934796956695E+05
 0.19933552926256E+05
 0.19931894339932E+05
 0.19931118635242E+05
 0.19930730794189E+05
 0.19929567316369E+05
 0.19928016118414E+05
 0.19927050229852E+05
 0.19926567303092E+05
 0.19925118593101E+05
 0.19923187143810E+05
 0.19922233318954E+05
 0.19921756423614E+05
 0.19920325806160E+05
 0.19918418476221E+05
 0.19917296265923E+05
 0.19916735184443E+05
 0.19915052034919E+05
 0.19912808057039E+05
 0.19911640108137E+05
 0.19911056159332E+05
 0.19909304415754E+05
 0.19906968997615E+05
 0.19906757484260E+05
 0.19906263254663E+05
 0.19904780639568E+05
 0.19902803991409E+05
 0.19901507447715E+05
 0.19900859207493E+05
 0.19898914613610E+05
 0.19896322117597E+05
 0.19894789953861E+05
 0.19894023916183E+05
 0.19891725980231E+05
 0.19888662478822E+05
 0.19888492491775E+05
 0.19886580048507E+05
 0.19884030410463E+05
 0.19879868360769E+05
 0.19877787662473E+05
 0.19871546874443E+05
 0.19863228872325E+05
 0.19860804043495E+05
 0.19859331888791E+05
 0.19858595852305E+05
 0.19856387906629E+05
 0.19853444361217E+05
 0.19851962191368E+05
 0.19851221147883E+05
 0.19848998183506E+05
 0.19846034618519E+05
 0.19844544246183E+05
 0.19843799101931E+05
 0.19841563837159E+05
 0.19838583876088E+05
 0.19837938701204E+05
 0.19837230612176E+05
 0.19835106496842E+05
 0.19832274697143E+05
 0.19830879995392E+05
 0.19830182681246E+05
 0.19828090886027E+05
 0.19825302169247E+05
 0.19820125645203E+05
 0.19817537889869E+05
 0.19809776651254E+05
 0.19799433062144E+05
 0.19797948840326E+05
 0.19796727345052E+05
 0.19793063311577E+05
 0.19788178988973E+05
 0.19785946215910E+05
 0.19784829923771E+05
 0.19781481425385E+05
 0.19777017642859E+05
 0.19774981693338E+05
 0.19773963797100E+05
 0.19770910422896E+05
 0.19766839991102E+05
 0.19764672824124E+05
 0.19763589329656E+05
 0.19760339202781E+05
 0.19756006532117E+05
 0.19753908699420E+05
 0.19752859866531E+05
 0.19749713702135E+05
 0.19745519596180E+05
 0.19743334277514E+05
 0.19742241708798E+05
 0.19738964365566E+05
 0.19734595421326E+05
 0.19732070258010E+05
 0.19730807797427E+05
 0.19727020900479E+05
 0.19721972835622E+05
 0.19719470904282E+05
 0.19718220057544E+05
 0.19714467993560E+05
 0.19709466352657E+05
 0.19706658345378E+05
 0.19705254491659E+05
 0.19701043530725E+05
 0.19695430316470E+05
 0.19692412859167E+05
 0.19690904303768E+05
 0.19686379331144E+05
 0.19680347652399E+05
 0.19677231766546E+05
 0.19675674008504E+05
 0.19671001474496E+05
 0.19664773155805E+05
 0.19661824428090E+05
 0.19660350229937E+05
 0.19655928298856E+05
 0.19650033938395E+05
 0.19644880402586E+05
 0.19642304141361E+05
 0.19634577385022E+05
 0.19624279772163E+05
 0.19619210239866E+05
 0.19616675964653E+05
 0.19609075103385E+05
 0.19598945203772E+05
 0.19594026833686E+05
 0.19586343627816E+05
 0.19582697728185E+05
 0.19580875032741E+05
 0.19575407964522E+05
 0.19568120915327E+05
 0.19563959679028E+05
 0.19561879392574E+05
 0.19555639860641E+05
 0.19547323581290E+05
 0.19543374120010E+05
 0.19541399688474E+05
 0.19535477590917E+05
 0.19527584253309E+05
 0.19523711642367E+05
 0.19521775624760E+05
 0.19515968724032E+05
 0.19508228877329E+05
 0.19503856162862E+05
 0.19501670173029E+05
 0.19495113673779E+05
 0.19486375104441E+05
 0.19481369005066E+05
 0.19478866437493E+05
 0.19471360663853E+05
 0.19461357465433E+05
 0.19456275517459E+05
 0.19453735040949E+05
 0.19446115601937E+05
 0.19435960992979E+05
 0.19431032330734E+05
 0.19428568468136E+05
 0.19421178755062E+05
 0.19411330177288E+05
 0.19405552118084E+05
 0.19402663733270E+05
 0.19394001158500E+05
 0.19382457075797E+05
 0.19377073773393E+05
 0.19374382682703E+05
 0.19366311653261E+05
 0.19355555511663E+05
 0.19348631424153E+05
 0.19345170309057E+05
 0.19334790678621E+05
 0.19320959835398E+05
 0.19311483515115E+05
 0.19306747097702E+05
 0.19292544815073E+05
 0.19273624690257E+05
 0.19264056797769E+05
 0.19259274632466E+05
 0.19244935258922E+05
 0.19225832702284E+05
 0.19222838396504E+05
 0.19218767239981E+05
 0.19206558943607E+05
 0.19190293279282E+05
 0.19188297847289E+05
 0.19184658571098E+05
 0.19173744883920E+05
 0.19159202959567E+05
 0.19151723211055E+05
 0.19147984431626E+05
 0.19136772472611E+05
 0.19121833407088E+05
 0.19114391561847E+05
 0.19110671725104E+05
 0.19099516558349E+05
 0.19084653132383E+05
 0.19076385275038E+05
 0.19072252689331E+05
 0.19059860303590E+05
 0.19043349648788E+05
 0.19035490564836E+05
 0.19031562238927E+05
 0.19019782125210E+05
 0.19004086650232E+05
 0.18995584575496E+05
 0.18991334964293E+05
 0.18978591834698E+05
 0.18961614296869E+05
 0.18952909194029E+05
 0.18948558141062E+05
 0.18935510975164E+05
 0.18918128729299E+05
 0.18906863891405E+05
 0.18901233987665E+05
 0.18884354333796E+05
 0.18861871577441E+05
 0.18848325038394E+05
 0.18841555417209E+05
 0.18821261139553E+05
 0.18794236104193E+05
 0.18790748758492E+05
 0.18784401858133E+05
 0.18765374017755E+05
 0.18740033545512E+05
 0.18726496774310E+05
 0.18719732055479E+05
 0.18699452558497E+05
 0.18672447402103E+05
 0.18667236262209E+05
 0.18660286561484E+05
 0.18639452980483E+05
 0.18611711052954E+05
 0.18598890460928E+05
 0.18592483476595E+05
 0.18573275764057E+05
 0.18547696347023E+05
 0.18534957360401E+05
 0.18528591148029E+05
 0.18509505628494E+05
 0.18484088849095E+05
 0.18470264667898E+05
 0.18463356454414E+05
 0.18442647313905E+05
 0.18415071257377E+05
 0.18398308975707E+05
 0.18389933556804E+05
 0.18364830170732E+05
 0.18331412289782E+05
 0.18307692987785E+05
 0.18295844847428E+05
 0.18260346414648E+05
 0.18213122292466E+05
 0.18204628107497E+05
 0.18167999827974E+05
 0.18150172825067E+05
 0.18123076254549E+05
 0.18106562129283E+05
 0.18098310709898E+05
 0.18073579007858E+05
 0.18040655972541E+05
 0.18019180189576E+05
 0.18008451886070E+05
 0.17976305286598E+05
 0.17933532405095E+05
 0.17909399922390E+05
 0.17897345860689E+05
 0.17861232334023E+05
 0.17813194298438E+05
 0.17786886488028E+05
 0.17773747155410E+05
 0.17734387367690E+05
 0.17682043207667E+05
 0.17652152934975E+05
 0.17637226750650E+05
 0.17592523884285E+05
 0.17533096267421E+05
 0.17531455401345E+05
 0.17519653929920E+05
 0.17484297161674E+05
 0.17437265779217E+05
 0.17412904125372E+05
 0.17400736063918E+05
 0.17364282875531E+05
 0.17315797393977E+05
 0.17281320897462E+05
 0.17264108398041E+05
 0.17212573697760E+05
 0.17144099990430E+05
 0.17138459346844E+05
 0.17116331720931E+05
 0.17050120114094E+05
 0.16962236230788E+05
 0.16919172211257E+05
 0.16897681216636E+05
 0.16833371886472E+05
 0.16748006680891E+05
 0.16731765952210E+05
 0.16674789953284E+05
 0.16648499467359E+05
 0.16635369771697E+05
 0.16596042781732E+05
 0.16543751384335E+05
 0.16517489222064E+05
 0.16504373777663E+05
 0.16465089897975E+05
 0.16412856808922E+05
 0.16378802594943E+05
 0.16361801992376E+05
 0.16310905990004E+05
 0.16243290850846E+05
 0.16209359098115E+05
 0.16192419810659E+05
 0.16141708089342E+05
 0.16074339434779E+05
 0.16039555759404E+05
 0.16022192156595E+05
 0.15970214051063E+05
 0.15901172126336E+05
 0.15856099730101E+05
 0.15833611462664E+05
 0.15766337849735E+05
 0.15677084124150E+05
 0.15620198506780E+05
 0.15591833148200E+05
 0.15507045761579E+05
 0.15394712707571E+05
 0.15321150494304E+05
 0.15284501306452E+05
 0.15175078913428E+05
 0.15030399992541E+05
 0.14978387292259E+05
 0.14876985760042E+05
 0.14854783258403E+05
 0.14822143928775E+05
 0.14724655610841E+05
 0.14595667893601E+05
 0.14557260516210E+05
 0.14464982980786E+05
 0.14415144711033E+05
 0.14390290004419E+05
 0.14315982720917E+05
 0.14217502878542E+05
 0.14153858837432E+05
 0.14122143731790E+05
 0.14027424174631E+05
 0.13902118950908E+05
 0.13897125275257E+05
 0.13826637483748E+05
 0.13733209602708E+05
 0.13675262158927E+05
 0.13646380190697E+05
 0.13560099765195E+05
 0.13445907192046E+05
 0.13376025657020E+05
 0.13341221201649E+05
 0.13237350266451E+05
 0.13100112602494E+05
 0.13036858986778E+05
 0.13005346800940E+05
 0.12911266532208E+05
 0.12786884004431E+05
 0.12709046307848E+05
 0.12670305320608E+05
 0.12554789490684E+05
 0.12402404991882E+05
 0.12302725629434E+05
 0.12253186773025E+05
 0.12105763857326E+05
 0.11911955386785E+05
 0.11839090934521E+05
 0.11695739855809E+05
 0.11621771604922E+05
 0.11584963088214E+05
 0.11475235548149E+05
 0.11330547144505E+05
 0.11260031904833E+05
 0.11224939021851E+05
 0.11120315236090E+05
 0.10982332214306E+05
 0.10902211552809E+05
 0.10862370678873E+05
 0.10743719499901E+05
 0.10587531559295E+05
 0.10516311642191E+05
 0.10480881537999E+05
 0.10375305820660E+05
 0.10236190662394E+05
 0.10139799497140E+05
 0.10091944829673E+05
 0.99497316730655E+04
 0.97632266400616E+04
 0.97342299973833E+04
 0.96068250803048E+04
 0.95400555305670E+04
 0.95068449789916E+04
 0.94079053900823E+04
 0.92775858256935E+04
 0.91863835733983E+04
 0.91411192042820E+04
 0.90066599088180E+04
 0.88304524020899E+04
 0.88057788562182E+04
 0.86915083875108E+04
 0.86230834215047E+04
 0.85890732082888E+04
 0.84878452954554E+04
 0.83547281599054E+04
 0.82890332793773E+04
 0.82563798057471E+04
 0.81591891671459E+04
 0.80313790208042E+04
 0.79615852583209E+04
 0.79269161489389E+04
 0.78238120090634E+04
 0.76884229065572E+04
 0.76743387028909E+04
 0.75924930305651E+04
 0.74847216668791E+04
 0.74168474170509E+04
 0.73831414555641E+04
 0.72829398578823E+04
 0.71514499488818E+04
 0.71259084075095E+04
 0.70372936102534E+04
 0.69208523706238E+04
 0.69008897926537E+04
 0.68754316434751E+04
 0.67996193227128E+04
 0.66998350066999E+04
 0.66499982300695E+04
 0.66252190294643E+04
 0.65514340494180E+04
 0.64543307667999E+04
 0.64047828123214E+04
 0.63801516530490E+04
 0.63068250739939E+04
 0.62103655577441E+04
 0.61627096304759E+04
 0.61390189758600E+04
 0.60684920453634E+04
 0.59757149007851E+04
 0.59288996804481E+04
 0.59056297843919E+04
 0.58363666489033E+04
 0.57452778013168E+04
 0.57008071476879E+04
 0.56787010687075E+04
 0.56128958325301E+04
 0.55263401945337E+04
 0.54842937378179E+04
 0.54633906248836E+04
 0.54011581027151E+04
 0.53192827180574E+04
 0.52788227093516E+04
 0.52587082566892E+04
 0.51988235998613E+04
 0.51200368636592E+04
 0.50818987822473E+04
 0.50629364037219E+04
 0.50064727482866E+04
 0.49321662030701E+04
 0.48943503392434E+04
 0.48755512733270E+04
 0.48195862102221E+04
 0.47459641561571E+04
 0.47095449146828E+04
 0.46914402287906E+04
 0.46375426986235E+04
 0.45666413014846E+04
 0.45315281241831E+04
 0.45140729095995E+04
 0.44621096530082E+04
 0.43937546108486E+04
 0.43603498754482E+04
 0.43437428658172E+04
 0.42943003775747E+04
 0.42292513883190E+04
 0.41973894107525E+04
 0.41815485487910E+04
 0.41343837621453E+04
 0.40723238777406E+04
 0.40417227222409E+04
 0.40265084828969E+04
 0.39812085309470E+04
 0.39216003874753E+04
 0.38923272554246E+04
 0.38777727325008E+04
 0.38344348937112E+04
 0.37774035978712E+04
 0.37492615435578E+04
 0.37352692362340E+04
 0.36936048546729E+04
 0.36387743791062E+04
 0.36121239266094E+04
 0.35988719846267E+04
 0.35594071553599E+04
 0.35074597593710E+04
 0.34817365386912E+04
 0.34689457580521E+04
 0.34308546634518E+04
 0.33807163782473E+04
 0.33559801148695E+04
 0.33436799372741E+04
 0.33070492381043E+04
 0.32588317888836E+04
 0.32352498273026E+04
 0.32235229155436E+04
 0.31885966076802E+04
 0.31426161458112E+04
 0.31199309626645E+04
 0.31086498522698E+04
 0.30750506761375E+04
 0.30308159985855E+04
 0.30091588742140E+04
 0.29983884132936E+04
 0.29663077802049E+04
 0.29240669000258E+04
 0.29033008384932E+04
 0.28929731760440E+04
 0.28622100941796E+04
 0.28217009163010E+04
 0.28018372660612E+04
 0.27919579389611E+04
 0.27625284763158E+04
 0.27237711793428E+04
 0.27047691203983E+04
 0.26953178602606E+04
 0.26671617729624E+04
 0.26300773255042E+04
 0.26118207867727E+04
 0.26027400943934E+04
 0.25756870086184E+04
 0.25400531346915E+04
 0.25226198143204E+04
 0.25139480741855E+04
 0.24881113049898E+04
 0.24540748631263E+04
 0.24373213000200E+04
 0.24289874569495E+04
 0.24041565131806E+04
 0.23714430053482E+04
 0.23553923759494E+04
 0.23474078450100E+04
 0.23236162869558E+04
 0.22922688857841E+04
 0.22769111992496E+04
 0.22692709835013E+04
 0.22465038148434E+04
 0.22165025141746E+04
 0.22017798316742E+04
 0.21944552027760E+04
 0.21726271936055E+04
 0.21438605538667E+04
 0.21297510213137E+04
 0.21227311153093E+04
 0.21018099240527E+04
 0.20742354008318E+04
 0.20606910057136E+04
 0.20539520097876E+04
 0.20338669645782E+04
 0.20073920952682E+04
 0.19943952020142E+04
 0.19879283447655E+04
 0.19686533155317E+04
 0.19432436853372E+04
 0.19307664447994E+04
 0.19245578991441E+04
 0.19060517911912E+04
 0.18816534986507E+04
 0.18696660217531E+04
 0.18637009516378E+04
 0.18459196869276E+04
 0.18224749531787E+04
 0.18109528735269E+04
 0.18052191790289E+04
 0.17881267880526E+04
 0.17655884155930E+04
 0.17545071390199E+04
 0.17489926084978E+04
 0.17325527951838E+04
 0.17108731709125E+04
 0.17002134659137E+04
 0.16949085449342E+04
 0.16790928892520E+04
 0.16582346812316E+04
 0.16479723458281E+04
 0.16428650188550E+04
 0.16276378131067E+04
 0.16075541929070E+04
 0.15976687007692E+04
 0.15927487739404E+04
 0.15780797114536E+04
 0.15587309045586E+04
 0.15492002784124E+04
 0.15444568399003E+04
 0.15303134898645E+04
 0.15116569581768E+04
 0.15024632970758E+04
 0.14978874553905E+04
 0.14842433773615E+04
 0.14662444071232E+04
 0.14573696104884E+04
 0.14529523760243E+04
 0.14397808419516E+04
 0.14224043514735E+04
 0.14138305468980E+04
 0.14095630438771E+04
 0.13968376661713E+04
 0.13800490253606E+04
 0.13717600548940E+04
 0.13676342578109E+04
 0.13553311721294E+04
 0.13390990516640E+04
 0.13310830918986E+04
 0.13270931237908E+04
 0.13151948371738E+04
 0.12994962317361E+04
 0.12917347899156E+04
 0.12878714697147E+04
 0.12763506980618E+04
 0.12611498268392E+04
 0.12536315999706E+04
 0.12498893101971E+04
 0.12387293361173E+04
 0.12240042212117E+04
 0.12167049220381E+04
 0.12130716118435E+04
 0.12022366507886E+04
 0.11879404284900E+04
 0.11808563357622E+04
 0.11773301467365E+04
 0.11668146324276E+04
 0.11529399022012E+04
 0.11460481061521E+04
 0.11426176719086E+04
 0.11323878561798E+04
 0.11188904302171E+04
 0.11121913042772E+04
 0.11088567972160E+04
 0.10989131406670E+04
 0.10857935030667E+04
 0.10792708438576E+04
 0.10760242225321E+04
 0.10663428397809E+04
 0.10535696947201E+04
 0.10472089489473E+04
 0.10440429910642E+04
 0.10346024308148E+04
 0.10221476739411E+04
 0.10159422575167E+04
 0.10128536907120E+04
 0.10036442139848E+04
 0.99149504037599E+03
 0.98543387226607E+03
 0.98241719701072E+03
 0.97342246776787E+03
 0.96155747100009E+03
 0.95563035136254E+03
 0.95268050615290E+03
 0.94388549221064E+03
 0.93228498065883E+03
 0.92648189294225E+03
 0.92359390863595E+03
 0.91498385768974E+03
 0.90362851921750E+03
 0.89793959697576E+03
 0.89510858055329E+03
 0.88666897285838E+03
 0.87553981491337E+03
 0.86995572214812E+03
 0.86717704530380E+03
 0.85889415317592E+03
 0.84797323430812E+03
 0.84248491987312E+03
 0.83975409755808E+03
 0.83161462630476E+03
 0.82088458959230E+03
 0.81548235238144E+03
 0.81279458027092E+03
 0.80478429988056E+03
 0.79422659288542E+03
 0.78890035094410E+03
 0.78625063935052E+03
 0.77835478365591E+03
 0.76795018461609E+03
 0.76268856802775E+03
 0.76007129376844E+03
 0.75227323748822E+03
 0.74200014060007E+03
 0.73678948863812E+03
 0.73419790037727E+03
 0.72647770185388E+03
 0.71631023550263E+03
 0.71113243622879E+03
 0.70855758861743E+03
 0.70088884885898E+03
 0.69079281751874E+03
 0.68562058664380E+03
 0.68304901161758E+03
 0.67539201398702E+03
 0.66531603952655E+03
 0.66010176282234E+03
 0.65750996903417E+03
 0.64979548619775E+03
 0.63965012427816E+03
 0.63429080527677E+03
 0.63162800784428E+03
 0.62370650008636E+03
 0.61329881458996E+03
 0.60745918617860E+03
 0.60456025609443E+03
 0.59594620852695E+03
 0.58465143387049E+03
 0.57808428671762E+03
 0.57482842717055E+03
 0.56517046147631E+03
 0.55254511958022E+03
 0.54900744462591E+03
 0.53984817085101E+03
 0.53977523732531E+03
 0.53782765991360E+03
 0.53202698927337E+03
 0.52438996493289E+03
 0.52327275986490E+03
 0.52158553313000E+03
 0.51655642455827E+03
 0.50992629581280E+03
 0.50861203603987E+03
 0.50712578153066E+03
 0.50269302608856E+03
 0.49684289970058E+03
 0.49418197395456E+03
 0.49285685990112E+03
 0.48890279904973E+03
 0.48368002032292E+03
 0.48130548402409E+03
 0.48012259087274E+03
 0.47659132604329E+03
 0.47192334151380E+03
 0.46980747273873E+03
 0.46875309837292E+03
 0.46560415199931E+03
 0.46143843841601E+03
 0.45956502174624E+03
 0.45863116751605E+03
 0.45584097531880E+03
 0.45214710679891E+03
 0.45155175305525E+03
 0.45073111762330E+03
 0.44827814898870E+03
 0.44502827785404E+03
 0.44484087537558E+03
 0.44414062715684E+03
 0.44204648945926E+03
 0.43926965752841E+03
 0.43784034802247E+03
 0.43712743818805E+03
 0.43499566596969E+03
 0.43216946634746E+03
 0.43065237124382E+03
 0.42989582191942E+03
 0.42763413913927E+03
 0.42463706068297E+03
 0.42306226561894E+03
 0.42227705947152E+03
 0.41993017441557E+03
 0.41682127162335E+03
 0.41518953555962E+03
 0.41437606444989E+03
 0.41194520164543E+03
 0.40872621964988E+03
 0.40701112950721E+03
 0.40615628507493E+03
 0.40360250939412E+03
 0.40022243602911E+03
 0.39836270270568E+03
 0.39743607913207E+03
 0.39466912090951E+03
 0.39100978606606E+03
 0.38890293216773E+03
 0.38785376605785E+03
 0.38472321974018E+03
 0.38058842899687E+03
 0.37811820715078E+03
 0.37688911505250E+03
 0.37322575838538E+03
 0.36839661325682E+03
 0.36574944963643E+03
 0.36443300937595E+03
 0.36051205017518E+03
 0.35534964894741E+03
 0.35245183742521E+03
 0.35101180530975E+03
 0.34672691483380E+03
 0.34109498355417E+03
 0.33780637939822E+03
 0.33617398629971E+03
 0.33132398456012E+03
 0.32496598547981E+03
 0.32112378072004E+03
 0.31921974739796E+03
 0.31357511764920E+03
 0.30620390196465E+03
 0.30158316685513E+03
 0.29929901352421E+03
 0.29254983010278E+03
 0.28378707033457E+03
 0.27806879151823E+03
 0.27525300662949E+03
 0.26697557985728E+03
 0.25632491936714E+03
 0.25011519735694E+03
 0.24706697972266E+03
 0.23814341820526E+03
 0.22674467023459E+03
 0.22155168973027E+03
 0.21899997025682E+03
 0.21151979855962E+03
 0.20194215385524E+03
 0.19660624017437E+03
 0.19399138984526E+03
 0.18635365928142E+03
 0.17663572887938E+03
 0.17128434379656E+03
 0.16866975900728E+03
 0.16106304077926E+03
 0.15145168967840E+03
 0.14687255586809E+03
 0.14463517213656E+03
 0.13812545151127E+03
 0.12989928835480E+03
 0.12598047209341E+03
 0.12406562302524E+03
 0.11849394258881E+03
 0.11145230917984E+03
 0.10809167463573E+03
 0.10644955050780E+03
 0.10167135061355E+03
 0.95632375399503E+02
 0.92747453721642E+02
 0.91337794558164E+02
 0.87236071256186E+02
 0.82052195235008E+02
 0.79574525654874E+02
 0.78363889732011E+02
 0.74841376228174E+02
 0.70389758380814E+02
 0.68261541079548E+02
 0.67221685145539E+02
 0.64196199244770E+02
 0.60372970791154E+02
 0.58544960386726E+02
 0.57651817184555E+02
 0.55053312453003E+02
 0.51769908338077E+02
 0.50199943505143E+02
 0.49432906238763E+02
 0.47201401309282E+02
 0.44381968291803E+02
 0.43033859460735E+02
 0.42375239511905E+02
 0.40459244887140E+02
 0.38038663708917E+02
 0.36881304861575E+02
 0.36315898246724E+02
 0.34671156577912E+02
 0.32593453817966E+02
 0.31600089422716E+02
 0.31114818722008E+02
 0.29703263407137E+02
 0.27920296405976E+02
 0.27067904846684E+02
 0.26651517913027E+02
 0.25440396360419E+02
 0.23910745036471E+02
 0.23179514576768E+02
 0.22822328403094E+02
 0.21783456472989E+02
 0.20471480437317E+02
 0.19844361271899E+02
 0.19538043017697E+02
 0.18647167513372E+02
 0.17522199577279E+02
 0.16984519684725E+02
 0.16721898875760E+02
 0.15958150732042E+02
 0.14993805022914E+02
 0.14532940098555E+02
 0.14307847257220E+02
 0.13653271656067E+02
 0.12826849003092E+02
 0.12431938510349E+02
 0.12239066329603E+02
 0.11678218445099E+02
 0.10970194784280E+02
 0.10631897478279E+02
 0.10466681292795E+02
 0.99862782237865E+01
 0.93798640990302E+01
 0.90901474140818E+01
 0.89486622282039E+01
 0.85372831449404E+01
 0.80180442283142E+01
 0.77700027675325E+01
 0.76488745127975E+01
 0.72967022439117E+01
 0.68522323097157E+01
 0.66399313768407E+01
 0.65362604144271E+01
 0.62348586962865E+01
 0.58544977394962E+01
 0.56728384414525E+01
 0.55841336123298E+01
 0.53262550585655E+01
 0.50008463032311E+01
 0.48454492478794E+01
 0.47695710157088E+01
 0.45489915695252E+01
 0.42706720031536E+01
 0.41377802831301E+01
 0.40728932670723E+01
 0.38842738455947E+01
 0.36462988321757E+01
 0.35326856233255E+01
 0.34772134969976E+01
 0.33159689482959E+01
 0.31125470297323E+01
 0.30154409728186E+01
 0.29680299959084E+01
 0.28302229564607E+01
 0.26563816411029E+01
 0.25734049689731E+01
 0.25328937202414E+01
 0.24151464152474E+01
 0.22666204187772E+01
 0.21957343620468E+01
 0.21611270471642E+01
 0.20605435631363E+01
 0.19336764406137E+01
 0.18731334723971E+01
 0.18435765846963E+01
 0.17576749409853E+01
 0.16493331979062E+01
 0.15976359134097E+01
 0.15723981383943E+01
 0.14990518039439E+01
 0.14065509594780E+01
 0.13624166856253E+01
 0.13408716066618E+01
 0.12782591725073E+01
 0.11993001414192E+01
 0.11616304898019E+01
 0.11432417102622E+01
 0.10898035970684E+01
 0.10224179711896E+01
 0.99027265286996E+00
 0.97458100149312E+00
 0.92898223156839E+00
 0.87148523210334E+00
 0.84405954521894E+00
 0.83067207666850E+00
 0.79177027164465E+00
 0.74272031054182E+00
 0.71932579318017E+00
 0.70790633563357E+00
 0.67472421706707E+00
 0.63288815258637E+00
 0.61293596294167E+00
 0.60319699855759E+00
 0.57489876778698E+00
 0.53922206486827E+00
 0.52220870789899E+00
 0.51390440002289E+00
 0.48977545536347E+00
 0.45935656523345E+00
 0.44485164141852E+00
 0.43777184990538E+00
 0.41720137922093E+00
 0.39126975347807E+00
 0.37890544417215E+00
 0.37287058930324E+00
 0.35533663190538E+00
 0.33323385773978E+00
 0.32269590734852E+00
 0.31755256509414E+00
 0.30260920148341E+00
 0.28377282573110E+00
 0.27479280853251E+00
 0.27040993348165E+00
 0.25767630123556E+00
 0.24162596193931E+00
 0.23397465424573E+00
 0.23024034254959E+00
 0.21939122316114E+00
 0.20571676578172E+00
 0.19919846558287E+00
 0.19601718078852E+00
 0.18677493308956E+00
 0.17512622790340E+00
 0.16957389034265E+00
 0.16686408775314E+00
 0.15899174050072E+00
 0.14906996400453E+00
 0.14434103604740E+00
 0.14203312862369E+00
 0.13532846647779E+00
 0.12687863737640E+00
 0.12285149142064E+00
 0.12088610825185E+00
 0.11517660869044E+00
 0.10798119853222E+00
 0.10455208331165E+00
 0.10287858071477E+00
 0.98017085508898E-01
 0.91890556521206E-01
 0.88970982760937E-01
 0.87546167791937E-01
 0.83407172458306E-01
 0.78191296216079E-01
 0.75705811363044E-01
 0.74492855217076E-01
 0.70969350131468E-01
 0.66529221519025E-01
 0.64413493640063E-01
 0.63380996207929E-01
 0.60381747878423E-01
 0.56602356077189E-01
 0.54801549080452E-01
 0.53922745610854E-01
 0.51369990504418E-01
 0.48153309309206E-01
 0.46620686731753E-01
 0.45872766206240E-01
 0.43700229737068E-01
 0.40962719057902E-01
 0.39658453404711E-01
 0.39021977259084E-01
 0.37173184403507E-01
 0.34843659549451E-01
 0.33733817771262E-01
 0.33192224594379E-01
 0.31619060333204E-01
 0.29636876275538E-01
 0.28692550699077E-01
 0.28231731986928E-01
 0.26893208433022E-01
 0.25206705135492E-01
 0.24403270277864E-01
 0.24011207667204E-01
 0.22872409961500E-01
 0.21437583376242E-01
 0.20754068531044E-01
 0.20420527472252E-01
 0.19451723402141E-01
 0.18231102277024E-01
 0.17649647624765E-01
 0.17365911938747E-01
 0.16541780792069E-01
 0.15503454775569E-01
 0.15008850432815E-01
 0.14767497321354E-01
 0.14066476168902E-01
 0.13183271705581E-01
 0.12762572807038E-01
 0.12557284880246E-01
 0.11961022050156E-01
 0.11209812604753E-01
 0.10956672483578E-01
 0.10832254205840E-01
 0.10467412374957E-01
 0.99999997764826E-02
