 0.00000000000000E+00
-0.14508657977072E-03
-0.21762987506097E-03
-0.43525975012195E-03
-0.72543288804380E-03
-0.76154316813199E-03
-0.79487835730587E-03
-0.80207351632449E-03
-0.83393770411175E-03
-0.84899129977536E-03
-0.85651809816795E-03
-0.87909849222416E-03
-0.90920568130822E-03
-0.92631990431016E-03
-0.93487701644868E-03
-0.96054835158913E-03
-0.99477679504277E-03
-0.10118745100480E-02
-0.10204233681876E-02
-0.10460699413324E-02
-0.10802653687951E-02
-0.10982940235750E-02
-0.11073083516365E-02
-0.11343513344778E-02
-0.11704086413509E-02
-0.11890768747341E-02
-0.11984109921212E-02
-0.12264133428914E-02
-0.12637498068761E-02
-0.13203755942218E-02
-0.13486884900042E-02
-0.14336271731322E-02
-0.15468787393858E-02
-0.15645405395497E-02
-0.16049648826537E-02
-0.16251770557116E-02
-0.16858135718735E-02
-0.17666622520579E-02
-0.17857011255807E-02
-0.18086257124866E-02
-0.18200880067936E-02
-0.18544748880064E-02
-0.19003240584021E-02
-0.19270862272909E-02
-0.19404673127322E-02
-0.19806105670623E-02
-0.20341349008519E-02
-0.20602944454126E-02
-0.20733742186674E-02
-0.21126135364829E-02
-0.21649326217062E-02
-0.21917195317579E-02
-0.22051129877816E-02
-0.22452933538569E-02
-0.22988671699687E-02
-0.23305555297090E-02
-0.23463997107596E-02
-0.23939322515505E-02
-0.24573089663091E-02
-0.24899801887573E-02
-0.25063158011985E-02
-0.25553226360878E-02
-0.26206650761158E-02
-0.26550989189971E-02
-0.26723158417205E-02
-0.27239666073253E-02
-0.27928342879570E-02
-0.28320361494748E-02
-0.28516370816940E-02
-0.29104398754310E-02
-0.29888435926250E-02
-0.30316890989352E-02
-0.30531118536864E-02
-0.31173801147478E-02
-0.32030711209836E-02
-0.32446757325598E-02
-0.32654780398977E-02
-0.33278849588118E-02
-0.34110941757645E-02
-0.34500126935795E-02
-0.34694719539368E-02
-0.35278497321092E-02
-0.36056867619399E-02
-0.36541568135710E-02
-0.36783918411921E-02
-0.37510969204444E-02
-0.38480370164839E-02
-0.38959132765830E-02
-0.39198514084161E-02
-0.39916658003483E-02
-0.40874183134124E-02
-0.41437602319548E-02
-0.41719311933248E-02
-0.42564440732372E-02
-0.43691279019263E-02
-0.44277827712908E-02
-0.44571102081582E-02
-0.45450925143901E-02
-0.46624022443790E-02
-0.46730273917504E-02
-0.46978549274287E-02
-0.47723375307640E-02
-0.48716476586789E-02
-0.49367935510641E-02
-0.49693664996835E-02
-0.50670853406881E-02
-0.51973771157509E-02
-0.52743874658737E-02
-0.53128926438039E-02
-0.54284081718569E-02
-0.55824288606270E-02
-0.55909758292078E-02
-0.56871387346220E-02
-0.58153559291037E-02
-0.60246940391738E-02
-0.61293631020074E-02
-0.64433702749111E-02
-0.68620464638577E-02
-0.69841301827340E-02
-0.70582565506457E-02
-0.70953197373630E-02
-0.72065092919920E-02
-0.73547620167697E-02
-0.74294203557188E-02
-0.74667495279745E-02
-0.75787370391793E-02
-0.77280537059524E-02
-0.78031532574876E-02
-0.78407030360528E-02
-0.79533523661533E-02
-0.81035514580329E-02
-0.81360732035200E-02
-0.81717675201238E-02
-0.82788504646162E-02
-0.84216277097559E-02
-0.84919550330274E-02
-0.85271186972831E-02
-0.86326096848103E-02
-0.87732643208738E-02
-0.90344053582901E-02
-0.91649758867265E-02
-0.95566874525792E-02
-0.10078969488499E-01
-0.10153935142675E-01
-0.10215635118126E-01
-0.10400735035284E-01
-0.10647534900311E-01
-0.10760374946879E-01
-0.10816794974367E-01
-0.10986055048423E-01
-0.11211735124745E-01
-0.11314685648466E-01
-0.11366160914161E-01
-0.11520586703577E-01
-0.11726487735677E-01
-0.11836130237378E-01
-0.11890951492313E-01
-0.12055415248949E-01
-0.12274700236013E-01
-0.12380892956823E-01
-0.12433989321185E-01
-0.12593278406357E-01
-0.12805663832155E-01
-0.12916344110478E-01
-0.12971684253763E-01
-0.13137704675371E-01
-0.13359065215525E-01
-0.13487029576139E-01
-0.13551011761212E-01
-0.13742958306899E-01
-0.13998887009058E-01
-0.14125755151113E-01
-0.14189189226866E-01
-0.14379491444674E-01
-0.14633227709879E-01
-0.14775707839777E-01
-0.14846947910034E-01
-0.15060668110189E-01
-0.15345628348754E-01
-0.15498846045634E-01
-0.15575454899782E-01
-0.15805281450810E-01
-0.16111716821740E-01
-0.16270054092738E-01
-0.16349222734136E-01
-0.16586728646532E-01
-0.16903403164935E-01
-0.17053364153270E-01
-0.17128344653024E-01
-0.17353286141114E-01
-0.17653208095439E-01
-0.17915508493574E-01
-0.18046658702413E-01
-0.18440109309387E-01
-0.18964710066572E-01
-0.19223073037051E-01
-0.19352254531916E-01
-0.19739798997260E-01
-0.20256524899720E-01
-0.20507507147626E-01
-0.20899703846019E-01
-0.21085866157664E-01
-0.21178947320422E-01
-0.21458190794824E-01
-0.21830515390374E-01
-0.22043191856917E-01
-0.22149530098111E-01
-0.22468544805848E-01
-0.22893897707243E-01
-0.23095964261434E-01
-0.23196997546057E-01
-0.23500097384871E-01
-0.23904230463143E-01
-0.24102565031357E-01
-0.24201732322852E-01
-0.24499234182561E-01
-0.24895903289434E-01
-0.25120075592979E-01
-0.25232161753103E-01
-0.25568420216771E-01
-0.26016764790456E-01
-0.26273700341473E-01
-0.26402168126553E-01
-0.26787571462650E-01
-0.27301442526397E-01
-0.27562606816875E-01
-0.27693188971843E-01
-0.28084935417289E-01
-0.28607263959327E-01
-0.28860880812563E-01
-0.28987689248628E-01
-0.29368114537930E-01
-0.29875348206609E-01
-0.30173056775910E-01
-0.30321911071651E-01
-0.30768473936694E-01
-0.31363891030935E-01
-0.31641670576790E-01
-0.31780560360066E-01
-0.32197229689197E-01
-0.32752788739515E-01
-0.33110584013439E-01
-0.33289481663730E-01
-0.33826174587945E-01
-0.34541765082477E-01
-0.35032353802757E-01
-0.35277648181172E-01
-0.36013531279867E-01
-0.36994708647322E-01
-0.37491256042744E-01
-0.37739529758954E-01
-0.38484350870586E-01
-0.39477445587440E-01
-0.39633201596732E-01
-0.39845011507953E-01
-0.40480441210055E-01
-0.41327680728692E-01
-0.41431667453393E-01
-0.41621346672395E-01
-0.42190384301134E-01
-0.42949101064081E-01
-0.43339577064242E-01
-0.43534815078869E-01
-0.44120529093657E-01
-0.44901481035794E-01
-0.45290737315170E-01
-0.45485365469358E-01
-0.46069249902923E-01
-0.46847762403671E-01
-0.47281076475785E-01
-0.47497733527985E-01
-0.48147704652298E-01
-0.49014332731957E-01
-0.49427112323936E-01
-0.49633502135302E-01
-0.50252671538648E-01
-0.51078230661097E-01
-0.51525712157862E-01
-0.51749452922914E-01
-0.52420675184730E-01
-0.53315638111579E-01
-0.53774834334645E-01
-0.54004432463285E-01
-0.54693226814991E-01
-0.55611619192698E-01
-0.56207248560829E-01
-0.56505063267083E-01
-0.57398507341467E-01
-0.58589765988973E-01
-0.59308220987675E-01
-0.59667448513791E-01
-0.60745131038609E-01
-0.62182040928955E-01
-0.62367612147022E-01
-0.62705436497189E-01
-0.63718909497352E-01
-0.65070206696663E-01
-0.65792812802718E-01
-0.66154115882665E-01
-0.67238025068667E-01
-0.68683237173101E-01
-0.68962357905597E-01
-0.69334721260018E-01
-0.70451811267795E-01
-0.71941264463533E-01
-0.72630347252419E-01
-0.72974888672532E-01
-0.74008512881531E-01
-0.75386678356622E-01
-0.76073737444834E-01
-0.76417267014535E-01
-0.77447855672448E-01
-0.78821973746492E-01
-0.79570149835423E-01
-0.79944237907760E-01
-0.81066502069027E-01
-0.82562854135401E-01
-0.83473516656608E-01
-0.83928847951136E-01
-0.85294841766871E-01
-0.87116166673585E-01
-0.88410920196159E-01
-0.89058297005679E-01
-0.91000427337772E-01
-0.93589934189986E-01
-0.94056420177135E-01
-0.96070478219346E-01
-0.97052190846198E-01
-0.98546216126303E-01
-0.99457852407896E-01
-0.99913670582654E-01
-0.10128112503900E+00
-0.10310439746635E+00
-0.10429551688286E+00
-0.10489107663548E+00
-0.10667775580462E+00
-0.10905999446015E+00
-0.11040656321354E+00
-0.11107984764041E+00
-0.11309970082067E+00
-0.11579283812681E+00
-0.11727080191891E+00
-0.11800978387002E+00
-0.12022672961323E+00
-0.12318265697720E+00
-0.12487451829485E+00
-0.12572044901669E+00
-0.12825824105618E+00
-0.13164196343936E+00
-0.13173555460193E+00
-0.13240894109926E+00
-0.13442910049091E+00
-0.13712264607886E+00
-0.13852072579437E+00
-0.13921976570421E+00
-0.14131688532956E+00
-0.14411304455225E+00
-0.14610607227419E+00
-0.14710258620941E+00
-0.15009212786656E+00
-0.15407818301346E+00
-0.15440725083956E+00
-0.15569919443640E+00
-0.15957502503440E+00
-0.16474279865170E+00
-0.16728484425732E+00
-0.16855586715482E+00
-0.17236893565795E+00
-0.17745302649039E+00
-0.17842320810615E+00
-0.18183427833636E+00
-0.18341218326930E+00
-0.18420113579455E+00
-0.18656799325273E+00
-0.18972380288348E+00
-0.19131250114846E+00
-0.19210685034013E+00
-0.19448989779677E+00
-0.19766729408998E+00
-0.19974429945293E+00
-0.20078280221178E+00
-0.20389831033359E+00
-0.20805232075000E+00
-0.21014347602695E+00
-0.21118905374332E+00
-0.21432578673664E+00
-0.21850809697892E+00
-0.22067436729690E+00
-0.22175750253659E+00
-0.22500690809425E+00
-0.22933944840741E+00
-0.23217800624717E+00
-0.23359728527280E+00
-0.23785512213819E+00
-0.24353223739475E+00
-0.24716742072258E+00
-0.24898501252192E+00
-0.25443778764909E+00
-0.26170815376307E+00
-0.26649801452178E+00
-0.26889294507957E+00
-0.27607773639607E+00
-0.28565745719974E+00
-0.28912395865296E+00
-0.29591683455873E+00
-0.29741035522700E+00
-0.29960999958924E+00
-0.30620893234819E+00
-0.31500750848605E+00
-0.31764239984731E+00
-0.32400151170553E+00
-0.32745290359395E+00
-0.32917859966673E+00
-0.33435568762793E+00
-0.34125847089047E+00
-0.34574497728406E+00
-0.34798823064799E+00
-0.35471799040552E+00
-0.36369100252416E+00
-0.36405026953614E+00
-0.36913528948877E+00
-0.37591531541873E+00
-0.38014375475865E+00
-0.38225797458613E+00
-0.38860063375353E+00
-0.39705751180329E+00
-0.40226829907500E+00
-0.40487369290498E+00
-0.41268987400667E+00
-0.42311144777363E+00
-0.42795162131764E+00
-0.43037170826996E+00
-0.43763196876629E+00
-0.44731231513307E+00
-0.45341822595561E+00
-0.45647118159435E+00
-0.46563004805562E+00
-0.47784186879085E+00
-0.48591143983538E+00
-0.48994622565826E+00
-0.50205058252566E+00
-0.51818972341226E+00
-0.52432542622473E+00
-0.53650761294435E+00
-0.54285207205409E+00
-0.54602430184531E+00
-0.55554099074627E+00
-0.56822990802035E+00
-0.57447281737991E+00
-0.57759427229226E+00
-0.58695863656416E+00
-0.59944445435301E+00
-0.60676661014615E+00
-0.61042768831549E+00
-0.62141092227797E+00
-0.63605523277316E+00
-0.64280473207499E+00
-0.64617948197735E+00
-0.65630373118154E+00
-0.66980272877945E+00
-0.67926404904407E+00
-0.68399470952884E+00
-0.69818669027823E+00
-0.71710932939762E+00
-0.72008373417210E+00
-0.73325848181741E+00
-0.74023296729658E+00
-0.74372021029599E+00
-0.75418193877457E+00
-0.76813090869364E+00
-0.77800993221928E+00
-0.78294944435012E+00
-0.79776798000661E+00
-0.81752602558581E+00
-0.82032407938857E+00
-0.83338577195046E+00
-0.84128954732877E+00
-0.84524143531236E+00
-0.85709709867426E+00
-0.87290464825313E+00
-0.88079892406820E+00
-0.88474606226982E+00
-0.89658747628652E+00
-0.91237602674032E+00
-0.92110414047065E+00
-0.92546819766095E+00
-0.93856036858159E+00
-0.95601659474164E+00
-0.95785014628271E+00
-0.96857227355341E+00
-0.98286844182748E+00
-0.99197818306849E+00
-0.99653305402836E+00
-0.10101976662292E+01
-0.10284171473538E+01
-0.10319950597354E+01
-0.10445086076581E+01
-0.10611933365642E+01
-0.10640819148078E+01
-0.10677778474667E+01
-0.10788656448930E+01
-0.10936493733260E+01
-0.11011156850412E+01
-0.11048488411770E+01
-0.11160483090280E+01
-0.11309809313459E+01
-0.11386872478635E+01
-0.11425404064094E+01
-0.11540998814729E+01
-0.11695125133598E+01
-0.11772157176480E+01
-0.11810673200790E+01
-0.11926221267983E+01
-0.12080285342268E+01
-0.12158936291190E+01
-0.12198261768581E+01
-0.12316238194894E+01
-0.12473540081018E+01
-0.12551245038810E+01
-0.12590097520601E+01
-0.12706654960184E+01
-0.12862064864189E+01
-0.12938439505936E+01
-0.12976626829655E+01
-0.13091188795120E+01
-0.13243938067233E+01
-0.13320291724114E+01
-0.13358468555399E+01
-0.13472999043566E+01
-0.13625706345951E+01
-0.13700473057675E+01
-0.13737856416323E+01
-0.13850006486695E+01
-0.13999539899004E+01
-0.14076507256352E+01
-0.14114990937893E+01
-0.14230441976783E+01
-0.14384376680011E+01
-0.14461409912802E+01
-0.14499926532068E+01
-0.14615476384125E+01
-0.14769542838229E+01
-0.14846730566867E+01
-0.14885324434062E+01
-0.15001106029895E+01
-0.15155481475669E+01
-0.15231799727502E+01
-0.15269958856262E+01
-0.15384436236854E+01
-0.15537072729148E+01
-0.15612695103871E+01
-0.15650506294050E+01
-0.15763939858953E+01
-0.15915184597132E+01
-0.15990612560743E+01
-0.16028326545359E+01
-0.16141468493586E+01
-0.16292324409569E+01
-0.16367250286375E+01
-0.16404713227570E+01
-0.16517102045571E+01
-0.16666953788019E+01
-0.16741733746812E+01
-0.16779123728995E+01
-0.16891293669970E+01
-0.17040853576413E+01
-0.17114363288953E+01
-0.17151118147961E+01
-0.17261382719509E+01
-0.17408402133635E+01
-0.17482010988584E+01
-0.17518815418800E+01
-0.17629228703966E+01
-0.17776446402895E+01
-0.17849884102141E+01
-0.17886602954499E+01
-0.17996759506104E+01
-0.18143634893652E+01
-0.18216261222143E+01
-0.18252574389094E+01
-0.18361513884535E+01
-0.18506766530694E+01
-0.18579213993285E+01
-0.18615437727280E+01
-0.18724108923866E+01
-0.18869003838253E+01
-0.18940716776276E+01
-0.18976573247959E+01
-0.19084142657665E+01
-0.19227568523024E+01
-0.19298839636730E+01
-0.19334475196237E+01
-0.19441381869450E+01
-0.19583924086241E+01
-0.19654569051055E+01
-0.19689891536093E+01
-0.19795858985946E+01
-0.19937148905048E+01
-0.20007157178010E+01
-0.20042161317099E+01
-0.20147173729150E+01
-0.20287190264641E+01
-0.20356846759896E+01
-0.20391675010118E+01
-0.20496159755595E+01
-0.20635472735724E+01
-0.20704343031924E+01
-0.20738778182590E+01
-0.20842083629455E+01
-0.20979824211592E+01
-0.21048326651639E+01
-0.21082577874215E+01
-0.21185331536839E+01
-0.21322336406727E+01
-0.21390249459729E+01
-0.21424205988760E+01
-0.21526075570794E+01
-0.21661901666678E+01
-0.21729124862449E+01
-0.21762736462838E+01
-0.21863571258999E+01
-0.21998017640523E+01
-0.22064662258681E+01
-0.22097984570243E+01
-0.22197951499962E+01
-0.22331240726347E+01
-0.22397271920670E+01
-0.22430287520291E+01
-0.22529334314235E+01
-0.22661396693042E+01
-0.22726909073330E+01
-0.22759665265915E+01
-0.22857933838788E+01
-0.22988958589602E+01
-0.23053914260586E+01
-0.23086392098498E+01
-0.23183825607393E+01
-0.23313736939681E+01
-0.23378152278114E+01
-0.23410359949731E+01
-0.23506982959780E+01
-0.23635813627048E+01
-0.23699724566310E+01
-0.23731680038322E+01
-0.23827546449595E+01
-0.23955368318596E+01
-0.24018791173398E+01
-0.24050502603161E+01
-0.24145636887727E+01
-0.24272482587881E+01
-0.24335442885443E+01
-0.24366923036569E+01
-0.24461363485258E+01
-0.24587284071000E+01
-0.24649784621903E+01
-0.24681034899682E+01
-0.24774785728364E+01
-0.24899786820856E+01
-0.24961866226516E+01
-0.24992905931659E+01
-0.25086025042462E+01
-0.25210183844533E+01
-0.25271867688746E+01
-0.25302709613151E+01
-0.25395235381770E+01
-0.25518603061006E+01
-0.25579934251819E+01
-0.25610599849511E+01
-0.25702596638016E+01
-0.25825259010504E+01
-0.25886263143281E+01
-0.25916765211942E+01
-0.26008271413381E+01
-0.26130279669845E+01
-0.26190990993848E+01
-0.26221346658111E+01
-0.26312413646378E+01
-0.26433836285338E+01
-0.26494295527956E+01
-0.26524525151517E+01
-0.26615214017696E+01
-0.26736132493923E+01
-0.26796376466484E+01
-0.26826498455008E+01
-0.26916864416094E+01
-0.27037352352239E+01
-0.27097393079163E+01
-0.27127413444862E+01
-0.27217474537485E+01
-0.27337555982386E+01
-0.27397461602277E+01
-0.27427414414454E+01
-0.27517272846522E+01
-0.27637084077377E+01
-0.27696876544328E+01
-0.27726772780030E+01
-0.27816461482684E+01
-0.27936046407675E+01
-0.27995859523510E+01
-0.28025766083656E+01
-0.28115485759637E+01
-0.28235111982395E+01
-0.28294923900023E+01
-0.28324829861065E+01
-0.28414547739736E+01
-0.28534171566080E+01
-0.28594126786974E+01
-0.28624104399654E+01
-0.28714037233228E+01
-0.28833947666082E+01
-0.28894000563016E+01
-0.28924027013720E+01
-0.29014106361358E+01
-0.29134212146278E+01
-0.29194466050069E+01
-0.29224593004208E+01
-0.29314973862139E+01
-0.29435481660742E+01
-0.29496037923817E+01
-0.29526316057611E+01
-0.29617150454481E+01
-0.29738262971609E+01
-0.29799157591656E+01
-0.29829604903949E+01
-0.29920946836289E+01
-0.30042736067310E+01
-0.30104055288887E+01
-0.30134714901960E+01
-0.30226693736609E+01
-0.30349332170626E+01
-0.30411163760123E+01
-0.30442079557175E+01
-0.30534826943725E+01
-0.30658490113506E+01
-0.30720930505071E+01
-0.30752150703180E+01
-0.30845811292854E+01
-0.30970692066680E+01
-0.31033847504431E+01
-0.31065425225659E+01
-0.31160158384638E+01
-0.31286469250728E+01
-0.31350452362653E+01
-0.31382443920998E+01
-0.31478418591268E+01
-0.31606384805583E+01
-0.31671317897302E+01
-0.31703784445581E+01
-0.31801184085579E+01
-0.31931050259342E+01
-0.31997077709527E+01
-0.32030091437079E+01
-0.32129132614816E+01
-0.32261187505348E+01
-0.32328475375827E+01
-0.32362119313574E+01
-0.32463051121800E+01
-0.32597626852733E+01
-0.32666377722973E+01
-0.32700753160654E+01
-0.32803879468574E+01
-0.32941381198808E+01
-0.33011853339317E+01
-0.33047089412197E+01
-0.33152797625586E+01
-0.33293741896103E+01
-0.33366288725275E+01
-0.33402562142564E+01
-0.33511382389025E+01
-0.33656476036559E+01
-0.33731631585100E+01
-0.33769209362170E+01
-0.33881942687780E+01
-0.34032253773662E+01
-0.34110935433067E+01
-0.34150276265700E+01
-0.34268298757738E+01
-0.34425662064822E+01
-0.34509800198601E+01
-0.34551869268625E+01
-0.34678076472428E+01
-0.34846352727449E+01
-0.34942025628234E+01
-0.34989862082191E+01
-0.35133371436933E+01
-0.35324717224248E+01
-0.35437678697242E+01
-0.35494159437947E+01
-0.35663601651645E+01
-0.35889524580800E+01
-0.35953755507799E+01
-0.36121996176028E+01
-0.36123347267997E+01
-0.36159493784256E+01
-0.36267933327644E+01
-0.36412519371133E+01
-0.36433846950420E+01
-0.36466142778720E+01
-0.36563030258807E+01
-0.36692213552756E+01
-0.36718020347871E+01
-0.36747284899101E+01
-0.36835078548430E+01
-0.36952136735907E+01
-0.37005837348501E+01
-0.37032687656799E+01
-0.37113238577690E+01
-0.37220639794877E+01
-0.37269853821011E+01
-0.37294460835911E+01
-0.37368281876945E+01
-0.37466709921879E+01
-0.37511645742251E+01
-0.37534113654111E+01
-0.37601517386344E+01
-0.37691389020392E+01
-0.37732071153188E+01
-0.37752412221102E+01
-0.37813435421811E+01
-0.37894799681340E+01
-0.37907975615409E+01
-0.37926165823489E+01
-0.37980736445018E+01
-0.38053497266494E+01
-0.38057709177438E+01
-0.38073463124208E+01
-0.38120724962174E+01
-0.38183740739867E+01
-0.38216332108386E+01
-0.38232627793859E+01
-0.38281514847851E+01
-0.38346697580032E+01
-0.38381863511189E+01
-0.38399446478077E+01
-0.38452195376123E+01
-0.38522527233196E+01
-0.38559681842779E+01
-0.38578259148955E+01
-0.38633991064715E+01
-0.38708300278346E+01
-0.38747524243749E+01
-0.38767136227911E+01
-0.38825972177476E+01
-0.38904420102437E+01
-0.38946470222408E+01
-0.38967495283961E+01
-0.39030570465484E+01
-0.39114670699161E+01
-0.39161246489147E+01
-0.39184534385875E+01
-0.39254398072589E+01
-0.39347549645620E+01
-0.39401577717584E+01
-0.39428591755578E+01
-0.39509633865537E+01
-0.39617690001413E+01
-0.39682806884723E+01
-0.39715365328804E+01
-0.39813040656195E+01
-0.39943274413112E+01
-0.40015390173905E+01
-0.40051448056988E+01
-0.40159621700863E+01
-0.40303853211703E+01
-0.40385735710366E+01
-0.40426676962748E+01
-0.40549500713792E+01
-0.40713265698917E+01
-0.40810146632069E+01
-0.40858587102254E+01
-0.41003908505590E+01
-0.41197670357458E+01
-0.41316608940147E+01
-0.41376078235922E+01
-0.41554486114387E+01
-0.41792363262042E+01
-0.41944417307745E+01
-0.42020444336261E+01
-0.42248525410480E+01
-0.42552633479228E+01
-0.42756190179521E+01
-0.42857968537251E+01
-0.43163303595274E+01
-0.43570416965528E+01
-0.43815659513770E+01
-0.43938280797027E+01
-0.44306144628525E+01
-0.44796629688465E+01
-0.45028316280623E+01
-0.45144159585332E+01
-0.45491689482200E+01
-0.45955062631991E+01
-0.46222846048671E+01
-0.46356737766987E+01
-0.46758412901983E+01
-0.47293979695440E+01
-0.47601625477837E+01
-0.47755448380496E+01
-0.48216917065552E+01
-0.48832208584503E+01
-0.49139223086743E+01
-0.49292730349299E+01
-0.49753252114096E+01
-0.50367281072826E+01
-0.50673606409815E+01
-0.50826769089720E+01
-0.51286257106615E+01
-0.51898907734946E+01
-0.52205078462525E+01
-0.52358163837720E+01
-0.52817419940494E+01
-0.53429761350029E+01
-0.53736073045614E+01
-0.53889228904817E+01
-0.54348696459606E+01
-0.54961319805132E+01
-0.55267935403675E+01
-0.55421243214369E+01
-0.55881166623606E+01
-0.56494397775003E+01
-0.56801410327002E+01
-0.56954916614439E+01
-0.57415435453876E+01
-0.58029460512126E+01
-0.58336925398652E+01
-0.58490657853368E+01
-0.58951855194610E+01
-0.59566784921845E+01
-0.59874736512346E+01
-0.60028712319069E+01
-0.60490639716294E+01
-0.61106542851408E+01
-0.61415003173830E+01
-0.61569233346531E+01
-0.62031923841655E+01
-0.62648844440533E+01
-0.62957827731945E+01
-0.63112319389161E+01
-0.63575794337789E+01
-0.64193760874570E+01
-0.64503276021145E+01
-0.64658033605963E+01
-0.65122306337356E+01
-0.65741336584384E+01
-0.66051388495157E+01
-0.66206414462094E+01
-0.66671492339804E+01
-0.67291596115149E+01
-0.67602186563120E+01
-0.67757481798675E+01
-0.68223367482201E+01
-0.68844548331861E+01
-0.69155676526644E+01
-0.69311240635627E+01
-0.69777932939393E+01
-0.70400189282598E+01
-0.70711852301150E+01
-0.70867683822037E+01
-0.71335178361475E+01
-0.71958504352137E+01
-0.72270697486542E+01
-0.72426794065374E+01
-0.72895083778611E+01
-0.73519470000900E+01
-0.73832187050018E+01
-0.73988545586227E+01
-0.74457621171554E+01
-0.75083055223191E+01
-0.75396288739219E+01
-0.75552905508902E+01
-0.76022755794612E+01
-0.76649222779993E+01
-0.76962964273075E+01
-0.77119835031304E+01
-0.77590447282616E+01
-0.78217930222030E+01
-0.78532170319748E+01
-0.78689290380314E+01
-0.79160650538597E+01
-0.79789130687208E+01
-0.80103859239143E+01
-0.80261223526835E+01
-0.80733316366463E+01
-0.81362773423435E+01
-0.81677979531002E+01
-0.81835582596528E+01
-0.82308391769622E+01
-0.82938803937788E+01
-0.83254475874715E+01
-0.83412311854938E+01
-0.83885819772089E+01
-0.84517163598905E+01
-0.84833280719811E+01
-0.84991339292040E+01
-0.85465514985176E+01
-0.86097749179884E+01
-0.86414291710435E+01
-0.86572562987502E+01
-0.87047376795120E+01
-0.87680461809053E+01
-0.87997414734105E+01
-0.88155891208439E+01
-0.88631320607826E+01
-0.89265226410701E+01
-0.89582576398712E+01
-0.89741251404539E+01
-0.90217276398377E+01
-0.90851976327110E+01
-0.91169710006652E+01
-0.91328576858259E+01
-0.91805177389409E+01
-0.92440644701147E+01
-0.92758748703226E+01
-0.92917800716116E+01
-0.93394956731085E+01
-0.94031164687842E+01
-0.94349625700689E+01
-0.94508856218976E+01
-0.94986547750109E+01
-0.95623469728348E+01
-0.95942274550154E+01
-0.96101676972933E+01
-0.96579884217519E+01
-0.97217493813625E+01
-0.97536629396845E+01
-0.97696197200344E+01
-0.98174900587063E+01
-0.98813171705949E+01
-0.99132625193678E+01
-0.99292351949443E+01
-0.99771532192938E+01
-0.10041043912079E+02
-0.10073019788204E+02
-0.10089007727457E+02
-0.10136971542834E+02
-0.10200923290318E+02
-0.10232928456564E+02
-0.10248931040879E+02
-0.10296938791440E+02
-0.10360949119163E+02
-0.10392982366061E+02
-0.10408998990703E+02
-0.10457048862243E+02
-0.10521115351266E+02
-0.10553175499982E+02
-0.10569205575535E+02
-0.10617295799804E+02
-0.10681416092460E+02
-0.10713501995010E+02
-0.10729544947479E+02
-0.10777673802498E+02
-0.10841845602816E+02
-0.10873956145236E+02
-0.10890011417642E+02
-0.10938177232468E+02
-0.11002398312523E+02
-0.11034532415068E+02
-0.11050599467537E+02
-0.11098800622552E+02
-0.11163068822853E+02
-0.11195225441336E+02
-0.11211303751775E+02
-0.11259538680698E+02
-0.11323851912873E+02
-0.11356030037216E+02
-0.11372119100587E+02
-0.11420386288301E+02
-0.11484742532193E+02
-0.11516941189295E+02
-0.11533040519045E+02
-0.11581338505897E+02
-0.11645735815303E+02
-0.11677954068463E+02
-0.11694063196243E+02
-0.11742390577184E+02
-0.11806827078703E+02
-0.11839064026074E+02
-0.11855182500960E+02
-0.11903537923218E+02
-0.11968011813157E+02
-0.12000266592449E+02
-0.12016393983296E+02
-0.12064776153436E+02
-0.12129285707214E+02
-0.12161557479380E+02
-0.12177693366665E+02
-0.12226101026116E+02
-0.12290644565639E+02
-0.12322932551342E+02
-0.12339076545396E+02
-0.12387508525152E+02
-0.12452084491746E+02
-0.12484387905685E+02
-0.12500539613858E+02
-0.12548994735970E+02
-0.12613601559035E+02
-0.12645919691784E+02
-0.12662078759362E+02
-0.12710555959689E+02
-0.12775192220370E+02
-0.12807524370072E+02
-0.12823690446128E+02
-0.12872188671886E+02
-0.12936852966473E+02
-0.12969198467608E+02
-0.12985371219381E+02
-0.13033889472289E+02
-0.13098580469741E+02
-0.13130938705538E+02
-0.13147117824642E+02
-0.13195655179544E+02
-0.13260371646317E+02
-0.13292742002628E+02
-0.13308927181989E+02
-0.13357482717661E+02
-0.13422223425459E+02
-0.13454605299967E+02
-0.13470796238428E+02
-0.13519369051396E+02
-0.13584132795588E+02
-0.13616525680419E+02
-0.13632722124041E+02
-0.13681311452494E+02
-0.13746097217329E+02
-0.13778500530276E+02
-0.13794702187957E+02
-0.13843307158585E+02
-0.13908113779652E+02
-0.13940527012941E+02
-0.13956733630793E+02
-0.14005353481934E+02
-0.14070179943683E+02
-0.14102602775560E+02
-0.14118814192707E+02
-0.14167448441731E+02
-0.14232294100655E+02
-0.14264725943281E+02
-0.14280941865802E+02
-0.14329589630948E+02
-0.14394453311367E+02
-0.14417294201609E+02
-0.14428714647581E+02
-0.14462975983795E+02
-0.14508657760876E+02
