 0.44999998807907E-03
 0.56736566952283E-03
 0.59878026404861E-03
 0.73653357020877E-03
 0.81581135388707E-03
 0.86953998286665E-03
 0.88362974965013E-03
 0.88639184825325E-03
 0.89962850660271E-03
 0.90543181903356E-03
 0.90844337315632E-03
 0.91740582031359E-03
 0.92932135730760E-03
 0.93603972954099E-03
 0.93934667195874E-03
 0.94927137255911E-03
 0.96216942178674E-03
 0.96880329820080E-03
 0.97196878139146E-03
 0.98139245842410E-03
 0.99424295796668E-03
 0.10006289813772E-02
 0.10038487276900E-02
 0.10137519091267E-02
 0.10261473526260E-02
 0.10331430550724E-02
 0.10364037981872E-02
 0.10461890784862E-02
 0.10590934309627E-02
 0.10785517017332E-02
 0.10878885227080E-02
 0.11155068032257E-02
 0.11533238034917E-02
 0.11580367241223E-02
 0.11703639402770E-02
 0.11765445222113E-02
 0.11960169167584E-02
 0.12183305601481E-02
 0.12251032780956E-02
 0.12323258023108E-02
 0.12356927272577E-02
 0.12457958943087E-02
 0.12593160606571E-02
 0.12669883003106E-02
 0.12708252370595E-02
 0.12823394047947E-02
 0.12971312235140E-02
 0.13047052338263E-02
 0.13083217777919E-02
 0.13191740753859E-02
 0.13338857019852E-02
 0.13410397831390E-02
 0.13446553844498E-02
 0.13555949735844E-02
 0.13699220657289E-02
 0.13783721841926E-02
 0.13825365097413E-02
 0.13952365700838E-02
 0.14112925537382E-02
 0.14200916467280E-02
 0.14242451393682E-02
 0.14367090727568E-02
 0.14531605665440E-02
 0.14619508886107E-02
 0.14662397161069E-02
 0.14791098098034E-02
 0.14958737510583E-02
 0.15055929843499E-02
 0.15104017521243E-02
 0.15245967029486E-02
 0.15436403290035E-02
 0.15535633914567E-02
 0.15585669020000E-02
 0.15738267038306E-02
 0.15931061888268E-02
 0.16030054566575E-02
 0.16077205944367E-02
 0.16218701023951E-02
 0.16410385190468E-02
 0.16494227934798E-02
 0.16537157436646E-02
 0.16665975702520E-02
 0.16836205450521E-02
 0.16942140053823E-02
 0.16993893076960E-02
 0.17147964713124E-02
 0.17360923472636E-02
 0.17458388253803E-02
 0.17507344973660E-02
 0.17657982451215E-02
 0.17851803897769E-02
 0.17970152973427E-02
 0.18027231330049E-02
 0.18198526465189E-02
 0.18427424358042E-02
 0.18542525942731E-02
 0.18600699505830E-02
 0.18771040140311E-02
 0.19013388868603E-02
 0.19023612356662E-02
 0.19071722810501E-02
 0.19214907708902E-02
 0.19405796464976E-02
 0.19528131394329E-02
 0.19589016458735E-02
 0.19774695366477E-02
 0.20009445452837E-02
 0.20155963282867E-02
 0.20226341359979E-02
 0.20429051276298E-02
 0.20729190548941E-02
 0.20726699642573E-02
 0.20897043800005E-02
 0.21122064466363E-02
 0.21487674848754E-02
 0.21663660424768E-02
 0.22184258418347E-02
 0.22907482333263E-02
 0.23084890670795E-02
 0.23196461625782E-02
 0.23255240510957E-02
 0.23434469950440E-02
 0.23658584746284E-02
 0.23783339448352E-02
 0.23840633063898E-02
 0.24013984039826E-02
 0.24247308974012E-02
 0.24358606011958E-02
 0.24415469508975E-02
 0.24588850423472E-02
 0.24802895883676E-02
 0.24861309997679E-02
 0.24914080480449E-02
 0.25071172384678E-02
 0.25291664634241E-02
 0.25387408302400E-02
 0.25438849465260E-02
 0.25593208542112E-02
 0.25797637372740E-02
 0.26175872942905E-02
 0.26357371876601E-02
 0.26925304215734E-02
 0.27568531392109E-02
 0.27722636549230E-02
 0.27806339369917E-02
 0.28049540531390E-02
 0.28398361971139E-02
 0.28531417772750E-02
 0.28605621462415E-02
 0.28830054542889E-02
 0.29109487983386E-02
 0.29252551913792E-02
 0.29317492898997E-02
 0.29518728161953E-02
 0.29766541708314E-02
 0.29916957593329E-02
 0.29984681121045E-02
 0.30194539476419E-02
 0.30445922504466E-02
 0.30592911143848E-02
 0.30658422695518E-02
 0.30850346698471E-02
 0.31117299576290E-02
 0.31244501008097E-02
 0.31311128064817E-02
 0.31507916174876E-02
 0.31779396885198E-02
 0.31926195271174E-02
 0.32002043139150E-02
 0.32224277536663E-02
 0.32540873598072E-02
 0.32675060725536E-02
 0.32749348774678E-02
 0.32965297620813E-02
 0.33264197467908E-02
 0.33421897408040E-02
 0.33501744544877E-02
 0.33743360231237E-02
 0.34064496519287E-02
 0.34233007092128E-02
 0.34318603653624E-02
 0.34563422618486E-02
 0.34924811401870E-02
 0.35078972547250E-02
 0.35163454176844E-02
 0.35421184029867E-02
 0.35765251517572E-02
 0.35920321753632E-02
 0.36000578215698E-02
 0.36233917823805E-02
 0.36560968253459E-02
 0.36826241601440E-02
 0.36963535083596E-02
 0.37356520343836E-02
 0.37927754002796E-02
 0.38164362967377E-02
 0.38293654174931E-02
 0.38694157218434E-02
 0.39160860623831E-02
 0.39446812998076E-02
 0.39793853566889E-02
 0.40000209537160E-02
 0.40090632402750E-02
 0.40351576464395E-02
 0.40728918549944E-02
 0.40913513977038E-02
 0.41013963028939E-02
 0.41313192307619E-02
 0.41712448234779E-02
 0.41901443634599E-02
 0.41993693148992E-02
 0.42281621245957E-02
 0.42625215393194E-02
 0.42826862711076E-02
 0.42917760516019E-02
 0.43186424834978E-02
 0.43543666130720E-02
 0.43745014001164E-02
 0.43844870573631E-02
 0.44140097372746E-02
 0.44547031599816E-02
 0.44765491070219E-02
 0.44879172558836E-02
 0.45210101148991E-02
 0.45667644496463E-02
 0.45887753177694E-02
 0.45997890638584E-02
 0.46333976734274E-02
 0.46782779821595E-02
 0.46991501353023E-02
 0.47098348959317E-02
 0.47411860048689E-02
 0.47852694801465E-02
 0.48086550930779E-02
 0.48207844060117E-02
 0.48586394537705E-02
 0.49032447799622E-02
 0.49289203124448E-02
 0.49399751462666E-02
 0.49739591813171E-02
 0.50168468659771E-02
 0.50462137634953E-02
 0.50604743976826E-02
 0.51026680179537E-02
 0.51593825852580E-02
 0.51971056137831E-02
 0.52160643285668E-02
 0.52726379345443E-02
 0.53488274792301E-02
 0.53856195178262E-02
 0.54041207272006E-02
 0.54597635516232E-02
 0.55350494074000E-02
 0.55451730183059E-02
 0.55606847139323E-02
 0.56059102527702E-02
 0.56721151643058E-02
 0.56769736977463E-02
 0.56906286975577E-02
 0.57316665695988E-02
 0.57860233658138E-02
 0.58139732135284E-02
 0.58277249484553E-02
 0.58684337222818E-02
 0.59258407958662E-02
 0.59513321531344E-02
 0.59647420688392E-02
 0.60047450977073E-02
 0.60600785593279E-02
 0.60886240601173E-02
 0.61032958179017E-02
 0.61470713292585E-02
 0.62083025574876E-02
 0.62340544233994E-02
 0.62476847551162E-02
 0.62898884205760E-02
 0.63421869075496E-02
 0.63742437837003E-02
 0.63889056119626E-02
 0.64333026035600E-02
 0.64916866165050E-02
 0.65218646549287E-02
 0.65366705830240E-02
 0.65821567753616E-02
 0.66404220516507E-02
 0.66795968291467E-02
 0.66987046810367E-02
 0.67557200423303E-02
 0.68326797847231E-02
 0.68774408466835E-02
 0.68999093922233E-02
 0.69684541196034E-02
 0.70535657263401E-02
 0.70686493960618E-02
 0.70892474877245E-02
 0.71516189640285E-02
 0.72345063161265E-02
 0.72778745033811E-02
 0.72995939135613E-02
 0.73639164353650E-02
 0.74543552022914E-02
 0.74683289452094E-02
 0.74901805029675E-02
 0.75581977030106E-02
 0.76399596645320E-02
 0.76851783998556E-02
 0.77052038274239E-02
 0.77640533401221E-02
 0.78483056563285E-02
 0.78848999656519E-02
 0.79042603086226E-02
 0.79653054661144E-02
 0.80377716922378E-02
 0.80845400117173E-02
 0.81055119876925E-02
 0.81697627259991E-02
 0.82512142828443E-02
 0.83043789477739E-02
 0.83299169586699E-02
 0.84059345307133E-02
 0.85073953684411E-02
 0.85786204154293E-02
 0.86138506120981E-02
 0.87230505619788E-02
 0.88527649417472E-02
 0.88884875792640E-02
 0.89881990169361E-02
 0.90460608811704E-02
 0.91264654225999E-02
 0.91741378154899E-02
 0.91986508310334E-02
 0.92699871038331E-02
 0.93684127927992E-02
 0.94289803603482E-02
 0.94603861247332E-02
 0.95535043641147E-02
 0.96765290815439E-02
 0.97458341227788E-02
 0.97810065438696E-02
 0.98830326354810E-02
 0.10023721377074E-01
 0.10096662818077E-01
 0.10134516929930E-01
 0.10247473051484E-01
 0.10396008054512E-01
 0.10481192500928E-01
 0.10524438571684E-01
 0.10651053848604E-01
 0.10817984500482E-01
 0.10824086575005E-01
 0.10857595341682E-01
 0.10958726163050E-01
 0.11086815373403E-01
 0.11158567205030E-01
 0.11192895980722E-01
 0.11296387716055E-01
 0.11430968309349E-01
 0.11528254897314E-01
 0.11577545635821E-01
 0.11719354993975E-01
 0.11921750828283E-01
 0.11929110928960E-01
 0.11992817145296E-01
 0.12177276526092E-01
 0.12426186793695E-01
 0.12544222207639E-01
 0.12606203572600E-01
 0.12784461167763E-01
 0.13031500177298E-01
 0.13074067163933E-01
 0.13225608043443E-01
 0.13306154544875E-01
 0.13343556673351E-01
 0.13456276683440E-01
 0.13597978496655E-01
 0.13676594544500E-01
 0.13714221635265E-01
 0.13825978985382E-01
 0.13972803593852E-01
 0.14069812225382E-01
 0.14118901906049E-01
 0.14265170001410E-01
 0.14453219618734E-01
 0.14553749280825E-01
 0.14602918445373E-01
 0.14748610129254E-01
 0.14943104171325E-01
 0.15041628485865E-01
 0.15092731462812E-01
 0.15243203197301E-01
 0.15442811780045E-01
 0.15573116666290E-01
 0.15640343753440E-01
 0.15835917046964E-01
 0.16100797083001E-01
 0.16263657320391E-01
 0.16350931105425E-01
 0.16600884380917E-01
 0.16942313006482E-01
 0.17156089668373E-01
 0.17271739327839E-01
 0.17601297645610E-01
 0.18061740347729E-01
 0.18213984235933E-01
 0.18523575493353E-01
 0.18595637611575E-01
 0.18702381675771E-01
 0.19015171146069E-01
 0.19417254264630E-01
 0.19551190387163E-01
 0.19849988346493E-01
 0.20013150878903E-01
 0.20097459875230E-01
 0.20343280386871E-01
 0.20673830280250E-01
 0.20884473384026E-01
 0.20996214641275E-01
 0.21316833417773E-01
 0.21764390867001E-01
 0.21771726642385E-01
 0.22017608771176E-01
 0.22352625266385E-01
 0.22553539565727E-01
 0.22660804734400E-01
 0.22972767415876E-01
 0.23393627716109E-01
 0.23647339057685E-01
 0.23782776843750E-01
 0.24172947614149E-01
 0.24710286987511E-01
 0.24944557142058E-01
 0.25072693343595E-01
 0.25443004980566E-01
 0.25949821610853E-01
 0.26257591401181E-01
 0.26423880600389E-01
 0.26903135804138E-01
 0.27558672210274E-01
 0.27975331139383E-01
 0.28204055089702E-01
 0.28861102518117E-01
 0.29756077994814E-01
 0.30095568956489E-01
 0.30785679275251E-01
 0.31137992440844E-01
 0.31326633999266E-01
 0.31874697772467E-01
 0.32617780891359E-01
 0.32978700792328E-01
 0.33170725807425E-01
 0.33729327918321E-01
 0.34489159616178E-01
 0.34925955668291E-01
 0.35161019701401E-01
 0.35842059760521E-01
 0.36771185377665E-01
 0.37192644239611E-01
 0.37417607746248E-01
 0.38072668191291E-01
 0.38969150349947E-01
 0.39580846107757E-01
 0.39915297045006E-01
 0.40880129744172E-01
 0.42209227325344E-01
 0.42412234022014E-01
 0.43355644023402E-01
 0.43850675300011E-01
 0.44113273988461E-01
 0.44880865583132E-01
 0.45931834789607E-01
 0.46659954026890E-01
 0.47055919155326E-01
 0.48206238891145E-01
 0.49783470210503E-01
 0.50006986064384E-01
 0.51078893902732E-01
 0.51720950583761E-01
 0.52062841577301E-01
 0.53063377970016E-01
 0.54432615273776E-01
 0.55109128982398E-01
 0.55469763029647E-01
 0.56526349715938E-01
 0.57974307165971E-01
 0.58764256574651E-01
 0.59187836122025E-01
 0.60429164239573E-01
 0.62125045535946E-01
 0.62304543639508E-01
 0.63367441730792E-01
 0.64819941643949E-01
 0.65735962451411E-01
 0.66226267284477E-01
 0.67664053253099E-01
 0.69635249482612E-01
 0.70024202417898E-01
 0.71412092453157E-01
 0.73309166536647E-01
 0.73627312338102E-01
 0.74067111561105E-01
 0.75364004446341E-01
 0.77131674035277E-01
 0.78023950632298E-01
 0.78494017327981E-01
 0.79880299440118E-01
 0.81772268712502E-01
 0.82747094521731E-01
 0.83261398857512E-01
 0.84778950370199E-01
 0.86851202902786E-01
 0.87886490862166E-01
 0.88432451200516E-01
 0.90043633765975E-01
 0.92245794673246E-01
 0.93368360565106E-01
 0.93961220085841E-01
 0.95711173996350E-01
 0.98104206044481E-01
 0.99285779123988E-01
 0.99909157560373E-01
 0.10175059455029E+00
 0.10426720317772E+00
 0.10550550272969E+00
 0.10615747506260E+00
 0.10808474151261E+00
 0.11071807288685E+00
 0.11203651392545E+00
 0.11273032436465E+00
 0.11478322645336E+00
 0.11758577792967E+00
 0.11896333854750E+00
 0.11968679808518E+00
 0.12182752105495E+00
 0.12475280337596E+00
 0.12626155893605E+00
 0.12705583995438E+00
 0.12940573315500E+00
 0.13262079453946E+00
 0.13423316309774E+00
 0.13508228355919E+00
 0.13759529119484E+00
 0.14103485349952E+00
 0.14276235231672E+00
 0.14367226197288E+00
 0.14636593199084E+00
 0.15005356530631E+00
 0.15188264630807E+00
 0.15284543458439E+00
 0.15569689497119E+00
 0.15960003767096E+00
 0.16154157232273E+00
 0.16256290434224E+00
 0.16558913467608E+00
 0.16973159588638E+00
 0.17180667739992E+00
 0.17289815875435E+00
 0.17613323098219E+00
 0.18056241194633E+00
 0.18277331839944E+00
 0.18393600637853E+00
 0.18738288800581E+00
 0.19210364096982E+00
 0.19447140626479E+00
 0.19571682382702E+00
 0.19941042042109E+00
 0.20446852940168E+00
 0.20697027560385E+00
 0.20828483974609E+00
 0.21218459688489E+00
 0.21752581086063E+00
 0.22021615768102E+00
 0.22163062574365E+00
 0.22582700800571E+00
 0.23157798732756E+00
 0.23446431598484E+00
 0.23598231260872E+00
 0.24048705279809E+00
 0.24666132267798E+00
 0.24973500138999E+00
 0.25135094957976E+00
 0.25614710256234E+00
 0.26272263647179E+00
 0.26602410013915E+00
 0.26776041548360E+00
 0.27291481499905E+00
 0.27998299086803E+00
 0.28350627075867E+00
 0.28535883987214E+00
 0.29085921162189E+00
 0.29840311599621E+00
 0.30217890511704E+00
 0.30416445765931E+00
 0.31006079806420E+00
 0.31814889893061E+00
 0.32218772162630E+00
 0.32431142256241E+00
 0.33061879124526E+00
 0.33927201570893E+00
 0.34359275319823E+00
 0.34586467184776E+00
 0.35261291642268E+00
 0.36187307518883E+00
 0.36651528198327E+00
 0.36895691832060E+00
 0.37621002571194E+00
 0.38616453950056E+00
 0.39112508191021E+00
 0.39373374650401E+00
 0.40148357134776E+00
 0.41212157662887E+00
 0.41745387275075E+00
 0.42025892102798E+00
 0.42859250010732E+00
 0.44003447998209E+00
 0.44575156526703E+00
 0.44875934134668E+00
 0.45769576391440E+00
 0.46996652656491E+00
 0.47608898292798E+00
 0.47930987845880E+00
 0.48888013653229E+00
 0.50202198515548E+00
 0.50858962778564E+00
 0.51204503247061E+00
 0.52231223810266E+00
 0.53641266154631E+00
 0.54345529766175E+00
 0.54716093690486E+00
 0.55817153103295E+00
 0.57329477104919E+00
 0.58085795275126E+00
 0.58483827319828E+00
 0.59666465956231E+00
 0.61291058713990E+00
 0.62102963002953E+00
 0.62530317951235E+00
 0.63800029540206E+00
 0.65544413675171E+00
 0.66416279472051E+00
 0.66875277593074E+00
 0.68238914163218E+00
 0.70112551913203E+00
 0.71049370203796E+00
 0.71542674829085E+00
 0.73008106527877E+00
 0.75021851975842E+00
 0.76028782503381E+00
 0.76559140199680E+00
 0.78134469813223E+00
 0.80299507069723E+00
 0.81382278114803E+00
 0.81952744425797E+00
 0.83646997481506E+00
 0.85975753538180E+00
 0.87140193035541E+00
 0.87753864363605E+00
 0.89576169791885E+00
 0.92081234797665E+00
 0.93334281036686E+00
 0.93994873218445E+00
 0.95956178441212E+00
 0.98652686140114E+00
 0.10000167551323E+01
 0.10071311624457E+01
 0.10282498367569E+01
 0.10572892810758E+01
 0.10718225740175E+01
 0.10794906036572E+01
 0.11022477111381E+01
 0.11335453541053E+01
 0.11492103310566E+01
 0.11574793999967E+01
 0.11820143558623E+01
 0.12157631437504E+01
 0.12326586752225E+01
 0.12415820266114E+01
 0.12680512192004E+01
 0.13044679695695E+01
 0.13227046930867E+01
 0.13323420843710E+01
 0.13609209074602E+01
 0.14002490040130E+01
 0.14199480099501E+01
 0.14303649484980E+01
 0.14612454820287E+01
 0.15037517304005E+01
 0.15250380249602E+01
 0.15363021938853E+01
 0.15696826980620E+01
 0.16156425058374E+01
 0.16386738981839E+01
 0.16508712500316E+01
 0.16870033507601E+01
 0.17367670244624E+01
 0.17617023093853E+01
 0.17749191973344E+01
 0.18140553174809E+01
 0.18679747178102E+01
 0.18950390661848E+01
 0.19093991517722E+01
 0.19519004339778E+01
 0.20104817310420E+01
 0.20398596419347E+01
 0.20554641346121E+01
 0.21016257781052E+01
 0.21652807953622E+01
 0.21972617281386E+01
 0.22142703984972E+01
 0.22645579237576E+01
 0.23339415448462E+01
 0.23687526244215E+01
 0.23872910904284E+01
 0.24420700254107E+01
 0.25176937983092E+01
 0.25556760942771E+01
 0.25759336211407E+01
 0.26357541274924E+01
 0.27183942156770E+01
 0.27599407635016E+01
 0.27821371221934E+01
 0.28476371665680E+01
 0.29381958540401E+01
 0.29837157004256E+01
 0.30080805200342E+01
 0.30799258268938E+01
 0.31793456212236E+01
 0.32293496526152E+01
 0.32561708349922E+01
 0.33351949899623E+01
 0.34446609674190E+01
 0.34997482698298E+01
 0.35293656079746E+01
 0.36165510822937E+01
 0.37374644766068E+01
 0.37983498307930E+01
 0.38311710525530E+01
 0.39276950201442E+01
 0.40617409424538E+01
 0.41292847727826E+01
 0.41658038139053E+01
 0.42730901493081E+01
 0.44223149659286E+01
 0.44975575877046E+01
 0.45383757504356E+01
 0.46581550254853E+01
 0.48250564438876E+01
 0.49092709328876E+01
 0.49551294132560E+01
 0.50895311317375E+01
 0.52771970418996E+01
 0.53719739182029E+01
 0.54238061115258E+01
 0.55755068513497E+01
 0.57878390461959E+01
 0.58951861214830E+01
 0.59541810112142E+01
 0.61265831101264E+01
 0.63685707731282E+01
 0.64910795566080E+01
 0.65587872123276E+01
 0.67563157025821E+01
 0.70344920711012E+01
 0.71755905899215E+01
 0.72540852691266E+01
 0.74826452238706E+01
 0.78057986959749E+01
 0.79701797052120E+01
 0.80623396844857E+01
 0.83300977916670E+01
 0.87105007326864E+01
 0.89049181835319E+01
 0.90149545567049E+01
 0.93338086334990E+01
 0.97895594399059E+01
 0.10024513114014E+02
 0.10159110423968E+02
 0.10547837959169E+02
 0.11107968497305E+02
 0.11402232195682E+02
 0.11573684712853E+02
 0.12066520191662E+02
 0.12785240940189E+02
 0.13185352454008E+02
 0.13425510039549E+02
 0.14109700704480E+02
 0.15131241695499E+02
 0.15717339086529E+02
 0.16086838249747E+02
 0.17124963008914E+02
 0.18737679954147E+02
 0.19177755067116E+02
 0.20550943053422E+02
 0.20520827923830E+02
 0.20853428754290E+02
 0.21809343285334E+02
 0.23217582091739E+02
 0.23394285905750E+02
 0.23752031217878E+02
 0.24783697433808E+02
 0.26294032104811E+02
 0.26569002879096E+02
 0.26958793010444E+02
 0.28085663112079E+02
 0.29728338362679E+02
 0.30480306698981E+02
 0.30918654500747E+02
 0.32187979368115E+02
 0.34034265346724E+02
 0.34880933577277E+02
 0.35372386682785E+02
 0.36797608563556E+02
 0.38865592056691E+02
 0.39812526165226E+02
 0.40359480599184E+02
 0.41947910398704E+02
 0.44245465179427E+02
 0.45290146776504E+02
 0.45889661976755E+02
 0.47633349673018E+02
 0.50144183394978E+02
 0.50517814242245E+02
 0.51145607562139E+02
 0.52975023218784E+02
 0.55592168104896E+02
 0.55704772524783E+02
 0.56327352994092E+02
 0.58146527163485E+02
 0.60725329051094E+02
 0.62064443486662E+02
 0.62817535526520E+02
 0.65012755131485E+02
 0.68133322255453E+02
 0.69818719059684E+02
 0.70775577473750E+02
 0.73552619200480E+02
 0.77516634332351E+02
 0.79601368785125E+02
 0.80791077318412E+02
 0.84227928608077E+02
 0.89128915937030E+02
 0.91679948781684E+02
 0.93133556357093E+02
 0.97310895197088E+02
 0.10322733071982E+03
 0.10631117050587E+03
 0.10805204009195E+03
 0.11302743907517E+03
 0.11998390887080E+03
 0.12366522225089E+03
 0.12570728314438E+03
 0.13151434464009E+03
 0.13948911674545E+03
 0.14382746476550E+03
 0.14617477278138E+03
 0.15282543688996E+03
 0.16176411844516E+03
 0.16672875648908E+03
 0.16933280738733E+03
 0.17670307045922E+03
 0.18637047378686E+03
 0.19123166859050E+03
 0.19370253070006E+03
 0.20075737190985E+03
 0.20979084461518E+03
 0.21447518662225E+03
 0.21677265511817E+03
 0.22337668167181E+03
 0.23167146735890E+03
 0.23616248252729E+03
 0.23829540122404E+03
 0.24445327763184E+03
 0.25204147125519E+03
 0.25628784391123E+03
 0.25823827643418E+03
 0.26388865546296E+03
 0.27069533919103E+03
 0.27462836841709E+03
 0.27636105369293E+03
 0.28139704359208E+03
 0.28728005159835E+03
 0.29078816770108E+03
 0.29224267205121E+03
 0.29648723318341E+03
 0.30121969183900E+03
 0.30369623046433E+03
 0.30466673888142E+03
 0.30752116138576E+03
 0.31056674761948E+03
 0.31178916825337E+03
 0.31226471690563E+03
 0.31367296968837E+03
 0.31516951576809E+03
 0.31590409239501E+03
 0.31616435508310E+03
 0.31694079596808E+03
 0.31770547447156E+03
 0.31805332208563E+03
 0.31815508512894E+03
 0.31846448440772E+03
 0.31871267621135E+03
 0.31878786539340E+03
 0.31879570064263E+03
 0.31882330746765E+03
 0.31879683183617E+03
 0.31876470704809E+03
 0.31873909361350E+03
 0.31866483013757E+03
 0.31854999443387E+03
 0.31848763274774E+03
 0.31845606024070E+03
 0.31836250033169E+03
 0.31824179345609E+03
 0.31818224501289E+03
 0.31815548219511E+03
 0.31807542055310E+03
 0.31797885295423E+03
 0.31793315338737E+03
 0.31791390134810E+03
 0.31785590544913E+03
 0.31778868713624E+03
 0.31775768642062E+03
 0.31774520601758E+03
 0.31770737803832E+03
 0.31766477220464E+03
 0.31764549197038E+03
 0.31763800039410E+03
 0.31761516357723E+03
 0.31759001123042E+03
 0.31757880074575E+03
 0.31757456863151E+03
 0.31756159889843E+03
 0.31754756978181E+03
 0.31754139547360E+03
 0.31753911925651E+03
 0.31753210949561E+03
 0.31752463816257E+03
 0.31752138496184E+03
 0.31752020886659E+03
 0.31751657119858E+03
 0.31751274063875E+03
 0.31751108795131E+03
 0.31751050006430E+03
 0.31750867477381E+03
 0.31750677187195E+03
 0.31750595744219E+03
 0.31750567165187E+03
 0.31750478137046E+03
 0.31750386108991E+03
 0.31750347009047E+03
 0.31750333450248E+03
 0.31750291089043E+03
 0.31750247628837E+03
 0.31750229294726E+03
 0.31750223006466E+03
 0.31750203307983E+03
 0.31750183242593E+03
 0.31750174841286E+03
 0.31750171991795E+03
 0.31750163042317E+03
 0.31750153994340E+03
 0.31750150239292E+03
 0.31750148981778E+03
 0.31750145021151E+03
 0.31750141052265E+03
 0.31750139424031E+03
 0.31750138887647E+03
 0.31750137192396E+03
 0.31750135513678E+03
 0.31750134836520E+03
 0.31750134618800E+03
 0.31750133927254E+03
 0.31750133254856E+03
 0.31750132991133E+03
 0.31750132909837E+03
 0.31750132649376E+03
 0.31750132404445E+03
 0.31750132313626E+03
 0.31750132288122E+03
 0.31750132204772E+03
 0.31750132132550E+03
 0.31750132109830E+03
 0.31750132105484E+03
 0.31750132089819E+03
 0.31750132081661E+03
 0.31750132082988E+03
 0.31750132085537E+03
 0.31750132092308E+03
 0.31750132103974E+03
 0.31750132111819E+03
 0.31750132115781E+03
 0.31750132127469E+03
 0.31750132142284E+03
 0.31750132150324E+03
 0.31750132153852E+03
 0.31750132164475E+03
 0.31750132177068E+03
 0.31750132183474E+03
 0.31750132186140E+03
 0.31750132194232E+03
 0.31750132203555E+03
 0.31750132208157E+03
 0.31750132210019E+03
 0.31750132215700E+03
 0.31750132222144E+03
 0.31750132225272E+03
 0.31750132226517E+03
 0.31750132230326E+03
 0.31750132234607E+03
 0.31750132236663E+03
 0.31750132237473E+03
 0.31750132239955E+03
 0.31750132242728E+03
 0.31750132244051E+03
 0.31750132244568E+03
 0.31750132246156E+03
 0.31750132247922E+03
 0.31750132248761E+03
 0.31750132249087E+03
 0.31750132250090E+03
 0.31750132251202E+03
 0.31750132251728E+03
 0.31750132251932E+03
 0.31750132252560E+03
 0.31750132253254E+03
 0.31750132253582E+03
 0.31750132253709E+03
 0.31750132254099E+03
 0.31750132254530E+03
 0.31750132254733E+03
 0.31750132254811E+03
 0.31750132255053E+03
 0.31750132255319E+03
 0.31750132255445E+03
 0.31750132255493E+03
 0.31750132255642E+03
 0.31750132255806E+03
 0.31750132255883E+03
 0.31750132255913E+03
 0.31750132256004E+03
 0.31750132256105E+03
 0.31750132256153E+03
 0.31750132256171E+03
 0.31750132256227E+03
 0.31750132256289E+03
 0.31750132256318E+03
 0.31750132256329E+03
 0.31750132256364E+03
 0.31750132256401E+03
 0.31750132256419E+03
 0.31750132256426E+03
 0.31750132256447E+03
 0.31750132256470E+03
 0.31750132256481E+03
 0.31750132256485E+03
 0.31750132256498E+03
 0.31750132256513E+03
 0.31750132256519E+03
 0.31750132256522E+03
 0.31750132256530E+03
 0.31750132256538E+03
 0.31750132256542E+03
 0.31750132256544E+03
 0.31750132256549E+03
 0.31750132256554E+03
 0.31750132256556E+03
 0.31750132256557E+03
 0.31750132256560E+03
 0.31750132256564E+03
 0.31750132256565E+03
 0.31750132256566E+03
 0.31750132256567E+03
 0.31750132256569E+03
 0.31750132256570E+03
 0.31750132256571E+03
 0.31750132256572E+03
 0.31750132256573E+03
 0.31750132256574E+03
 0.31750132256574E+03
 0.31750132256574E+03
 0.31750132256575E+03
 0.31750132256575E+03
 0.31750132256576E+03
 0.31750132256576E+03
 0.31750132256576E+03
 0.31750132256577E+03
 0.31750132256577E+03
 0.31750132256577E+03
 0.31750132256577E+03
 0.31750132256577E+03
 0.31750132256577E+03
 0.31750132256578E+03
 0.31750132256578E+03
 0.31750132256578E+03
 0.31750132256578E+03
 0.31750132256578E+03
 0.31750132256578E+03
 0.31750132256578E+03
 0.31750132256578E+03
 0.31750132256578E+03
 0.31750132256578E+03
 0.31750132256578E+03
 0.31750132256578E+03
 0.31750132256578E+03
 0.31750132256578E+03
 0.31750132256578E+03
 0.31750132256578E+03
 0.31750132256578E+03
 0.31750132256578E+03
 0.31750132256578E+03
 0.31750132256578E+03
 0.31750132256578E+03
 0.31750132256578E+03
 0.31750132256578E+03
 0.31750132256578E+03
 0.31750132256578E+03
 0.31750132256578E+03
 0.31750132256578E+03
 0.31750132256578E+03
 0.31750132256578E+03
 0.31750132256578E+03
 0.31750132256578E+03
 0.31750132256578E+03
 0.31750132256578E+03
 0.31750132256579E+03
 0.31750132256579E+03
 0.31750132256579E+03
 0.31750132256579E+03
 0.31750132256579E+03
 0.31750132256579E+03
 0.31750132256579E+03
 0.31750132256579E+03
 0.31750132256579E+03
 0.31750132256579E+03
 0.31750132256579E+03
 0.31750132256579E+03
 0.31750132256579E+03
 0.31750132256579E+03
 0.31750132256579E+03
 0.31750132256579E+03
 0.31750132256579E+03
 0.31750132256579E+03
 0.31750132256579E+03
 0.31750132256579E+03
 0.31750132256579E+03
