 0.10000000000000E+01
 0.10000054988780E+01
 0.10000118960210E+01
 0.10000273290060E+01
 0.10000729360164E+01
 0.10000683448246E+01
 0.10000731274355E+01
 0.10000741749855E+01
 0.10000789306311E+01
 0.10000812098920E+01
 0.10000823840435E+01
 0.10000859064213E+01
 0.10000907103307E+01
 0.10000934773196E+01
 0.10000949056782E+01
 0.10000991894589E+01
 0.10001050448356E+01
 0.10001080059562E+01
 0.10001095327702E+01
 0.10001141109141E+01
 0.10001203553324E+01
 0.10001236901368E+01
 0.10001254071625E+01
 0.10001305557113E+01
 0.10001375898083E+01
 0.10001412617928E+01
 0.10001431562784E+01
 0.10001488383706E+01
 0.10001565844045E+01
 0.10001684703712E+01
 0.10001749102210E+01
 0.10001941936566E+01
 0.10002214656717E+01
 0.10002258765790E+01
 0.10002360233220E+01
 0.10002413445081E+01
 0.10002572972261E+01
 0.10002794818628E+01
 0.10002847098046E+01
 0.10002911429505E+01
 0.10002944458308E+01
 0.10003043527031E+01
 0.10003178177594E+01
 0.10003257583517E+01
 0.10003298401710E+01
 0.10003420829396E+01
 0.10003587576641E+01
 0.10003669922950E+01
 0.10003712178313E+01
 0.10003838921147E+01
 0.10004011233592E+01
 0.10004100399455E+01
 0.10004146099989E+01
 0.10004283150496E+01
 0.10004469493489E+01
 0.10004580702756E+01
 0.10004637903795E+01
 0.10004809469521E+01
 0.10005043349271E+01
 0.10005164986366E+01
 0.10005227555270E+01
 0.10005415223727E+01
 0.10005670642382E+01
 0.10005806703660E+01
 0.10005876596171E+01
 0.10006086230744E+01
 0.10006371563249E+01
 0.10006535689534E+01
 0.10006620167654E+01
 0.10006873657948E+01
 0.10007218815374E+01
 0.10007410004780E+01
 0.10007508353729E+01
 0.10007803327773E+01
 0.10008206028812E+01
 0.10008403336332E+01
 0.10008504869419E+01
 0.10008809406198E+01
 0.10009223932223E+01
 0.10009419987789E+01
 0.10009520374575E+01
 0.10009821486745E+01
 0.10010230373564E+01
 0.10010487456228E+01
 0.10010619681574E+01
 0.10011016180173E+01
 0.10011556185040E+01
 0.10011826232624E+01
 0.10011964779227E+01
 0.10012380079367E+01
 0.10012945944745E+01
 0.10013281412700E+01
 0.10013454411731E+01
 0.10013973285169E+01
 0.10014680730858E+01
 0.10015053311556E+01
 0.10015245003019E+01
 0.10015820075657E+01
 0.10016602618208E+01
 0.10016673592920E+01
 0.10016843884870E+01
 0.10017354778115E+01
 0.10018047770837E+01
 0.10018506974557E+01
 0.10018743124833E+01
 0.10019451413805E+01
 0.10020417639751E+01
 0.10020994069468E+01
 0.10021291978719E+01
 0.10022185677917E+01
 0.10023403328391E+01
 0.10023474455150E+01
 0.10024253939291E+01
 0.10025313489151E+01
 0.10027061289833E+01
 0.10028003951444E+01
 0.10030827357256E+01
 0.10034807450151E+01
 0.10036016416880E+01
 0.10036756012373E+01
 0.10037134036810E+01
 0.10038267941322E+01
 0.10039808148027E+01
 0.10040589549906E+01
 0.10040989589431E+01
 0.10042189334099E+01
 0.10043817179084E+01
 0.10044642807453E+01
 0.10045064708034E+01
 0.10046330250557E+01
 0.10048046745440E+01
 0.10048417150869E+01
 0.10048834524498E+01
 0.10050086321130E+01
 0.10051780144104E+01
 0.10052621977271E+01
 0.10053050482775E+01
 0.10054335877976E+01
 0.10056074277017E+01
 0.10059326867867E+01
 0.10061061337953E+01
 0.10066256124517E+01
 0.10073572748996E+01
 0.10074593624849E+01
 0.10075494422677E+01
 0.10078197418858E+01
 0.10081870365783E+01
 0.10083576435912E+01
 0.10084447211366E+01
 0.10087059620116E+01
 0.10090607741769E+01
 0.10092239534145E+01
 0.10093073331134E+01
 0.10095573628263E+01
 0.10098965483795E+01
 0.10100780997804E+01
 0.10101709995533E+01
 0.10104495740484E+01
 0.10108276114676E+01
 0.10110115280605E+01
 0.10111055304514E+01
 0.10113875512447E+01
 0.10117688431343E+01
 0.10119695687544E+01
 0.10120717665862E+01
 0.10123783282084E+01
 0.10127929730913E+01
 0.10130349258047E+01
 0.10131584328166E+01
 0.10135289688380E+01
 0.10140307016056E+01
 0.10142823220290E+01
 0.10144105046797E+01
 0.10147951307160E+01
 0.10153153391970E+01
 0.10156107598289E+01
 0.10157615058866E+01
 0.10162136068365E+01
 0.10168269406801E+01
 0.10171594354491E+01
 0.10173295446691E+01
 0.10178399799168E+01
 0.10185308195820E+01
 0.10188929928111E+01
 0.10190775773187E+01
 0.10196310639226E+01
 0.10203824607366E+01
 0.10207409307450E+01
 0.10209240005831E+01
 0.10214733203227E+01
 0.10222161000089E+01
 0.10228726533697E+01
 0.10232117128756E+01
 0.10242290988095E+01
 0.10256163752311E+01
 0.10263140116104E+01
 0.10266721958875E+01
 0.10277464620368E+01
 0.10292163515949E+01
 0.10299384765136E+01
 0.10310938606706E+01
 0.10316440754453E+01
 0.10319259601951E+01
 0.10327716482432E+01
 0.10339151889055E+01
 0.10345762160986E+01
 0.10349134474947E+01
 0.10359251752065E+01
 0.10372968904543E+01
 0.10379551097560E+01
 0.10382908189944E+01
 0.10392976749553E+01
 0.10406635681230E+01
 0.10413367190403E+01
 0.10416807090121E+01
 0.10427128752425E+01
 0.10441084860771E+01
 0.10449044143831E+01
 0.10453104674697E+01
 0.10465284778384E+01
 0.10481776598761E+01
 0.10491322052992E+01
 0.10496200916858E+01
 0.10510840424813E+01
 0.10530675205212E+01
 0.10540884133210E+01
 0.10546093655168E+01
 0.10561714775754E+01
 0.10582920415901E+01
 0.10593293781121E+01
 0.10598594018806E+01
 0.10614495291398E+01
 0.10636013951349E+01
 0.10648779842645E+01
 0.10655304376521E+01
 0.10674871546078E+01
 0.10701483089738E+01
 0.10713952987467E+01
 0.10720340006159E+01
 0.10739495751560E+01
 0.10765473271788E+01
 0.10782310277855E+01
 0.10790955651556E+01
 0.10816896870815E+01
 0.10852138411924E+01
 0.10876588614147E+01
 0.10889215342342E+01
 0.10927092879976E+01
 0.10978875261224E+01
 0.11005460197635E+01
 0.11019171629124E+01
 0.11060294210977E+01
 0.11116472409268E+01
 0.11125270544719E+01
 0.11137631739344E+01
 0.11174708365405E+01
 0.11225048555062E+01
 0.11231278463409E+01
 0.11242857691269E+01
 0.11277590594313E+01
 0.11324693057347E+01
 0.11349151321496E+01
 0.11361649499838E+01
 0.11399139093038E+01
 0.11449931096304E+01
 0.11475519911059E+01
 0.11488568546502E+01
 0.11527703814309E+01
 0.11580710550501E+01
 0.11610486588266E+01
 0.11625701986720E+01
 0.11671334611682E+01
 0.11733209717787E+01
 0.11762974448133E+01
 0.11778153617993E+01
 0.11823672672003E+01
 0.11885403222665E+01
 0.11919041692585E+01
 0.11936253516093E+01
 0.11987874968231E+01
 0.12057862011226E+01
 0.12094050244706E+01
 0.12112537249200E+01
 0.12167983709612E+01
 0.12243187814728E+01
 0.12292290078336E+01
 0.12317512730424E+01
 0.12393182064250E+01
 0.12496068933652E+01
 0.12558840592634E+01
 0.12591162503052E+01
 0.12688107729356E+01
 0.12820500555146E+01
 0.12837297710809E+01
 0.12869353994873E+01
 0.12965489436728E+01
 0.13096405688486E+01
 0.13167109537548E+01
 0.13203460979322E+01
 0.13312499228787E+01
 0.13460844573849E+01
 0.13489554086707E+01
 0.13528997122173E+01
 0.13647288814926E+01
 0.13808638890431E+01
 0.13883711800479E+01
 0.13922294757918E+01
 0.14038014403395E+01
 0.14195010116431E+01
 0.14274250048291E+01
 0.14314721701605E+01
 0.14436071593990E+01
 0.14601141474109E+01
 0.14691366600191E+01
 0.14737720245613E+01
 0.14876751349974E+01
 0.15065740977939E+01
 0.15181652799003E+01
 0.15241310938231E+01
 0.15420311023261E+01
 0.15663990787459E+01
 0.15839376585338E+01
 0.15930374534861E+01
 0.16203291490281E+01
 0.16578774412941E+01
 0.16646479768996E+01
 0.16948431594872E+01
 0.17097228503303E+01
 0.17327877244329E+01
 0.17470062397394E+01
 0.17542788808472E+01
 0.17761049686173E+01
 0.18056966530521E+01
 0.18252786611745E+01
 0.18353488731127E+01
 0.18655694566847E+01
 0.19067645976650E+01
 0.19303677998851E+01
 0.19425441724103E+01
 0.19790966109203E+01
 0.20289285812510E+01
 0.20567707606802E+01
 0.20711260856589E+01
 0.21142102271044E+01
 0.21731283940817E+01
 0.22073432171994E+01
 0.22250780754968E+01
 0.22783319655691E+01
 0.23512046935472E+01
 0.23531305480431E+01
 0.23681166018182E+01
 0.24130857241064E+01
 0.24743592903145E+01
 0.25064924022633E+01
 0.25230247403152E+01
 0.25726276654428E+01
 0.26402103889328E+01
 0.26889091014644E+01
 0.27141975252432E+01
 0.27901391835470E+01
 0.28940161330967E+01
 0.29022906870136E+01
 0.29375636873115E+01
 0.30435512438950E+01
 0.31895158538233E+01
 0.32631528534171E+01
 0.33014485227459E+01
 0.34165145376622E+01
 0.35744897890055E+01
 0.36057093627437E+01
 0.37161560248953E+01
 0.37677343270225E+01
 0.37942183395893E+01
 0.38737059117484E+01
 0.39817681112799E+01
 0.40366955620876E+01
 0.40648549002691E+01
 0.41493767142632E+01
 0.42641389673183E+01
 0.43400059923646E+01
 0.43791005543178E+01
 0.44964752771846E+01
 0.46566443893201E+01
 0.47383641352164E+01
 0.47804573495540E+01
 0.49068135023286E+01
 0.50790759371731E+01
 0.51695586713026E+01
 0.52161308696709E+01
 0.53559598077012E+01
 0.55465011377126E+01
 0.56731698041561E+01
 0.57388500070090E+01
 0.59361565683776E+01
 0.62062910686826E+01
 0.63827380956931E+01
 0.64748678326247E+01
 0.67519388296608E+01
 0.71329310803004E+01
 0.73906703971124E+01
 0.75265536716862E+01
 0.79355406323339E+01
 0.85022142634482E+01
 0.87171597037221E+01
 0.91450448413850E+01
 0.92383588845750E+01
 0.93842931052427E+01
 0.98232480154853E+01
 0.10429641552028E+02
 0.10617006038964E+02
 0.11077539347288E+02
 0.11331900117399E+02
 0.11463575361404E+02
 0.11859216191296E+02
 0.12400494234883E+02
 0.12759195306007E+02
 0.12946477291402E+02
 0.13509699001229E+02
 0.14284213370284E+02
 0.14317879313157E+02
 0.14773300338523E+02
 0.15395011427089E+02
 0.15790103425661E+02
 0.15995330792970E+02
 0.16612230355965E+02
 0.17458688532409E+02
 0.17992003325151E+02
 0.18271118630089E+02
 0.19110801135842E+02
 0.20268312718644E+02
 0.20821949741298E+02
 0.21109590025784E+02
 0.21974535656096E+02
 0.23163140173247E+02
 0.23932009609731E+02
 0.24336018427420E+02
 0.25551982369631E+02
 0.27234064220124E+02
 0.28379930125352E+02
 0.28990338685650E+02
 0.30830910840056E+02
 0.33402588421576E+02
 0.34434999915307E+02
 0.36531112289253E+02
 0.37654754495600E+02
 0.38243517527065E+02
 0.40015183729555E+02
 0.42463848928865E+02
 0.43704626574756E+02
 0.44353473181676E+02
 0.46305447455866E+02
 0.49000020613630E+02
 0.50624815277060E+02
 0.51481095092267E+02
 0.54059293506666E+02
 0.57634951823427E+02
 0.59339423382533E+02
 0.60231349597534E+02
 0.62914877458280E+02
 0.66624517853517E+02
 0.69299666689061E+02
 0.70728702940462E+02
 0.75038690937319E+02
 0.81070382545960E+02
 0.82080809742603E+02
 0.86564350448881E+02
 0.89002768559932E+02
 0.90280913521569E+02
 0.94125897409478E+02
 0.99441298972254E+02
 0.10331241734778E+03
 0.10538187413060E+03
 0.11162201573868E+03
 0.12036580201187E+03
 0.12168337215815E+03
 0.12784362769478E+03
 0.13166754100709E+03
 0.13368291109990E+03
 0.13974826166473E+03
 0.14816436192597E+03
 0.15250314281984E+03
 0.15478536967456E+03
 0.16165329561953E+03
 0.17118036763062E+03
 0.17661332233338E+03
 0.17948717968120E+03
 0.18814049564616E+03
 0.20019045802924E+03
 0.20152245156439E+03
 0.20933369258570E+03
 0.22012911089464E+03
 0.22719581189535E+03
 0.23094522522664E+03
 0.24223659801673E+03
 0.25798388070986E+03
 0.26122381484770E+03
 0.27274619802878E+03
 0.28875836957601E+03
 0.29157001100945E+03
 0.29535370731843E+03
 0.30673324323342E+03
 0.32247662847822E+03
 0.33065214207637E+03
 0.33493938297710E+03
 0.34783371999741E+03
 0.36567799610731E+03
 0.37514925404214E+03
 0.38012359523872E+03
 0.39508610317406E+03
 0.41581715593640E+03
 0.42648321991601E+03
 0.43208406149261E+03
 0.44893085237101E+03
 0.47227192385014E+03
 0.48453777779708E+03
 0.49098583226528E+03
 0.51038280246729E+03
 0.53727895931295E+03
 0.55096571331693E+03
 0.55815536861844E+03
 0.57978160550463E+03
 0.60975840372474E+03
 0.62492771757491E+03
 0.63289060431463E+03
 0.65684036030572E+03
 0.69002058960362E+03
 0.70708831493746E+03
 0.71605010872434E+03
 0.74300386107134E+03
 0.78035241634657E+03
 0.79916902967787E+03
 0.80904061754944E+03
 0.83872802560436E+03
 0.87983631776537E+03
 0.90159641077636E+03
 0.91303260429503E+03
 0.94743063881380E+03
 0.99511847722547E+03
 0.10196881312654E+04
 0.10326012237595E+04
 0.10714419023094E+04
 0.11253009359104E+04
 0.11530854149895E+04
 0.11676933510026E+04
 0.12116330038081E+04
 0.12725800966809E+04
 0.13036120423819E+04
 0.13199215889767E+04
 0.13689778246833E+04
 0.14370093982941E+04
 0.14717158531084E+04
 0.14899547931510E+04
 0.15448128938832E+04
 0.16208849946640E+04
 0.16599434335017E+04
 0.16804751120481E+04
 0.17422298625937E+04
 0.18278815734978E+04
 0.18716833945804E+04
 0.18947090138895E+04
 0.19639649076650E+04
 0.20600242687793E+04
 0.21093818293076E+04
 0.21353362209913E+04
 0.22134026325851E+04
 0.23217114018913E+04
 0.23765336092058E+04
 0.24053477408677E+04
 0.24920114807098E+04
 0.26122103500855E+04
 0.26741650333340E+04
 0.27067480303145E+04
 0.28047516799904E+04
 0.29407318103002E+04
 0.30105877484488E+04
 0.30473372636294E+04
 0.31578758450188E+04
 0.33112938267275E+04
 0.33894349263689E+04
 0.34305388508244E+04
 0.35541733629643E+04
 0.37257597704426E+04
 0.38139073739201E+04
 0.38602946950172E+04
 0.39998247794623E+04
 0.41935328362653E+04
 0.42923021245870E+04
 0.43442776596422E+04
 0.45006157324404E+04
 0.47176622994518E+04
 0.48287741832975E+04
 0.48872593896847E+04
 0.50631801311451E+04
 0.53074606852841E+04
 0.54321984799410E+04
 0.54978622572379E+04
 0.56953761953173E+04
 0.59696649400692E+04
 0.61097003798091E+04
 0.61834243809694E+04
 0.64051834429395E+04
 0.67131671510650E+04
 0.68710436462541E+04
 0.69541877325438E+04
 0.72042874804556E+04
 0.75517180982165E+04
 0.77287276266809E+04
 0.78219441471801E+04
 0.81023396154121E+04
 0.84918551440864E+04
 0.86914922849263E+04
 0.87966598316263E+04
 0.91130106199587E+04
 0.95525777490753E+04
 0.97771689886922E+04
 0.98954950778734E+04
 0.10251429350217E+05
 0.10746050902352E+05
 0.10998391000092E+05
 0.11131342442008E+05
 0.11531269012537E+05
 0.12087048699382E+05
 0.12371032642089E+05
 0.12520677271473E+05
 0.12970819764814E+05
 0.13596445194293E+05
 0.13915943038196E+05
 0.14084315391816E+05
 0.14590792364905E+05
 0.15294758426565E+05
 0.15654763119231E+05
 0.15844510760100E+05
 0.16415289585292E+05
 0.17208717405705E+05
 0.17614239169346E+05
 0.17827997446411E+05
 0.18471003411292E+05
 0.19364898516388E+05
 0.19821869208704E+05
 0.20062769940702E+05
 0.20787423771185E+05
 0.21794891976945E+05
 0.22310194426124E+05
 0.22581873869779E+05
 0.23399114721219E+05
 0.24535386723124E+05
 0.25116707486257E+05
 0.25423221483527E+05
 0.26345249545944E+05
 0.27627296461865E+05
 0.28283447440634E+05
 0.28629447858422E+05
 0.29670256375507E+05
 0.31117550320019E+05
 0.31858293160162E+05
 0.32248925060176E+05
 0.33423988626280E+05
 0.35058035960383E+05
 0.35894851393337E+05
 0.36336178234054E+05
 0.37663736903019E+05
 0.39509920601844E+05
 0.40455742995885E+05
 0.40954588514454E+05
 0.42455167694243E+05
 0.44542033223977E+05
 0.45611882151887E+05
 0.46176178453592E+05
 0.47873639496392E+05
 0.50234393073056E+05
 0.51445146541430E+05
 0.52083796343441E+05
 0.54004917559001E+05
 0.56676794581146E+05
 0.58047866310378E+05
 0.58771114529153E+05
 0.60946712216246E+05
 0.63972570267769E+05
 0.65526314645878E+05
 0.66345960369755E+05
 0.68811526377945E+05
 0.72240732811696E+05
 0.74002656918549E+05
 0.74932157940496E+05
 0.77728172014367E+05
 0.81617014957094E+05
 0.83615498259834E+05
 0.84669786601582E+05
 0.87841242041099E+05
 0.92251958066991E+05
 0.94521346864623E+05
 0.95718539806530E+05
 0.99319752437214E+05
 0.10432840750671E+06
 0.10690614304141E+06
 0.10826606152990E+06
 0.11235677012192E+06
 0.11804597308488E+06
 0.12098054506455E+06
 0.12252880281992E+06
 0.12718602296352E+06
 0.13366338501734E+06
 0.13700327657322E+06
 0.13876538418648E+06
 0.14406587064280E+06
 0.15143755840672E+06
 0.15524780161770E+06
 0.15725818135899E+06
 0.16330545731395E+06
 0.17171607867008E+06
 0.17606001200202E+06
 0.17835192405307E+06
 0.18524600337258E+06
 0.19483385394922E+06
 0.19979411767274E+06
 0.20241122611771E+06
 0.21028348199235E+06
 0.22123122928796E+06
 0.22690448860712E+06
 0.22989782235658E+06
 0.23890173486093E+06
 0.25142302662861E+06
 0.25791540158898E+06
 0.26134084568310E+06
 0.27164449017266E+06
 0.28597250530313E+06
 0.29341176127247E+06
 0.29733671587343E+06
 0.30914283598144E+06
 0.32555919970244E+06
 0.33409434331778E+06
 0.33859736726686E+06
 0.35214223802004E+06
 0.37097514398228E+06
 0.38078099163387E+06
 0.38595426890671E+06
 0.40151516713469E+06
 0.42314967690090E+06
 0.43443197071758E+06
 0.44038397986151E+06
 0.45828720240572E+06
 0.48317636824040E+06
 0.49617699266737E+06
 0.50303522531247E+06
 0.52366424544481E+06
 0.55234039107932E+06
 0.56734463293027E+06
 0.57525943643603E+06
 0.59906647902917E+06
 0.63215716266329E+06
 0.64950516005347E+06
 0.65865582026219E+06
 0.68618016652352E+06
 0.72443376444746E+06
 0.74453224540735E+06
 0.75513316039520E+06
 0.78701972122366E+06
 0.83133110276681E+06
 0.85467269728008E+06
 0.86698367502454E+06
 0.90401399733918E+06
 0.95546782456951E+06
 0.98265912758363E+06
 0.99700039112342E+06
 0.10401378624670E+07
 0.11000718063271E+07
 0.11318811841287E+07
 0.11486591275626E+07
 0.11991266098736E+07
 0.12692405013401E+07
 0.13066907725730E+07
 0.13264483122054E+07
 0.13858800299026E+07
 0.14684505601222E+07
 0.15130276497990E+07
 0.15365585259075E+07
 0.16073451331749E+07
 0.17057161221231E+07
 0.17599798265208E+07
 0.17886665510503E+07
 0.18749763912163E+07
 0.19950182349010E+07
 0.20654856585673E+07
 0.21029184083547E+07
 0.22155978449392E+07
 0.23727658049658E+07
 0.24688409128368E+07
 0.25202064953641E+07
 0.26749415266165E+07
 0.28916037122916E+07
 0.29566288671675E+07
 0.31299879512755E+07
 0.31309736023784E+07
 0.31700158472152E+07
 0.32873055918800E+07
 0.34484046727821E+07
 0.34722916319311E+07
 0.35098923778914E+07
 0.36228028468863E+07
 0.37772128612498E+07
 0.38082985247295E+07
 0.38446609933325E+07
 0.39538187313238E+07
 0.41025696864389E+07
 0.41718371614733E+07
 0.42073328794191E+07
 0.43138604045695E+07
 0.44585775763087E+07
 0.45257116705153E+07
 0.45599900965249E+07
 0.46628396344084E+07
 0.48021559788666E+07
 0.48663869729425E+07
 0.48990700901274E+07
 0.49971109334052E+07
 0.51295445519090E+07
 0.51899412245468E+07
 0.52205693469008E+07
 0.53124264803969E+07
 0.54361674289431E+07
 0.54561826005232E+07
 0.54842119588014E+07
 0.55682627432976E+07
 0.56812074328824E+07
 0.56876619984117E+07
 0.57123213840324E+07
 0.57862617604281E+07
 0.58853875643756E+07
 0.59367370365533E+07
 0.59625667871232E+07
 0.60399935176401E+07
 0.61436183771617E+07
 0.61995052768027E+07
 0.62275426912961E+07
 0.63115422135524E+07
 0.64236964131028E+07
 0.64827339778248E+07
 0.65122278669692E+07
 0.66005269723246E+07
 0.67179777834850E+07
 0.67794581049832E+07
 0.68099788343105E+07
 0.69012703762776E+07
 0.70220389327952E+07
 0.70858168468210E+07
 0.71171871977150E+07
 0.72109329185224E+07
 0.73339998518723E+07
 0.74005944179831E+07
 0.74329112529781E+07
 0.75294189621018E+07
 0.76547558503958E+07
 0.77250829268344E+07
 0.77585368140820E+07
 0.78584388813539E+07
 0.79861932536702E+07
 0.80597934114630E+07
 0.80938140067632E+07
 0.81955564987230E+07
 0.83227966532798E+07
 0.83892054991620E+07
 0.84191230257893E+07
 0.85089276962910E+07
 0.86187642393761E+07
 0.86773213120388E+07
 0.87027686856677E+07
 0.87794875993788E+07
 0.88707745994304E+07
 0.89211739130962E+07
 0.89419534919196E+07
 0.90049872237801E+07
 0.90768233070873E+07
 0.91173939758312E+07
 0.91326220823812E+07
 0.91793554356621E+07
 0.92281967605637E+07
 0.92559187794310E+07
 0.92640157822814E+07
 0.92897916653738E+07
 0.93095243466259E+07
 0.93192666034822E+07
 0.93177166766522E+07
 0.93151361876629E+07
 0.92967346311078E+07
 0.92830015253443E+07
 0.92712941180495E+07
 0.92380040695115E+07
 0.91841070163317E+07
 0.91575233432859E+07
 0.91425880515471E+07
 0.90985263258220E+07
 0.90375436793160E+07
 0.90020241314772E+07
 0.89840877703326E+07
 0.89308445920561E+07
 0.88613339730455E+07
 0.88220529138027E+07
 0.88035900876976E+07
 0.87485345344778E+07
 0.86799095912889E+07
 0.86469757561871E+07
 0.86322196072004E+07
 0.85879917682162E+07
 0.85343021106981E+07
 0.85089292507965E+07
 0.84978848723854E+07
 0.84646644605925E+07
 0.84250067889148E+07
 0.84064319628800E+07
 0.83984976587795E+07
 0.83745681192581E+07
 0.83463120003138E+07
 0.83331595577991E+07
 0.83276091057807E+07
 0.83108362775286E+07
 0.82911684236841E+07
 0.82820502138222E+07
 0.82782313893220E+07
 0.82666760214992E+07
 0.82531867516252E+07
 0.82469485818874E+07
 0.82443491635517E+07
 0.82364769876923E+07
 0.82273171199661E+07
 0.82230884620367E+07
 0.82213336464945E+07
 0.82160163052853E+07
 0.82098471007294E+07
 0.82070035157644E+07
 0.82058283085580E+07
 0.82022655654231E+07
 0.81981443242798E+07
 0.81962478534306E+07
 0.81954674711589E+07
 0.81931004915895E+07
 0.81903709055886E+07
 0.81891170738917E+07
 0.81886034223481E+07
 0.81870446098522E+07
 0.81852524909985E+07
 0.81844307825416E+07
 0.81840955955408E+07
 0.81830777988855E+07
 0.81819110152937E+07
 0.81813769619299E+07
 0.81811599603735E+07
 0.81805006668328E+07
 0.81797467884032E+07
 0.81794022711629E+07
 0.81792627569259E+07
 0.81788386684346E+07
 0.81783547963223E+07
 0.81781339728462E+07
 0.81780448038143E+07
 0.81777736308907E+07
 0.81774647942229E+07
 0.81773240143899E+07
 0.81772673008026E+07
 0.81770947631110E+07
 0.81768985552149E+07
 0.81768092021254E+07
 0.81767732750107E+07
 0.81766639409009E+07
 0.81765397589424E+07
 0.81764832514744E+07
 0.81764605663733E+07
 0.81763915128468E+07
 0.81763131595234E+07
 0.81762775292714E+07
 0.81762632435834E+07
 0.81762197487636E+07
 0.81761704363642E+07
 0.81761480244172E+07
 0.81761390479020E+07
 0.81761117129215E+07
 0.81760807426058E+07
 0.81760666734335E+07
 0.81760610432949E+07
 0.81760438961589E+07
 0.81760244795189E+07
 0.81760156624261E+07
 0.81760121366300E+07
 0.81760013972064E+07
 0.81759892421913E+07
 0.81759837245002E+07
 0.81759815194643E+07
 0.81759748023488E+07
 0.81759672029820E+07
 0.81759637543525E+07
 0.81759623769330E+07
 0.81759581805930E+07
 0.81759534348200E+07
 0.81759512818155E+07
 0.81759504222957E+07
 0.81759478035548E+07
 0.81759448428898E+07
 0.81759435000958E+07
 0.81759429642560E+07
 0.81759413315804E+07
 0.81759394862593E+07
 0.81759386495197E+07
 0.81759383157492E+07
 0.81759372987088E+07
 0.81759361495062E+07
 0.81759356285243E+07
 0.81759354207815E+07
 0.81759347877298E+07
 0.81759340725874E+07
 0.81759337484480E+07
 0.81759336192392E+07
 0.81759332254841E+07
 0.81759327807691E+07
 0.81759325792394E+07
 0.81759324989303E+07
 0.81759322541823E+07
 0.81759319778175E+07
 0.81759318526009E+07
 0.81759318027168E+07
 0.81759316506851E+07
 0.81759314790479E+07
 0.81759314012951E+07
 0.81759313703283E+07
 0.81759312759468E+07
 0.81759311694144E+07
 0.81759311211624E+07
 0.81759311019499E+07
 0.81759310433915E+07
 0.81759309773060E+07
 0.81759309473785E+07
 0.81759309354652E+07
 0.81759308991529E+07
 0.81759308581800E+07
 0.81759308396277E+07
 0.81759308322444E+07
 0.81759308097387E+07
 0.81759307843487E+07
 0.81759307728539E+07
 0.81759307682803E+07
 0.81759307543387E+07
 0.81759307386128E+07
 0.81759307314942E+07
 0.81759307286624E+07
 0.81759307200301E+07
 0.81759307102945E+07
 0.81759307058881E+07
 0.81759307041355E+07
 0.81759306987931E+07
 0.81759306927686E+07
 0.81759306900423E+07
 0.81759306889581E+07
 0.81759306856532E+07
 0.81759306819268E+07
 0.81759306802407E+07
 0.81759306795703E+07
 0.81759306775266E+07
 0.81759306752227E+07
 0.81759306741803E+07
 0.81759306737659E+07
 0.81759306725027E+07
 0.81759306710788E+07
 0.81759306704346E+07
 0.81759306701786E+07
 0.81759306693980E+07
 0.81759306685183E+07
 0.81759306681204E+07
 0.81759306679623E+07
 0.81759306674802E+07
 0.81759306669368E+07
 0.81759306666911E+07
 0.81759306665935E+07
 0.81759306662958E+07
 0.81759306659604E+07
 0.81759306658087E+07
 0.81759306657484E+07
 0.81759306655647E+07
 0.81759306653577E+07
 0.81759306652641E+07
 0.81759306652269E+07
 0.81759306651135E+07
 0.81759306649858E+07
 0.81759306649280E+07
 0.81759306649051E+07
 0.81759306648352E+07
 0.81759306647564E+07
 0.81759306647208E+07
 0.81759306647066E+07
 0.81759306646635E+07
 0.81759306646149E+07
 0.81759306645930E+07
 0.81759306645842E+07
 0.81759306645576E+07
 0.81759306645277E+07
 0.81759306645142E+07
 0.81759306645088E+07
 0.81759306644924E+07
 0.81759306644739E+07
 0.81759306644656E+07
 0.81759306644623E+07
 0.81759306644522E+07
 0.81759306644408E+07
 0.81759306644357E+07
 0.81759306644336E+07
 0.81759306644274E+07
 0.81759306644204E+07
 0.81759306644173E+07
 0.81759306644160E+07
 0.81759306644122E+07
 0.81759306644079E+07
 0.81759306644059E+07
 0.81759306644051E+07
 0.81759306644028E+07
 0.81759306644001E+07
 0.81759306643989E+07
 0.81759306643984E+07
 0.81759306643970E+07
 0.81759306643953E+07
 0.81759306643946E+07
 0.81759306643943E+07
 0.81759306643934E+07
 0.81759306643924E+07
 0.81759306643920E+07
 0.81759306643918E+07
 0.81759306643912E+07
 0.81759306643906E+07
 0.81759306643903E+07
 0.81759306643902E+07
 0.81759306643899E+07
 0.81759306643895E+07
 0.81759306643893E+07
 0.81759306643893E+07
 0.81759306643890E+07
 0.81759306643888E+07
 0.81759306643887E+07
 0.81759306643887E+07
 0.81759306643885E+07
 0.81759306643884E+07
 0.81759306643883E+07
 0.81759306643883E+07
 0.81759306643882E+07
 0.81759306643881E+07
 0.81759306643881E+07
 0.81759306643881E+07
 0.81759306643881E+07
 0.81759306643880E+07
