 0.17046902656543E+12
 0.53523520582026E+08
-0.16012509628183E+09
-0.26238039503796E+09
-0.35515309760992E+09
-0.44747648239698E+09
-0.54152161581615E+09
-0.63834561641613E+09
-0.73878355587730E+09
-0.84367073852405E+09
-0.95393104522347E+09
-0.10706378544836E+10
-0.11950790898503E+10
-0.13288438533015E+10
-0.14739505690357E+10
-0.16330503580713E+10
-0.18097731080381E+10
-0.20093684318010E+10
-0.22400362272863E+10
-0.25161923603467E+10
-0.28690757722577E+10
-0.34128163738167E+10
-0.10090311110555E+11
-0.30022718977177E+11
-0.58386723501356E+11
-0.94045825901741E+11
-0.13676114307441E+12
-0.18660159180086E+12
-0.24393487304165E+12
-0.30920769574112E+12
-0.38291174158840E+12
-0.46564781054856E+12
-0.55804718305797E+12
-0.66078461392431E+12
-0.77457455030055E+12
-0.89988359140431E+12
-0.10373220176727E+13
-0.11875225696534E+13
-0.13505089839957E+13
-0.15266077731659E+13
-0.17157623898581E+13
-0.19166586335164E+13
-0.21294143581239E+13
-0.23516801894226E+13
-0.25823675308377E+13
-0.28187739337723E+13
-0.30572991775686E+13
-0.32954805657257E+13
-0.35293759478062E+13
-0.37543430351590E+13
-0.39683908242038E+13
-0.41675469378145E+13
-0.43481467598022E+13
-0.45106825384260E+13
-0.46510168371124E+13
-0.47726942177968E+13
-0.48743932187035E+13
-0.49601312679141E+13
-0.50314800658508E+13
-0.50889244615753E+13
-0.51385423319012E+13
-0.51801630454798E+13
-0.52183841211839E+13
-0.52548250622601E+13
-0.52859442928331E+13
-0.53191880661089E+13
-0.53506307982614E+13
-0.53835159487664E+13
-0.54163802748361E+13
-0.54468996848455E+13
-0.54788190646970E+13
-0.55066416493269E+13
-0.55351934867491E+13
-0.55590265463382E+13
-0.55823428039211E+13
-0.56007073485805E+13
-0.56163542143018E+13
-0.56260333373439E+13
-0.56330180551812E+13
-0.56366762881819E+13
-0.56311927880955E+13
-0.56226687473662E+13
-0.56109389060673E+13
-0.55883491802827E+13
-0.55643865978259E+13
-0.55340199341691E+13
-0.54961093034088E+13
-0.54544396059045E+13
-0.54080028820018E+13
-0.53549853728497E+13
-0.52978539459186E+13
-0.52314790981113E+13
-0.51630470386410E+13
-0.50895696247389E+13
-0.50113333556453E+13
-0.49277842553230E+13
-0.48404029962211E+13
-0.47493893296208E+13
-0.46534596248730E+13
-0.45490862206403E+13
-0.44457409963978E+13
-0.43384163387699E+13
-0.42277396486879E+13
-0.41149570583638E+13
-0.39997386982380E+13
-0.38820345654714E+13
-0.37542399189468E+13
-0.36312053371316E+13
-0.35054105623251E+13
-0.33789042345584E+13
-0.32525357036184E+13
-0.31175532132664E+13
-0.29867615958118E+13
-0.28559269967789E+13
-0.27240365572060E+13
-0.25918091176974E+13
-0.24610619058174E+13
-0.23236868680113E+13
-0.21916283294055E+13
-0.20606728648191E+13
-0.19297788107380E+13
-0.17997050410172E+13
-0.16725167185778E+13
-0.15391563181061E+13
-0.14123046196953E+13
-0.12875991073135E+13
-0.11637869106555E+13
-0.10421544423632E+13
-0.91830967157356E+12
-0.80560735486755E+12
-0.68416083463312E+12
-0.57073829253221E+12
-0.45824401774668E+12
-0.34984165512672E+12
-0.24376336211727E+12
-0.14147424552510E+12
-0.32072365780548E+11
 0.66966252672576E+11
 0.16444832924079E+12
 0.25730083436344E+12
 0.34828575583011E+12
 0.44331879959857E+12
 0.52855281787747E+12
 0.61178434178842E+12
 0.69262175029866E+12
 0.77084172201995E+12
 0.84403673636160E+12
 0.92274307886673E+12
 0.99169303476391E+12
 0.10590292384451E+13
 0.11242782728514E+13
 0.11855158728318E+13
 0.12487528264603E+13
 0.13052901787410E+13
 0.13586132940987E+13
 0.14109334884291E+13
 0.14605472297898E+13
 0.15067000875605E+13
 0.15548423244489E+13
 0.15968024432021E+13
 0.16358269672614E+13
 0.16737200047026E+13
 0.17100799659055E+13
 0.17427477439216E+13
 0.17776556122276E+13
 0.18066931736072E+13
 0.18339665591170E+13
 0.18589675452449E+13
 0.18829818113202E+13
 0.19044914935188E+13
 0.19226991466966E+13
 0.19462325899916E+13
 0.19630963762710E+13
 0.19777244250401E+13
 0.19912777079230E+13
 0.20037781497852E+13
 0.20135359818444E+13
 0.20219312242205E+13
 0.20355937332990E+13
 0.20417111077244E+13
 0.20468907543180E+13
 0.20520338604835E+13
 0.20545751317928E+13
 0.20568936212594E+13
 0.20614479573397E+13
 0.20620061869004E+13
 0.20606727170580E+13
 0.20590194332540E+13
 0.20567138217583E+13
 0.20536765420755E+13
 0.20490242935232E+13
 0.20436708649535E+13
 0.20421790538957E+13
 0.20355160052818E+13
 0.20293100848857E+13
 0.20223127469979E+13
 0.20139048787048E+13
 0.20046584751294E+13
 0.19950002575310E+13
 0.19895143573510E+13
 0.19791350917798E+13
