 0.12663771775423E+04
 0.12663771761851E+04
 0.12663771775423E+04
 0.12663771775423E+04
 0.12663771775423E+04
 0.12663771775423E+04
 0.12663771775423E+04
 0.12663771775423E+04
 0.12663771775423E+04
 0.12663771775423E+04
 0.12663771775423E+04
 0.12663771775423E+04
 0.12663771775423E+04
 0.12663771775423E+04
 0.12663771775423E+04
 0.12663771775423E+04
 0.12663771775423E+04
 0.12663771775423E+04
 0.12663771775423E+04
 0.12663771775423E+04
 0.12663771775423E+04
 0.12663771775423E+04
 0.12663771773189E+04
 0.12663771759305E+04
 0.12663771756671E+04
 0.12663771751731E+04
 0.12663771737280E+04
 0.12663771733026E+04
 0.12663771727484E+04
 0.12663771725951E+04
 0.12663771723179E+04
 0.12663771721690E+04
 0.12663771719958E+04
 0.12663771718918E+04
 0.12663771720507E+04
 0.12663771718238E+04
 0.12663771721657E+04
 0.12663771718629E+04
 0.12663771722070E+04
 0.12663771720203E+04
 0.12663771727191E+04
 0.12663771724122E+04
 0.12663771734153E+04
 0.12663771732290E+04
 0.12663771734563E+04
 0.12663771732265E+04
 0.12663771736006E+04
 0.12663771733510E+04
 0.12663771731105E+04
 0.12663771730894E+04
 0.12663771735780E+04
 0.12663771736753E+04
 0.12663771740276E+04
 0.12663771741689E+04
 0.12663771746102E+04
 0.12663771749924E+04
 0.12663771751950E+04
 0.12663771755804E+04
 0.12663771759358E+04
 0.12663771764871E+04
 0.12663771767032E+04
 0.12663771772651E+04
 0.12663771776445E+04
 0.12663771776424E+04
 0.12663771781336E+04
 0.12663771783615E+04
 0.12663771787160E+04
 0.12663771787159E+04
 0.12663771788894E+04
 0.12663771791876E+04
 0.12663771790340E+04
 0.12663771791789E+04
 0.12663771792306E+04
 0.12663771792507E+04
 0.12663771793307E+04
 0.12663771792887E+04
 0.12663771790732E+04
 0.12663771791341E+04
 0.12663771790983E+04
 0.12663771789020E+04
 0.12663771788775E+04
 0.12663771784340E+04
 0.12663771788523E+04
 0.12663771783614E+04
 0.12663771784900E+04
 0.12663771784925E+04
 0.12663771786590E+04
 0.12663771789505E+04
 0.12663771785213E+04
 0.12663771785919E+04
 0.12663771787226E+04
 0.12663771791846E+04
 0.12663771786134E+04
 0.12663771783197E+04
 0.12663771781847E+04
 0.12663771782908E+04
 0.12663771764606E+04
 0.12663771745019E+04
 0.12663771728420E+04
 0.12663771718739E+04
 0.12663771704316E+04
 0.12663771699212E+04
 0.12663771692735E+04
 0.12663771689598E+04
 0.12663771687113E+04
 0.12663771606914E+04
 0.12663771597174E+04
 0.12663771587282E+04
 0.12663771579164E+04
 0.12663771572285E+04
 0.12663771564501E+04
 0.12663771562660E+04
 0.12663771512354E+04
 0.12663771498642E+04
 0.12663771486595E+04
 0.12663771485144E+04
 0.12663771476504E+04
 0.12663771474760E+04
 0.12663771432882E+04
 0.12663771421148E+04
 0.12663771408875E+04
 0.12663771408548E+04
 0.12663771403032E+04
 0.12663771396848E+04
 0.12663771356069E+04
 0.12663771348146E+04
 0.12663771342244E+04
 0.12663771338700E+04
 0.12663771336310E+04
 0.12663764135644E+04
 0.12663764128274E+04
 0.12663764126002E+04
 0.12663764122179E+04
 0.12663764121727E+04
 0.12663764088117E+04
 0.12663764078076E+04
 0.12663764066558E+04
 0.12663764066014E+04
 0.12663764073949E+04
 0.12663764074255E+04
 0.12663764043625E+04
 0.12663764044784E+04
 0.12663764031633E+04
 0.12663764031988E+04
 0.12663764047576E+04
 0.12663764025720E+04
 0.12663764008130E+04
 0.12663764008663E+04
 0.12663764013105E+04
 0.12663764020528E+04
 0.12663764011907E+04
 0.12663764040095E+04
 0.12663764074563E+04
 0.12663764087824E+04
 0.12663764118290E+04
 0.12663764092324E+04
 0.12663764064600E+04
 0.12663764079685E+04
 0.12663764106267E+04
 0.12663764109864E+04
 0.12663764124114E+04
 0.12663764114774E+04
 0.12663764116312E+04
 0.12663764124258E+04
 0.12663764147236E+04
 0.12663764144877E+04
 0.12663764131905E+04
 0.12663764143394E+04
 0.12663764138878E+04
 0.12663764147940E+04
 0.12663764174220E+04
 0.12663764172504E+04
 0.12663764148911E+04
 0.12663764160259E+04
 0.12663764166231E+04
 0.12663764163233E+04
 0.12663764187574E+04
 0.12663764159733E+04
 0.12663764161341E+04
 0.12663764188231E+04
 0.12663764220012E+04
 0.12663764177121E+04
 0.12663764192465E+04
 0.12663764170246E+04
 0.12663764175487E+04
 0.12663764221096E+04
 0.12663764306792E+04
 0.12663764305668E+04
 0.12663764208242E+04
 0.12663764234050E+04
 0.12663764217349E+04
 0.12663764329614E+04
 0.12663764287130E+04
 0.12663764257145E+04
 0.12663764274182E+04
 0.12663764270881E+04
 0.12663764293590E+04
 0.12663764319376E+04
 0.12663764267357E+04
 0.12663764240221E+04
 0.12663764234556E+04
