 0.29695563930064E+04
 0.29695563928189E+04
 0.29695563930064E+04
 0.29695563930064E+04
 0.29695563930064E+04
 0.29695563930064E+04
 0.29695563930064E+04
 0.29695563930064E+04
 0.29695563930064E+04
 0.29695563930064E+04
 0.29695563930064E+04
 0.29695563930064E+04
 0.29695563930064E+04
 0.29695563930064E+04
 0.29695563930064E+04
 0.29695563930064E+04
 0.29695563930064E+04
 0.29695563930064E+04
 0.29695563930064E+04
 0.29695563930064E+04
 0.29695563930064E+04
 0.29695563930064E+04
 0.29695563925021E+04
 0.29695563951749E+04
 0.29695564035882E+04
 0.29695564127411E+04
 0.29695564197271E+04
 0.29695564212758E+04
 0.29695564209191E+04
 0.29695564195226E+04
 0.29695564174760E+04
 0.29695564157995E+04
 0.29695564136372E+04
 0.29695564112495E+04
 0.29695564089505E+04
 0.29695564057982E+04
 0.29695564027007E+04
 0.29695564021186E+04
 0.29695563999731E+04
 0.29695563982952E+04
 0.29695563954757E+04
 0.29695563950333E+04
 0.29695563922138E+04
 0.29695563920978E+04
 0.29695563919671E+04
 0.29695563916331E+04
 0.29695563911187E+04
 0.29695563903991E+04
 0.29695563890385E+04
 0.29695563883012E+04
 0.29695563868354E+04
 0.29695563870484E+04
 0.29695563869045E+04
 0.29695563870569E+04
 0.29695563870035E+04
 0.29695563866479E+04
 0.29695563871492E+04
 0.29695563872110E+04
 0.29695563874632E+04
 0.29695563872413E+04
 0.29695563879047E+04
 0.29695563880673E+04
 0.29695563884348E+04
 0.29695563888786E+04
 0.29695563892288E+04
 0.29695563893007E+04
 0.29695563895142E+04
 0.29695563905664E+04
 0.29695563910423E+04
 0.29695563910092E+04
 0.29695563927310E+04
 0.29695563932839E+04
 0.29695563941524E+04
 0.29695563951752E+04
 0.29695563949152E+04
 0.29695563953387E+04
 0.29695563968030E+04
 0.29695563949507E+04
 0.29695563949070E+04
 0.29695563943719E+04
 0.29695563960824E+04
 0.29695563951027E+04
 0.29695563951056E+04
 0.29695563946766E+04
 0.29695563942329E+04
 0.29695563944409E+04
 0.29695563942977E+04
 0.29695563964294E+04
 0.29695563949900E+04
 0.29695563951366E+04
 0.29695563949921E+04
 0.29695563958788E+04
 0.29695563954200E+04
 0.29695563985596E+04
 0.29695563956844E+04
 0.29695563957172E+04
 0.29695563936534E+04
 0.29695563939207E+04
 0.29695563907350E+04
 0.29695563902671E+04
 0.29695563892301E+04
 0.29695563881793E+04
 0.29695563876626E+04
 0.29695563871390E+04
 0.29695563876324E+04
 0.29695563800531E+04
 0.29695563782500E+04
 0.29695563781335E+04
 0.29695563783917E+04
 0.29695563792177E+04
 0.29695563765102E+04
 0.29695563751255E+04
 0.29695563699638E+04
 0.29695563708839E+04
 0.29695563683855E+04
 0.29695563688396E+04
 0.29695563674264E+04
 0.29695563661201E+04
 0.29695563615956E+04
 0.29695563611878E+04
 0.29695563604956E+04
 0.29695563597721E+04
 0.29695563613789E+04
 0.29695563582902E+04
 0.29695563531064E+04
 0.29695563530389E+04
 0.29695563521214E+04
 0.29695563513951E+04
 0.29695563511998E+04
 0.29695595159447E+04
 0.29695595139150E+04
 0.29695595133423E+04
 0.29695595127199E+04
 0.29695595126360E+04
 0.29695595106110E+04
 0.29695595076368E+04
 0.29695595065704E+04
 0.29695595064191E+04
 0.29695595071875E+04
 0.29695595068447E+04
 0.29695595030388E+04
 0.29695595027549E+04
 0.29695595017003E+04
 0.29695595014979E+04
 0.29695595049844E+04
 0.29695595018028E+04
 0.29695595004974E+04
 0.29695594991528E+04
 0.29695594992549E+04
 0.29695595005590E+04
 0.29695594978755E+04
 0.29695594992327E+04
 0.29695595016575E+04
 0.29695595031123E+04
 0.29695595061505E+04
 0.29695595034781E+04
 0.29695594999522E+04
 0.29695595014588E+04
 0.29695595043730E+04
 0.29695595040603E+04
 0.29695595056260E+04
 0.29695595035597E+04
 0.29695595042570E+04
 0.29695595043232E+04
 0.29695595067253E+04
 0.29695595063743E+04
 0.29695595041974E+04
 0.29695595056288E+04
 0.29695595038746E+04
 0.29695595050322E+04
 0.29695595083549E+04
 0.29695595079096E+04
 0.29695595038023E+04
 0.29695595055561E+04
 0.29695595050335E+04
 0.29695595057186E+04
 0.29695595079128E+04
 0.29695595046458E+04
 0.29695595039795E+04
 0.29695595061517E+04
 0.29695595099797E+04
 0.29695595045089E+04
 0.29695595071271E+04
 0.29695595031854E+04
 0.29695595045061E+04
 0.29695595094052E+04
 0.29695595175015E+04
 0.29695595179498E+04
 0.29695595080481E+04
 0.29695595099361E+04
 0.29695595078752E+04
 0.29695595180508E+04
 0.29695595162378E+04
 0.29695595135607E+04
 0.29695595155006E+04
 0.29695595127500E+04
 0.29695595153869E+04
 0.29695595169571E+04
 0.29695595130200E+04
 0.29695595093661E+04
 0.29695595090803E+04
