 0.11584424502664E+03
 0.11584424512389E+03
 0.11584424502664E+03
 0.11584424502664E+03
 0.11584424502664E+03
 0.11584424502664E+03
 0.11584424502664E+03
 0.11584424502664E+03
 0.11584424502664E+03
 0.11584424502664E+03
 0.11584424502664E+03
 0.11584424502664E+03
 0.11584424502664E+03
 0.11584424502664E+03
 0.11584424502664E+03
 0.11584424502664E+03
 0.11584424502664E+03
 0.11584424502664E+03
 0.11584424502664E+03
 0.11584424502664E+03
 0.11584424502664E+03
 0.11584424502664E+03
 0.11584424502122E+03
 0.11584424500522E+03
 0.11584424516018E+03
 0.11584424528057E+03
 0.11584424530899E+03
 0.11584424530238E+03
 0.11584424526730E+03
 0.11584424522754E+03
 0.11584424517589E+03
 0.11584424513771E+03
 0.11584424508846E+03
 0.11584424503975E+03
 0.11584424500949E+03
 0.11584424493868E+03
 0.11584424490721E+03
 0.11584424487359E+03
 0.11584424485649E+03
 0.11584424480652E+03
 0.11584424479586E+03
 0.11584424475631E+03
 0.11584424475591E+03
 0.11584424472509E+03
 0.11584424472727E+03
 0.11584424469671E+03
 0.11584424470243E+03
 0.11584424467349E+03
 0.11584424464418E+03
 0.11584424464206E+03
 0.11584424465165E+03
 0.11584424466599E+03
 0.11584424468495E+03
 0.11584424470157E+03
 0.11584424472875E+03
 0.11584424474655E+03
 0.11584424476937E+03
 0.11584424479520E+03
 0.11584424481906E+03
 0.11584424484621E+03
 0.11584424486925E+03
 0.11584424490029E+03
 0.11584424492363E+03
 0.11584424493109E+03
 0.11584424495550E+03
 0.11584424496952E+03
 0.11584424498546E+03
 0.11584424499875E+03
 0.11584424501177E+03
 0.11584424502069E+03
 0.11584424503635E+03
 0.11584424504432E+03
 0.11584424505203E+03
 0.11584424505764E+03
 0.11584424505349E+03
 0.11584424505060E+03
 0.11584424504951E+03
 0.11584424503657E+03
 0.11584424503267E+03
 0.11584424501826E+03
 0.11584424501912E+03
 0.11584424499085E+03
 0.11584424500253E+03
 0.11584424497732E+03
 0.11584424497631E+03
 0.11584424497104E+03
 0.11584424497197E+03
 0.11584424498642E+03
 0.11584424496114E+03
 0.11584424496645E+03
 0.11584424496806E+03
 0.11584424498333E+03
 0.11584424498777E+03
 0.11584424507234E+03
 0.11584424504073E+03
 0.11584424504420E+03
 0.11584424521714E+03
 0.11584424533931E+03
 0.11584424542296E+03
 0.11584424551300E+03
 0.11584424555410E+03
 0.11584424560946E+03
 0.11584424564416E+03
 0.11584424567804E+03
 0.11584424570532E+03
 0.11584424614046E+03
 0.11584424625301E+03
 0.11584424630437E+03
 0.11584424634671E+03
 0.11584424638147E+03
 0.11584424637913E+03
 0.11584424640051E+03
 0.11584424672713E+03
 0.11584424680091E+03
 0.11584424681899E+03
 0.11584424687322E+03
 0.11584424687359E+03
 0.11584424689436E+03
 0.11584424716462E+03
 0.11584424722813E+03
 0.11584424724591E+03
 0.11584424729288E+03
 0.11584424731477E+03
 0.11584424730331E+03
 0.11584424755822E+03
 0.11584424761452E+03
 0.11584424764109E+03
 0.11584424765333E+03
 0.11584424765979E+03
 0.11584442722002E+03
 0.11584442727265E+03
 0.11584442731231E+03
 0.11584442731330E+03
 0.11584442731988E+03
 0.11584442748850E+03
 0.11584442751435E+03
 0.11584442758971E+03
 0.11584442760322E+03
 0.11584442752773E+03
 0.11584442749186E+03
 0.11584442762163E+03
 0.11584442759161E+03
 0.11584442769620E+03
 0.11584442768338E+03
 0.11584442761071E+03
 0.11584442769144E+03
 0.11584442779769E+03
 0.11584442773642E+03
 0.11584442770082E+03
 0.11584442770393E+03
 0.11584442771237E+03
 0.11584442750430E+03
 0.11584442726073E+03
 0.11584442718863E+03
 0.11584442699639E+03
 0.11584442717003E+03
 0.11584442728237E+03
 0.11584442716988E+03
 0.11584442699047E+03
 0.11584442698421E+03
 0.11584442691340E+03
 0.11584442690112E+03
 0.11584442686316E+03
 0.11584442681185E+03
 0.11584442666653E+03
 0.11584442669656E+03
 0.11584442673910E+03
 0.11584442664667E+03
 0.11584442668110E+03
 0.11584442660103E+03
 0.11584442643126E+03
 0.11584442645722E+03
 0.11584442656148E+03
 0.11584442646937E+03
 0.11584442642490E+03
 0.11584442643238E+03
 0.11584442628645E+03
 0.11584442639430E+03
 0.11584442639856E+03
 0.11584442622145E+03
 0.11584442601835E+03
 0.11584442631700E+03
 0.11584442619946E+03
 0.11584442627052E+03
 0.11584442620257E+03
 0.11584442593057E+03
 0.11584442539280E+03
 0.11584442540748E+03
 0.11584442601425E+03
 0.11584442578595E+03
 0.11584442589571E+03
 0.11584442517706E+03
 0.11584442544282E+03
 0.11584442557636E+03
 0.11584442547168E+03
 0.11584442548519E+03
 0.11584442539868E+03
 0.11584442517345E+03
 0.11584442548464E+03
 0.11584442564997E+03
 0.11584442569188E+03
