 0.27164578177214E+03
 0.27164578227413E+03
 0.27164578177214E+03
 0.27164578177214E+03
 0.27164578177214E+03
 0.27164578177214E+03
 0.27164578177214E+03
 0.27164578177214E+03
 0.27164578177214E+03
 0.27164578177214E+03
 0.27164578177214E+03
 0.27164578177214E+03
 0.27164578177214E+03
 0.27164578177214E+03
 0.27164578177214E+03
 0.27164578177214E+03
 0.27164578177214E+03
 0.27164578177214E+03
 0.27164578177214E+03
 0.27164578177214E+03
 0.27164578177214E+03
 0.27164578177214E+03
 0.27164578176121E+03
 0.27164578226600E+03
 0.27164578345551E+03
 0.27164578468105E+03
 0.27164578569675E+03
 0.27164578591417E+03
 0.27164578591814E+03
 0.27164578573002E+03
 0.27164578548120E+03
 0.27164578527024E+03
 0.27164578499408E+03
 0.27164578468375E+03
 0.27164578436840E+03
 0.27164578396268E+03
 0.27164578353220E+03
 0.27164578346506E+03
 0.27164578315489E+03
 0.27164578292428E+03
 0.27164578249146E+03
 0.27164578242409E+03
 0.27164578195005E+03
 0.27164578190714E+03
 0.27164578185152E+03
 0.27164578179859E+03
 0.27164578168472E+03
 0.27164578160456E+03
 0.27164578146297E+03
 0.27164578139507E+03
 0.27164578117867E+03
 0.27164578121091E+03
 0.27164578116664E+03
 0.27164578118922E+03
 0.27164578115342E+03
 0.27164578108065E+03
 0.27164578113655E+03
 0.27164578112013E+03
 0.27164578112288E+03
 0.27164578104802E+03
 0.27164578111635E+03
 0.27164578108350E+03
 0.27164578109045E+03
 0.27164578114899E+03
 0.27164578113291E+03
 0.27164578112349E+03
 0.27164578110433E+03
 0.27164578123177E+03
 0.27164578126863E+03
 0.27164578122257E+03
 0.27164578144972E+03
 0.27164578148790E+03
 0.27164578157435E+03
 0.27164578167676E+03
 0.27164578162609E+03
 0.27164578166705E+03
 0.27164578184467E+03
 0.27164578163182E+03
 0.27164578162635E+03
 0.27164578158573E+03
 0.27164578174947E+03
 0.27164578168870E+03
 0.27164578162662E+03
 0.27164578163358E+03
 0.27164578156304E+03
 0.27164578156916E+03
 0.27164578152251E+03
 0.27164578168887E+03
 0.27164578158999E+03
 0.27164578160070E+03
 0.27164578156322E+03
 0.27164578158104E+03
 0.27164578167202E+03
 0.27164578222052E+03
 0.27164578191234E+03
 0.27164578190073E+03
 0.27164578251006E+03
 0.27164578324115E+03
 0.27164578350194E+03
 0.27164578387793E+03
 0.27164578418883E+03
 0.27164578433201E+03
 0.27164578450505E+03
 0.27164578460388E+03
 0.27164578476629E+03
 0.27164578681364E+03
 0.27164578712154E+03
 0.27164578744353E+03
 0.27164578774054E+03
 0.27164578804517E+03
 0.27164578795899E+03
 0.27164578792196E+03
 0.27164578929477E+03
 0.27164578984607E+03
 0.27164578991835E+03
 0.27164579011819E+03
 0.27164579017510E+03
 0.27164579014173E+03
 0.27164579125987E+03
 0.27164579162321E+03
 0.27164579186484E+03
 0.27164579191582E+03
 0.27164579223244E+03
 0.27164579205570E+03
 0.27164579305398E+03
 0.27164579334976E+03
 0.27164579345474E+03
 0.27164579349302E+03
 0.27164579354156E+03
 0.27164665855718E+03
 0.27164665865301E+03
 0.27164665874234E+03
 0.27164665876973E+03
 0.27164665878718E+03
 0.27164665971830E+03
 0.27164665972224E+03
 0.27164666004847E+03
 0.27164666007799E+03
 0.27164665980103E+03
 0.27164665967900E+03
 0.27164666029219E+03
 0.27164666017095E+03
 0.27164666060185E+03
 0.27164666054564E+03
 0.27164666035981E+03
 0.27164666072690E+03
 0.27164666123395E+03
 0.27164666095583E+03
 0.27164666078641E+03
 0.27164666075376E+03
 0.27164666071301E+03
 0.27164665974461E+03
 0.27164665865591E+03
 0.27164665833547E+03
 0.27164665750907E+03
 0.27164665822879E+03
 0.27164665876438E+03
 0.27164665831483E+03
 0.27164665759051E+03
 0.27164665747006E+03
 0.27164665714159E+03
 0.27164665712409E+03
 0.27164665706590E+03
 0.27164665678118E+03
 0.27164665616723E+03
 0.27164665625616E+03
 0.27164665643502E+03
 0.27164665610280E+03
 0.27164665611992E+03
 0.27164665584369E+03
 0.27164665518580E+03
 0.27164665524275E+03
 0.27164665561761E+03
 0.27164665531862E+03
 0.27164665503842E+03
 0.27164665518294E+03
 0.27164665451935E+03
 0.27164665507060E+03
 0.27164665498513E+03
 0.27164665419172E+03
 0.27164665338394E+03
 0.27164665450384E+03
 0.27164665413857E+03
 0.27164665442123E+03
 0.27164665427029E+03
 0.27164665310227E+03
 0.27164665074363E+03
 0.27164665084317E+03
 0.27164665345007E+03
 0.27164665253384E+03
 0.27164665296094E+03
 0.27164664979843E+03
 0.27164665116709E+03
 0.27164665187855E+03
 0.27164665144508E+03
 0.27164665129593E+03
 0.27164665084717E+03
 0.27164664990954E+03
 0.27164665139494E+03
 0.27164665203046E+03
 0.27164665222410E+03
