 0.43319482792830E+14
 0.43319482788800E+14
 0.43319482792830E+14
 0.43319482792830E+14
 0.43319482792830E+14
 0.43319482792830E+14
 0.43319482792830E+14
 0.43319482792830E+14
 0.43319482792830E+14
 0.43319482792830E+14
 0.43319482792830E+14
 0.43319482792830E+14
 0.43319482792830E+14
 0.43319482792830E+14
 0.43319482792830E+14
 0.43319482792830E+14
 0.43319482792830E+14
 0.43319482792830E+14
 0.43319482792830E+14
 0.43319482792830E+14
 0.43319482792830E+14
 0.43319482792830E+14
 0.43319482793093E+14
 0.43319482794961E+14
 0.43319482798402E+14
 0.43319482801456E+14
 0.43319482803359E+14
 0.43319482803538E+14
 0.43319482802879E+14
 0.43319482802005E+14
 0.43319482800873E+14
 0.43319482800023E+14
 0.43319482798950E+14
 0.43319482797844E+14
 0.43319482796960E+14
 0.43319482795437E+14
 0.43319482794300E+14
 0.43319482793776E+14
 0.43319482793008E+14
 0.43319482792062E+14
 0.43319482791126E+14
 0.43319482790619E+14
 0.43319482789767E+14
 0.43319482789418E+14
 0.43319482789434E+14
 0.43319482788983E+14
 0.43319482788914E+14
 0.43319482788250E+14
 0.43319482787062E+14
 0.43319482786415E+14
 0.43319482785795E+14
 0.43319482785892E+14
 0.43319482785979E+14
 0.43319482786187E+14
 0.43319482786299E+14
 0.43319482786289E+14
 0.43319482786631E+14
 0.43319482786836E+14
 0.43319482787133E+14
 0.43319482787283E+14
 0.43319482787736E+14
 0.43319482788089E+14
 0.43319482788473E+14
 0.43319482788752E+14
 0.43319482789159E+14
 0.43319482789425E+14
 0.43319482789766E+14
 0.43319482790338E+14
 0.43319482790824E+14
 0.43319482791078E+14
 0.43319482792028E+14
 0.43319482792623E+14
 0.43319482793312E+14
 0.43319482794143E+14
 0.43319482794246E+14
 0.43319482794751E+14
 0.43319482795773E+14
 0.43319482794577E+14
 0.43319482794620E+14
 0.43319482794162E+14
 0.43319482795669E+14
 0.43319482794509E+14
 0.43319482795120E+14
 0.43319482794281E+14
 0.43319482794159E+14
 0.43319482794322E+14
 0.43319482794400E+14
 0.43319482796320E+14
 0.43319482794708E+14
 0.43319482794703E+14
 0.43319482794683E+14
 0.43319482795825E+14
 0.43319482794204E+14
 0.43319482794888E+14
 0.43319482792475E+14
 0.43319482792487E+14
 0.43319482784901E+14
 0.43319482780036E+14
 0.43319482773216E+14
 0.43319482769787E+14
 0.43319482765851E+14
 0.43319482763215E+14
 0.43319482761143E+14
 0.43319482759609E+14
 0.43319482759209E+14
 0.43319482733000E+14
 0.43319482728082E+14
 0.43319482725645E+14
 0.43319482723935E+14
 0.43319482723032E+14
 0.43319482719413E+14
 0.43319482717568E+14
 0.43319482699836E+14
 0.43319482697326E+14
 0.43319482692913E+14
 0.43319482692190E+14
 0.43319482689554E+14
 0.43319482687877E+14
 0.43319482672647E+14
 0.43319482669368E+14
 0.43319482666510E+14
 0.43319482665071E+14
 0.43319482665313E+14
 0.43319482661756E+14
 0.43319482646179E+14
 0.43319482643709E+14
 0.43319482641647E+14
 0.43319482640259E+14
 0.43319482639540E+14
 0.43319486511947E+14
 0.43319486508053E+14
 0.43319486506351E+14
 0.43319486505175E+14
 0.43319486504892E+14
 0.43319486494079E+14
 0.43319486488914E+14
 0.43319486484544E+14
 0.43319486483579E+14
 0.43319486487107E+14
 0.43319486487286E+14
 0.43319486475544E+14
 0.43319486475820E+14
 0.43319486470620E+14
 0.43319486470977E+14
 0.43319486477225E+14
 0.43319486467977E+14
 0.43319486461814E+14
 0.43319486461534E+14
 0.43319486462656E+14
 0.43319486464748E+14
 0.43319486458298E+14
 0.43319486466674E+14
 0.43319486478212E+14
 0.43319486482270E+14
 0.43319486492383E+14
 0.43319486483019E+14
 0.43319486470757E+14
 0.43319486475477E+14
 0.43319486484344E+14
 0.43319486485173E+14
 0.43319486489251E+14
 0.43319486483427E+14
 0.43319486482779E+14
 0.43319486486260E+14
 0.43319486494150E+14
 0.43319486492618E+14
 0.43319486483994E+14
 0.43319486486854E+14
 0.43319486486157E+14
 0.43319486489695E+14
 0.43319486498048E+14
 0.43319486497427E+14
 0.43319486484974E+14
 0.43319486487877E+14
 0.43319486490189E+14
 0.43319486488090E+14
 0.43319486498113E+14
 0.43319486483260E+14
 0.43319486482974E+14
 0.43319486492812E+14
 0.43319486502008E+14
 0.43319486489422E+14
 0.43319486493993E+14
 0.43319486481054E+14
 0.43319486480490E+14
 0.43319486496201E+14
 0.43319486525247E+14
 0.43319486524971E+14
 0.43319486491705E+14
 0.43319486496561E+14
 0.43319486491109E+14
 0.43319486527695E+14
 0.43319486513669E+14
 0.43319486502402E+14
 0.43319486508614E+14
 0.43319486504994E+14
 0.43319486515802E+14
 0.43319486518778E+14
 0.43319486504142E+14
 0.43319486493627E+14
 0.43319486491016E+14
