 0.14170094123193E+03
 0.14170094116858E+03
 0.14170094123193E+03
 0.14170094123193E+03
 0.14170094123193E+03
 0.14170094123193E+03
 0.14170094123193E+03
 0.14170094123193E+03
 0.14170094123193E+03
 0.14170094123193E+03
 0.14170094123193E+03
 0.14170094123193E+03
 0.14170094123193E+03
 0.14170094123193E+03
 0.14170094123193E+03
 0.14170094123193E+03
 0.14170094123193E+03
 0.14170094123193E+03
 0.14170094123193E+03
 0.14170094123193E+03
 0.14170094123193E+03
 0.14170094123193E+03
 0.14170094124155E+03
 0.14170094115117E+03
 0.14170094104715E+03
 0.14170094086582E+03
 0.14170094060503E+03
 0.14170094052202E+03
 0.14170094043553E+03
 0.14170094041158E+03
 0.14170094037958E+03
 0.14170094036672E+03
 0.14170094035432E+03
 0.14170094035533E+03
 0.14170094039504E+03
 0.14170094038567E+03
 0.14170094045448E+03
 0.14170094041240E+03
 0.14170094047066E+03
 0.14170094045717E+03
 0.14170094056147E+03
 0.14170094052519E+03
 0.14170094066498E+03
 0.14170094064313E+03
 0.14170094067496E+03
 0.14170094065421E+03
 0.14170094070884E+03
 0.14170094068813E+03
 0.14170094067385E+03
 0.14170094068182E+03
 0.14170094075370E+03
 0.14170094076790E+03
 0.14170094081245E+03
 0.14170094083264E+03
 0.14170094088461E+03
 0.14170094093201E+03
 0.14170094095272E+03
 0.14170094099754E+03
 0.14170094103664E+03
 0.14170094110158E+03
 0.14170094112146E+03
 0.14170094118393E+03
 0.14170094122381E+03
 0.14170094122121E+03
 0.14170094127221E+03
 0.14170094129959E+03
 0.14170094133727E+03
 0.14170094132864E+03
 0.14170094134558E+03
 0.14170094138038E+03
 0.14170094135093E+03
 0.14170094136335E+03
 0.14170094136351E+03
 0.14170094135807E+03
 0.14170094137052E+03
 0.14170094136454E+03
 0.14170094132798E+03
 0.14170094134996E+03
 0.14170094134636E+03
 0.14170094132640E+03
 0.14170094131023E+03
 0.14170094126252E+03
 0.14170094131129E+03
 0.14170094125282E+03
 0.14170094126978E+03
 0.14170094126343E+03
 0.14170094128126E+03
 0.14170094129402E+03
 0.14170094125209E+03
 0.14170094125647E+03
 0.14170094127012E+03
 0.14170094131412E+03
 0.14170094125939E+03
 0.14170094124212E+03
 0.14170094123623E+03
 0.14170094124441E+03
 0.14170094120004E+03
 0.14170094109329E+03
 0.14170094102170E+03
 0.14170094099300E+03
 0.14170094089459E+03
 0.14170094089238E+03
 0.14170094085984E+03
 0.14170094085735E+03
 0.14170094084882E+03
 0.14170094047153E+03
 0.14170094047108E+03
 0.14170094041894E+03
 0.14170094037006E+03
 0.14170094032105E+03
 0.14170094027961E+03
 0.14170094029021E+03
 0.14170094010146E+03
 0.14170094001850E+03
 0.14170093994817E+03
 0.14170093996562E+03
 0.14170093990495E+03
 0.14170093991589E+03
 0.14170093976757E+03
 0.14170093971298E+03
 0.14170093962354E+03
 0.14170093966061E+03
 0.14170093960966E+03
 0.14170093957981E+03
 0.14170093944371E+03
 0.14170093941755E+03
 0.14170093939359E+03
 0.14170093938087E+03
 0.14170093937180E+03
 0.14170084114765E+03
 0.14170084114028E+03
 0.14170084115721E+03
 0.14170084113561E+03
 0.14170084114167E+03
 0.14170084099317E+03
 0.14170084096099E+03
 0.14170084091450E+03
 0.14170084092939E+03
 0.14170084096250E+03
 0.14170084095145E+03
 0.14170084083457E+03
 0.14170084084163E+03
 0.14170084079829E+03
 0.14170084079501E+03
 0.14170084086882E+03
 0.14170084079504E+03
 0.14170084072043E+03
 0.14170084070795E+03
 0.14170084072995E+03
 0.14170084078745E+03
 0.14170084079174E+03
 0.14170084092489E+03
 0.14170084106624E+03
 0.14170084113390E+03
 0.14170084126655E+03
 0.14170084116312E+03
 0.14170084106811E+03
 0.14170084112882E+03
 0.14170084123473E+03
 0.14170084126254E+03
 0.14170084133912E+03
 0.14170084132055E+03
 0.14170084132608E+03
 0.14170084134579E+03
 0.14170084143673E+03
 0.14170084144402E+03
 0.14170084143960E+03
 0.14170084149760E+03
 0.14170084146609E+03
 0.14170084148304E+03
 0.14170084159567E+03
 0.14170084159451E+03
 0.14170084154581E+03
 0.14170084160390E+03
 0.14170084162228E+03
 0.14170084161262E+03
 0.14170084168524E+03
 0.14170084162606E+03
 0.14170084164947E+03
 0.14170084175331E+03
 0.14170084190246E+03
 0.14170084169950E+03
 0.14170084176185E+03
 0.14170084172151E+03
 0.14170084176767E+03
 0.14170084195706E+03
 0.14170084231821E+03
 0.14170084231233E+03
 0.14170084190252E+03
 0.14170084204561E+03
 0.14170084196905E+03
 0.14170084245180E+03
 0.14170084226724E+03
 0.14170084212848E+03
 0.14170084219733E+03
 0.14170084221673E+03
 0.14170084228243E+03
 0.14170084244860E+03
 0.14170084217438E+03
 0.14170084207447E+03
 0.14170084206236E+03
