 0.33227773162096E+03
 0.33227773180753E+03
 0.33227773162096E+03
 0.33227773162096E+03
 0.33227773162096E+03
 0.33227773162096E+03
 0.33227773162096E+03
 0.33227773162096E+03
 0.33227773162096E+03
 0.33227773162096E+03
 0.33227773162096E+03
 0.33227773162096E+03
 0.33227773162096E+03
 0.33227773162096E+03
 0.33227773162096E+03
 0.33227773162096E+03
 0.33227773162096E+03
 0.33227773162096E+03
 0.33227773162096E+03
 0.33227773162096E+03
 0.33227773162096E+03
 0.33227773162096E+03
 0.33227773164569E+03
 0.33227773209714E+03
 0.33227773286375E+03
 0.33227773359231E+03
 0.33227773414164E+03
 0.33227773423190E+03
 0.33227773413457E+03
 0.33227773396237E+03
 0.33227773373110E+03
 0.33227773355241E+03
 0.33227773332683E+03
 0.33227773308928E+03
 0.33227773288348E+03
 0.33227773256832E+03
 0.33227773229338E+03
 0.33227773220899E+03
 0.33227773201529E+03
 0.33227773184488E+03
 0.33227773159062E+03
 0.33227773153657E+03
 0.33227773128567E+03
 0.33227773127034E+03
 0.33227773127070E+03
 0.33227773124498E+03
 0.33227773121735E+03
 0.33227773115377E+03
 0.33227773103116E+03
 0.33227773097286E+03
 0.33227773084919E+03
 0.33227773088082E+03
 0.33227773087674E+03
 0.33227773090404E+03
 0.33227773090417E+03
 0.33227773087526E+03
 0.33227773092672E+03
 0.33227773093763E+03
 0.33227773096428E+03
 0.33227773094708E+03
 0.33227773101122E+03
 0.33227773102849E+03
 0.33227773106354E+03
 0.33227773110768E+03
 0.33227773113756E+03
 0.33227773115004E+03
 0.33227773116925E+03
 0.33227773126678E+03
 0.33227773131424E+03
 0.33227773131388E+03
 0.33227773147778E+03
 0.33227773153075E+03
 0.33227773161477E+03
 0.33227773171116E+03
 0.33227773169029E+03
 0.33227773173466E+03
 0.33227773186932E+03
 0.33227773169764E+03
 0.33227773169368E+03
 0.33227773163849E+03
 0.33227773179841E+03
 0.33227773169329E+03
 0.33227773169822E+03
 0.33227773164191E+03
 0.33227773159831E+03
 0.33227773160601E+03
 0.33227773158812E+03
 0.33227773178007E+03
 0.33227773163330E+03
 0.33227773164145E+03
 0.33227773162298E+03
 0.33227773170417E+03
 0.33227773167438E+03
 0.33227773206225E+03
 0.33227773176213E+03
 0.33227773175715E+03
 0.33227773190240E+03
 0.33227773219591E+03
 0.33227773210710E+03
 0.33227773224145E+03
 0.33227773227310E+03
 0.33227773228429E+03
 0.33227773232010E+03
 0.33227773233797E+03
 0.33227773243838E+03
 0.33227773280986E+03
 0.33227773286263E+03
 0.33227773298688E+03
 0.33227773311415E+03
 0.33227773327214E+03
 0.33227773307625E+03
 0.33227773299449E+03
 0.33227773329426E+03
 0.33227773356246E+03
 0.33227773343407E+03
 0.33227773356388E+03
 0.33227773349020E+03
 0.33227773341545E+03
 0.33227773366017E+03
 0.33227773379445E+03
 0.33227773382927E+03
 0.33227773384382E+03
 0.33227773404887E+03
 0.33227773379554E+03
 0.33227773396633E+03
 0.33227773410530E+03
 0.33227773410134E+03
 0.33227773408321E+03
 0.33227773410280E+03
 0.33227804682734E+03
 0.33227804677632E+03
 0.33227804681154E+03
 0.33227804679155E+03
 0.33227804680823E+03
 0.33227804711530E+03
 0.33227804697049E+03
 0.33227804704438E+03
 0.33227804707665E+03
 0.33227804703204E+03
 0.33227804695976E+03
 0.33227804706352E+03
 0.33227804701787E+03
 0.33227804714332E+03
 0.33227804710367E+03
 0.33227804725787E+03
 0.33227804730233E+03
 0.33227804744284E+03
 0.33227804724911E+03
 0.33227804719559E+03
 0.33227804728157E+03
 0.33227804721758E+03
 0.33227804694207E+03
 0.33227804664045E+03
 0.33227804661392E+03
 0.33227804646555E+03
 0.33227804660532E+03
 0.33227804671543E+03
 0.33227804663058E+03
 0.33227804650753E+03
 0.33227804644337E+03
 0.33227804642425E+03
 0.33227804639453E+03
 0.33227804644520E+03
 0.33227804629032E+03
 0.33227804616943E+03
 0.33227804620916E+03
 0.33227804629555E+03
 0.33227804629029E+03
 0.33227804613859E+03
 0.33227804607012E+03
 0.33227804601647E+03
 0.33227804600895E+03
 0.33227804605421E+03
 0.33227804608891E+03
 0.33227804591683E+03
 0.33227804604950E+03
 0.33227804582666E+03
 0.33227804605282E+03
 0.33227804599096E+03
 0.33227804577196E+03
 0.33227804571617E+03
 0.33227804575348E+03
 0.33227804579002E+03
 0.33227804583737E+03
 0.33227804595588E+03
 0.33227804575147E+03
 0.33227804525574E+03
 0.33227804532159E+03
 0.33227804580899E+03
 0.33227804567862E+03
 0.33227804570669E+03
 0.33227804503164E+03
 0.33227804551069E+03
 0.33227804567253E+03
 0.33227804560401E+03
 0.33227804542836E+03
 0.33227804528162E+03
 0.33227804517038E+03
 0.33227804545173E+03
 0.33227804552060E+03
 0.33227804560886E+03
