-0.24790906748511E+13
-0.24263499396732E+13
-0.24279340317781E+13
-0.24321946470270E+13
-0.24383741469971E+13
-0.24463987494450E+13
-0.24562848145574E+13
-0.24680780881320E+13
-0.24818426118791E+13
-0.24976589264583E+13
-0.25156250532945E+13
-0.25358588863987E+13
-0.25585018102319E+13
-0.25837238061927E+13
-0.26117306657165E+13
-0.26427744421815E+13
-0.26771692365393E+13
-0.27153164721604E+13
-0.27577488324677E+13
-0.28052165347535E+13
-0.28588942546075E+13
-0.29211390746827E+13
-0.29976784756876E+13
-0.30786733896724E+13
-0.31613809173192E+13
-0.32459201151445E+13
-0.33324045414224E+13
-0.34208147720192E+13
-0.35110838301372E+13
-0.36030504094704E+13
-0.36963116010823E+13
-0.37905718722460E+13
-0.38852786443415E+13
-0.39797681638179E+13
-0.40730452664183E+13
-0.41641904906743E+13
-0.42520992945311E+13
-0.43352363304696E+13
-0.44120655000621E+13
-0.44806242562834E+13
-0.45391733678770E+13
-0.45852997552988E+13
-0.46172805455962E+13
-0.46322986792480E+13
-0.46285739888838E+13
-0.46047555211825E+13
-0.45582670699671E+13
-0.44895749995903E+13
-0.43979533871843E+13
-0.42832619089985E+13
-0.41484537255104E+13
-0.39960888663548E+13
-0.38271242165138E+13
-0.36480693170299E+13
-0.34602130959148E+13
-0.32701551777904E+13
-0.30785897370582E+13
-0.28908252308094E+13
-0.27097300767729E+13
-0.25327049572053E+13
-0.23655862023228E+13
-0.22047959875952E+13
-0.20505418337630E+13
-0.19044456887564E+13
-0.17607587892378E+13
-0.16233614565307E+13
-0.14868781546439E+13
-0.13510228464801E+13
-0.12188489485919E+13
-0.10815897565562E+13
-0.94794713461279E+12
-0.80777633713696E+12
-0.66998337620138E+12
-0.52632596969609E+12
-0.38391388488989E+12
-0.23617050125198E+12
-0.89790696810531E+11
 0.62105564657081E+11
 0.21393433197367E+12
 0.36357982501639E+12
 0.52128346110992E+12
 0.67651893780952E+12
 0.82822799439317E+12
 0.98778709777305E+12
 0.11435709537751E+13
 0.12962238255584E+13
 0.14512797063516E+13
 0.16063925513827E+13
 0.17583937202961E+13
 0.19064582585083E+13
 0.20522729496506E+13
 0.22025809973826E+13
 0.23459176143674E+13
 0.24865084355965E+13
 0.26240994528766E+13
 0.27557836224328E+13
 0.28852859307065E+13
 0.30109229993241E+13
 0.31358168353096E+13
 0.32583457047741E+13
 0.33733732980515E+13
 0.34842081470778E+13
 0.35870315934754E+13
 0.36863732817312E+13
 0.37852316210460E+13
 0.38792779338106E+13
 0.39685861376852E+13
 0.40512920225511E+13
 0.41291809497319E+13
 0.41976008781586E+13
 0.42633018937218E+13
 0.43323020211331E+13
 0.43901863043917E+13
 0.44432137679720E+13
 0.44914584230412E+13
 0.45305107026572E+13
 0.45663814974134E+13
 0.46062512516352E+13
 0.46350924489207E+13
 0.46593916363854E+13
 0.46792630204361E+13
 0.46901069177316E+13
 0.46983646280292E+13
 0.47115271282856E+13
 0.47139014833467E+13
 0.47122968851717E+13
 0.47069697597084E+13
 0.46926840646372E+13
 0.46814230288186E+13
 0.46630608870777E+13
 0.46473294154122E+13
 0.46240499764094E+13
 0.45946052263476E+13
 0.45621067109150E+13
 0.45284882983708E+13
 0.44978506685349E+13
 0.44623400551892E+13
 0.44222035713950E+13
 0.43758460971958E+13
 0.43277480767102E+13
 0.42806829782082E+13
 0.42387534432110E+13
 0.41881946614297E+13
 0.41360881777151E+13
 0.40777444500944E+13
 0.40217557588923E+13
 0.39631521098335E+13
 0.39123401227713E+13
 0.38536316403495E+13
 0.37941308616125E+13
 0.37303802159388E+13
 0.36668971686951E+13
 0.36071805963960E+13
 0.35472588586159E+13
 0.34843887094581E+13
 0.34213549383837E+13
 0.33547840339100E+13
 0.32888514070561E+13
 0.32270456067209E+13
 0.31657354915170E+13
 0.31019606909748E+13
 0.30382380202390E+13
 0.29722679246523E+13
 0.29066307212981E+13
 0.28455174624517E+13
 0.27852718221882E+13
 0.27229690923431E+13
 0.26611583670785E+13
 0.26000020620107E+13
 0.25347083014108E+13
 0.24721381702739E+13
 0.24187422972216E+13
 0.23596558748263E+13
 0.23013633920610E+13
 0.22438232672648E+13
 0.21831869681344E+13
 0.21243148751381E+13
 0.20686557388458E+13
 0.20200992040025E+13
 0.19662310812797E+13
 0.19132280802201E+13
 0.18584711059653E+13
 0.18048375190419E+13
 0.17535749928267E+13
 0.17064292808462E+13
 0.16600423797099E+13
 0.16120924853969E+13
 0.15650803937380E+13
 0.15151494673349E+13
 0.14694130410593E+13
 0.14228691253116E+13
 0.13810006730063E+13
 0.13417469310147E+13
 0.12997938720960E+13
 0.12588322465594E+13
 0.12162482793185E+13
 0.11751318116925E+13
 0.11345921848443E+13
 0.10985982676680E+13
 0.10650123360874E+13
 0.10288503504340E+13
