 0.27012023104138E+08
 0.27012023159520E+08
 0.27012023104138E+08
 0.27012023104138E+08
 0.27012023104138E+08
 0.27012023104138E+08
 0.27012023104138E+08
 0.27012023104138E+08
 0.27012023104138E+08
 0.27012023104138E+08
 0.27012023104138E+08
 0.27012023104138E+08
 0.27012023104138E+08
 0.27012023104138E+08
 0.27012023104138E+08
 0.27012023104138E+08
 0.27012023104138E+08
 0.27012023104138E+08
 0.27012023104138E+08
 0.27012023104138E+08
 0.27012023104138E+08
 0.27012023104138E+08
 0.27012023113829E+08
 0.27012023174224E+08
 0.27012023187608E+08
 0.27012023210587E+08
 0.27012023273422E+08
 0.27012023291680E+08
 0.27012023314911E+08
 0.27012023320904E+08
 0.27012023332028E+08
 0.27012023337849E+08
 0.27012023344568E+08
 0.27012023348313E+08
 0.27012023340984E+08
 0.27012023349714E+08
 0.27012023334419E+08
 0.27012023347009E+08
 0.27012023331854E+08
 0.27012023339228E+08
 0.27012023308832E+08
 0.27012023321609E+08
 0.27012023278283E+08
 0.27012023286015E+08
 0.27012023276327E+08
 0.27012023285849E+08
 0.27012023269847E+08
 0.27012023280080E+08
 0.27012023289603E+08
 0.27012023290099E+08
 0.27012023268866E+08
 0.27012023264777E+08
 0.27012023249802E+08
 0.27012023243903E+08
 0.27012023225148E+08
 0.27012023208839E+08
 0.27012023200406E+08
 0.27012023184095E+08
 0.27012023169117E+08
 0.27012023145693E+08
 0.27012023136754E+08
 0.27012023113007E+08
 0.27012023097057E+08
 0.27012023097322E+08
 0.27012023076620E+08
 0.27012023067066E+08
 0.27012023052153E+08
 0.27012023052516E+08
 0.27012023045418E+08
 0.27012023032855E+08
 0.27012023039998E+08
 0.27012023034188E+08
 0.27012023032415E+08
 0.27012023032073E+08
 0.27012023028726E+08
 0.27012023030832E+08
 0.27012023040662E+08
 0.27012023037320E+08
 0.27012023038873E+08
 0.27012023046960E+08
 0.27012023048946E+08
 0.27012023067145E+08
 0.27012023049680E+08
 0.27012023070098E+08
 0.27012023064536E+08
 0.27012023064531E+08
 0.27012023057476E+08
 0.27012023046237E+08
 0.27012023063541E+08
 0.27012023060527E+08
 0.27012023054937E+08
 0.27012023035943E+08
 0.27012023059298E+08
 0.27012023072255E+08
 0.27012023076510E+08
 0.27012023071991E+08
 0.27012023145338E+08
 0.27012023225863E+08
 0.27012023292421E+08
 0.27012023331581E+08
 0.27012023390658E+08
 0.27012023410789E+08
 0.27012023437129E+08
 0.27012023449553E+08
 0.27012023459904E+08
 0.27012023785692E+08
 0.27012023824176E+08
 0.27012023864858E+08
 0.27012023898422E+08
 0.27012023927204E+08
 0.27012023958156E+08
 0.27012023964860E+08
 0.27012024168410E+08
 0.27012024225339E+08
 0.27012024273981E+08
 0.27012024279721E+08
 0.27012024314937E+08
 0.27012024321331E+08
 0.27012024490485E+08
 0.27012024538501E+08
 0.27012024589074E+08
 0.27012024589573E+08
 0.27012024613252E+08
 0.27012024637419E+08
 0.27012024801669E+08
 0.27012024833926E+08
 0.27012024857822E+08
 0.27012024872074E+08
 0.27012024881819E+08
 0.27012058014774E+08
 0.27012058043786E+08
 0.27012058052416E+08
 0.27012058067993E+08
 0.27012058069744E+08
 0.27012058206383E+08
 0.27012058245998E+08
 0.27012058292409E+08
 0.27012058294129E+08
 0.27012058262476E+08
 0.27012058261285E+08
 0.27012058384629E+08
 0.27012058379856E+08
 0.27012058432718E+08
 0.27012058431428E+08
 0.27012058368824E+08
 0.27012058456297E+08
 0.27012058527493E+08
 0.27012058525042E+08
 0.27012058506792E+08
 0.27012058476431E+08
 0.27012058509188E+08
 0.27012058394160E+08
 0.27012058254313E+08
 0.27012058200270E+08
 0.27012058076605E+08
 0.27012058181540E+08
 0.27012058292167E+08
 0.27012058230758E+08
 0.27012058122886E+08
 0.27012058108057E+08
 0.27012058049810E+08
 0.27012058086021E+08
 0.27012058079058E+08
 0.27012058047328E+08
 0.27012057954223E+08
 0.27012057963333E+08
 0.27012058013292E+08
 0.27012057966065E+08
 0.27012057984893E+08
 0.27012057948444E+08
 0.27012057841539E+08
 0.27012057848473E+08
 0.27012057941358E+08
 0.27012057894754E+08
 0.27012057870721E+08
 0.27012057882200E+08
 0.27012057784613E+08
 0.27012057894121E+08
 0.27012057887083E+08
 0.27012057778504E+08
 0.27012057648661E+08
 0.27012057823786E+08
 0.27012057761177E+08
 0.27012057847896E+08
 0.27012057825185E+08
 0.27012057640413E+08
 0.27012057292944E+08
 0.27012057297563E+08
 0.27012057692444E+08
 0.27012057585375E+08
 0.27012057653222E+08
 0.27012057197108E+08
 0.27012057369601E+08
 0.27012057490493E+08
 0.27012057421685E+08
 0.27012057433511E+08
 0.27012057343374E+08
 0.27012057235223E+08
 0.27012057448013E+08
 0.27012057557220E+08
 0.27012057579758E+08
