 0.49124722325300E+07
 0.49124722326936E+07
 0.49124722325300E+07
 0.49124722325300E+07
 0.49124722325300E+07
 0.49124722325300E+07
 0.49124722325300E+07
 0.49124722325300E+07
 0.49124722325300E+07
 0.49124722325300E+07
 0.49124722325300E+07
 0.49124722325300E+07
 0.49124722325300E+07
 0.49124722325300E+07
 0.49124722325300E+07
 0.49124722325300E+07
 0.49124722325300E+07
 0.49124722325300E+07
 0.49124722325300E+07
 0.49124722325300E+07
 0.49124722325300E+07
 0.49124722325300E+07
 0.49124722342285E+07
 0.49124722255972E+07
 0.49124721981515E+07
 0.49124721682150E+07
 0.49124721453173E+07
 0.49124721402136E+07
 0.49124721413190E+07
 0.49124721458404E+07
 0.49124721524832E+07
 0.49124721579336E+07
 0.49124721649662E+07
 0.49124721727406E+07
 0.49124721802465E+07
 0.49124721905034E+07
 0.49124722006226E+07
 0.49124722024892E+07
 0.49124722095006E+07
 0.49124722149447E+07
 0.49124722241671E+07
 0.49124722255734E+07
 0.49124722348052E+07
 0.49124722351494E+07
 0.49124722355837E+07
 0.49124722366377E+07
 0.49124722383317E+07
 0.49124722406373E+07
 0.49124722450041E+07
 0.49124722473703E+07
 0.49124722521496E+07
 0.49124722514557E+07
 0.49124722519418E+07
 0.49124722514612E+07
 0.49124722516505E+07
 0.49124722528258E+07
 0.49124722512061E+07
 0.49124722510248E+07
 0.49124722502243E+07
 0.49124722509752E+07
 0.49124722488316E+07
 0.49124722483339E+07
 0.49124722471616E+07
 0.49124722457247E+07
 0.49124722446122E+07
 0.49124722444045E+07
 0.49124722437368E+07
 0.49124722403204E+07
 0.49124722388009E+07
 0.49124722389394E+07
 0.49124722333503E+07
 0.49124722315887E+07
 0.49124722287932E+07
 0.49124722255035E+07
 0.49124722263753E+07
 0.49124722250314E+07
 0.49124722203026E+07
 0.49124722262955E+07
 0.49124722264450E+07
 0.49124722281634E+07
 0.49124722226750E+07
 0.49124722257851E+07
 0.49124722258447E+07
 0.49124722271686E+07
 0.49124722286228E+07
 0.49124722279532E+07
 0.49124722284360E+07
 0.49124722216008E+07
 0.49124722261804E+07
 0.49124722256947E+07
 0.49124722261705E+07
 0.49124722233663E+07
 0.49124722247003E+07
 0.49124722143904E+07
 0.49124722236296E+07
 0.49124722235224E+07
 0.49124722294903E+07
 0.49124722280543E+07
 0.49124722378209E+07
 0.49124722389801E+07
 0.49124722419649E+07
 0.49124722451424E+07
 0.49124722466170E+07
 0.49124722481755E+07
 0.49124722464976E+07
 0.49124722686023E+07
 0.49124722740101E+07
 0.49124722741192E+07
 0.49124722730711E+07
 0.49124722702357E+07
 0.49124722787833E+07
 0.49124722831554E+07
 0.49124722982223E+07
 0.49124722948934E+07
 0.49124723026592E+07
 0.49124723010746E+07
 0.49124723054516E+07
 0.49124723095832E+07
 0.49124723228257E+07
 0.49124723238032E+07
 0.49124723257692E+07
 0.49124723279998E+07
 0.49124723227109E+07
 0.49124723325268E+07
 0.49124723479113E+07
 0.49124723478543E+07
 0.49124723506563E+07
 0.49124723529019E+07
 0.49124723534663E+07
 0.49124623218801E+07
 0.49124623281537E+07
 0.49124623298555E+07
 0.49124623317815E+07
 0.49124623320269E+07
 0.49124623375007E+07
 0.49124623467552E+07
 0.49124623497876E+07
 0.49124623501790E+07
 0.49124623480369E+07
 0.49124623491914E+07
 0.49124623604515E+07
 0.49124623614222E+07
 0.49124623643218E+07
 0.49124623650321E+07
 0.49124623542051E+07
 0.49124623636829E+07
 0.49124623673030E+07
 0.49124623717200E+07
 0.49124623715093E+07
 0.49124623674320E+07
 0.49124623755791E+07
 0.49124623720384E+07
 0.49124623653242E+07
 0.49124623609712E+07
 0.49124623520661E+07
 0.49124623598458E+07
 0.49124623701208E+07
 0.49124623656715E+07
 0.49124623570352E+07
 0.49124623581639E+07
 0.49124623534460E+07
 0.49124623596221E+07
 0.49124623572417E+07
 0.49124623574172E+07
 0.49124623503648E+07
 0.49124623513522E+07
 0.49124623575766E+07
 0.49124623531649E+07
 0.49124623588900E+07
 0.49124623554611E+07
 0.49124623454150E+07
 0.49124623468179E+07
 0.49124623589951E+07
 0.49124623535215E+07
 0.49124623555128E+07
 0.49124623530082E+07
 0.49124623468850E+07
 0.49124623560099E+07
 0.49124623581821E+07
 0.49124623521109E+07
 0.49124623404883E+07
 0.49124623571615E+07
 0.49124623490174E+07
 0.49124623605916E+07
 0.49124623561579E+07
 0.49124623417306E+07
 0.49124623182376E+07
 0.49124623167230E+07
 0.49124623457108E+07
 0.49124623400149E+07
 0.49124623462152E+07
 0.49124623166976E+07
 0.49124623211057E+07
 0.49124623286852E+07
 0.49124623229714E+07
 0.49124623316615E+07
 0.49124623241626E+07
 0.49124623193050E+07
 0.49124623306713E+07
 0.49124623415682E+07
 0.49124623422177E+07
