 0.20000000000000E+05
 0.19997098478896E+05
 0.19995647876092E+05
 0.19991296699233E+05
 0.19985496603496E+05
 0.19984774934645E+05
 0.19984108749496E+05
 0.19983964961173E+05
 0.19983328198506E+05
 0.19983027379827E+05
 0.19982876972175E+05
 0.19982425756033E+05
 0.19981824150419E+05
 0.19981482179951E+05
 0.19981311196898E+05
 0.19980798256546E+05
 0.19980114356627E+05
 0.19979772745247E+05
 0.19979601941734E+05
 0.19979089539982E+05
 0.19978406358156E+05
 0.19978046177611E+05
 0.19977866089761E+05
 0.19977325835976E+05
 0.19976605520394E+05
 0.19976232595941E+05
 0.19976046136311E+05
 0.19975486767892E+05
 0.19974740967773E+05
 0.19973609914362E+05
 0.19973044411632E+05
 0.19971347999588E+05
 0.19969086341217E+05
 0.19968733654319E+05
 0.19967926447694E+05
 0.19967522856588E+05
 0.19966312132273E+05
 0.19964697947542E+05
 0.19964317845802E+05
 0.19963860177308E+05
 0.19963631346979E+05
 0.19962944871762E+05
 0.19962029608283E+05
 0.19961495388224E+05
 0.19961228283536E+05
 0.19960426990955E+05
 0.19959358650990E+05
 0.19958836530087E+05
 0.19958575474738E+05
 0.19957792329217E+05
 0.19956748183094E+05
 0.19956213610635E+05
 0.19955946329756E+05
 0.19955144508636E+05
 0.19954075464030E+05
 0.19953443162127E+05
 0.19953127018665E+05
 0.19952178618381E+05
 0.19950914154917E+05
 0.19950262344811E+05
 0.19949936447719E+05
 0.19948958788433E+05
 0.19947655317377E+05
 0.19946968454773E+05
 0.19946625032315E+05
 0.19945594800467E+05
 0.19944221240912E+05
 0.19943439405638E+05
 0.19943048499465E+05
 0.19941875826976E+05
 0.19940312371075E+05
 0.19939458036597E+05
 0.19939030883053E+05
 0.19937749477389E+05
 0.19936041064773E+05
 0.19935211650782E+05
 0.19934796956695E+05
 0.19933552926257E+05
 0.19931894339932E+05
 0.19931118635242E+05
 0.19930730794189E+05
 0.19929567316369E+05
 0.19928016118414E+05
 0.19927050229852E+05
 0.19926567303092E+05
 0.19925118593102E+05
 0.19923187143811E+05
 0.19922233318954E+05
 0.19921756423614E+05
 0.19920325806160E+05
 0.19918418476221E+05
 0.19917296265924E+05
 0.19916735184443E+05
 0.19915052034919E+05
 0.19912808057040E+05
 0.19911640108138E+05
 0.19911056159332E+05
 0.19909304415754E+05
 0.19906968997615E+05
 0.19906757484260E+05
 0.19906263254663E+05
 0.19904780639569E+05
 0.19902803991409E+05
 0.19901507447715E+05
 0.19900859207493E+05
 0.19898914613610E+05
 0.19896322117597E+05
 0.19894789953861E+05
 0.19894023916183E+05
 0.19891725980231E+05
 0.19888662478822E+05
 0.19888492491775E+05
 0.19886580048508E+05
 0.19884030410463E+05
 0.19879868360769E+05
 0.19877787662473E+05
 0.19871546874443E+05
 0.19863228872325E+05
 0.19860804043495E+05
 0.19859331888791E+05
 0.19858595852305E+05
 0.19856387906629E+05
 0.19853444361217E+05
 0.19851962191368E+05
 0.19851221147883E+05
 0.19848998183507E+05
 0.19846034618519E+05
 0.19844544246184E+05
 0.19843799101931E+05
 0.19841563837159E+05
 0.19838583876088E+05
 0.19837938701204E+05
 0.19837230612177E+05
 0.19835106496842E+05
 0.19832274697143E+05
 0.19830879995392E+05
 0.19830182681246E+05
 0.19828090886027E+05
 0.19825302169247E+05
 0.19820125645203E+05
 0.19817537889870E+05
 0.19809776651254E+05
 0.19799433062144E+05
 0.19797948840326E+05
 0.19796727345052E+05
 0.19793063311577E+05
 0.19788178988973E+05
 0.19785946215910E+05
 0.19784829923771E+05
 0.19781481425385E+05
 0.19777017642859E+05
 0.19774981693338E+05
 0.19773963797100E+05
 0.19770910422897E+05
 0.19766839991102E+05
 0.19764672824124E+05
 0.19763589329656E+05
 0.19760339202782E+05
 0.19756006532117E+05
 0.19753908699420E+05
 0.19752859866531E+05
 0.19749713702135E+05
 0.19745519596181E+05
 0.19743334277514E+05
 0.19742241708798E+05
 0.19738964365566E+05
 0.19734595421326E+05
 0.19732070258010E+05
 0.19730807797427E+05
 0.19727020900479E+05
 0.19721972835622E+05
 0.19719470904282E+05
 0.19718220057545E+05
 0.19714467993561E+05
 0.19709466352657E+05
 0.19706658345378E+05
 0.19705254491659E+05
 0.19701043530725E+05
 0.19695430316470E+05
 0.19692412859168E+05
 0.19690904303768E+05
 0.19686379331145E+05
 0.19680347652399E+05
 0.19677231766547E+05
 0.19675674008505E+05
 0.19671001474497E+05
 0.19664773155805E+05
 0.19661824428090E+05
 0.19660350229937E+05
 0.19655928298856E+05
 0.19650033938395E+05
 0.19644880402587E+05
 0.19642304141361E+05
 0.19634577385023E+05
 0.19624279772164E+05
 0.19619210239866E+05
 0.19616675964653E+05
 0.19609075103386E+05
 0.19598945203773E+05
 0.19594026833687E+05
 0.19586343627817E+05
 0.19582697728185E+05
 0.19580875032741E+05
 0.19575407964523E+05
 0.19568120915327E+05
 0.19563959679029E+05
 0.19561879392574E+05
 0.19555639860641E+05
 0.19547323581290E+05
 0.19543374120011E+05
 0.19541399688474E+05
 0.19535477590917E+05
 0.19527584253310E+05
 0.19523711642368E+05
 0.19521775624761E+05
 0.19515968724032E+05
 0.19508228877329E+05
 0.19503856162863E+05
 0.19501670173030E+05
 0.19495113673779E+05
 0.19486375104442E+05
 0.19481369005067E+05
 0.19478866437494E+05
 0.19471360663853E+05
 0.19461357465434E+05
 0.19456275517460E+05
 0.19453735040949E+05
 0.19446115601938E+05
 0.19435960992979E+05
 0.19431032330735E+05
 0.19428568468136E+05
 0.19421178755062E+05
 0.19411330177288E+05
 0.19405552118085E+05
 0.19402663733270E+05
 0.19394001158500E+05
 0.19382457075798E+05
 0.19377073773394E+05
 0.19374382682704E+05
 0.19366311653261E+05
 0.19355555511663E+05
 0.19348631424154E+05
 0.19345170309058E+05
 0.19334790678621E+05
 0.19320959835398E+05
 0.19311483515116E+05
 0.19306747097703E+05
 0.19292544815074E+05
 0.19273624690258E+05
 0.19264056797770E+05
 0.19259274632467E+05
 0.19244935258923E+05
 0.19225832702285E+05
 0.19222838396505E+05
 0.19218767239982E+05
 0.19206558943607E+05
 0.19190293279283E+05
 0.19188297847290E+05
 0.19184658571099E+05
 0.19173744883921E+05
 0.19159202959568E+05
 0.19151723211056E+05
 0.19147984431627E+05
 0.19136772472612E+05
 0.19121833407089E+05
 0.19114391561848E+05
 0.19110671725105E+05
 0.19099516558350E+05
 0.19084653132384E+05
 0.19076385275039E+05
 0.19072252689332E+05
 0.19059860303591E+05
 0.19043349648789E+05
 0.19035490564837E+05
 0.19031562238928E+05
 0.19019782125211E+05
 0.19004086650233E+05
 0.18995584575497E+05
 0.18991334964294E+05
 0.18978591834699E+05
 0.18961614296870E+05
 0.18952909194030E+05
 0.18948558141063E+05
 0.18935510975165E+05
 0.18918128729300E+05
 0.18906863891406E+05
 0.18901233987666E+05
 0.18884354333797E+05
 0.18861871577442E+05
 0.18848325038395E+05
 0.18841555417210E+05
 0.18821261139555E+05
 0.18794236104195E+05
 0.18790748758494E+05
 0.18784401858134E+05
 0.18765374017757E+05
 0.18740033545513E+05
 0.18726496774311E+05
 0.18719732055481E+05
 0.18699452558498E+05
 0.18672447402104E+05
 0.18667236262210E+05
 0.18660286561485E+05
 0.18639452980484E+05
 0.18611711052956E+05
 0.18598890460929E+05
 0.18592483476597E+05
 0.18573275764058E+05
 0.18547696347024E+05
 0.18534957360403E+05
 0.18528591148030E+05
 0.18509505628495E+05
 0.18484088849097E+05
 0.18470264667900E+05
 0.18463356454416E+05
 0.18442647313907E+05
 0.18415071257379E+05
 0.18398308975709E+05
 0.18389933556806E+05
 0.18364830170734E+05
 0.18331412289784E+05
 0.18307692987787E+05
 0.18295844847430E+05
 0.18260346414650E+05
 0.18213122292468E+05
 0.18204628107500E+05
 0.18167999827976E+05
 0.18150172825069E+05
 0.18123076254551E+05
 0.18106562129285E+05
 0.18098310709901E+05
 0.18073579007860E+05
 0.18040655972544E+05
 0.18019180189578E+05
 0.18008451886072E+05
 0.17976305286600E+05
 0.17933532405097E+05
 0.17909399922393E+05
 0.17897345860692E+05
 0.17861232334026E+05
 0.17813194298441E+05
 0.17786886488031E+05
 0.17773747155413E+05
 0.17734387367693E+05
 0.17682043207670E+05
 0.17652152934978E+05
 0.17637226750653E+05
 0.17592523884288E+05
 0.17533096267425E+05
 0.17531455401348E+05
 0.17519653929924E+05
 0.17484297161677E+05
 0.17437265779220E+05
 0.17412904125376E+05
 0.17400736063922E+05
 0.17364282875535E+05
 0.17315797393980E+05
 0.17281320897466E+05
 0.17264108398045E+05
 0.17212573697764E+05
 0.17144099990434E+05
 0.17138459346848E+05
 0.17116331720935E+05
 0.17050120114098E+05
 0.16962236230792E+05
 0.16919172211261E+05
 0.16897681216640E+05
 0.16833371886477E+05
 0.16748006680896E+05
 0.16731765952216E+05
 0.16674789953289E+05
 0.16648499467365E+05
 0.16635369771703E+05
 0.16596042781738E+05
 0.16543751384341E+05
 0.16517489222070E+05
 0.16504373777669E+05
 0.16465089897981E+05
 0.16412856808928E+05
 0.16378802594949E+05
 0.16361801992382E+05
 0.16310905990010E+05
 0.16243290850852E+05
 0.16209359098122E+05
 0.16192419810666E+05
 0.16141708089349E+05
 0.16074339434786E+05
 0.16039555759411E+05
 0.16022192156602E+05
 0.15970214051070E+05
 0.15901172126343E+05
 0.15856099730109E+05
 0.15833611462672E+05
 0.15766337849743E+05
 0.15677084124158E+05
 0.15620198506788E+05
 0.15591833148209E+05
 0.15507045761588E+05
 0.15394712707581E+05
 0.15321150494314E+05
 0.15284501306462E+05
 0.15175078913438E+05
 0.15030399992551E+05
 0.14978387292270E+05
 0.14876985760054E+05
 0.14854783258414E+05
 0.14822143928787E+05
 0.14724655610853E+05
 0.14595667893614E+05
 0.14557260516224E+05
 0.14464982980799E+05
 0.14415144711047E+05
 0.14390290004433E+05
 0.14315982720932E+05
 0.14217502878557E+05
 0.14153858837447E+05
 0.14122143731806E+05
 0.14027424174647E+05
 0.13902118950925E+05
 0.13897125275274E+05
 0.13826637483765E+05
 0.13733209602727E+05
 0.13675262158945E+05
 0.13646380190716E+05
 0.13560099765215E+05
 0.13445907192067E+05
 0.13376025657041E+05
 0.13341221201670E+05
 0.13237350266474E+05
 0.13100112602517E+05
 0.13036858986802E+05
 0.13005346800964E+05
 0.12911266532233E+05
 0.12786884004457E+05
 0.12709046319653E+05
 0.12670305338248E+05
 0.12554789525618E+05
 0.12402405049381E+05
 0.12302725402596E+05
 0.12253186405733E+05
 0.12105763075457E+05
 0.11911954067715E+05
 0.11886253162044E+05
 0.11769727949788E+05
 0.11616136047575E+05
 0.11598916414338E+05
 0.11488404297664E+05
 0.11342690988388E+05
 0.11270363462103E+05
 0.11234372831256E+05
 0.11127089069151E+05
 0.10985636066324E+05
 0.10919647404108E+05
 0.10886801862788E+05
 0.10788856838516E+05
 0.10659632837134E+05
 0.10588036815466E+05
 0.10552419333869E+05
 0.10446284173118E+05
 0.10306429330745E+05
 0.10243845079856E+05
 0.10212695609220E+05
 0.10119814366305E+05
 0.99972854089014E+04
 0.99309320641395E+04
 0.98979207210146E+04
 0.97995436353414E+04
 0.96698935189247E+04
 0.95889377661175E+04
 0.95487144011908E+04
 0.94290538501867E+04
 0.92718358222066E+04
 0.92535139237124E+04
 0.92173928226579E+04
 0.91098733179263E+04
 0.89684624346983E+04
 0.89045671159106E+04
 0.88727903644064E+04
 0.87781388865631E+04
 0.86535057158772E+04
 0.85925463942627E+04
 0.85622279554561E+04
 0.84719129989928E+04
 0.83529732261726E+04
 0.82963801467087E+04
 0.82682275537359E+04
 0.81843416744300E+04
 0.80738162380585E+04
 0.80142639066674E+04
 0.79846526631983E+04
 0.78964737705321E+04
 0.77804148750354E+04
 0.77115163025848E+04
 0.76772961489024E+04
 0.75755441200291E+04
 0.74419694618795E+04
 0.74163003779007E+04
 0.73283085928311E+04
 0.72126080657119E+04
 0.71582445347503E+04
 0.71312166185064E+04
 0.70507436417940E+04
 0.69448571846137E+04
 0.68953336349104E+04
 0.68707044475997E+04
 0.67973434660197E+04
 0.67007458544193E+04
 0.66460253404376E+04
 0.66188328849079E+04
 0.65379212568491E+04
 0.64315756033980E+04
 0.63832349110891E+04
 0.63592009852867E+04
 0.62876407998560E+04
 0.61934782982879E+04
 0.61434778290356E+04
 0.61186291685961E+04
 0.60446846020531E+04
 0.59474800790908E+04
 0.59032167328908E+04
 0.58812087458870E+04
 0.58156758581360E+04
 0.57294331673375E+04
 0.56850699025602E+04
 0.56630172503047E+04
 0.55973712303847E+04
 0.55110254195989E+04
 0.54688935737429E+04
 0.54479485905018E+04
 0.53855937116928E+04
 0.53035626468342E+04
 0.52619541825798E+04
 0.52412725222811E+04
 0.51797139926765E+04
 0.50987591610028E+04
 0.50596092689857E+04
 0.50401471931963E+04
 0.49822089898662E+04
 0.49059927638429E+04
 0.48686267468902E+04
 0.48500505958853E+04
 0.47947463265828E+04
 0.47219870347020E+04
 0.46858192571392E+04
 0.46678393843705E+04
 0.46143126523196E+04
 0.45438972614172E+04
 0.45090156041763E+04
 0.44916753177423E+04
 0.44400535486056E+04
 0.43721462241674E+04
 0.43390455572421E+04
 0.43225893159854E+04
 0.42735941198472E+04
 0.42091299783222E+04
 0.41775597391061E+04
 0.41618635259095E+04
 0.41151278524424E+04
 0.40536289911092E+04
 0.40233761798695E+04
 0.40083345466375E+04
 0.39635462132972E+04
 0.39046059600259E+04
 0.38754296210608E+04
 0.38609233078563E+04
 0.38177293539531E+04
 0.37608881775004E+04
 0.37327648137440E+04
 0.37187820927744E+04
 0.36771474186194E+04
 0.36223587168654E+04
 0.35956282157387E+04
 0.35823370251471E+04
 0.35427575137910E+04
 0.34906642370609E+04
 0.34649539469783E+04
 0.34521699012924E+04
 0.34141000732619E+04
 0.33639925690320E+04
 0.33393416831958E+04
 0.33270840617274E+04
 0.32905805012202E+04
 0.32425313370861E+04
 0.32189564291471E+04
 0.32072333281579E+04
 0.31723195713539E+04
 0.31263584024621E+04
 0.31039869766543E+04
 0.30928613663117E+04
 0.30597232306518E+04
 0.30160907033020E+04
 0.29945747330086E+04
 0.29838743741030E+04
 0.29520021632088E+04
 0.29100348339124E+04
 0.28894015981882E+04
 0.28791399060955E+04
 0.28485729801047E+04
 0.28083212943778E+04
 0.27885932571951E+04
 0.27787812688445E+04
 0.27495519674823E+04
 0.27110572740026E+04
 0.26921623577009E+04
 0.26827643399643E+04
 0.26547666746205E+04
 0.26178904433224E+04
 0.25997515783709E+04
 0.25907293301010E+04
 0.25638500187140E+04
 0.25284442497608E+04
 0.25110677335534E+04
 0.25024243082490E+04
 0.24766721352082E+04
 0.24427476779445E+04
 0.24261187399028E+04
 0.24178467689848E+04
 0.23931996953299E+04
 0.23607273200903E+04
 0.23448031580461E+04
 0.23368814027326E+04
 0.23132763552758E+04
 0.22821734465405E+04
 0.22668967943729E+04
 0.22592968583431E+04
 0.22366495860743E+04
 0.22068059699917E+04
 0.21921761289556E+04
 0.21848976185034E+04
 0.21632067652307E+04
 0.21346202320048E+04
 0.21205672394349E+04
 0.21135754743843E+04
 0.20927381927284E+04
 0.20652743611922E+04
 0.20518043481566E+04
 0.20451023221377E+04
 0.20251273086287E+04
 0.19987971206902E+04
 0.19858708796386E+04
 0.19794391404160E+04
 0.19602686389695E+04
 0.19349964709330E+04
 0.19225887201221E+04
 0.19164147121213E+04
 0.18980113942591E+04
 0.18737482550138E+04
 0.18618232101454E+04
 0.18558891780281E+04
 0.18382003200677E+04
 0.18148771617249E+04
 0.18034186225487E+04
 0.17977165108873E+04
 0.17807181239514E+04
 0.17583033710578E+04
 0.17472796483267E+04
 0.17417937314776E+04
 0.17254391103547E+04
 0.17038715770953E+04
 0.16932644473435E+04
 0.16879856703483E+04
 0.16722478754091E+04
 0.16514921622174E+04
 0.16412786494428E+04
 0.16361956041928E+04
 0.16210407279632E+04
 0.16010523559073E+04
 0.15912133976234E+04
 0.15863166155562E+04
 0.15717165009916E+04
 0.15524585012121E+04
 0.15429761506403E+04
 0.15382567167910E+04
 0.15241848507648E+04
 0.15056224074110E+04
 0.14964716692308E+04
 0.14919171773492E+04
 0.14783367036093E+04
 0.14604215113460E+04
 0.14515864749142E+04
 0.14471890206023E+04
 0.14340764279815E+04
 0.14167776050552E+04
 0.14082415902380E+04
 0.14039928886072E+04
 0.13913235413132E+04
 0.13746087453163E+04
 0.13663567462862E+04
 0.13622493428207E+04
 0.13500010692864E+04
 0.13338411814595E+04
 0.13258554766632E+04
 0.13218805719391E+04
 0.13100272172011E+04
 0.12943879259367E+04
 0.12866676906190E+04
 0.12828248586886E+04
 0.12713650911852E+04
 0.12562444979477E+04
 0.12487362547624E+04
 0.12449989794169E+04
 0.12338541324154E+04
 0.12191493822883E+04
 0.12118792722214E+04
 0.12082604927425E+04
 0.11974688639199E+04
 0.11832298218946E+04
 0.11761728006953E+04
 0.11726600916011E+04
 0.11621847875330E+04
 0.11483631462933E+04
 0.11414999752125E+04
 0.11380837894224E+04
 0.11278964552494E+04
 0.11144550694511E+04
 0.11077772383271E+04
 0.11044533464058E+04
 0.10945413951707E+04
 0.10814637167535E+04
 0.10749635062203E+04
 0.10717280712820E+04
 0.10620800822450E+04
 0.10493510918443E+04
 0.10430143576904E+04
 0.10398603602543E+04
 0.10304554829015E+04
 0.10180478603359E+04
 0.10118633716938E+04
 0.10087852373123E+04
 0.99960690980942E+03
 0.98749894627472E+03
 0.98145685842804E+03
 0.97844970084300E+03
 0.96948340617545E+03
 0.95765607402017E+03
 0.95174606744781E+03
 0.94880476668331E+03
 0.94003530075503E+03
 0.92846868903698E+03
 0.92268134429227E+03
 0.91980122803051E+03
 0.91121471955558E+03
 0.89989067153859E+03
 0.89421639269594E+03
 0.89139270318824E+03
 0.88297503466803E+03
 0.87187508940575E+03
 0.86630463513044E+03
 0.86353279262903E+03
 0.85527038185391E+03
 0.84437679634376E+03
 0.83890098696899E+03
 0.83617644508298E+03
 0.82805581769289E+03
 0.81735101259536E+03
 0.81196025894082E+03
 0.80927827202836E+03
 0.80128537437191E+03
 0.79075104352163E+03
 0.78543560276965E+03
 0.78279135369115E+03
 0.77491193355507E+03
 0.76452954754823E+03
 0.75927821021717E+03
 0.75666616207225E+03
 0.74888385345658E+03
 0.73863217723139E+03
 0.73343169755167E+03
 0.73084531489733E+03
 0.72314082011598E+03
 0.71299487045035E+03
 0.70782763603164E+03
 0.70525823758582E+03
 0.69760594582639E+03
 0.68753263271449E+03
 0.68237183637133E+03
 0.67980621902297E+03
 0.67216720784632E+03
 0.66211632407884E+03
 0.65691464805156E+03
 0.65432952155988E+03
 0.64663517707325E+03
 0.63651834168758E+03
 0.63117227015308E+03
 0.62851671327819E+03
 0.62061713580094E+03
 0.61024156118691E+03
 0.60440850231237E+03
 0.60151415373833E+03
 0.59291445786453E+03
 0.58164541778877E+03
 0.57517422792001E+03
 0.57196859327603E+03
 0.56245946571600E+03
 0.55004191294334E+03
 0.54624556366374E+03
 0.53719333100163E+03
 0.53698094901971E+03
 0.53505062145833E+03
 0.52930209414539E+03
 0.52174698492126E+03
 0.52049905208907E+03
 0.51882537527835E+03
 0.51383766958171E+03
 0.50727853477435E+03
 0.50434343108988E+03
 0.50288712083957E+03
 0.49854476565452E+03
 0.49283482200366E+03
 0.49023618924270E+03
 0.48894856891255E+03
 0.48510776576987E+03
 0.48006250842155E+03
 0.47775387391007E+03
 0.47661265766895E+03
 0.47320767226159E+03
 0.46874463104724E+03
 0.46670861836900E+03
 0.46570603095338E+03
 0.46271411867148E+03
 0.45880711411572E+03
 0.45703749333681E+03
 0.45617126263682E+03
 0.45358593036162E+03
 0.45022953697311E+03
 0.44872890728745E+03
 0.44800070649491E+03
 0.44582699506394E+03
 0.44302837872436E+03
 0.44258254816588E+03
 0.44198606451983E+03
 0.44020490356966E+03
 0.43793042765626E+03
 0.43787468883024E+03
 0.43741162442252E+03
 0.43602795392894E+03
 0.43427058673774E+03
 0.43332675650887E+03
 0.43288783563866E+03
 0.43157607465459E+03
 0.42995700599619E+03
 0.42910348466560E+03
 0.42872461419437E+03
 0.42758968014751E+03
 0.42625599396030E+03
 0.42555993607749E+03
 0.42527549987062E+03
 0.42441623459448E+03
 0.42349311179516E+03
 0.42299930191452E+03
 0.42282927204346E+03
 0.42230137761577E+03
 0.42184665185734E+03
 0.42158202736768E+03
 0.42153353015076E+03
 0.42135612457518E+03
 0.42137135323583E+03
 0.42134599294787E+03
 0.42141169041157E+03
 0.42156521033246E+03
 0.42198718621998E+03
 0.42217410340749E+03
 0.42232303205975E+03
 0.42272106087533E+03
 0.42339396334268E+03
 0.42366431874899E+03
 0.42381453955134E+03
 0.42423628136074E+03
 0.42481183001346E+03
 0.42503943129544E+03
 0.42511545992267E+03
 0.42533843421026E+03
 0.42554326155142E+03
 0.42554191207904E+03
 0.42544121238878E+03
 0.42517486183334E+03
 0.42462852854096E+03
 0.42413886217656E+03
 0.42374490845971E+03
 0.42266632445423E+03
 0.42098956760176E+03
 0.41959946635802E+03
 0.41863604395573E+03
 0.41602796253194E+03
 0.41232630996200E+03
 0.41054759581593E+03
 0.40757196334433E+03
 0.40609748453293E+03
 0.40529966127974E+03
 0.40303217924351E+03
 0.40003672149656E+03
 0.39803654112709E+03
 0.39697095880640E+03
 0.39398430964019E+03
 0.39016098054190E+03
 0.38805928670870E+03
 0.38697988515415E+03
 0.38396634488781E+03
 0.38022047677898E+03
 0.37849166704606E+03
 0.37763117147659E+03
 0.37521494122326E+03
 0.37225196011370E+03
 0.37089628503299E+03
 0.37023307145778E+03
 0.36836428876440E+03
 0.36609147865664E+03
 0.36505255761108E+03
 0.36454971963364E+03
 0.36313009664896E+03
 0.36141295293748E+03
 0.36062843199955E+03
 0.36025125583524E+03
 0.35918534552621E+03
 0.35790072769261E+03
 0.35731401280755E+03
 0.35703307327516E+03
 0.35623880328977E+03
 0.35528383440759E+03
 0.35484775704587E+03
 0.35463942088917E+03
 0.35405038175291E+03
 0.35334322673649E+03
 0.35302033248896E+03
 0.35286624240837E+03
 0.35243064109643E+03
 0.35190816688050E+03
 0.35166959861318E+03
 0.35155579917900E+03
 0.35123417806943E+03
 0.35084862398938E+03
 0.35067256954149E+03
 0.35058859499676E+03
 0.35035133441548E+03
 0.35006700487449E+03
 0.34993716915033E+03
 0.34987523393268E+03
 0.34970029378562E+03
 0.34949069617297E+03
 0.34939498642631E+03
 0.34934932391919E+03
 0.34922038195384E+03
 0.34906592431635E+03
 0.34899539662119E+03
 0.34896174429192E+03
 0.34886673979443E+03
 0.34875295573499E+03
 0.34870100463958E+03
 0.34867621419179E+03
 0.34860624294803E+03
 0.34852245587340E+03
 0.34848420531995E+03
 0.34846595194781E+03
 0.34841444157368E+03
 0.34835277231148E+03
 0.34832462323528E+03
 0.34831119034447E+03
 0.34827328977281E+03
 0.34822792348522E+03
 0.34820721951684E+03
 0.34819733974727E+03
 0.34816946863418E+03
 0.34813611423671E+03
 0.34812089505352E+03
 0.34811363292670E+03
 0.34809314926276E+03
 0.34806864076311E+03
 0.34805746008868E+03
 0.34805212534040E+03
 0.34803708013778E+03
 0.34801908242296E+03
 0.34801087364426E+03
 0.34800695717967E+03
 0.34799591329712E+03
 0.34798270484210E+03
 0.34797668172503E+03
 0.34797380826953E+03
 0.34796570653306E+03
 0.34795601883744E+03
 0.34795160214682E+03
 0.34794949523422E+03
 0.34794355548075E+03
 0.34793645439876E+03
 0.34793321765831E+03
 0.34793167374332E+03
 0.34792732167706E+03
 0.34792211971423E+03
 0.34791974911810E+03
 0.34791861843953E+03
 0.34791543157736E+03
 0.34791162308752E+03
 0.34790988990441E+03
 0.34790906326270E+03
 0.34790673341462E+03
 0.34790394925383E+03
 0.34790267949722E+03
 0.34790207396452E+03
 0.34790036759490E+03
 0.34789832910156E+03
 0.34789740075616E+03
 0.34789695807021E+03
 0.34789571071696E+03
 0.34789422083152E+03
 0.34789354246865E+03
 0.34789321901028E+03
 0.34789230768748E+03
 0.34789121934403E+03
 0.34789072390250E+03
 0.34789048768077E+03
 0.34788982220033E+03
 0.34788902757613E+03
 0.34788866591012E+03
 0.34788849348234E+03
 0.34788800776264E+03
 0.34788742787023E+03
 0.34788716398500E+03
 0.34788703818296E+03
 0.34788668383441E+03
 0.34788626084452E+03
 0.34788606839281E+03
 0.34788597665075E+03
 0.34788571825980E+03
 0.34788540985817E+03
 0.34788526956549E+03
 0.34788520269156E+03
 0.34788501435577E+03
 0.34788478959804E+03
 0.34788468737188E+03
 0.34788463864598E+03
 0.34788450143005E+03
 0.34788433769903E+03
 0.34788426324127E+03
 0.34788422775299E+03
 0.34788412782220E+03
 0.34788400859569E+03
 0.34788395438489E+03
 0.34788392854809E+03
 0.34788385579954E+03
 0.34788376901407E+03
 0.34788372955957E+03
 0.34788371075652E+03
 0.34788365781623E+03
 0.34788359466811E+03
 0.34788356596369E+03
 0.34788355228449E+03
 0.34788351377284E+03
 0.34788346784039E+03
 0.34788344696429E+03
 0.34788343701615E+03
 0.34788340901034E+03
 0.34788337561152E+03
 0.34788336043386E+03
 0.34788335320152E+03
 0.34788333284231E+03
 0.34788330856496E+03
 0.34788329753380E+03
 0.34788329227754E+03
 0.34788327748181E+03
 0.34788325984027E+03
 0.34788325182526E+03
 0.34788324800631E+03
 0.34788323725699E+03
 0.34788322444130E+03
 0.34788321861945E+03
 0.34788321584560E+03
 0.34788320803831E+03
 0.34788319873100E+03
 0.34788319450338E+03
 0.34788319248917E+03
 0.34788318682026E+03
 0.34788318006272E+03
 0.34788317699359E+03
 0.34788317553139E+03
 0.34788317141624E+03
 0.34788316651123E+03
 0.34788316428370E+03
 0.34788316322248E+03
 0.34788316023599E+03
 0.34788315667652E+03
 0.34788315506020E+03
 0.34788315429020E+03
 0.34788315212332E+03
 0.34788314954090E+03
 0.34788314836835E+03
 0.34788314780978E+03
 0.34788314623794E+03
 0.34788314436479E+03
 0.34788314351437E+03
 0.34788314310925E+03
 0.34788314196930E+03
 0.34788314061091E+03
 0.34788313999424E+03
 0.34788313970049E+03
 0.34788313887392E+03
 0.34788313788904E+03
 0.34788313744196E+03
 0.34788313722900E+03
 0.34788313662979E+03
 0.34788313591584E+03
 0.34788313559178E+03
 0.34788313543742E+03
 0.34788313500310E+03
 0.34788313448566E+03
 0.34788313425081E+03
 0.34788313413894E+03
 0.34788313382420E+03
 0.34788313344924E+03
 0.34788313327907E+03
 0.34788313319802E+03
 0.34788313296997E+03
 0.34788313269831E+03
 0.34788313257502E+03
 0.34788313251630E+03
 0.34788313235110E+03
 0.34788313215430E+03
 0.34788313206500E+03
 0.34788313202247E+03
 0.34788313190281E+03
 0.34788313176027E+03
 0.34788313169559E+03
 0.34788313166479E+03
 0.34788313157812E+03
 0.34788313147490E+03
 0.34788313142806E+03
 0.34788313140576E+03
 0.34788313134300E+03
 0.34788313126826E+03
 0.34788313123435E+03
 0.34788313121820E+03
 0.34788313117276E+03
 0.34788313111865E+03
 0.34788313109410E+03
 0.34788313108241E+03
 0.34788313104952E+03
 0.34788313101034E+03
 0.34788313099257E+03
 0.34788313098411E+03
 0.34788313096030E+03
 0.34788313093194E+03
 0.34788313091908E+03
 0.34788313091296E+03
 0.34788313089572E+03
 0.34788313087520E+03
 0.34788313087424E+03
 0.34788313087376E+03
 0.34788313087233E+03
 0.34788313087045E+03
