 0.20000000000000E+05
 0.19997098478896E+05
 0.19995647876092E+05
 0.19991296699233E+05
 0.19985496603496E+05
 0.19984774934645E+05
 0.19984108749496E+05
 0.19983964961173E+05
 0.19983328198506E+05
 0.19983027379827E+05
 0.19982876972175E+05
 0.19982425756033E+05
 0.19981824150419E+05
 0.19981482179951E+05
 0.19981311196898E+05
 0.19980798256546E+05
 0.19980114356627E+05
 0.19979772745247E+05
 0.19979601941734E+05
 0.19979089539982E+05
 0.19978406358156E+05
 0.19978046177611E+05
 0.19977866089761E+05
 0.19977325835976E+05
 0.19976605520394E+05
 0.19976232595941E+05
 0.19976046136311E+05
 0.19975486767892E+05
 0.19974740967773E+05
 0.19973609914362E+05
 0.19973044411632E+05
 0.19971347999588E+05
 0.19969086341217E+05
 0.19968733654319E+05
 0.19967926447694E+05
 0.19967522856588E+05
 0.19966312132273E+05
 0.19964697947542E+05
 0.19964317845802E+05
 0.19963860177308E+05
 0.19963631346979E+05
 0.19962944871762E+05
 0.19962029608283E+05
 0.19961495388224E+05
 0.19961228283536E+05
 0.19960426990955E+05
 0.19959358650990E+05
 0.19958836530087E+05
 0.19958575474738E+05
 0.19957792329217E+05
 0.19956748183094E+05
 0.19956213610635E+05
 0.19955946329756E+05
 0.19955144508636E+05
 0.19954075464030E+05
 0.19953443162127E+05
 0.19953127018665E+05
 0.19952178618381E+05
 0.19950914154917E+05
 0.19950262344811E+05
 0.19949936447719E+05
 0.19948958788433E+05
 0.19947655317377E+05
 0.19946968454773E+05
 0.19946625032315E+05
 0.19945594800467E+05
 0.19944221240912E+05
 0.19943439405638E+05
 0.19943048499465E+05
 0.19941875826976E+05
 0.19940312371075E+05
 0.19939458036597E+05
 0.19939030883053E+05
 0.19937749477389E+05
 0.19936041064773E+05
 0.19935211650782E+05
 0.19934796956695E+05
 0.19933552926256E+05
 0.19931894339932E+05
 0.19931118635242E+05
 0.19930730794189E+05
 0.19929567316369E+05
 0.19928016118414E+05
 0.19927050229852E+05
 0.19926567303092E+05
 0.19925118593101E+05
 0.19923187143810E+05
 0.19922233318954E+05
 0.19921756423614E+05
 0.19920325806160E+05
 0.19918418476221E+05
 0.19917296265923E+05
 0.19916735184443E+05
 0.19915052034919E+05
 0.19912808057039E+05
 0.19911640108137E+05
 0.19911056159332E+05
 0.19909304415754E+05
 0.19906968997615E+05
 0.19906757484260E+05
 0.19906263254663E+05
 0.19904780639568E+05
 0.19902803991409E+05
 0.19901507447715E+05
 0.19900859207493E+05
 0.19898914613610E+05
 0.19896322117597E+05
 0.19894789953861E+05
 0.19894023916183E+05
 0.19891725980231E+05
 0.19888662478822E+05
 0.19888492491775E+05
 0.19886580048507E+05
 0.19884030410463E+05
 0.19879868360769E+05
 0.19877787662473E+05
 0.19871546874443E+05
 0.19863228872325E+05
 0.19860804043495E+05
 0.19859331888791E+05
 0.19858595852305E+05
 0.19856387906629E+05
 0.19853444361217E+05
 0.19851962191368E+05
 0.19851221147883E+05
 0.19848998183506E+05
 0.19846034618519E+05
 0.19844544246183E+05
 0.19843799101931E+05
 0.19841563837159E+05
 0.19838583876088E+05
 0.19837938701204E+05
 0.19837230612176E+05
 0.19835106496842E+05
 0.19832274697143E+05
 0.19830879995392E+05
 0.19830182681246E+05
 0.19828090886027E+05
 0.19825302169247E+05
 0.19820125645203E+05
 0.19817537889869E+05
 0.19809776651254E+05
 0.19799433062144E+05
 0.19797948840326E+05
 0.19796727345052E+05
 0.19793063311577E+05
 0.19788178988973E+05
 0.19785946215910E+05
 0.19784829923771E+05
 0.19781481425385E+05
 0.19777017642859E+05
 0.19774981693338E+05
 0.19773963797100E+05
 0.19770910422896E+05
 0.19766839991102E+05
 0.19764672824124E+05
 0.19763589329656E+05
 0.19760339202781E+05
 0.19756006532117E+05
 0.19753908699420E+05
 0.19752859866531E+05
 0.19749713702135E+05
 0.19745519596180E+05
 0.19743334277514E+05
 0.19742241708798E+05
 0.19738964365566E+05
 0.19734595421326E+05
 0.19732070258010E+05
 0.19730807797427E+05
 0.19727020900479E+05
 0.19721972835622E+05
 0.19719470904282E+05
 0.19718220057544E+05
 0.19714467993560E+05
 0.19709466352657E+05
 0.19706658345378E+05
 0.19705254491659E+05
 0.19701043530725E+05
 0.19695430316470E+05
 0.19692412859167E+05
 0.19690904303768E+05
 0.19686379331144E+05
 0.19680347652399E+05
 0.19677231766546E+05
 0.19675674008504E+05
 0.19671001474496E+05
 0.19664773155805E+05
 0.19661824428090E+05
 0.19660350229937E+05
 0.19655928298856E+05
 0.19650033938395E+05
 0.19644880402586E+05
 0.19642304141361E+05
 0.19634577385022E+05
 0.19624279772163E+05
 0.19619210239866E+05
 0.19616675964653E+05
 0.19609075103385E+05
 0.19598945203772E+05
 0.19594026833686E+05
 0.19586343627816E+05
 0.19582697728185E+05
 0.19580875032741E+05
 0.19575407964522E+05
 0.19568120915327E+05
 0.19563959679028E+05
 0.19561879392574E+05
 0.19555639860641E+05
 0.19547323581290E+05
 0.19543374120010E+05
 0.19541399688474E+05
 0.19535477590917E+05
 0.19527584253309E+05
 0.19523711642367E+05
 0.19521775624760E+05
 0.19515968724032E+05
 0.19508228877329E+05
 0.19503856162862E+05
 0.19501670173029E+05
 0.19495113673779E+05
 0.19486375104441E+05
 0.19481369005066E+05
 0.19478866437493E+05
 0.19471360663853E+05
 0.19461357465433E+05
 0.19456275517459E+05
 0.19453735040949E+05
 0.19446115601937E+05
 0.19435960992979E+05
 0.19431032330734E+05
 0.19428568468136E+05
 0.19421178755062E+05
 0.19411330177288E+05
 0.19405552118084E+05
 0.19402663733270E+05
 0.19394001158500E+05
 0.19382457075797E+05
 0.19377073773393E+05
 0.19374382682703E+05
 0.19366311653261E+05
 0.19355555511663E+05
 0.19348631424153E+05
 0.19345170309057E+05
 0.19334790678621E+05
 0.19320959835398E+05
 0.19311483515115E+05
 0.19306747097702E+05
 0.19292544815073E+05
 0.19273624690257E+05
 0.19264056797769E+05
 0.19259274632466E+05
 0.19244935258922E+05
 0.19225832702284E+05
 0.19222838396504E+05
 0.19218767239981E+05
 0.19206558943607E+05
 0.19190293279282E+05
 0.19188297847289E+05
 0.19184658571098E+05
 0.19173744883920E+05
 0.19159202959567E+05
 0.19151723211055E+05
 0.19147984431626E+05
 0.19136772472611E+05
 0.19121833407088E+05
 0.19114391561847E+05
 0.19110671725104E+05
 0.19099516558349E+05
 0.19084653132383E+05
 0.19076385275038E+05
 0.19072252689331E+05
 0.19059860303590E+05
 0.19043349648788E+05
 0.19035490564836E+05
 0.19031562238927E+05
 0.19019782125210E+05
 0.19004086650232E+05
 0.18995584575496E+05
 0.18991334964293E+05
 0.18978591834698E+05
 0.18961614296869E+05
 0.18952909194029E+05
 0.18948558141062E+05
 0.18935510975164E+05
 0.18918128729299E+05
 0.18906863891405E+05
 0.18901233987665E+05
 0.18884354333796E+05
 0.18861871577441E+05
 0.18848325038394E+05
 0.18841555417209E+05
 0.18821261139553E+05
 0.18794236104193E+05
 0.18790748758492E+05
 0.18784401858133E+05
 0.18765374017755E+05
 0.18740033545512E+05
 0.18726496774310E+05
 0.18719732055479E+05
 0.18699452558497E+05
 0.18672447402103E+05
 0.18667236262209E+05
 0.18660286561484E+05
 0.18639452980483E+05
 0.18611711052954E+05
 0.18598890460928E+05
 0.18592483476595E+05
 0.18573275764057E+05
 0.18547696347023E+05
 0.18534957360401E+05
 0.18528591148029E+05
 0.18509505628494E+05
 0.18484088849095E+05
 0.18470264667898E+05
 0.18463356454414E+05
 0.18442647313905E+05
 0.18415071257377E+05
 0.18398308975707E+05
 0.18389933556804E+05
 0.18364830170732E+05
 0.18331412289782E+05
 0.18307692987785E+05
 0.18295844847428E+05
 0.18260346414648E+05
 0.18213122292466E+05
 0.18204628107497E+05
 0.18167999827974E+05
 0.18150172825067E+05
 0.18123076254549E+05
 0.18106562129283E+05
 0.18098310709898E+05
 0.18073579007858E+05
 0.18040655972541E+05
 0.18019180189576E+05
 0.18008451886070E+05
 0.17976305286598E+05
 0.17933532405095E+05
 0.17909399922390E+05
 0.17897345860689E+05
 0.17861232334023E+05
 0.17813194298438E+05
 0.17786886488028E+05
 0.17773747155410E+05
 0.17734387367690E+05
 0.17682043207667E+05
 0.17652152934975E+05
 0.17637226750650E+05
 0.17592523884285E+05
 0.17533096267421E+05
 0.17531455401345E+05
 0.17519653929920E+05
 0.17484297161674E+05
 0.17437265779217E+05
 0.17412904125372E+05
 0.17400736063918E+05
 0.17364282875531E+05
 0.17315797393977E+05
 0.17281320897462E+05
 0.17264108398041E+05
 0.17212573697760E+05
 0.17144099990430E+05
 0.17138459346844E+05
 0.17116331720931E+05
 0.17050120114094E+05
 0.16962236230788E+05
 0.16919172211257E+05
 0.16897681216636E+05
 0.16833371886472E+05
 0.16748006680891E+05
 0.16731765952210E+05
 0.16674789953284E+05
 0.16648499467359E+05
 0.16635369771697E+05
 0.16596042781732E+05
 0.16543751384335E+05
 0.16517489222064E+05
 0.16504373777663E+05
 0.16465089897975E+05
 0.16412856808922E+05
 0.16378802594943E+05
 0.16361801992376E+05
 0.16310905990004E+05
 0.16243290850846E+05
 0.16209359098115E+05
 0.16192419810659E+05
 0.16141708089342E+05
 0.16074339434779E+05
 0.16039555759404E+05
 0.16022192156595E+05
 0.15970214051063E+05
 0.15901172126336E+05
 0.15856099730101E+05
 0.15833611462664E+05
 0.15766337849735E+05
 0.15677084124150E+05
 0.15620198506780E+05
 0.15591833148200E+05
 0.15507045761579E+05
 0.15394712707571E+05
 0.15321150494304E+05
 0.15284501306452E+05
 0.15175078913428E+05
 0.15030399992541E+05
 0.14978387292259E+05
 0.14876985760042E+05
 0.14854783258403E+05
 0.14822143928775E+05
 0.14724655610841E+05
 0.14595667893601E+05
 0.14557260516210E+05
 0.14464982980786E+05
 0.14415144711033E+05
 0.14390290004419E+05
 0.14315982720917E+05
 0.14217502878542E+05
 0.14153858837432E+05
 0.14122143731790E+05
 0.14027424174631E+05
 0.13902118950908E+05
 0.13897125275257E+05
 0.13826637483748E+05
 0.13733209602708E+05
 0.13675262158927E+05
 0.13646380190697E+05
 0.13560099765195E+05
 0.13445907192046E+05
 0.13376025657020E+05
 0.13341221201649E+05
 0.13237350266451E+05
 0.13100112602494E+05
 0.13036858986778E+05
 0.13005346800940E+05
 0.12911266532208E+05
 0.12786884004431E+05
 0.12709046319626E+05
 0.12670305338221E+05
 0.12554789525589E+05
 0.12402405049350E+05
 0.12302725402564E+05
 0.12253186405701E+05
 0.12105763075422E+05
 0.11911954067678E+05
 0.11886253162006E+05
 0.11769727949749E+05
 0.11616136047534E+05
 0.11598916414296E+05
 0.11488404297620E+05
 0.11342690988342E+05
 0.11270363462054E+05
 0.11234372831207E+05
 0.11127089069100E+05
 0.10985636066270E+05
 0.10919647404052E+05
 0.10886801862732E+05
 0.10788856838458E+05
 0.10659632837072E+05
 0.10588036815402E+05
 0.10552419333804E+05
 0.10446284173050E+05
 0.10306429330673E+05
 0.10243845079782E+05
 0.10212695609145E+05
 0.10119814366227E+05
 0.99972854088192E+04
 0.99309320640548E+04
 0.98979207209286E+04
 0.97995436352517E+04
 0.96698935188295E+04
 0.95889377660190E+04
 0.95487144010903E+04
 0.94290538500807E+04
 0.92718358220926E+04
 0.92535139235975E+04
 0.92173928225410E+04
 0.91098733178034E+04
 0.89684624345669E+04
 0.89045671157752E+04
 0.88727903642689E+04
 0.87781388864192E+04
 0.86535057157243E+04
 0.85925463941052E+04
 0.85622279552962E+04
 0.84719129988256E+04
 0.83529732259951E+04
 0.82963801465262E+04
 0.82682275535507E+04
 0.81843416742367E+04
 0.80738162378538E+04
 0.80142639064564E+04
 0.79846526629839E+04
 0.78964737703076E+04
 0.77804148747965E+04
 0.77115163023370E+04
 0.76772961486499E+04
 0.75755441197622E+04
 0.74419694615920E+04
 0.74163003776091E+04
 0.73283085925248E+04
 0.72126080653846E+04
 0.71582445344128E+04
 0.71312166181634E+04
 0.70507436414345E+04
 0.69448571842310E+04
 0.68953336345163E+04
 0.68707044471996E+04
 0.67973434656015E+04
 0.67007458539755E+04
 0.66460253399788E+04
 0.66188328844411E+04
 0.65379212563579E+04
 0.64315756028723E+04
 0.63832349105470E+04
 0.63592009847360E+04
 0.62876407992790E+04
 0.61934782976737E+04
 0.61434778284008E+04
 0.61186291679504E+04
 0.60446846013741E+04
 0.59474800783647E+04
 0.59032167321423E+04
 0.58812087451266E+04
 0.58156758573396E+04
 0.57294331664903E+04
 0.56850699016857E+04
 0.56630172494157E+04
 0.55973712294518E+04
 0.55110254186039E+04
 0.54688935727161E+04
 0.54479485894583E+04
 0.53855937105983E+04
 0.53035626456676E+04
 0.52619541813749E+04
 0.52412725210560E+04
 0.51797139913898E+04
 0.50987591596288E+04
 0.50596092675676E+04
 0.50401471917547E+04
 0.49822089883536E+04
 0.49059927622297E+04
 0.48686267452254E+04
 0.48500505941931E+04
 0.47947463248075E+04
 0.47219870328093E+04
 0.46858192551852E+04
 0.46678393823842E+04
 0.46143126502349E+04
 0.45438972591931E+04
 0.45090156018798E+04
 0.44916753154075E+04
 0.44400535461543E+04
 0.43721462215512E+04
 0.43390455545414E+04
 0.43225893132401E+04
 0.42735941169663E+04
 0.42091299752492E+04
 0.41775597359343E+04
 0.41618635226855E+04
 0.41151278490597E+04
 0.40536289875018E+04
 0.40233761761462E+04
 0.40083345428528E+04
 0.39635462093260E+04
 0.39046059557907E+04
 0.38754296166884E+04
 0.38609233034114E+04
 0.38177293492875E+04
 0.37608881725221E+04
 0.37327648086032E+04
 0.37187820875476E+04
 0.36771474131311E+04
 0.36223587110063E+04
 0.35956282096896E+04
 0.35823370189975E+04
 0.35427575073355E+04
 0.34906642301720E+04
 0.34649539398646E+04
 0.34521698940599E+04
 0.34141000656675E+04
 0.33639925609246E+04
 0.33393416748231E+04
 0.33270840532144E+04
 0.32905804922800E+04
 0.32425313275401E+04
 0.32189564192885E+04
 0.32072333181340E+04
 0.31723195608267E+04
 0.31263583912212E+04
 0.31039869650480E+04
 0.30928613545122E+04
 0.30597232182644E+04
 0.30160906900808E+04
 0.29945747193552E+04
 0.29838743602210E+04
 0.29520021486309E+04
 0.29100348183473E+04
 0.28894015821127E+04
 0.28791398897500E+04
 0.28485729629371E+04
 0.28083212760438E+04
 0.27885932382599E+04
 0.27787812495911E+04
 0.27495519472605E+04
 0.27110572524065E+04
 0.26921623353954E+04
 0.26827643172835E+04
 0.26547666507967E+04
 0.26178904178767E+04
 0.25997515520861E+04
 0.25907293033721E+04
 0.25638499906328E+04
 0.25284442197596E+04
 0.25110677025613E+04
 0.25024242767324E+04
 0.24766721020940E+04
 0.24427476425621E+04
 0.24261187033511E+04
 0.24178467318140E+04
 0.23931996562740E+04
 0.23607272783575E+04
 0.23448031149328E+04
 0.23368813588884E+04
 0.23132763092057E+04
 0.22821733973095E+04
 0.22668967435093E+04
 0.22592968066150E+04
 0.22366495317132E+04
 0.22068059118911E+04
 0.21921760689273E+04
 0.21848975574542E+04
 0.21632067010724E+04
 0.21346201634304E+04
 0.21205671685781E+04
 0.21135754023184E+04
 0.20927381169801E+04
 0.20652742802125E+04
 0.20518042644793E+04
 0.20451022370311E+04
 0.20251272191698E+04
 0.19987970250474E+04
 0.19858707808047E+04
 0.19794390398909E+04
 0.19602685332951E+04
 0.19349963579414E+04
 0.19225886033548E+04
 0.19164145933526E+04
 0.18980112693969E+04
 0.18737481214918E+04
 0.18618230721511E+04
 0.18558890376623E+04
 0.18382001724825E+04
 0.18148770038782E+04
 0.18034184594053E+04
 0.17977163449346E+04
 0.17807179494473E+04
 0.17583031843972E+04
 0.17472794553861E+04
 0.17417935352051E+04
 0.17254389039409E+04
 0.17038713562623E+04
 0.16932642190630E+04
 0.16879854381149E+04
 0.16722476311464E+04
 0.16514919008479E+04
 0.16412783792348E+04
 0.16361953292918E+04
 0.16210404387825E+04
 0.16010520464158E+04
 0.15912130776370E+04
 0.15863162899950E+04
 0.15717161584702E+04
 0.15524581345626E+04
 0.15429757715223E+04
 0.15382563310470E+04
 0.15241844448662E+04
 0.15056219728334E+04
 0.14964712198193E+04
 0.14919167200504E+04
 0.14783362223236E+04
 0.14604209959187E+04
 0.14515859418248E+04
 0.14471884781167E+04
 0.14340758569253E+04
 0.14167769933208E+04
 0.14082409574531E+04
 0.14039922446165E+04
 0.13913228632566E+04
 0.13746080187416E+04
 0.13663559945973E+04
 0.13622485777540E+04
 0.13500002635599E+04
 0.13338403178022E+04
 0.13258545829988E+04
 0.13218796622785E+04
 0.13100262589337E+04
 0.12943868983865E+04
 0.12866666272293E+04
 0.12828237761800E+04
 0.12713639505964E+04
 0.12562432745443E+04
 0.12487349882779E+04
 0.12449976899256E+04
 0.12338527730485E+04
 0.12191479232106E+04
 0.12118777615081E+04
 0.12082589544283E+04
 0.11974672418024E+04
 0.11832280801344E+04
 0.11761709968460E+04
 0.11726582545280E+04
 0.11621828496129E+04
 0.11483610643029E+04
 0.11414978183325E+04
 0.11380815924187E+04
 0.11278941364913E+04
 0.11144525766106E+04
 0.11077746549695E+04
 0.11044507144849E+04
 0.10945386159329E+04
 0.10814607266951E+04
 0.10749604065156E+04
 0.10717249126635E+04
 0.10620767449721E+04
 0.10493474986552E+04
 0.10430106312236E+04
 0.10398565620558E+04
 0.10304514672558E+04
 0.10180435328464E+04
 0.10118588816271E+04
 0.10087806595790E+04
 0.99960206642174E+03
 0.98749372140592E+03
 0.98145143447904E+03
 0.97844416931653E+03
 0.96947754878532E+03
 0.95764974798482E+03
 0.95173949654464E+03
 0.94879806314538E+03
 0.94002819561405E+03
 0.92846100532796E+03
 0.92267335790528E+03
 0.91979307725656E+03
 0.91120607124502E+03
 0.89988130503656E+03
 0.89420664992906E+03
 0.89138275545141E+03
 0.88296446683473E+03
 0.87186362442838E+03
 0.86629269939540E+03
 0.86352059957220E+03
 0.85525741066950E+03
 0.84436269642308E+03
 0.83888629372245E+03
 0.83616142625794E+03
 0.82803981478994E+03
 0.81733357787038E+03
 0.81194207001669E+03
 0.80925966741308E+03
 0.80126551390183E+03
 0.79072934933020E+03
 0.78541294040809E+03
 0.78276815498600E+03
 0.77488711526796E+03
 0.76450235464890E+03
 0.75924975989275E+03
 0.75663701104892E+03
 0.74885258757897E+03
 0.73859779536460E+03
 0.73339565959417E+03
 0.73080834768496E+03
 0.72310104958055E+03
 0.71295094522362E+03
 0.70778149163763E+03
 0.70521083765846E+03
 0.69755476008936E+03
 0.68747579565689E+03
 0.68231195843238E+03
 0.67974460306430E+03
 0.67210035366198E+03
 0.66204157874008E+03
 0.65683560469482E+03
 0.65424798912985E+03
 0.64654614608202E+03
 0.63641787498009E+03
 0.63106542387894E+03
 0.62840610271788E+03
 0.62049518949389E+03
 0.61010200581951E+03
 0.60425843585682E+03
 0.60135767297474E+03
 0.59273866893756E+03
 0.58143851961533E+03
 0.57494819751521E+03
 0.57173025512689E+03
 0.56218408928896E+03
 0.54970335137763E+03
 0.54588624862286E+03
 0.53677157345809E+03
 0.53655941495545E+03
 0.53461306148012E+03
 0.52881626102816E+03
 0.52118485034006E+03
 0.51992513499435E+03
 0.51823070714243E+03
 0.51318048459161E+03
 0.50652332888820E+03
 0.50354137047969E+03
 0.50205698080723E+03
 0.49763001544378E+03
 0.49178805777465E+03
 0.48912514973866E+03
 0.48779910762688E+03
 0.48384251231779E+03
 0.47861692888860E+03
 0.47621985687373E+03
 0.47502582654123E+03
 0.47146166853137E+03
 0.46675102252776E+03
 0.46459373126277E+03
 0.46351882750525E+03
 0.46030901504681E+03
 0.45606381510327E+03
 0.45412953529926E+03
 0.45316547391383E+03
 0.45028555203626E+03
 0.44647410662602E+03
 0.44475479275373E+03
 0.44389762017010E+03
 0.44133600195035E+03
 0.43794349146756E+03
 0.43740838068994E+03
 0.43665603915581E+03
 0.43440676992132E+03
 0.43142575732325E+03
 0.43136745522528E+03
 0.43073360908010E+03
 0.42883765346175E+03
 0.42632268827843E+03
 0.42494562910009E+03
 0.42425876836647E+03
 0.42220484033511E+03
 0.41948172924804E+03
 0.41800631123217E+03
 0.41727054933659E+03
 0.41507102503791E+03
 0.41215635107006E+03
 0.41058155311067E+03
 0.40979641192641E+03
 0.40744998540423E+03
 0.40434230298508E+03
 0.40262440893161E+03
 0.40176820078260E+03
 0.39921048569099E+03
 0.39582551008319E+03
 0.39387802185222E+03
 0.39290787378152E+03
 0.39001174342470E+03
 0.38618341653481E+03
 0.38390243159173E+03
 0.38276699624293E+03
 0.37938079974396E+03
 0.37491242451418E+03
 0.37215711016686E+03
 0.37078705574863E+03
 0.36670708069728E+03
 0.36133686440907E+03
 0.35827133821341E+03
 0.35674834163080E+03
 0.35221808730882E+03
 0.34626711107388E+03
 0.34270031812972E+03
 0.34093072294263E+03
 0.33567657490111E+03
 0.32879678610471E+03
 0.32438704168675E+03
 0.32220439755886E+03
 0.31574418666370E+03
 0.30733160977828E+03
 0.30210124801583E+03
 0.29951954232231E+03
 0.29190604994288E+03
 0.28205491662091E+03
 0.27470607416035E+03
 0.27110376936790E+03
 0.26057781458305E+03
 0.24717617934404E+03
 0.24144365552931E+03
 0.23207571124543E+03
 0.22751333755792E+03
 0.22526589594006E+03
 0.21865590156487E+03
 0.21014329979294E+03
 0.20444249368785E+03
 0.20165035004200E+03
 0.19350064319029E+03
 0.18314440637961E+03
 0.17738902884635E+03
 0.17457952364698E+03
 0.16641518394854E+03
 0.15612021682728E+03
 0.15127035738922E+03
 0.14890222112778E+03
 0.14201793917130E+03
 0.13333144402398E+03
 0.12923975678380E+03
 0.12724124394077E+03
 0.12142922682726E+03
 0.11409072252634E+03
 0.11061770075857E+03
 0.10892103890952E+03
 0.10398560421413E+03
 0.97751136430622E+02
 0.94790784483671E+02
 0.93344399933003E+02
 0.89136324313085E+02
 0.83819164594317E+02
 0.81288578540636E+02
 0.80052081608653E+02
 0.76454302555921E+02
 0.71907524086463E+02
 0.69740109388396E+02
 0.68681025027689E+02
 0.65599299360969E+02
 0.61704349818584E+02
 0.59845568758851E+02
 0.58937282504954E+02
 0.56294301443600E+02
 0.52953768548154E+02
 0.51358322344447E+02
 0.50578716714236E+02
 0.48310189333032E+02
 0.45442964310624E+02
 0.44072835715222E+02
 0.43403341385657E+02
 0.41455263141789E+02
 0.38993153629122E+02
 0.37816192346243E+02
 0.37241101383713E+02
 0.35567772882986E+02
 0.33453036861541E+02
 0.32441901994879E+02
 0.31947853696574E+02
 0.30510394618046E+02
 0.28693884417807E+02
 0.27825230517145E+02
 0.27400815194076E+02
 0.26166017203094E+02
 0.24605742639046E+02
 0.23859577605233E+02
 0.23495023690950E+02
 0.22434443306024E+02
 0.21094432526964E+02
 0.20453600580925E+02
 0.20140522461441E+02
 0.19229749105660E+02
 0.18079127523462E+02
 0.17528885837081E+02
 0.17260077215217E+02
 0.16478132868340E+02
 0.15490366428659E+02
 0.15018033761180E+02
 0.14787296069084E+02
 0.14116136376878E+02
 0.13268401893258E+02
 0.12863063891531E+02
 0.12665062313385E+02
 0.12089157736731E+02
 0.11361813719457E+02
 0.11014073721771E+02
 0.10844215408947E+02
 0.10350196785419E+02
 0.97263353185523E+01
 0.94281023309910E+01
 0.92824327602350E+01
 0.88587895776052E+01
 0.83238546391884E+01
 0.80681620942673E+01
 0.79432764591398E+01
 0.75800988413796E+01
 0.71215598019038E+01
 0.69024101334175E+01
 0.67953773492952E+01
 0.64841347406744E+01
 0.60912062332256E+01
 0.59034372647115E+01
 0.58117346354490E+01
 0.55450855183065E+01
 0.52084865548289E+01
 0.50476563140952E+01
 0.49691132085295E+01
 0.47407410615834E+01
 0.44524873668176E+01
 0.43149377110468E+01
 0.42477646628193E+01
 0.40524549862098E+01
 0.38059394202609E+01
 0.36880460803032E+01
 0.36304760151141E+01
 0.34631019154307E+01
 0.32518777422715E+01
 0.31509961254871E+01
 0.31017350559610E+01
 0.29585246186583E+01
 0.27778098202227E+01
 0.26915114207111E+01
 0.26493728744566E+01
 0.25268744378416E+01
 0.23723081464659E+01
 0.22985055866681E+01
 0.22624698210347E+01
 0.21577170312880E+01
 0.20255521008969E+01
 0.19624532322795E+01
 0.19316447758817E+01
 0.18420911210030E+01
 0.17291111279833E+01
 0.16751778572812E+01
 0.16488453822855E+01
 0.15723055914025E+01
 0.14757506968709E+01
 0.14296634599982E+01
 0.14071624164046E+01
 0.13417619048666E+01
 0.12592649056869E+01
 0.12198920357976E+01
 0.12006696789489E+01
 0.11448009639885E+01
 0.10743321687459E+01
 0.10407034946025E+01
 0.10242859811812E+01
 0.97657112182447E+00
 0.91639085263662E+00
 0.88767494937006E+00
 0.87365621922837E+00
 0.83291445697034E+00
 0.78153213409858E+00
 0.75701673080043E+00
 0.74504893220207E+00
 0.71026882601021E+00
 0.66640774010673E+00
 0.64548285153446E+00
 0.63526809818398E+00
 0.60558353734856E+00
 0.56815052863281E+00
 0.55029394058079E+00
 0.54157721923174E+00
 0.51624678603502E+00
 0.48430616138076E+00
 0.46907094498418E+00
 0.46163401483788E+00
 0.44002323457495E+00
 0.41277433705817E+00
 0.39977811528939E+00
 0.39343426382254E+00
 0.37500034777542E+00
 0.35175827905299E+00
 0.34067400134775E+00
 0.33526353725534E+00
 0.31954227123117E+00
 0.29972132722300E+00
 0.29026934661745E+00
 0.28565572929435E+00
 0.27225021467349E+00
 0.25534966328470E+00
 0.24729093273787E+00
 0.24335744870152E+00
 0.23192843521584E+00
 0.21752030635206E+00
 0.21065053881655E+00
 0.20729744907615E+00
 0.19755503802909E+00
 0.18527364586811E+00
 0.17941830669815E+00
 0.17656040079156E+00
 0.16825693142493E+00
 0.15778989166013E+00
 0.15279990125376E+00
 0.15036439833760E+00
 0.14328834407294E+00
 0.13436886755929E+00
 0.13011692088152E+00
 0.12804167216555E+00
 0.12201241335697E+00
 0.11441270681269E+00
 0.11079011800884E+00
 0.10902206573518E+00
 0.10388540878265E+00
 0.97411018505181E-01
 0.94325015756783E-01
 0.92818872154889E-01
 0.88443208584739E-01
 0.82928172747081E-01
 0.80299588759987E-01
 0.79016708175343E-01
 0.75289735249679E-01
 0.70592444647767E-01
 0.68353731634634E-01
 0.67261141259719E-01
 0.64087044245790E-01
 0.60086686879079E-01
 0.58180226043757E-01
 0.57249800392650E-01
 0.54546852476558E-01
 0.51140384609446E-01
 0.49517031610256E-01
 0.48724782351924E-01
 0.46423280414748E-01
 0.43522822550590E-01
 0.42140670476873E-01
 0.41466142413595E-01
 0.39506651129206E-01
 0.37037272474339E-01
 0.35860593316744E-01
 0.35286347544633E-01
 0.33618197017702E-01
 0.31516020075140E-01
 0.30514355131315E-01
 0.30025524993038E-01
 0.28605520270584E-01
 0.26816093354647E-01
 0.25963484113744E-01
 0.25547399650087E-01
 0.24338728995668E-01
 0.22815648732181E-01
 0.22089974088842E-01
 0.21735838483206E-01
 0.20707133078431E-01
 0.19410858595904E-01
 0.18793265465088E-01
 0.18491877135585E-01
 0.17616403638618E-01
 0.16513238743851E-01
 0.15987668964573E-01
 0.15731190509657E-01
 0.14986179191726E-01
 0.14047424229751E-01
 0.13600196429534E-01
 0.13381950585021E-01
 0.12748002660921E-01
 0.11949207782410E-01
 0.11568670986442E-01
 0.11382971481586E-01
 0.10843567382044E-01
 0.10163912048092E-01
 0.10130916052078E-01
 0.10114458243776E-01
 0.10065245063222E-01
 0.99999997764826E-02
