 0.00000000000000E+00
-0.14508657977072E-03
-0.21762987506097E-03
-0.43525975012195E-03
-0.72543288804380E-03
-0.76154316813199E-03
-0.79487835730587E-03
-0.80207351632449E-03
-0.83393770411175E-03
-0.84899129977536E-03
-0.85651809816795E-03
-0.87909849222416E-03
-0.90920568130822E-03
-0.92631990431016E-03
-0.93487701644868E-03
-0.96054835158913E-03
-0.99477679504277E-03
-0.10118745100480E-02
-0.10204233681876E-02
-0.10460699413324E-02
-0.10802653687951E-02
-0.10982940235750E-02
-0.11073083516365E-02
-0.11343513344778E-02
-0.11704086413509E-02
-0.11890768747341E-02
-0.11984109921212E-02
-0.12264133428914E-02
-0.12637498068761E-02
-0.13203755942218E-02
-0.13486884900042E-02
-0.14336271731322E-02
-0.15468787393858E-02
-0.15645405395497E-02
-0.16049648826537E-02
-0.16251770557116E-02
-0.16858135718735E-02
-0.17666622520579E-02
-0.17857011255807E-02
-0.18086257124866E-02
-0.18200880067936E-02
-0.18544748880064E-02
-0.19003240584021E-02
-0.19270862272909E-02
-0.19404673127322E-02
-0.19806105670623E-02
-0.20341349008519E-02
-0.20602944454126E-02
-0.20733742186674E-02
-0.21126135364829E-02
-0.21649326217062E-02
-0.21917195317579E-02
-0.22051129877816E-02
-0.22452933538569E-02
-0.22988671699687E-02
-0.23305555297090E-02
-0.23463997107596E-02
-0.23939322515505E-02
-0.24573089663091E-02
-0.24899801887573E-02
-0.25063158011985E-02
-0.25553226360878E-02
-0.26206650761158E-02
-0.26550989189971E-02
-0.26723158417205E-02
-0.27239666073253E-02
-0.27928342879570E-02
-0.28320361494748E-02
-0.28516370816940E-02
-0.29104398754310E-02
-0.29888435926250E-02
-0.30316890989352E-02
-0.30531118536864E-02
-0.31173801147478E-02
-0.32030711209836E-02
-0.32446757325598E-02
-0.32654780398977E-02
-0.33278849588118E-02
-0.34110941757645E-02
-0.34500126935795E-02
-0.34694719539368E-02
-0.35278497321092E-02
-0.36056867619399E-02
-0.36541568135710E-02
-0.36783918411921E-02
-0.37510969204444E-02
-0.38480370164839E-02
-0.38959132765830E-02
-0.39198514084161E-02
-0.39916658003483E-02
-0.40874183134124E-02
-0.41437602319548E-02
-0.41719311933248E-02
-0.42564440732372E-02
-0.43691279019263E-02
-0.44277827712908E-02
-0.44571102081582E-02
-0.45450925143901E-02
-0.46624022443790E-02
-0.46730273917504E-02
-0.46978549274287E-02
-0.47723375307640E-02
-0.48716476586789E-02
-0.49367935510641E-02
-0.49693664996835E-02
-0.50670853406881E-02
-0.51973771157509E-02
-0.52743874658737E-02
-0.53128926438039E-02
-0.54284081718569E-02
-0.55824288606270E-02
-0.55909758292078E-02
-0.56871387346220E-02
-0.58153559291037E-02
-0.60246940391738E-02
-0.61293631020074E-02
-0.64433702749111E-02
-0.68620464638577E-02
-0.69841301827340E-02
-0.70582565506457E-02
-0.70953197373630E-02
-0.72065092919920E-02
-0.73547620167697E-02
-0.74294203557188E-02
-0.74667495279745E-02
-0.75787370391793E-02
-0.77280537059524E-02
-0.78031532574876E-02
-0.78407030360528E-02
-0.79533523661533E-02
-0.81035514580329E-02
-0.81360732035200E-02
-0.81717675201238E-02
-0.82788504646162E-02
-0.84216277097559E-02
-0.84919550330274E-02
-0.85271186972831E-02
-0.86326096848103E-02
-0.87732643208738E-02
-0.90344053582901E-02
-0.91649758867265E-02
-0.95566874525792E-02
-0.10078969488499E-01
-0.10153935142675E-01
-0.10215635118126E-01
-0.10400735035284E-01
-0.10647534900311E-01
-0.10760374946879E-01
-0.10816794974367E-01
-0.10986055048423E-01
-0.11211735124745E-01
-0.11314685648466E-01
-0.11366160914161E-01
-0.11520586703577E-01
-0.11726487735677E-01
-0.11836130237378E-01
-0.11890951492313E-01
-0.12055415248949E-01
-0.12274700236013E-01
-0.12380892956823E-01
-0.12433989321185E-01
-0.12593278406357E-01
-0.12805663832155E-01
-0.12916344110478E-01
-0.12971684253763E-01
-0.13137704675371E-01
-0.13359065215525E-01
-0.13487029576139E-01
-0.13551011761212E-01
-0.13742958306899E-01
-0.13998887009058E-01
-0.14125755151113E-01
-0.14189189226866E-01
-0.14379491444674E-01
-0.14633227709879E-01
-0.14775707839777E-01
-0.14846947910034E-01
-0.15060668110189E-01
-0.15345628348754E-01
-0.15498846045634E-01
-0.15575454899782E-01
-0.15805281450810E-01
-0.16111716821740E-01
-0.16270054092738E-01
-0.16349222734136E-01
-0.16586728646532E-01
-0.16903403164935E-01
-0.17053364153270E-01
-0.17128344653024E-01
-0.17353286141114E-01
-0.17653208095439E-01
-0.17915508493574E-01
-0.18046658702413E-01
-0.18440109309387E-01
-0.18964710066572E-01
-0.19223073037051E-01
-0.19352254531916E-01
-0.19739798997260E-01
-0.20256524899720E-01
-0.20507507147626E-01
-0.20899703846019E-01
-0.21085866157664E-01
-0.21178947320422E-01
-0.21458190794824E-01
-0.21830515390374E-01
-0.22043191856917E-01
-0.22149530098111E-01
-0.22468544805848E-01
-0.22893897707243E-01
-0.23095964261434E-01
-0.23196997546057E-01
-0.23500097384871E-01
-0.23904230463143E-01
-0.24102565031357E-01
-0.24201732322852E-01
-0.24499234182561E-01
-0.24895903289434E-01
-0.25120075592979E-01
-0.25232161753103E-01
-0.25568420216771E-01
-0.26016764790456E-01
-0.26273700341473E-01
-0.26402168126553E-01
-0.26787571462650E-01
-0.27301442526397E-01
-0.27562606816875E-01
-0.27693188971843E-01
-0.28084935417289E-01
-0.28607263959327E-01
-0.28860880812563E-01
-0.28987689248628E-01
-0.29368114537930E-01
-0.29875348206609E-01
-0.30173056775910E-01
-0.30321911071651E-01
-0.30768473936694E-01
-0.31363891030935E-01
-0.31641670576790E-01
-0.31780560360066E-01
-0.32197229689197E-01
-0.32752788739515E-01
-0.33110584013439E-01
-0.33289481663730E-01
-0.33826174587945E-01
-0.34541765082477E-01
-0.35032353802757E-01
-0.35277648181172E-01
-0.36013531279867E-01
-0.36994708647322E-01
-0.37491256042744E-01
-0.37739529758954E-01
-0.38484350870586E-01
-0.39477445587440E-01
-0.39633201596732E-01
-0.39845011507953E-01
-0.40480441210055E-01
-0.41327680728692E-01
-0.41431667453393E-01
-0.41621346672395E-01
-0.42190384301134E-01
-0.42949101064081E-01
-0.43339577064242E-01
-0.43534815078869E-01
-0.44120529093657E-01
-0.44901481035794E-01
-0.45290737315170E-01
-0.45485365469358E-01
-0.46069249902923E-01
-0.46847762403671E-01
-0.47281076475785E-01
-0.47497733527985E-01
-0.48147704652298E-01
-0.49014332731957E-01
-0.49427112323936E-01
-0.49633502135302E-01
-0.50252671538648E-01
-0.51078230661097E-01
-0.51525712157862E-01
-0.51749452922914E-01
-0.52420675184730E-01
-0.53315638111579E-01
-0.53774834334645E-01
-0.54004432463285E-01
-0.54693226814991E-01
-0.55611619192698E-01
-0.56207248560829E-01
-0.56505063267083E-01
-0.57398507341467E-01
-0.58589765988973E-01
-0.59308220987675E-01
-0.59667448513791E-01
-0.60745131038609E-01
-0.62182040928955E-01
-0.62367612147022E-01
-0.62705436497189E-01
-0.63718909497352E-01
-0.65070206696663E-01
-0.65792812802718E-01
-0.66154115882665E-01
-0.67238025068667E-01
-0.68683237173101E-01
-0.68962357905597E-01
-0.69334721260018E-01
-0.70451811267795E-01
-0.71941264463533E-01
-0.72630347252419E-01
-0.72974888672532E-01
-0.74008512881531E-01
-0.75386678356622E-01
-0.76073737444834E-01
-0.76417267014535E-01
-0.77447855672448E-01
-0.78821973746492E-01
-0.79570149835423E-01
-0.79944237907760E-01
-0.81066502069027E-01
-0.82562854135401E-01
-0.83473516656608E-01
-0.83928847951136E-01
-0.85294841766871E-01
-0.87116166673585E-01
-0.88410920196159E-01
-0.89058297005679E-01
-0.91000427337772E-01
-0.93589934189986E-01
-0.94056420177135E-01
-0.96070478219346E-01
-0.97052190846198E-01
-0.98546216126303E-01
-0.99457852407896E-01
-0.99913670582654E-01
-0.10128112503900E+00
-0.10310439746635E+00
-0.10429551688286E+00
-0.10489107663548E+00
-0.10667775580462E+00
-0.10905999446015E+00
-0.11040656321354E+00
-0.11107984764041E+00
-0.11309970082067E+00
-0.11579283812681E+00
-0.11727080191891E+00
-0.11800978387002E+00
-0.12022672961323E+00
-0.12318265697720E+00
-0.12487451829485E+00
-0.12572044901669E+00
-0.12825824105618E+00
-0.13164196343936E+00
-0.13173555460193E+00
-0.13240894109926E+00
-0.13442910049091E+00
-0.13712264607886E+00
-0.13852072579437E+00
-0.13921976570421E+00
-0.14131688532956E+00
-0.14411304455225E+00
-0.14610607227419E+00
-0.14710258620941E+00
-0.15009212786656E+00
-0.15407818301346E+00
-0.15440725083956E+00
-0.15569919443640E+00
-0.15957502503440E+00
-0.16474279865170E+00
-0.16728484425732E+00
-0.16855586715482E+00
-0.17236893565795E+00
-0.17745302649039E+00
-0.17842320810615E+00
-0.18183427833636E+00
-0.18341218326930E+00
-0.18420113579455E+00
-0.18656799325273E+00
-0.18972380288348E+00
-0.19131250114846E+00
-0.19210685034013E+00
-0.19448989779677E+00
-0.19766729408998E+00
-0.19974429945293E+00
-0.20078280221178E+00
-0.20389831033359E+00
-0.20805232075000E+00
-0.21014347602695E+00
-0.21118905374332E+00
-0.21432578673664E+00
-0.21850809697892E+00
-0.22067436729690E+00
-0.22175750253659E+00
-0.22500690809425E+00
-0.22933944840741E+00
-0.23217800624717E+00
-0.23359728527280E+00
-0.23785512213819E+00
-0.24353223739475E+00
-0.24716742072258E+00
-0.24898501252192E+00
-0.25443778764909E+00
-0.26170815376307E+00
-0.26649801452178E+00
-0.26889294507957E+00
-0.27607773639607E+00
-0.28565745719974E+00
-0.28912395865296E+00
-0.29591683455873E+00
-0.29741035522700E+00
-0.29960999958924E+00
-0.30620893234819E+00
-0.31500750848605E+00
-0.31764239984731E+00
-0.32400151170553E+00
-0.32745290359395E+00
-0.32917859966673E+00
-0.33435568762793E+00
-0.34125847089047E+00
-0.34574497728406E+00
-0.34798823064799E+00
-0.35471799040552E+00
-0.36369100252416E+00
-0.36405026953614E+00
-0.36913528948877E+00
-0.37591531541873E+00
-0.38014375475865E+00
-0.38225797458613E+00
-0.38860063375353E+00
-0.39705751180329E+00
-0.40226829907500E+00
-0.40487369290498E+00
-0.41268987400667E+00
-0.42311144777363E+00
-0.42795162131764E+00
-0.43037170826996E+00
-0.43763196876629E+00
-0.44731231513307E+00
-0.45341822502888E+00
-0.45647118020425E+00
-0.46563004527542E+00
-0.47784186415719E+00
-0.48591145827607E+00
-0.48994625563613E+00
-0.50205064711506E+00
-0.51818983415036E+00
-0.52034973766031E+00
-0.53020146641903E+00
-0.54333710345907E+00
-0.54482059236562E+00
-0.55439406882944E+00
-0.56715870284649E+00
-0.57355569561822E+00
-0.57675419224238E+00
-0.58634968163828E+00
-0.59914366622850E+00
-0.60516859276475E+00
-0.60818105625732E+00
-0.61721844628613E+00
-0.62926829846085E+00
-0.63600751210771E+00
-0.63937711918219E+00
-0.64948593990354E+00
-0.66296436619304E+00
-0.66905522835114E+00
-0.67210065965709E+00
-0.68123695312114E+00
-0.69341867652972E+00
-0.70007793645218E+00
-0.70340756666148E+00
-0.71339645679324E+00
-0.72671497564584E+00
-0.73512215554649E+00
-0.73932574581000E+00
-0.75193651597416E+00
-0.76875087452268E+00
-0.77072891053501E+00
-0.77464005010150E+00
-0.78637346821818E+00
-0.80201802415293E+00
-0.80916796936112E+00
-0.81274294223157E+00
-0.82346786031022E+00
-0.83776774966118E+00
-0.84483714445457E+00
-0.84837184211461E+00
-0.85897593456805E+00
-0.87311472310140E+00
-0.87991298080700E+00
-0.88331210991306E+00
-0.89350949672473E+00
-0.90710601112292E+00
-0.91450933120388E+00
-0.91821099152016E+00
-0.92931597191740E+00
-0.94412261097615E+00
-0.95301743834538E+00
-0.95746485236136E+00
-0.97080709374657E+00
-0.98859674715961E+00
-0.99205194211810E+00
-0.10039875356435E+01
-0.10199016587631E+01
-0.10274674994002E+01
-0.10312504200005E+01
-0.10425991812380E+01
-0.10577308613848E+01
-0.10648873755872E+01
-0.10684656329551E+01
-0.10792004045254E+01
-0.10935134318640E+01
-0.11017132908123E+01
-0.11058132205919E+01
-0.11181130093199E+01
-0.11345127259947E+01
-0.11420572654276E+01
-0.11458295354251E+01
-0.11571463448554E+01
-0.11722354225968E+01
-0.11803412701874E+01
-0.11843941942847E+01
-0.11965529659726E+01
-0.12127646599460E+01
-0.12202348623770E+01
-0.12239699638708E+01
-0.12351752677955E+01
-0.12501156715443E+01
-0.12578888506161E+01
-0.12617754404415E+01
-0.12734352093387E+01
-0.12889815663239E+01
-0.12966559494782E+01
-0.13004931413412E+01
-0.13120047163585E+01
-0.13273534815235E+01
-0.13352297984282E+01
-0.13391679571739E+01
-0.13509824328244E+01
-0.13667350654600E+01
-0.13744430130845E+01
-0.13782969871839E+01
-0.13898589089078E+01
-0.14052748030083E+01
-0.14129203587240E+01
-0.14167431368666E+01
-0.14282114707249E+01
-0.14435025810170E+01
-0.14511915054489E+01
-0.14550359679513E+01
-0.14665693548855E+01
-0.14819472026035E+01
-0.14896534139570E+01
-0.14935065199207E+01
-0.15050658372379E+01
-0.15204782587964E+01
-0.15280778679357E+01
-0.15318776727884E+01
-0.15432770867804E+01
-0.15584763039266E+01
-0.15660049927232E+01
-0.15697693374019E+01
-0.15810623708773E+01
-0.15961197473486E+01
-0.16036108785829E+01
-0.16073564444791E+01
-0.16185931416096E+01
-0.16335754029619E+01
-0.16410757480714E+01
-0.16448259209055E+01
-0.16560764388492E+01
-0.16710771279505E+01
-0.16785830789272E+01
-0.16823360546952E+01
-0.16935949814399E+01
-0.17086068822748E+01
-0.17160135522537E+01
-0.17197168875191E+01
-0.17308268927633E+01
-0.17456402316174E+01
-0.17530329339688E+01
-0.17567292854199E+01
-0.17678183392225E+01
-0.17826037428237E+01
-0.17899585893392E+01
-0.17936360128709E+01
-0.18046682829182E+01
-0.18193779748532E+01
-0.18266750599159E+01
-0.18303236027191E+01
-0.18412692305850E+01
-0.18558633996231E+01
-0.18630448706465E+01
-0.18666356064257E+01
-0.18774078132283E+01
-0.18917707542049E+01
-0.18989300489455E+01
-0.19025096965825E+01
-0.19132486389600E+01
-0.19275672273744E+01
-0.19346828578835E+01
-0.19382406734031E+01
-0.19489141194319E+01
-0.19631453793898E+01
-0.19701950205577E+01
-0.19737198414042E+01
-0.19842943034187E+01
-0.19983935847040E+01
-0.20053875606939E+01
-0.20088845489494E+01
-0.20193755131947E+01
-0.20333634641323E+01
-0.20403163899824E+01
-0.20437928531664E+01
-0.20542222422006E+01
-0.20681280928647E+01
-0.20750242313520E+01
-0.20784723008526E+01
-0.20888165088405E+01
-0.21026087847875E+01
-0.21094395345708E+01
-0.21128549097169E+01
-0.21231010346464E+01
-0.21367625331952E+01
-0.21435308346975E+01
-0.21469149857008E+01
-0.21570674382065E+01
-0.21706040402026E+01
-0.21773204507019E+01
-0.21806786562017E+01
-0.21907532722008E+01
-0.22041860921986E+01
-0.22108375842783E+01
-0.22141633305659E+01
-0.22241405689332E+01
-0.22374435521014E+01
-0.22440486883023E+01
-0.22473512566488E+01
-0.22572589611962E+01
-0.22704692326138E+01
-0.22770127384758E+01
-0.22802844916506E+01
-0.22900997506874E+01
-0.23031867614365E+01
-0.23096747751008E+01
-0.23129187821747E+01
-0.23226508029129E+01
-0.23356268292748E+01
-0.23420597646476E+01
-0.23452762325736E+01
-0.23549256358723E+01
-0.23677915056592E+01
-0.23741761195409E+01
-0.23773684267195E+01
-0.23869453477798E+01
-0.23997145745917E+01
-0.24060482656320E+01
-0.24092151113881E+01
-0.24187156481845E+01
-0.24313830293214E+01
-0.24376722921804E+01
-0.24408169238442E+01
-0.24502508183671E+01
-0.24628293431480E+01
-0.24690741169787E+01
-0.24721965041266E+01
-0.24815636651052E+01
-0.24940532118360E+01
-0.25002568358364E+01
-0.25033586480677E+01
-0.25126640842994E+01
-0.25250713313758E+01
-0.25312356063040E+01
-0.25343177439977E+01
-0.25435641566196E+01
-0.25558927055574E+01
-0.25620194024853E+01
-0.25650827511775E+01
-0.25742727967976E+01
-0.25865261897405E+01
-0.25926224570893E+01
-0.25956705909909E+01
-0.26048149922413E+01
-0.26170075260306E+01
-0.26230755618509E+01
-0.26261095799871E+01
-0.26352116339435E+01
-0.26473477046799E+01
-0.26533908959052E+01
-0.26564124917431E+01
-0.26654772788063E+01
-0.26775636603566E+01
-0.26835849353795E+01
-0.26865955731153E+01
-0.26956274858741E+01
-0.27076700350228E+01
-0.27136750537175E+01
-0.27166775632885E+01
-0.27256850915543E+01
-0.27376951280488E+01
-0.27436774093961E+01
-0.27466685502927E+01
-0.27556419725365E+01
-0.27676065343397E+01
-0.27736012440447E+01
-0.27765985991205E+01
-0.27855906639013E+01
-0.27975800824181E+01
-0.28035612478348E+01
-0.28065518307660E+01
-0.28155235791139E+01
-0.28274859090560E+01
-0.28334680291666E+01
-0.28364590894447E+01
-0.28454322698334E+01
-0.28573965091631E+01
-0.28633909977967E+01
-0.28663882423369E+01
-0.28753799755106E+01
-0.28873689518846E+01
-0.28933790859048E+01
-0.28963841531388E+01
-0.29053993543930E+01
-0.29174196215378E+01
-0.29234484438009E+01
-0.29264628551571E+01
-0.29355060887764E+01
-0.29475637324043E+01
-0.29536209046596E+01
-0.29566494910129E+01
-0.29657352496215E+01
-0.29778495932295E+01
-0.29839431574446E+01
-0.29869899397792E+01
-0.29961302863288E+01
-0.30083174138510E+01
-0.30144550209618E+01
-0.30175238247458E+01
-0.30267302356406E+01
-0.30390054489475E+01
-0.30451961932739E+01
-0.30482915656677E+01
-0.30575776823878E+01
-0.30699591701181E+01
-0.30762122724280E+01
-0.30793388238159E+01
-0.30887184775138E+01
-0.31012246812019E+01
-0.31075506520282E+01
-0.31107136376770E+01
-0.31202025941521E+01
-0.31328545348621E+01
-0.31392647110155E+01
-0.31424697993310E+01
-0.31520850637999E+01
-0.31649054151514E+01
-0.31714123812100E+01
-0.31746658644816E+01
-0.31844263138118E+01
-0.31974402449593E+01
-0.32040585572634E+01
-0.32073677136620E+01
-0.32172951823647E+01
-0.32305318059867E+01
-0.32372779343272E+01
-0.32406509987487E+01
-0.32507701915107E+01
-0.32642624471863E+01
-0.32711567648530E+01
-0.32746039239432E+01
-0.32849454007001E+01
-0.32987340350062E+01
-0.33058022151136E+01
-0.33093363054306E+01
-0.33199385758550E+01
-0.33340749350166E+01
-0.33413521341082E+01
-0.33449907339251E+01
-0.33559065328336E+01
-0.33704609299324E+01
-0.33780005822197E+01
-0.33817704086442E+01
-0.33930798873559E+01
-0.34081591908070E+01
-0.34160537865267E+01
-0.34200010846807E+01
-0.34318429785544E+01
-0.34476321688175E+01
-0.34560780125187E+01
-0.34603009346839E+01
-0.34729697005502E+01
-0.34898613866940E+01
-0.34994855721781E+01
-0.35042976652787E+01
-0.35187339438635E+01
-0.35379823133977E+01
-0.35492076070751E+01
-0.35548202543321E+01
-0.35716581952665E+01
-0.35941087809487E+01
-0.36010769343517E+01
-0.36179149238358E+01
-0.36183102511071E+01
-0.36219443168811E+01
-0.36328465136618E+01
-0.36473827745919E+01
-0.36498027224902E+01
-0.36530670288453E+01
-0.36628599474241E+01
-0.36759171708988E+01
-0.36818216779541E+01
-0.36847739317018E+01
-0.36936306925048E+01
-0.37054397057356E+01
-0.37108691658698E+01
-0.37135838961392E+01
-0.37217280865427E+01
-0.37325870060021E+01
-0.37376079207519E+01
-0.37401183783138E+01
-0.37476497506256E+01
-0.37576915793770E+01
-0.37623242250529E+01
-0.37646405480634E+01
-0.37715895167498E+01
-0.37808548074113E+01
-0.37851050751484E+01
-0.37872302091753E+01
-0.37936056109393E+01
-0.38021061457802E+01
-0.38059644497611E+01
-0.38078936018952E+01
-0.38136810580103E+01
-0.38213976653971E+01
-0.38226202842348E+01
-0.38243417631163E+01
-0.38295061995044E+01
-0.38363921140045E+01
-0.38365272613311E+01
-0.38379977299006E+01
-0.38424091353900E+01
-0.38482910087915E+01
-0.38515263233248E+01
-0.38531439807121E+01
-0.38579969526326E+01
-0.38644675812173E+01
-0.38679910214838E+01
-0.38697527417483E+01
-0.38750379022793E+01
-0.38820847822873E+01
-0.38859129756272E+01
-0.38878270724397E+01
-0.38935693625921E+01
-0.39012257487014E+01
-0.39054834129228E+01
-0.39076122451921E+01
-0.39139987416828E+01
-0.39225140694911E+01
-0.39274462803784E+01
-0.39299123860058E+01
-0.39373107025204E+01
-0.39471751235600E+01
-0.39530991166298E+01
-0.39560611133855E+01
-0.39649471032110E+01
-0.39767950884680E+01
-0.39841714482648E+01
-0.39878596284380E+01
-0.39989241684081E+01
-0.40136768869026E+01
-0.40221969252474E+01
-0.40264569447371E+01
-0.40392370025717E+01
-0.40562770779917E+01
-0.40666311953522E+01
-0.40718082544181E+01
-0.40873394308445E+01
-0.41080476640226E+01
-0.41215501765713E+01
-0.41283014333487E+01
-0.41485552026747E+01
-0.41755602257601E+01
-0.41927253330172E+01
-0.42013078872852E+01
-0.42270555488104E+01
-0.42613857607669E+01
-0.42877858477014E+01
-0.43009858921522E+01
-0.43405860235374E+01
-0.43933861934726E+01
-0.44168514171023E+01
-0.44564238925325E+01
-0.44762786892354E+01
-0.44862060883265E+01
-0.45159882841205E+01
-0.45556978745676E+01
-0.45832008210591E+01
-0.45969522953293E+01
-0.46382067160910E+01
-0.46932126049756E+01
-0.47251423287312E+01
-0.47411071917984E+01
-0.47890017786213E+01
-0.48528612213746E+01
-0.48844188703733E+01
-0.49001976960482E+01
-0.49475341707219E+01
-0.50106494640168E+01
-0.50418182934773E+01
-0.50574027093687E+01
-0.51041559547206E+01
-0.51664936089972E+01
-0.51974074332283E+01
-0.52128643464955E+01
-0.52592350839938E+01
-0.53210627278495E+01
-0.53518153580882E+01
-0.53671916743532E+01
-0.54133206208569E+01
-0.54748258767517E+01
-0.55054820312064E+01
-0.55208101095757E+01
-0.55667943423997E+01
-0.56281066467409E+01
-0.56587119427726E+01
-0.56740145919285E+01
-0.57199225371162E+01
-0.57811331246189E+01
-0.58117201623901E+01
-0.58270136824152E+01
-0.58728942402114E+01
-0.59340683111959E+01
-0.59646605583210E+01
-0.59799566830231E+01
-0.60258450548503E+01
-0.60870295445418E+01
-0.61176439300473E+01
-0.61329511239405E+01
-0.61788727033391E+01
-0.62401014697881E+01
-0.62707501726861E+01
-0.62860745252769E+01
-0.63320475807658E+01
-0.63933449819949E+01
-0.64240366938462E+01
-0.64393825509151E+01
-0.64854201198353E+01
-0.65468035389643E+01
-0.65775443708753E+01
-0.65929147879760E+01
-0.66390260369878E+01
-0.67005076962292E+01
-0.67313018390728E+01
-0.67466989116418E+01
-0.67928901270544E+01
-0.68544784081529E+01
-0.68853286180185E+01
-0.69007537241005E+01
-0.69470290400481E+01
-0.70087294551822E+01
-0.70396374131196E+01
-0.70550913932398E+01
-0.71014533312974E+01
-0.71632692425667E+01
-0.71942358228133E+01
-0.72097191140902E+01
-0.72561689856138E+01
-0.73181021414927E+01
-0.73491276123733E+01
-0.73646403489694E+01
-0.74111785564462E+01
-0.74732294935843E+01
-0.75043136682581E+01
-0.75198557567529E+01
-0.75664820199215E+01
-0.76286503646372E+01
-0.76597927135764E+01
-0.76753638892062E+01
-0.77220774137751E+01
-0.77843621070130E+01
-0.78155618416362E+01
-0.78311617101100E+01
-0.78779613132070E+01
-0.79403607778042E+01
-0.79716169072239E+01
-0.79872449730982E+01
-0.80341291683921E+01
-0.80966414225740E+01
-0.81279527840233E+01
-0.81436084659143E+01
-0.81905755092546E+01
-0.82531982274873E+01
-0.82845635131936E+01
-0.83002461572152E+01
-0.83472940869431E+01
-0.84100246536819E+01
-0.84414046635518E+01
-0.84570946696557E+01
-0.85041646856296E+01
-0.85669247006935E+01
-0.85983907522606E+01
-0.86141237792164E+01
-0.86613228577393E+01
-0.87242549561847E+01
-0.87557689193755E+01
-0.87715259021448E+01
-0.88187968481049E+01
-0.88818247697905E+01
-0.89133846502749E+01
-0.89291645916928E+01
-0.89765044135950E+01
-0.90396241698610E+01
-0.90712283857037E+01
-0.90870304948023E+01
-0.91344368197437E+01
-0.91976452467196E+01
-0.92292922128312E+01
-0.92451156970660E+01
-0.92925861474124E+01
-0.93558800749199E+01
-0.93875682094447E+01
-0.94034122778876E+01
-0.94509444808552E+01
-0.95143207451828E+01
-0.95460484786204E+01
-0.95619123465211E+01
-0.96095039478593E+01
-0.96729594100065E+01
-0.97047251929547E+01
-0.97206080856122E+01
-0.97682567612180E+01
-0.98317883223810E+01
-0.98635906309455E+01
-0.98794917864126E+01
-0.99271952504442E+01
-0.99907998628344E+01
-0.10022637203545E+02
-0.10038555875086E+02
-0.10086311887337E+02
-0.10149986564014E+02
-0.10181857476871E+02
-0.10197792934487E+02
-0.10245599304961E+02
-0.10309341125927E+02
-0.10341244187759E+02
-0.10357195719863E+02
-0.10405050313799E+02
-0.10468856432709E+02
-0.10500790258633E+02
-0.10516757172785E+02
-0.10564657912860E+02
-0.10628525559950E+02
-0.10660488805889E+02
-0.10676470430049E+02
-0.10724415300148E+02
-0.10788341787263E+02
-0.10820333150096E+02
-0.10836328832705E+02
-0.10884315878147E+02
-0.10948298599047E+02
-0.10980316819279E+02
-0.10996325930588E+02
-0.11044353262129E+02
-0.11108389697822E+02
-0.11140433558149E+02
-0.11156455489506E+02
-0.11204521281189E+02
-0.11268608997068E+02
-0.11300677322694E+02
-0.11316711486702E+02
-0.11364813976336E+02
-0.11428950622809E+02
-0.11461042285221E+02
-0.11477088117622E+02
-0.11525225612434E+02
-0.11589408932475E+02
-0.11621522843074E+02
-0.11637579799570E+02
-0.11685750666666E+02
-0.11749978483079E+02
-0.11782113601031E+02
-0.11798181161204E+02
-0.11846383839330E+02
-0.11910654070446E+02
-0.11942809393876E+02
-0.11958887056790E+02
-0.12007120043133E+02
-0.12071430685203E+02
-0.12103605248828E+02
-0.12119692531839E+02
-0.12167954378476E+02
-0.12232303500932E+02
-0.12264496398620E+02
-0.12280592848664E+02
-0.12328882196396E+02
-0.12393267986976E+02
-0.12425478331874E+02
-0.12441583505523E+02
-0.12489899024070E+02
-0.12554319709066E+02
-0.12586546673867E+02
-0.12602660157468E+02
-0.12651000605871E+02
-0.12715454530671E+02
-0.12747697293210E+02
-0.12763818675681E+02
-0.12812182820692E+02
-0.12876668340967E+02
-0.12908926148189E+02
-0.12925055053001E+02
-0.12973441765036E+02
-0.13037957374672E+02
-0.13070229512569E+02
-0.13086365582720E+02
-0.13134773790768E+02
-0.13199318061753E+02
-0.13231603818114E+02
-0.13247746697498E+02
-0.13296175333242E+02
-0.13360746841153E+02
-0.13393045598587E+02
-0.13409194978508E+02
-0.13457643115864E+02
-0.13522240625921E+02
-0.13554551737835E+02
-0.13570707294996E+02
-0.13619173964071E+02
-0.13683796183084E+02
-0.13716118987068E+02
-0.13732280390264E+02
-0.13780764597445E+02
-0.13845410200596E+02
-0.13877744245801E+02
-0.13893911269607E+02
-0.13942412338618E+02
-0.14007080424209E+02
-0.14039425096127E+02
-0.14055597433291E+02
-0.14104114442372E+02
-0.14168803781389E+02
-0.14201158595532E+02
-0.14217336003810E+02
-0.14265868226231E+02
-0.14330577849697E+02
-0.14362942164115E+02
-0.14379124322530E+02
-0.14427670795362E+02
-0.14492399419375E+02
-0.14495651087724E+02
-0.14497276922019E+02
-0.14502154424663E+02
-0.14508657760876E+02
