 0.44999998807907E-03
 0.56736566952283E-03
 0.59878026404861E-03
 0.73653357020877E-03
 0.81581135388707E-03
 0.86953998286665E-03
 0.88362974965013E-03
 0.88639184825325E-03
 0.89962850660271E-03
 0.90543181903356E-03
 0.90844337315632E-03
 0.91740582031359E-03
 0.92932135730760E-03
 0.93603972954099E-03
 0.93934667195874E-03
 0.94927137255911E-03
 0.96216942178674E-03
 0.96880329820080E-03
 0.97196878139146E-03
 0.98139245842410E-03
 0.99424295796668E-03
 0.10006289813772E-02
 0.10038487276900E-02
 0.10137519091267E-02
 0.10261473526260E-02
 0.10331430550724E-02
 0.10364037981872E-02
 0.10461890784862E-02
 0.10590934309627E-02
 0.10785517017332E-02
 0.10878885227080E-02
 0.11155068032257E-02
 0.11533238034917E-02
 0.11580367241223E-02
 0.11703639402770E-02
 0.11765445222113E-02
 0.11960169167584E-02
 0.12183305601481E-02
 0.12251032780956E-02
 0.12323258023108E-02
 0.12356927272577E-02
 0.12457958943087E-02
 0.12593160606571E-02
 0.12669883003106E-02
 0.12708252370595E-02
 0.12823394047947E-02
 0.12971312235140E-02
 0.13047052338263E-02
 0.13083217777919E-02
 0.13191740753859E-02
 0.13338857019852E-02
 0.13410397831390E-02
 0.13446553844498E-02
 0.13555949735844E-02
 0.13699220657289E-02
 0.13783721841926E-02
 0.13825365097413E-02
 0.13952365700838E-02
 0.14112925537382E-02
 0.14200916467280E-02
 0.14242451393682E-02
 0.14367090727568E-02
 0.14531605665440E-02
 0.14619508886107E-02
 0.14662397161069E-02
 0.14791098098034E-02
 0.14958737510583E-02
 0.15055929843499E-02
 0.15104017521243E-02
 0.15245967029486E-02
 0.15436403290035E-02
 0.15535633914567E-02
 0.15585669020000E-02
 0.15738267038306E-02
 0.15931061888268E-02
 0.16030054566575E-02
 0.16077205944367E-02
 0.16218701023951E-02
 0.16410385190468E-02
 0.16494227934798E-02
 0.16537157436646E-02
 0.16665975702520E-02
 0.16836205450521E-02
 0.16942140053823E-02
 0.16993893076960E-02
 0.17147964713124E-02
 0.17360923472636E-02
 0.17458388253803E-02
 0.17507344973660E-02
 0.17657982451215E-02
 0.17851803897769E-02
 0.17970152973427E-02
 0.18027231330049E-02
 0.18198526465189E-02
 0.18427424358042E-02
 0.18542525942731E-02
 0.18600699505830E-02
 0.18771040140311E-02
 0.19013388868603E-02
 0.19023612356662E-02
 0.19071722810501E-02
 0.19214907708902E-02
 0.19405796464976E-02
 0.19528131394329E-02
 0.19589016458735E-02
 0.19774695366477E-02
 0.20009445452837E-02
 0.20155963282867E-02
 0.20226341359979E-02
 0.20429051276298E-02
 0.20729190548941E-02
 0.20726699642573E-02
 0.20897043800005E-02
 0.21122064466363E-02
 0.21487674848754E-02
 0.21663660424768E-02
 0.22184258418347E-02
 0.22907482333263E-02
 0.23084890670795E-02
 0.23196461625782E-02
 0.23255240510957E-02
 0.23434469950440E-02
 0.23658584746284E-02
 0.23783339448352E-02
 0.23840633063898E-02
 0.24013984039826E-02
 0.24247308974012E-02
 0.24358606011958E-02
 0.24415469508975E-02
 0.24588850423472E-02
 0.24802895883676E-02
 0.24861309997679E-02
 0.24914080480449E-02
 0.25071172384678E-02
 0.25291664634241E-02
 0.25387408302400E-02
 0.25438849465260E-02
 0.25593208542112E-02
 0.25797637372740E-02
 0.26175872942905E-02
 0.26357371876601E-02
 0.26925304215734E-02
 0.27568531392109E-02
 0.27722636549230E-02
 0.27806339369917E-02
 0.28049540531390E-02
 0.28398361971139E-02
 0.28531417772750E-02
 0.28605621462415E-02
 0.28830054542889E-02
 0.29109487983386E-02
 0.29252551913792E-02
 0.29317492898997E-02
 0.29518728161953E-02
 0.29766541708314E-02
 0.29916957593329E-02
 0.29984681121045E-02
 0.30194539476419E-02
 0.30445922504466E-02
 0.30592911143848E-02
 0.30658422695518E-02
 0.30850346698471E-02
 0.31117299576290E-02
 0.31244501008097E-02
 0.31311128064817E-02
 0.31507916174876E-02
 0.31779396885198E-02
 0.31926195271174E-02
 0.32002043139150E-02
 0.32224277536663E-02
 0.32540873598072E-02
 0.32675060725536E-02
 0.32749348774678E-02
 0.32965297620813E-02
 0.33264197467908E-02
 0.33421897408040E-02
 0.33501744544877E-02
 0.33743360231237E-02
 0.34064496519287E-02
 0.34233007092128E-02
 0.34318603653624E-02
 0.34563422618486E-02
 0.34924811401870E-02
 0.35078972547250E-02
 0.35163454176844E-02
 0.35421184029867E-02
 0.35765251517572E-02
 0.35920321753632E-02
 0.36000578215698E-02
 0.36233917823805E-02
 0.36560968253459E-02
 0.36826241601440E-02
 0.36963535083596E-02
 0.37356520343836E-02
 0.37927754002796E-02
 0.38164362967377E-02
 0.38293654174931E-02
 0.38694157218434E-02
 0.39160860623831E-02
 0.39446812998076E-02
 0.39793853566889E-02
 0.40000209537160E-02
 0.40090632402750E-02
 0.40351576464395E-02
 0.40728918549944E-02
 0.40913513977038E-02
 0.41013963028939E-02
 0.41313192307619E-02
 0.41712448234779E-02
 0.41901443634599E-02
 0.41993693148992E-02
 0.42281621245957E-02
 0.42625215393194E-02
 0.42826862711076E-02
 0.42917760516019E-02
 0.43186424834978E-02
 0.43543666130720E-02
 0.43745014001164E-02
 0.43844870573631E-02
 0.44140097372746E-02
 0.44547031599816E-02
 0.44765491070219E-02
 0.44879172558836E-02
 0.45210101148991E-02
 0.45667644496463E-02
 0.45887753177694E-02
 0.45997890638584E-02
 0.46333976734274E-02
 0.46782779821595E-02
 0.46991501353023E-02
 0.47098348959317E-02
 0.47411860048689E-02
 0.47852694801465E-02
 0.48086550930779E-02
 0.48207844060117E-02
 0.48586394537705E-02
 0.49032447799622E-02
 0.49289203124448E-02
 0.49399751462666E-02
 0.49739591813171E-02
 0.50168468659771E-02
 0.50462137634953E-02
 0.50604743976826E-02
 0.51026680179537E-02
 0.51593825852580E-02
 0.51971056137831E-02
 0.52160643285668E-02
 0.52726379345443E-02
 0.53488274792301E-02
 0.53856195178262E-02
 0.54041207272006E-02
 0.54597635516232E-02
 0.55350494074000E-02
 0.55451730183059E-02
 0.55606847139323E-02
 0.56059102527702E-02
 0.56721151643058E-02
 0.56769736977463E-02
 0.56906286975577E-02
 0.57316665695988E-02
 0.57860233658138E-02
 0.58139732135284E-02
 0.58277249484553E-02
 0.58684337222818E-02
 0.59258407958662E-02
 0.59513321531344E-02
 0.59647420688392E-02
 0.60047450977073E-02
 0.60600785593279E-02
 0.60886240601173E-02
 0.61032958179017E-02
 0.61470713292585E-02
 0.62083025574876E-02
 0.62340544233994E-02
 0.62476847551162E-02
 0.62898884205760E-02
 0.63421869075496E-02
 0.63742437837003E-02
 0.63889056119626E-02
 0.64333026035600E-02
 0.64916866165050E-02
 0.65218646549287E-02
 0.65366705830240E-02
 0.65821567753616E-02
 0.66404220516507E-02
 0.66795968291467E-02
 0.66987046810367E-02
 0.67557200423303E-02
 0.68326797847231E-02
 0.68774408466835E-02
 0.68999093922233E-02
 0.69684541196034E-02
 0.70535657263401E-02
 0.70686493960618E-02
 0.70892474877245E-02
 0.71516189640285E-02
 0.72345063161265E-02
 0.72778745033811E-02
 0.72995939135613E-02
 0.73639164353650E-02
 0.74543552022914E-02
 0.74683289452094E-02
 0.74901805029675E-02
 0.75581977030106E-02
 0.76399596645320E-02
 0.76851783998556E-02
 0.77052038274239E-02
 0.77640533401221E-02
 0.78483056563285E-02
 0.78848999656519E-02
 0.79042603086226E-02
 0.79653054661144E-02
 0.80377716922378E-02
 0.80845400117173E-02
 0.81055119876925E-02
 0.81697627259991E-02
 0.82512142828443E-02
 0.83043789477739E-02
 0.83299169586699E-02
 0.84059345307133E-02
 0.85073953684411E-02
 0.85786204154293E-02
 0.86138506120981E-02
 0.87230505619788E-02
 0.88527649417472E-02
 0.88884875792640E-02
 0.89881990169361E-02
 0.90460608811704E-02
 0.91264654225999E-02
 0.91741378154899E-02
 0.91986508310334E-02
 0.92699871038331E-02
 0.93684127927992E-02
 0.94289803603482E-02
 0.94603861247332E-02
 0.95535043641147E-02
 0.96765290815439E-02
 0.97458341227788E-02
 0.97810065438696E-02
 0.98830326354810E-02
 0.10023721377074E-01
 0.10096662818077E-01
 0.10134516929930E-01
 0.10247473051484E-01
 0.10396008054512E-01
 0.10481192500928E-01
 0.10524438571684E-01
 0.10651053848604E-01
 0.10817984500482E-01
 0.10824086575005E-01
 0.10857595341682E-01
 0.10958726163050E-01
 0.11086815373403E-01
 0.11158567205030E-01
 0.11192895980722E-01
 0.11296387716055E-01
 0.11430968309349E-01
 0.11528254897314E-01
 0.11577545635821E-01
 0.11719354993975E-01
 0.11921750828283E-01
 0.11929110928960E-01
 0.11992817145296E-01
 0.12177276526092E-01
 0.12426186793695E-01
 0.12544222207639E-01
 0.12606203572600E-01
 0.12784461167763E-01
 0.13031500177298E-01
 0.13074067163933E-01
 0.13225608043443E-01
 0.13306154544875E-01
 0.13343556673351E-01
 0.13456276683440E-01
 0.13597978496655E-01
 0.13676594544500E-01
 0.13714221635265E-01
 0.13825978985382E-01
 0.13972803593852E-01
 0.14069812225382E-01
 0.14118901906049E-01
 0.14265170001410E-01
 0.14453219618734E-01
 0.14553749280825E-01
 0.14602918445373E-01
 0.14748610129254E-01
 0.14943104171325E-01
 0.15041628485865E-01
 0.15092731462812E-01
 0.15243203197301E-01
 0.15442811780045E-01
 0.15573116666290E-01
 0.15640343753440E-01
 0.15835917046964E-01
 0.16100797083001E-01
 0.16263657320391E-01
 0.16350931105425E-01
 0.16600884380917E-01
 0.16942313006482E-01
 0.17156089668373E-01
 0.17271739327839E-01
 0.17601297645610E-01
 0.18061740347729E-01
 0.18213984235933E-01
 0.18523575493353E-01
 0.18595637611575E-01
 0.18702381675771E-01
 0.19015171146069E-01
 0.19417254264630E-01
 0.19551190387163E-01
 0.19849988346493E-01
 0.20013150878903E-01
 0.20097459875230E-01
 0.20343280386871E-01
 0.20673830280250E-01
 0.20884473384026E-01
 0.20996214641275E-01
 0.21316833417773E-01
 0.21764390867001E-01
 0.21771726642385E-01
 0.22017608771176E-01
 0.22352625266385E-01
 0.22553539565727E-01
 0.22660804734400E-01
 0.22972767415876E-01
 0.23393627716109E-01
 0.23647339057685E-01
 0.23782776843750E-01
 0.24172947614149E-01
 0.24710286987511E-01
 0.24944557142058E-01
 0.25072693343595E-01
 0.25443004980566E-01
 0.25949821611376E-01
 0.26257591353416E-01
 0.26423880525042E-01
 0.26903135667967E-01
 0.27558671929868E-01
 0.27975151754983E-01
 0.28204394174576E-01
 0.28860148443797E-01
 0.29760359632300E-01
 0.29873768956890E-01
 0.30427908776922E-01
 0.31168919533998E-01
 0.31257822877315E-01
 0.31806369791053E-01
 0.32560961984921E-01
 0.32923896207521E-01
 0.33120349799483E-01
 0.33692954827543E-01
 0.34467240008030E-01
 0.34829934662107E-01
 0.35021059496945E-01
 0.35580185364852E-01
 0.36337533182673E-01
 0.36756401609267E-01
 0.36979304586036E-01
 0.37630150481774E-01
 0.38510018883412E-01
 0.38907238975950E-01
 0.39115886644953E-01
 0.39727816913124E-01
 0.40555507536512E-01
 0.41005828172945E-01
 0.41243946383333E-01
 0.41938037499905E-01
 0.42890126942454E-01
 0.43475896971825E-01
 0.43792541308663E-01
 0.44714234235104E-01
 0.45975826216955E-01
 0.46110745272867E-01
 0.46418620078029E-01
 0.47318203340979E-01
 0.48544781732439E-01
 0.49101011486224E-01
 0.49396354630252E-01
 0.50261996515900E-01
 0.51439935391969E-01
 0.52019445174054E-01
 0.52325616854995E-01
 0.53225285658167E-01
 0.54446855978865E-01
 0.55034170559817E-01
 0.55342877041798E-01
 0.56251056903699E-01
 0.57486060333861E-01
 0.58155668272659E-01
 0.58509742402749E-01
 0.59548288171253E-01
 0.60970740865103E-01
 0.61814699236877E-01
 0.62266682030695E-01
 0.63591801762638E-01
 0.65405611576534E-01
 0.65760358220433E-01
 0.67006967786084E-01
 0.68708983792959E-01
 0.69516101423519E-01
 0.69942623940076E-01
 0.71199285689702E-01
 0.72910717552843E-01
 0.73721554527572E-01
 0.74147439660545E-01
 0.75403434955522E-01
 0.77117539152878E-01
 0.78095070570544E-01
 0.78613205997126E-01
 0.80139468511176E-01
 0.82225810115544E-01
 0.83185726992722E-01
 0.83691605855619E-01
 0.85184229310225E-01
 0.87224025174920E-01
 0.88316491830057E-01
 0.88894720367662E-01
 0.90600244566182E-01
 0.92931350511307E-01
 0.94007598549242E-01
 0.94573763936920E-01
 0.96246132725098E-01
 0.98530218031088E-01
 0.99718135993410E-01
 0.10034449999328E+00
 0.10219477157519E+00
 0.10472385942651E+00
 0.10597363174856E+00
 0.10663186738575E+00
 0.10857725052082E+00
 0.11123775539986E+00
 0.11260295767267E+00
 0.11332333596074E+00
 0.11545230504082E+00
 0.11836559088051E+00
 0.11979311544166E+00
 0.12054520358993E+00
 0.12276957716677E+00
 0.12581169164873E+00
 0.12732388321976E+00
 0.12811979915355E+00
 0.13047498866163E+00
 0.13369657488197E+00
 0.13532031395954E+00
 0.13617528355393E+00
 0.13870554784645E+00
 0.14216892648017E+00
 0.14390873856774E+00
 0.14482518352761E+00
 0.14753813181688E+00
 0.15125204424714E+00
 0.15308956097485E+00
 0.15405655812252E+00
 0.15692093706655E+00
 0.16084080405028E+00
 0.16279085524327E+00
 0.16381630080976E+00
 0.16685508475956E+00
 0.17101366766512E+00
 0.17309256297571E+00
 0.17418552443158E+00
 0.17742513620782E+00
 0.18186034752117E+00
 0.18409143099842E+00
 0.18526487860385E+00
 0.18874365546826E+00
 0.19350888930798E+00
 0.19590500135313E+00
 0.19716581794107E+00
 0.20090461431326E+00
 0.20602678464798E+00
 0.20856863424647E+00
 0.20990524237578E+00
 0.21387001088877E+00
 0.21930249819959E+00
 0.22202950663230E+00
 0.22346386608255E+00
 0.22771906118677E+00
 0.23355203387410E+00
 0.23647112913966E+00
 0.23800668419597E+00
 0.24256326920693E+00
 0.24881042491449E+00
 0.25192947769580E+00
 0.25357004625371E+00
 0.25843952426842E+00
 0.26511522792473E+00
 0.26842393582007E+00
 0.27016300029247E+00
 0.27532606297822E+00
 0.28240465345987E+00
 0.28595817761385E+00
 0.28782647222030E+00
 0.29337389162174E+00
 0.30098200791977E+00
 0.30479054688485E+00
 0.30679319481362E+00
 0.31274040541137E+00
 0.32089826303901E+00
 0.32497013965925E+00
 0.32711106718713E+00
 0.33346984750239E+00
 0.34219339726057E+00
 0.34655428580414E+00
 0.34884729758657E+00
 0.35565838914905E+00
 0.36500469206844E+00
 0.36968646177863E+00
 0.37214877843002E+00
 0.37946323909711E+00
 0.38950277645956E+00
 0.39452072521890E+00
 0.39716010592082E+00
 0.40500128310708E+00
 0.41576501827805E+00
 0.42113869332594E+00
 0.42396512056088E+00
 0.43236274154735E+00
 0.44389126230105E+00
 0.44964935275063E+00
 0.45267809462533E+00
 0.46167710322961E+00
 0.47403311947564E+00
 0.48021354184896E+00
 0.48346498788638E+00
 0.49312599580593E+00
 0.50639263778193E+00
 0.51301583938675E+00
 0.51650034359159E+00
 0.52685388745823E+00
 0.54107344411798E+00
 0.54819088068297E+00
 0.55193636378357E+00
 0.56306523393956E+00
 0.57835175841497E+00
 0.58598536369655E+00
 0.59000282389667E+00
 0.60193956203838E+00
 0.61833717955430E+00
 0.62653216963293E+00
 0.63084575297970E+00
 0.64366175759850E+00
 0.66126901560136E+00
 0.67006786528882E+00
 0.67470008344188E+00
 0.68846183715537E+00
 0.70737059809728E+00
 0.71682783696516E+00
 0.72180791847646E+00
 0.73660181789875E+00
 0.75693119823406E+00
 0.76709302329618E+00
 0.77244535557908E+00
 0.78834328219761E+00
 0.81019246096861E+00
 0.82112243325955E+00
 0.82688112241742E+00
 0.84398384124719E+00
 0.86749185065479E+00
 0.87924885947380E+00
 0.88544519732307E+00
 0.90384483594512E+00
 0.92913890218060E+00
 0.94179248831539E+00
 0.94846373016133E+00
 0.96827016643703E+00
 0.99550187469284E+00
 0.10091249845394E+01
 0.10163100985688E+01
 0.10376381652727E+01
 0.10669658691805E+01
 0.10816376038775E+01
 0.10893789108532E+01
 0.11123528786588E+01
 0.11439490473804E+01
 0.11597685991943E+01
 0.11681197544222E+01
 0.11928974187139E+01
 0.12269808531367E+01
 0.12440459552199E+01
 0.12530595486334E+01
 0.12797953651525E+01
 0.13165799875838E+01
 0.13350009991731E+01
 0.13447365758668E+01
 0.13736053623597E+01
 0.14133334654069E+01
 0.14332305126605E+01
 0.14437529810998E+01
 0.14749449618813E+01
 0.15178808839866E+01
 0.15393955944749E+01
 0.15507819296482E+01
 0.15845226080848E+01
 0.16309800942297E+01
 0.16542240003117E+01
 0.16665343440834E+01
 0.17029997505115E+01
 0.17532216869873E+01
 0.17784849149723E+01
 0.17918786721958E+01
 0.18315345730532E+01
 0.18861773774567E+01
 0.19135313010317E+01
 0.19280472341820E+01
 0.19710068303077E+01
 0.20302221791047E+01
 0.20599207738120E+01
 0.20756978008537E+01
 0.21223663097559E+01
 0.21867230667164E+01
 0.22190430983357E+01
 0.22362343020951E+01
 0.22870576097271E+01
 0.23571829035009E+01
 0.23923968708110E+01
 0.24111534029476E+01
 0.24665712683997E+01
 0.25430828245367E+01
 0.25814974796098E+01
 0.26019896925561E+01
 0.26624971484029E+01
 0.27460919083186E+01
 0.27881002373243E+01
 0.28105475864891E+01
 0.28767815659683E+01
 0.29683604962653E+01
 0.30144067295097E+01
 0.30390588562806E+01
 0.31117429415604E+01
 0.32123321080594E+01
 0.32629303493712E+01
 0.32900775444893E+01
 0.33700520394280E+01
 0.34808464965961E+01
 0.35366112775885E+01
 0.35666023803236E+01
 0.36548756721272E+01
 0.37773148449420E+01
 0.38389734025762E+01
 0.38722238234125E+01
 0.39699950861433E+01
 0.41057968625124E+01
 0.41742291242190E+01
 0.42112446008340E+01
 0.43199715585175E+01
 0.44712330394524E+01
 0.45475073094278E+01
 0.45889062053469E+01
 0.47103685030479E+01
 0.48796611449897E+01
 0.49650923624605E+01
 0.50116414381195E+01
 0.51480421212563E+01
 0.53385650006408E+01
 0.54347986387512E+01
 0.54874653242307E+01
 0.56415790313750E+01
 0.58573832371390E+01
 0.59665012893503E+01
 0.60265208406301E+01
 0.62018834046482E+01
 0.64481633498730E+01
 0.65728694948646E+01
 0.66418623972391E+01
 0.68431019469505E+01
 0.71267049987693E+01
 0.72705888315644E+01
 0.73507320282838E+01
 0.75840499422033E+01
 0.79142272683241E+01
 0.80822289841834E+01
 0.81765598946717E+01
 0.84505815775399E+01
 0.88403299286365E+01
 0.90396046895519E+01
 0.91525967497118E+01
 0.94799742280827E+01
 0.99485994500398E+01
 0.10190349842002E+02
 0.10329157967919E+02
 0.10730014680865E+02
 0.11308744869633E+02
 0.11613156103490E+02
 0.11791053258450E+02
 0.12302400770016E+02
 0.13050114744834E+02
 0.13467752721164E+02
 0.13719559101632E+02
 0.14436921102388E+02
 0.15512573681072E+02
 0.16123356889897E+02
 0.16510210982707E+02
 0.17598304573794E+02
 0.19295892790115E+02
 0.19809578157489E+02
 0.21282687799012E+02
 0.21272842611551E+02
 0.21634278767622E+02
 0.22673088428542E+02
 0.24212972771667E+02
 0.24435982213308E+02
 0.24833529901731E+02
 0.25979625006466E+02
 0.27670004243339E+02
 0.28432106832666E+02
 0.28883288058052E+02
 0.30186935766100E+02
 0.32104018589750E+02
 0.32986499304007E+02
 0.33507217730777E+02
 0.35013821331567E+02
 0.37226971045686E+02
 0.38254567769717E+02
 0.38859870934855E+02
 0.40612758990809E+02
 0.43185785912779E+02
 0.44380168220041E+02
 0.45082189548684E+02
 0.47116518171055E+02
 0.50097550006398E+02
 0.51474610095409E+02
 0.52280724058952E+02
 0.54617926081197E+02
 0.58030234150133E+02
 0.59588644538835E+02
 0.60494097458002E+02
 0.63120859549119E+02
 0.66930132499078E+02
 0.67477555106868E+02
 0.68433797925388E+02
 0.71211764290050E+02
 0.75198905479095E+02
 0.75208787323290E+02
 0.76141231857472E+02
 0.78858376732423E+02
 0.82703736098145E+02
 0.84813266740656E+02
 0.86002184321658E+02
 0.89448202954913E+02
 0.94329771717533E+02
 0.96956301096095E+02
 0.98438221603453E+02
 0.10270822139744E+03
 0.10872586932138E+03
 0.11191089062064E+03
 0.11369323446208E+03
 0.11880088207353E+03
 0.12591154734444E+03
 0.12969963281612E+03
 0.13178355791491E+03
 0.13772959613148E+03
 0.14586556567824E+03
 0.15030472281744E+03
 0.15268896411281E+03
 0.15947358310341E+03
 0.16857101210259E+03
 0.17364149501539E+03
 0.17628737732097E+03
 0.18381358858443E+03
 0.19368494850854E+03
 0.19932400492708E+03
 0.20217245781115E+03
 0.21028317163778E+03
 0.22067650217919E+03
 0.22612629921311E+03
 0.22879987910570E+03
 0.23647165029937E+03
 0.24609790472072E+03
 0.25142595353252E+03
 0.25394762534642E+03
 0.26121642497956E+03
 0.27014762797225E+03
 0.27542506443969E+03
 0.27782107802067E+03
 0.28474422157978E+03
 0.29301308653702E+03
 0.29770557662850E+03
 0.29974621133980E+03
 0.30567577567480E+03
 0.31253358225875E+03
 0.31717547980156E+03
 0.31899668263702E+03
 0.32431230034582E+03
 0.33002563877943E+03
 0.33204561378655E+03
 0.33504592156043E+03
 0.33638199740360E+03
 0.33693187970240E+03
 0.33856245246133E+03
 0.34039561116126E+03
 0.34152065068910E+03
 0.34194016795868E+03
 0.34319256595620E+03
 0.34450503211024E+03
 0.34514220612062E+03
 0.34536273892403E+03
 0.34602910362840E+03
 0.34669019146760E+03
 0.34694844141261E+03
 0.34703520025207E+03
 0.34729980862464E+03
 0.34755466885509E+03
 0.34765088741111E+03
 0.34768116578478E+03
 0.34777462832852E+03
 0.34785956617351E+03
 0.34788948546525E+03
 0.34789755010324E+03
 0.34792306794535E+03
 0.34794257841994E+03
 0.34794765862616E+03
 0.34794797072553E+03
 0.34794946203254E+03
 0.34794723526652E+03
 0.34794463747481E+03
 0.34794292584047E+03
 0.34793796083500E+03
 0.34793089970727E+03
 0.34792707256403E+03
 0.34792533056642E+03
 0.34792011258726E+03
 0.34791379549253E+03
 0.34791071131908E+03
 0.34790944477311E+03
 0.34790560272668E+03
 0.34790121631542E+03
 0.34789916544125E+03
 0.34789836641170E+03
 0.34789592330281E+03
 0.34789322205227E+03
 0.34789198924501E+03
 0.34789152461416E+03
 0.34789009569770E+03
 0.34788854806081E+03
 0.34788785254645E+03
 0.34788759633993E+03
 0.34788680487465E+03
 0.34788595981472E+03
 0.34788558397093E+03
 0.34788544776546E+03
 0.34788502553608E+03
 0.34788457930160E+03
 0.34788438224423E+03
 0.34788431166978E+03
 0.34788409230450E+03
 0.34788386217684E+03
 0.34788376103687E+03
 0.34788372512218E+03
 0.34788361326151E+03
 0.34788349653927E+03
 0.34788344539623E+03
 0.34788342734582E+03
 0.34788337104040E+03
 0.34788331251310E+03
 0.34788328691288E+03
 0.34788327791618E+03
 0.34788324982148E+03
 0.34788322069731E+03
 0.34788320796726E+03
 0.34788320350664E+03
 0.34788318956626E+03
 0.34788317514223E+03
 0.34788316883717E+03
 0.34788316663216E+03
 0.34788315973741E+03
 0.34788315261261E+03
 0.34788314949625E+03
 0.34788314840782E+03
 0.34788314500322E+03
 0.34788314148833E+03
 0.34788313994943E+03
 0.34788313941251E+03
 0.34788313773266E+03
 0.34788313599996E+03
 0.34788313524054E+03
 0.34788313497595E+03
 0.34788313414796E+03
 0.34788313329506E+03
 0.34788313292094E+03
 0.34788313279093E+03
 0.34788313238392E+03
 0.34788313196562E+03
 0.34788313178211E+03
 0.34788313171862E+03
 0.34788313151972E+03
 0.34788313131604E+03
 0.34788313122676E+03
 0.34788313119609E+03
 0.34788313109987E+03
 0.34788313100184E+03
 0.34788313095902E+03
 0.34788313094443E+03
 0.34788313089861E+03
 0.34788313085222E+03
 0.34788313083197E+03
 0.34788313082516E+03
 0.34788313080371E+03
 0.34788313078217E+03
 0.34788313077283E+03
 0.34788313076973E+03
 0.34788313075994E+03
 0.34788313075022E+03
 0.34788313074603E+03
 0.34788313074466E+03
 0.34788313074033E+03
 0.34788313073608E+03
 0.34788313073426E+03
 0.34788313073369E+03
 0.34788313073184E+03
 0.34788313073007E+03
 0.34788313072932E+03
 0.34788313072909E+03
 0.34788313072835E+03
 0.34788313072765E+03
 0.34788313072737E+03
 0.34788313072729E+03
 0.34788313072702E+03
 0.34788313072678E+03
 0.34788313072668E+03
 0.34788313072666E+03
 0.34788313072658E+03
 0.34788313072652E+03
 0.34788313072650E+03
 0.34788313072650E+03
 0.34788313072649E+03
 0.34788313072649E+03
 0.34788313072650E+03
 0.34788313072650E+03
 0.34788313072651E+03
 0.34788313072653E+03
 0.34788313072654E+03
 0.34788313072655E+03
 0.34788313072657E+03
 0.34788313072659E+03
 0.34788313072660E+03
 0.34788313072660E+03
 0.34788313072661E+03
 0.34788313072663E+03
 0.34788313072664E+03
 0.34788313072664E+03
 0.34788313072665E+03
 0.34788313072666E+03
 0.34788313072667E+03
 0.34788313072667E+03
 0.34788313072668E+03
 0.34788313072669E+03
 0.34788313072669E+03
 0.34788313072669E+03
 0.34788313072670E+03
 0.34788313072670E+03
 0.34788313072670E+03
 0.34788313072670E+03
 0.34788313072671E+03
 0.34788313072671E+03
 0.34788313072671E+03
 0.34788313072671E+03
 0.34788313072671E+03
 0.34788313072672E+03
 0.34788313072672E+03
 0.34788313072672E+03
 0.34788313072672E+03
 0.34788313072672E+03
 0.34788313072672E+03
 0.34788313072672E+03
 0.34788313072672E+03
 0.34788313072672E+03
 0.34788313072672E+03
 0.34788313072672E+03
 0.34788313072672E+03
 0.34788313072672E+03
 0.34788313072672E+03
 0.34788313072672E+03
 0.34788313072672E+03
 0.34788313072673E+03
 0.34788313072673E+03
 0.34788313072673E+03
 0.34788313072673E+03
 0.34788313072673E+03
 0.34788313072673E+03
 0.34788313072673E+03
 0.34788313072673E+03
 0.34788313072673E+03
 0.34788313072673E+03
 0.34788313072673E+03
 0.34788313072673E+03
 0.34788313072673E+03
 0.34788313072673E+03
 0.34788313072673E+03
 0.34788313072673E+03
 0.34788313072673E+03
 0.34788313072673E+03
 0.34788313072673E+03
 0.34788313072673E+03
 0.34788313072673E+03
 0.34788313072673E+03
 0.34788313072673E+03
 0.34788313072673E+03
 0.34788313072673E+03
 0.34788313072673E+03
 0.34788313072673E+03
 0.34788313072673E+03
 0.34788313072673E+03
 0.34788313072673E+03
 0.34788313072673E+03
 0.34788313072673E+03
 0.34788313072673E+03
 0.34788313072673E+03
 0.34788313072673E+03
 0.34788313072673E+03
 0.34788313072673E+03
 0.34788313072673E+03
 0.34788313072673E+03
 0.34788313072673E+03
 0.34788313072673E+03
 0.34788313072673E+03
 0.34788313072673E+03
 0.34788313072673E+03
 0.34788313072673E+03
 0.34788313072673E+03
 0.34788313072673E+03
 0.34788313072673E+03
 0.34788313072673E+03
 0.34788313072673E+03
 0.34788313072673E+03
 0.34788313072673E+03
 0.34788313072673E+03
 0.34788313072673E+03
 0.34788313072673E+03
 0.34788313072673E+03
 0.34788313072673E+03
 0.34788313072673E+03
 0.34788313072673E+03
 0.34788313072673E+03
 0.34788313072673E+03
 0.34788313072673E+03
 0.34788313072673E+03
 0.34788313072673E+03
 0.34788313072673E+03
 0.34788313072673E+03
 0.34788313072673E+03
 0.34788313072673E+03
 0.34788313072673E+03
 0.34788313072673E+03
 0.34788313072673E+03
 0.34788313072673E+03
 0.34788313072673E+03
