 0.00000000000000E+00
 0.10001000000000E+05
 0.10001000000000E+05
 0.10001000000000E+05
 0.10001000000000E+05
 0.10012166090260E+05
 0.10013984710607E+05
 0.10015197658362E+05
 0.10015197658362E+05
 0.10016637847939E+05
 0.10016637847939E+05
 0.10016637847939E+05
 0.10016637847939E+05
 0.10017988243067E+05
 0.10017988243067E+05
 0.10017988243067E+05
 0.10017988243067E+05
 0.10019511162584E+05
 0.10019511162584E+05
 0.10019511162584E+05
 0.10019511162584E+05
 0.10021019537440E+05
 0.10021019537440E+05
 0.10021019537440E+05
 0.10021019537440E+05
 0.10022595896043E+05
 0.10022595896043E+05
 0.10022595896043E+05
 0.10022595896043E+05
 0.10024212832880E+05
 0.10024212832880E+05
 0.10024212832880E+05
 0.10024212832880E+05
 0.10026304060095E+05
 0.10029317324126E+05
 0.10029317324126E+05
 0.10029317324126E+05
 0.10029317324126E+05
 0.10031190405753E+05
 0.10032966987952E+05
 0.10032966987952E+05
 0.10032966987952E+05
 0.10032966987952E+05
 0.10034823828319E+05
 0.10034823828319E+05
 0.10034823828319E+05
 0.10034823828319E+05
 0.10036961528888E+05
 0.10036961528888E+05
 0.10036961528888E+05
 0.10036961528888E+05
 0.10039019991682E+05
 0.10039019991682E+05
 0.10039019991682E+05
 0.10039019991682E+05
 0.10041095767747E+05
 0.10041095767747E+05
 0.10041095767747E+05
 0.10041095767747E+05
 0.10043509487629E+05
 0.10043509487629E+05
 0.10043509487629E+05
 0.10043509487629E+05
 0.10045950609011E+05
 0.10045950609011E+05
 0.10045950609011E+05
 0.10045950609011E+05
 0.10048471143571E+05
 0.10048471143571E+05
 0.10048471143571E+05
 0.10048471143571E+05
 0.10051275170016E+05
 0.10051275170016E+05
 0.10051275170016E+05
 0.10051275170016E+05
 0.10054259968992E+05
 0.10054259968992E+05
 0.10054259968992E+05
 0.10054259968992E+05
 0.10057078645826E+05
 0.10057078645826E+05
 0.10057078645826E+05
 0.10057078645826E+05
 0.10059644015098E+05
 0.10059644015098E+05
 0.10059644015098E+05
 0.10059644015098E+05
 0.10062742860980E+05
 0.10062742860980E+05
 0.10062742860980E+05
 0.10062742860980E+05
 0.10065698788865E+05
 0.10065698788865E+05
 0.10065698788865E+05
 0.10065698788865E+05
 0.10069043818838E+05
 0.10069043818838E+05
 0.10069043818838E+05
 0.10069043818838E+05
 0.10071938240145E+05
 0.10071938240145E+05
 0.10071938240145E+05
 0.10071938240145E+05
 0.10074650505163E+05
 0.10074650505163E+05
 0.10074650505163E+05
 0.10074650505163E+05
 0.10078037762695E+05
 0.10078037762695E+05
 0.10078037762695E+05
 0.10078037762695E+05
 0.10080961240776E+05
 0.10080961240776E+05
 0.10080961240776E+05
 0.10083930444453E+05
 0.10083930444453E+05
 0.10083930444453E+05
 0.10083930444453E+05
 0.10090514427890E+05
 0.10093162076925E+05
 0.10093162076925E+05
 0.10093162076925E+05
 0.10093162076925E+05
 0.10095565694677E+05
 0.10095565694677E+05
 0.10095565694677E+05
 0.10095565694677E+05
 0.10097731496234E+05
 0.10097731496234E+05
 0.10097731496234E+05
 0.10097731496234E+05
 0.10099465431142E+05
 0.10099465431142E+05
 0.10099465431142E+05
 0.10099465431142E+05
 0.10101076690058E+05
 0.10101076690058E+05
 0.10101076690058E+05
 0.10101076690058E+05
 0.10102434991005E+05
 0.10102434991005E+05
 0.10102434991005E+05
 0.10102434991005E+05
 0.10105431034842E+05
 0.10105431034842E+05
 0.10105431034842E+05
 0.10105431034842E+05
 0.10105842705398E+05
 0.10105842705398E+05
 0.10105842705398E+05
 0.10105842705398E+05
 0.10105607482718E+05
 0.10105607482718E+05
 0.10105607482718E+05
 0.10105607482718E+05
 0.10104885325266E+05
 0.10104885325266E+05
 0.10104885325266E+05
 0.10104885325266E+05
 0.10103583796974E+05
 0.10103583796974E+05
 0.10103583796974E+05
 0.10103583796974E+05
 0.10101802905479E+05
 0.10101802905479E+05
 0.10101802905479E+05
 0.10101802905479E+05
 0.10099403683114E+05
 0.10099403683114E+05
 0.10099403683114E+05
 0.10099403683114E+05
 0.10095939105810E+05
 0.10095939105810E+05
 0.10095939105810E+05
 0.10095939105810E+05
 0.10091775045768E+05
 0.10091775045768E+05
 0.10091775045768E+05
 0.10091775045768E+05
 0.10086237597551E+05
 0.10086237597551E+05
 0.10086237597551E+05
 0.10086237597551E+05
 0.10079274243632E+05
 0.10079274243632E+05
 0.10079274243632E+05
 0.10079274243632E+05
 0.10070986101927E+05
 0.10070986101927E+05
 0.10070986101927E+05
 0.10070986101927E+05
 0.10062119596297E+05
 0.10062119596297E+05
 0.10062119596297E+05
 0.10062119596297E+05
 0.10044259605235E+05
 0.10044259605235E+05
 0.10044259605235E+05
 0.10044259605235E+05
 0.10029398279419E+05
 0.10029398279419E+05
 0.10012517284170E+05
 0.10012517284170E+05
 0.10012517284170E+05
 0.10012517284170E+05
 0.99950032855974E+04
 0.99950032855974E+04
 0.99950032855974E+04
 0.99950032855974E+04
 0.99732457386898E+04
 0.99732457386898E+04
 0.99732457386898E+04
 0.99732457386898E+04
 0.99508656846516E+04
 0.99508656846516E+04
 0.99508656846516E+04
 0.99508656846516E+04
 0.99273098085842E+04
 0.99273098085842E+04
 0.99273098085842E+04
 0.99273098085842E+04
 0.98988309418746E+04
 0.98988309418746E+04
 0.98988309418746E+04
 0.98988309418746E+04
 0.98638154811684E+04
 0.98638154811684E+04
 0.98638154811684E+04
 0.98638154811684E+04
 0.98256844357224E+04
 0.98256844357224E+04
 0.98256844357224E+04
 0.98256844357224E+04
 0.97862799605130E+04
 0.97862799605130E+04
 0.97862799605130E+04
 0.97862799605130E+04
 0.97371274899986E+04
 0.97371274899986E+04
 0.97371274899986E+04
 0.97371274899986E+04
 0.96885475758653E+04
 0.96885475758653E+04
 0.96885475758653E+04
 0.96885475758653E+04
 0.96222775439847E+04
 0.96222775439847E+04
 0.96222775439847E+04
 0.96222775439847E+04
 0.95249883853063E+04
 0.95249883853063E+04
 0.95249883853063E+04
 0.95249883853063E+04
 0.94311727828894E+04
 0.94311727828894E+04
 0.94311727828894E+04
 0.94311727828894E+04
 0.93491309864658E+04
 0.93491309864658E+04
 0.93491309864658E+04
 0.93491309864658E+04
 0.92611638436580E+04
 0.92611638436580E+04
 0.92611638436580E+04
 0.92611638436580E+04
 0.91671914860606E+04
 0.91671914860606E+04
 0.91671914860606E+04
 0.91671914860606E+04
 0.90703469158756E+04
 0.90703469158756E+04
 0.90703469158756E+04
 0.90703469158756E+04
 0.89591899555948E+04
 0.89591899555948E+04
 0.89591899555948E+04
 0.89591899555948E+04
 0.88503632794702E+04
 0.88503632794702E+04
 0.88503632794702E+04
 0.88503632794702E+04
 0.87295219196294E+04
 0.87295219196294E+04
 0.87295219196294E+04
 0.87295219196294E+04
 0.86028342038571E+04
 0.86028342038571E+04
 0.86028342038571E+04
 0.86028342038571E+04
 0.84351147621109E+04
 0.84351147621109E+04
 0.84351147621109E+04
 0.84351147621109E+04
 0.82572067723475E+04
 0.82572067723475E+04
 0.82572067723475E+04
 0.82572067723475E+04
 0.80608555274122E+04
 0.80608555274122E+04
 0.80608555274122E+04
 0.80608555274122E+04
 0.78764575124270E+04
 0.78764575124270E+04
 0.78764575124270E+04
 0.78764575124270E+04
 0.76575994521226E+04
 0.76575994521226E+04
 0.76575994521226E+04
 0.76575994521226E+04
 0.74554418398580E+04
 0.74554418398580E+04
 0.74554418398580E+04
 0.74554418398580E+04
 0.72550565117343E+04
 0.72550565117343E+04
 0.72550565117343E+04
 0.72550565117343E+04
 0.70390760743778E+04
 0.70390760743778E+04
 0.70390760743778E+04
 0.70390760743778E+04
 0.67804041358952E+04
 0.67804041358952E+04
 0.67804041358952E+04
 0.67804041358952E+04
 0.65623216119879E+04
 0.65623216119879E+04
 0.63568145598226E+04
 0.63568145598226E+04
 0.61584341410893E+04
 0.61584341410893E+04
 0.61584341410893E+04
 0.61584341410893E+04
 0.59234103925538E+04
 0.59234103925538E+04
 0.59234103925538E+04
 0.59234103925538E+04
 0.56286557518811E+04
 0.56286557518811E+04
 0.56286557518811E+04
 0.56286557518811E+04
 0.53128898653618E+04
 0.53128898653618E+04
 0.53128898653618E+04
 0.53128898653618E+04
 0.49877689858153E+04
 0.49877689858153E+04
 0.49877689858153E+04
 0.49877689858153E+04
 0.46920334060025E+04
 0.46920334060025E+04
 0.46920334060025E+04
 0.46920334060025E+04
 0.44341090543111E+04
 0.44341090543111E+04
 0.44341090543111E+04
 0.44341090543111E+04
 0.41844381253448E+04
 0.41844381253448E+04
 0.41844381253448E+04
 0.41844381253448E+04
 0.39292429662495E+04
 0.39292429662495E+04
 0.39292429662495E+04
 0.39292429662495E+04
 0.35453057137454E+04
 0.35453057137454E+04
 0.35453057137454E+04
 0.35453057137454E+04
 0.33181636965238E+04
 0.33181636965238E+04
 0.31114095373288E+04
 0.31114095373288E+04
 0.31114095373288E+04
 0.31114095373288E+04
 0.29358237209557E+04
 0.29358237209557E+04
 0.29358237209557E+04
 0.29358237209557E+04
 0.27729166404210E+04
 0.27729166404210E+04
 0.27729166404210E+04
 0.27729166404210E+04
 0.25789081288079E+04
 0.25789081288079E+04
 0.25789081288079E+04
 0.25789081288079E+04
 0.24029647781948E+04
 0.24029647781948E+04
 0.24029647781948E+04
 0.24029647781948E+04
 0.22388143345276E+04
 0.22388143345276E+04
 0.22388143345276E+04
 0.22388143345276E+04
 0.20480068543746E+04
 0.20480068543746E+04
 0.20480068543746E+04
 0.20480068543746E+04
 0.18377018700555E+04
 0.18377018700555E+04
 0.18377018700555E+04
 0.18377018700555E+04
 0.16675810202447E+04
 0.16675810202447E+04
 0.15461002062137E+04
 0.15461002062137E+04
 0.15461002062137E+04
 0.15461002062137E+04
 0.14306513243100E+04
 0.14306513243100E+04
 0.13231775301122E+04
 0.13231775301122E+04
 0.13231775301122E+04
 0.13231775301122E+04
 0.12204424243976E+04
 0.12204424243976E+04
 0.12204424243976E+04
 0.12204424243976E+04
 0.11277770870223E+04
 0.11277770870223E+04
 0.11277770870223E+04
 0.10493233744752E+04
 0.10493233744752E+04
 0.10493233744752E+04
 0.10493233744752E+04
 0.96331013227389E+03
 0.96331013227389E+03
 0.96331013227389E+03
 0.96331013227389E+03
 0.87228876183022E+03
 0.87228876183022E+03
 0.87228876183022E+03
 0.87228876183022E+03
 0.79984852015790E+03
 0.79984852015790E+03
 0.79984852015790E+03
 0.79984852015790E+03
 0.72184473743716E+03
 0.72184473743716E+03
 0.72184473743716E+03
 0.72184473743716E+03
 0.65164596157211E+03
 0.65164596157211E+03
 0.65164596157211E+03
 0.60579900843289E+03
 0.60579900843289E+03
 0.60579900843289E+03
 0.55429325378892E+03
 0.55429325378892E+03
 0.55429325378892E+03
 0.55429325378892E+03
 0.50975321517636E+03
 0.50975321517636E+03
 0.50975321517636E+03
 0.50975321517636E+03
 0.47313018173346E+03
 0.47313018173346E+03
 0.47313018173346E+03
 0.47313018173346E+03
 0.43722127292456E+03
 0.43722127292456E+03
 0.43722127292456E+03
 0.43722127292456E+03
 0.40860626382542E+03
 0.40860626382542E+03
 0.40860626382542E+03
 0.40860626382542E+03
 0.38081531318797E+03
 0.38081531318797E+03
 0.38081531318797E+03
 0.38081531318797E+03
 0.35409006407397E+03
 0.35409006407397E+03
 0.35409006407397E+03
 0.35409006407397E+03
 0.32861447307627E+03
 0.32861447307627E+03
 0.32861447307627E+03
 0.32861447307627E+03
 0.30792307915025E+03
 0.30792307915025E+03
 0.30792307915025E+03
 0.30792307915025E+03
 0.28952511929736E+03
 0.28952511929736E+03
 0.28952511929736E+03
 0.28952511929736E+03
 0.27349183233236E+03
 0.27349183233236E+03
 0.27349183233236E+03
 0.27349183233236E+03
 0.25762663119100E+03
 0.25762663119100E+03
 0.25762663119100E+03
 0.25762663119100E+03
 0.24358073846404E+03
 0.24358073846404E+03
 0.24358073846404E+03
 0.22942449976565E+03
 0.22942449976565E+03
 0.22942449976565E+03
 0.22942449976565E+03
 0.21712183935253E+03
 0.21712183935253E+03
 0.21712183935253E+03
 0.21712183935253E+03
 0.20639113855207E+03
 0.20639113855207E+03
 0.20639113855207E+03
 0.20639113855207E+03
 0.19504464738172E+03
 0.19504464738172E+03
 0.19504464738172E+03
 0.19504464738172E+03
 0.18539259565286E+03
 0.18539259565286E+03
 0.18539259565286E+03
 0.18539259565286E+03
 0.17576208328350E+03
 0.17576208328350E+03
 0.17576208328350E+03
 0.17576208328350E+03
 0.16748828617605E+03
 0.16748828617605E+03
 0.16748828617605E+03
 0.16748828617605E+03
 0.15942351738863E+03
 0.15942351738863E+03
 0.15942351738863E+03
 0.15942351738863E+03
 0.15194856905410E+03
 0.15194856905410E+03
 0.15194856905410E+03
 0.15194856905410E+03
 0.14472790602732E+03
 0.14472790602732E+03
 0.14472790602732E+03
 0.14472790602732E+03
 0.13805916846440E+03
 0.13805916846440E+03
 0.13805916846440E+03
 0.13805916846440E+03
 0.13179479404396E+03
 0.13179479404396E+03
 0.13179479404396E+03
 0.13179479404396E+03
 0.12581344609568E+03
 0.12581344609568E+03
 0.12581344609568E+03
 0.12581344609568E+03
 0.12010955948832E+03
 0.12010955948832E+03
 0.12010955948832E+03
 0.12010955948832E+03
 0.11474419965555E+03
 0.11474419965555E+03
 0.11474419965555E+03
 0.11474419965555E+03
 0.10966102884471E+03
 0.10966102884471E+03
 0.10966102884471E+03
 0.10966102884471E+03
 0.10481331294282E+03
 0.10481331294282E+03
 0.10481331294282E+03
 0.10481331294282E+03
 0.10015261483981E+03
 0.10015261483981E+03
 0.10015261483981E+03
 0.10015261483981E+03
 0.95666664989416E+02
 0.95666664989416E+02
 0.95666664989416E+02
 0.95666664989416E+02
 0.91401782341073E+02
 0.91401782341073E+02
 0.91401782341073E+02
 0.91401782341073E+02
 0.87293777886274E+02
 0.87293777886274E+02
 0.87293777886274E+02
 0.87293777886274E+02
 0.83344529393985E+02
 0.83344529393985E+02
 0.83344529393985E+02
 0.83344529393985E+02
 0.79553614059008E+02
 0.79553614059008E+02
 0.79553614059008E+02
 0.79553614059008E+02
 0.75939511763571E+02
 0.75939511763571E+02
 0.75939511763571E+02
 0.75939511763571E+02
 0.72445891539781E+02
 0.72445891539781E+02
 0.72445891539781E+02
 0.72445891539781E+02
 0.69076734493712E+02
 0.69076734493712E+02
 0.69076734493712E+02
 0.69076734493712E+02
 0.65836109372312E+02
 0.65836109372312E+02
 0.65836109372312E+02
 0.65836109372312E+02
 0.62713410193535E+02
 0.62713410193535E+02
 0.62713410193535E+02
 0.62713410193535E+02
 0.59697513381890E+02
 0.59697513381890E+02
 0.59697513381890E+02
 0.59697513381890E+02
 0.56791282856170E+02
 0.56791282856170E+02
 0.56791282856170E+02
 0.56791282856170E+02
 0.53994507912615E+02
 0.53994507912615E+02
 0.53994507912615E+02
 0.53994507912615E+02
 0.51302551325301E+02
 0.51302551325301E+02
 0.51302551325301E+02
 0.51302551325301E+02
 0.48708438766215E+02
 0.48708438766215E+02
 0.48708438766215E+02
 0.48708438766215E+02
 0.46214731962816E+02
 0.46214731962816E+02
 0.46214731962816E+02
 0.46214731962816E+02
 0.43812377184866E+02
 0.43812377184866E+02
 0.43812377184866E+02
 0.43812377184866E+02
 0.41505112519496E+02
 0.41505112519496E+02
 0.41505112519496E+02
 0.41505112519496E+02
 0.39288972506975E+02
 0.39288972506975E+02
 0.39288972506975E+02
 0.39288972506975E+02
 0.37162244233758E+02
 0.37162244233758E+02
 0.37162244233758E+02
 0.37162244233758E+02
 0.35121316287754E+02
 0.35121316287754E+02
 0.35121316287754E+02
 0.35121316287754E+02
 0.33165746904618E+02
 0.33165746904618E+02
 0.33165746904618E+02
 0.33165746904618E+02
 0.31292322424732E+02
 0.31292322424732E+02
 0.31292322424732E+02
 0.31292322424732E+02
 0.29499927688166E+02
 0.29499927688166E+02
 0.29499927688166E+02
 0.29499927688166E+02
 0.27786467710837E+02
 0.27786467710837E+02
 0.27786467710837E+02
 0.27786467710837E+02
 0.26150312542685E+02
 0.26150312542685E+02
 0.26150312542685E+02
 0.26150312542685E+02
 0.24589819066190E+02
 0.24589819066190E+02
 0.24589819066190E+02
 0.24589819066190E+02
 0.23102023518804E+02
 0.23102023518804E+02
 0.23102023518804E+02
 0.23102023518804E+02
 0.21685269783682E+02
 0.21685269783682E+02
 0.21685269783682E+02
 0.21685269783682E+02
 0.20337600760612E+02
 0.20337600760612E+02
 0.20337600760612E+02
 0.20337600760612E+02
 0.19057156545253E+02
 0.19057156545253E+02
 0.19057156545253E+02
 0.19057156545253E+02
 0.17841510947990E+02
 0.17841510947990E+02
 0.17841510947990E+02
 0.17841510947990E+02
 0.16690600963311E+02
 0.16690600963311E+02
 0.16690600963311E+02
 0.16690600963311E+02
 0.15596560337321E+02
 0.15596560337321E+02
 0.15596560337321E+02
 0.15596560337321E+02
 0.14563017954660E+02
 0.14563017954660E+02
 0.14563017954660E+02
 0.14563017954660E+02
 0.13586037765402E+02
 0.13586037765402E+02
 0.13586037765402E+02
 0.13586037765402E+02
 0.12662546242911E+02
 0.12662546242911E+02
 0.12662546242911E+02
 0.12662546242911E+02
 0.11790880127610E+02
 0.11790880127610E+02
 0.11790880127610E+02
 0.11790880127610E+02
 0.10969371183859E+02
 0.10969371183859E+02
 0.10969371183859E+02
 0.10969371183859E+02
 0.10195490389298E+02
 0.10195490389298E+02
 0.10195490389298E+02
 0.10195490389298E+02
 0.94670687069914E+01
 0.94670687069914E+01
 0.94670687069914E+01
 0.94670687069914E+01
 0.87820850273723E+01
 0.87820850273723E+01
 0.87820850273723E+01
 0.87820850273723E+01
 0.81384554772118E+01
 0.81384554772118E+01
 0.81384554772118E+01
 0.81384554772118E+01
 0.75341970545111E+01
 0.75341970545111E+01
 0.75341970545111E+01
 0.75341970545111E+01
 0.69673173524397E+01
 0.69673173524397E+01
 0.69673173524397E+01
 0.69673173524397E+01
 0.64358795428352E+01
 0.64358795428352E+01
 0.64358795428352E+01
 0.64358795428352E+01
 0.59379799448995E+01
 0.59379799448995E+01
 0.59379799448995E+01
 0.59379799448995E+01
 0.54717173377804E+01
 0.54717173377804E+01
 0.54717173377804E+01
 0.54717173377804E+01
 0.50352304374473E+01
 0.50352304374473E+01
 0.50352304374473E+01
 0.50352304374473E+01
 0.46266098429583E+01
 0.46266098429583E+01
 0.46266098429583E+01
 0.46266098429583E+01
 0.42438931210988E+01
 0.42438931210988E+01
 0.42438931210988E+01
 0.42438931210988E+01
 0.38849527270441E+01
 0.38849527270441E+01
 0.38849527270441E+01
 0.38849527270441E+01
 0.35472776315577E+01
 0.35472776315577E+01
 0.35472776315577E+01
 0.35472776315577E+01
 0.32274772559120E+01
 0.32274772559120E+01
 0.32274772559120E+01
 0.32274772559120E+01
 0.29196953521494E+01
 0.29196953521494E+01
 0.29196953521494E+01
 0.29196953521494E+01
 0.26073878088399E+01
 0.26073878088399E+01
 0.26073878088399E+01
 0.26073878088399E+01
 0.23873170279909E+01
 0.23873170279909E+01
 0.22004702371735E+01
 0.22004702371735E+01
 0.22004702371735E+01
 0.22004702371735E+01
 0.20433034684362E+01
 0.20433034684362E+01
 0.20433034684362E+01
 0.20433034684362E+01
 0.18964631646967E+01
 0.18964631646967E+01
 0.18964631646967E+01
 0.18964631646967E+01
 0.17735780796221E+01
 0.17735780796221E+01
 0.17735780796221E+01
 0.17735780796221E+01
 0.16684346871946E+01
 0.16684346871946E+01
 0.16684346871946E+01
 0.16684346871946E+01
 0.15777049687653E+01
 0.15777049687653E+01
 0.15777049687653E+01
 0.15777049687653E+01
 0.14995650988440E+01
 0.14995650988440E+01
 0.14995650988440E+01
 0.14995650988440E+01
 0.14328186039876E+01
 0.14328186039876E+01
 0.14328186039876E+01
 0.14328186039876E+01
 0.13829511901856E+01
 0.13829511901856E+01
 0.13829511901856E+01
 0.13829511901856E+01
 0.13437755075745E+01
 0.13437755075745E+01
 0.13437755075745E+01
 0.13437755075745E+01
 0.13069030874607E+01
 0.13069030874607E+01
 0.13069030874607E+01
 0.13069030874607E+01
 0.12704337249649E+01
 0.12704337249649E+01
 0.12704337249649E+01
 0.12704337249649E+01
 0.12361297018526E+01
 0.12361297018526E+01
 0.12361297018526E+01
 0.12361297018526E+01
 0.12055678959527E+01
 0.12055678959527E+01
 0.12055678959527E+01
 0.12055678959527E+01
 0.11793569147548E+01
 0.11793569147548E+01
 0.11793569147548E+01
 0.11793569147548E+01
 0.11575044525815E+01
 0.11575044525815E+01
 0.11575044525815E+01
 0.11575044525815E+01
 0.11400015377060E+01
 0.11400015377060E+01
 0.11400015377060E+01
 0.11400015377060E+01
 0.11267602306643E+01
 0.11267602306643E+01
 0.11267602306643E+01
 0.11267602306643E+01
 0.11185054602038E+01
 0.11185054602038E+01
 0.11185054602038E+01
 0.11185054602038E+01
 0.11143859508058E+01
 0.11143859508058E+01
 0.11143859508058E+01
 0.11143859508058E+01
 0.11147859164316E+01
 0.11147859164316E+01
 0.11147859164316E+01
 0.11147859164316E+01
 0.11212473928530E+01
 0.11212473928530E+01
 0.11212473928530E+01
 0.11212473928530E+01
 0.11342744200384E+01
 0.11342744200384E+01
 0.11533763981407E+01
 0.11533763981407E+01
 0.11533763981407E+01
 0.11533763981407E+01
 0.11785660090938E+01
 0.11785660090938E+01
 0.11785660090938E+01
 0.11785660090938E+01
 0.12249233316340E+01
 0.12249233316340E+01
 0.12249233316340E+01
 0.12249233316340E+01
 0.12996097214424E+01
 0.12996097214424E+01
 0.12996097214424E+01
 0.12996097214424E+01
 0.14026531158211E+01
 0.14026531158211E+01
 0.14026531158211E+01
 0.14026531158211E+01
 0.15431430558581E+01
 0.15431430558581E+01
 0.15431430558581E+01
 0.15431430558581E+01
 0.17341676722387E+01
 0.17341676722387E+01
 0.17341676722387E+01
 0.17341676722387E+01
 0.19936171123716E+01
 0.19936171123716E+01
 0.19936171123716E+01
 0.19936171123716E+01
 0.23458708508718E+01
 0.23458708508718E+01
 0.23458708508718E+01
 0.23458708508718E+01
 0.28241454023148E+01
 0.28241454023148E+01
 0.28241454023148E+01
 0.28241454023148E+01
 0.34737112841097E+01
 0.34737112841097E+01
 0.34737112841097E+01
 0.34737112841097E+01
 0.43562966074683E+01
 0.43562966074683E+01
 0.43562966074683E+01
 0.43562966074683E+01
 0.55561157291734E+01
 0.55561157291734E+01
 0.55561157291734E+01
 0.55561157291734E+01
 0.71881257279113E+01
 0.71881257279113E+01
 0.71881257279113E+01
 0.71881257279113E+01
 0.94093389903475E+01
 0.94093389903475E+01
 0.94093389903475E+01
 0.94093389903475E+01
 0.12434330291882E+02
 0.12434330291882E+02
 0.12434330291882E+02
 0.12434330291882E+02
 0.16556503485469E+02
 0.16556503485469E+02
 0.16556503485469E+02
 0.16556503485469E+02
 0.22177270395953E+02
 0.22177270395953E+02
 0.22177270395953E+02
 0.22177270395953E+02
 0.29846103600645E+02
 0.29846103600645E+02
 0.29846103600645E+02
 0.29846103600645E+02
 0.40315539413597E+02
 0.40315539413597E+02
 0.40315539413597E+02
 0.40315539413597E+02
 0.54616743432842E+02
 0.54616743432842E+02
 0.54616743432842E+02
 0.54616743432842E+02
 0.74163368265079E+02
 0.74163368265079E+02
 0.74163368265079E+02
 0.74163368265079E+02
 0.10089435167859E+03
 0.10089435167859E+03
 0.10089435167859E+03
 0.10089435167859E+03
 0.13747032871628E+03
 0.13747032871628E+03
 0.13747032871628E+03
 0.13747032871628E+03
 0.18754387369022E+03
 0.18754387369022E+03
 0.18754387369022E+03
 0.18754387369022E+03
 0.25613141988642E+03
 0.25613141988642E+03
 0.25613141988642E+03
 0.25613141988642E+03
 0.35012528223223E+03
 0.35012528223223E+03
 0.35012528223223E+03
 0.35012528223223E+03
 0.47881824712466E+03
 0.47881824712466E+03
 0.47881824712466E+03
 0.47881824712466E+03
 0.65551245855324E+03
 0.65551245855324E+03
 0.65551245855324E+03
 0.65551245855324E+03
 0.89797684787048E+03
 0.89797684787048E+03
 0.89797684787048E+03
 0.89797684787048E+03
 0.12308269268855E+04
 0.12308269268855E+04
 0.12308269268855E+04
 0.12308269268855E+04
 0.16879388023508E+04
 0.16879388023508E+04
 0.16879388023508E+04
 0.16879388023508E+04
 0.23159431630397E+04
 0.23159431630397E+04
 0.23159431630397E+04
 0.23159431630397E+04
 0.31790456947980E+04
 0.31790456947980E+04
 0.31790456947980E+04
 0.31790456947980E+04
 0.43656751180617E+04
 0.43656751180617E+04
 0.43656751180617E+04
 0.43656751180617E+04
 0.59976535438206E+04
 0.59976535438206E+04
 0.59976535438206E+04
 0.59976535438206E+04
 0.82428484457518E+04
 0.82428484457518E+04
 0.82428484457518E+04
 0.82428484457518E+04
 0.11332631270221E+05
 0.11332631270221E+05
 0.11332631270221E+05
 0.11332631270221E+05
 0.15585972733836E+05
 0.15585972733836E+05
 0.15585972733836E+05
 0.15585972733836E+05
 0.21442703247481E+05
 0.21442703247481E+05
 0.21442703247481E+05
 0.21442703247481E+05
 0.29509431290955E+05
 0.29509431290955E+05
 0.29509431290955E+05
 0.29509431290955E+05
 0.40622946833279E+05
 0.40622946833279E+05
 0.40622946833279E+05
 0.40622946833279E+05
 0.55937778974761E+05
 0.55937778974761E+05
 0.55937778974761E+05
 0.55937778974761E+05
 0.77047127691218E+05
 0.77047127691218E+05
 0.77047127691218E+05
 0.77047127691218E+05
 0.10614990810415E+06
 0.10614990810415E+06
 0.10614990810415E+06
 0.10614990810415E+06
 0.14628152073633E+06
 0.14628152073633E+06
 0.14628152073633E+06
 0.14628152073633E+06
 0.20163270131206E+06
 0.20163270131206E+06
 0.20163270131206E+06
 0.20163270131206E+06
 0.27799009146257E+06
 0.27799009146257E+06
 0.27799009146257E+06
 0.27799009146257E+06
 0.38334511113127E+06
 0.38334511113127E+06
 0.38334511113127E+06
 0.38334511113127E+06
 0.52873542718236E+06
 0.52873542718236E+06
 0.52873542718236E+06
 0.52873542718236E+06
 0.72940802478502E+06
 0.72940802478502E+06
 0.72940802478502E+06
 0.72940802478502E+06
 0.10064271620849E+07
 0.10064271620849E+07
 0.10064271620849E+07
 0.10064271620849E+07
 0.13888968049393E+07
 0.13888968049393E+07
 0.13888968049393E+07
 0.13888968049393E+07
 0.19170340218724E+07
 0.19170340218724E+07
 0.19170340218724E+07
 0.19170340218724E+07
 0.26464171019815E+07
 0.26464171019815E+07
 0.26464171019815E+07
 0.26464171019815E+07
 0.36538618574813E+07
 0.36538618574813E+07
 0.36538618574813E+07
 0.36538618574813E+07
 0.50455463842916E+07
 0.50455463842916E+07
 0.50455463842916E+07
 0.50455463842916E+07
 0.69682453799427E+07
 0.69682453799427E+07
 0.69682453799427E+07
 0.69682453799427E+07
 0.96248758762543E+07
 0.96248758762543E+07
 0.96248758762543E+07
 0.96248758762543E+07
 0.13295984465550E+08
 0.13295984465550E+08
 0.13295984465550E+08
 0.13295984465550E+08
 0.18369470672068E+08
 0.18369470672068E+08
 0.18369470672068E+08
 0.18369470672068E+08
 0.25381752648688E+08
 0.25381752648688E+08
 0.25381752648688E+08
 0.25381752648688E+08
 0.35074599925518E+08
 0.35074599925518E+08
 0.35074599925518E+08
 0.35074599925518E+08
 0.48473892226742E+08
 0.48473892226742E+08
 0.48473892226742E+08
 0.48473892226742E+08
 0.66998382817901E+08
 0.66998382817901E+08
 0.66998382817901E+08
 0.66998382817901E+08
