 0.10000000000000E+01
 0.10000054988780E+01
 0.10000118960210E+01
 0.10000273290060E+01
 0.10000729360164E+01
 0.10000683448246E+01
 0.10000731274355E+01
 0.10000741749855E+01
 0.10000789306311E+01
 0.10000812098920E+01
 0.10000823840435E+01
 0.10000859064213E+01
 0.10000907103307E+01
 0.10000934773196E+01
 0.10000949056782E+01
 0.10000991894589E+01
 0.10001050448356E+01
 0.10001080059562E+01
 0.10001095327702E+01
 0.10001141109141E+01
 0.10001203553324E+01
 0.10001236901368E+01
 0.10001254071625E+01
 0.10001305557113E+01
 0.10001375898083E+01
 0.10001412617928E+01
 0.10001431562784E+01
 0.10001488383706E+01
 0.10001565844045E+01
 0.10001684703712E+01
 0.10001749102210E+01
 0.10001941936566E+01
 0.10002214656717E+01
 0.10002258765790E+01
 0.10002360233220E+01
 0.10002413445081E+01
 0.10002572972261E+01
 0.10002794818628E+01
 0.10002847098046E+01
 0.10002911429505E+01
 0.10002944458308E+01
 0.10003043527031E+01
 0.10003178177594E+01
 0.10003257583517E+01
 0.10003298401710E+01
 0.10003420829396E+01
 0.10003587576641E+01
 0.10003669922950E+01
 0.10003712178313E+01
 0.10003838921147E+01
 0.10004011233592E+01
 0.10004100399455E+01
 0.10004146099989E+01
 0.10004283150496E+01
 0.10004469493489E+01
 0.10004580702756E+01
 0.10004637903795E+01
 0.10004809469521E+01
 0.10005043349271E+01
 0.10005164986366E+01
 0.10005227555270E+01
 0.10005415223727E+01
 0.10005670642382E+01
 0.10005806703660E+01
 0.10005876596171E+01
 0.10006086230744E+01
 0.10006371563249E+01
 0.10006535689534E+01
 0.10006620167654E+01
 0.10006873657948E+01
 0.10007218815374E+01
 0.10007410004780E+01
 0.10007508353729E+01
 0.10007803327773E+01
 0.10008206028812E+01
 0.10008403336332E+01
 0.10008504869419E+01
 0.10008809406198E+01
 0.10009223932223E+01
 0.10009419987789E+01
 0.10009520374575E+01
 0.10009821486745E+01
 0.10010230373564E+01
 0.10010487456228E+01
 0.10010619681574E+01
 0.10011016180173E+01
 0.10011556185040E+01
 0.10011826232624E+01
 0.10011964779227E+01
 0.10012380079367E+01
 0.10012945944745E+01
 0.10013281412700E+01
 0.10013454411731E+01
 0.10013973285169E+01
 0.10014680730858E+01
 0.10015053311556E+01
 0.10015245003019E+01
 0.10015820075657E+01
 0.10016602618208E+01
 0.10016673592920E+01
 0.10016843884870E+01
 0.10017354778115E+01
 0.10018047770837E+01
 0.10018506974557E+01
 0.10018743124833E+01
 0.10019451413805E+01
 0.10020417639751E+01
 0.10020994069468E+01
 0.10021291978719E+01
 0.10022185677917E+01
 0.10023403328391E+01
 0.10023474455150E+01
 0.10024253939291E+01
 0.10025313489151E+01
 0.10027061289833E+01
 0.10028003951444E+01
 0.10030827357256E+01
 0.10034807450151E+01
 0.10036016416880E+01
 0.10036756012373E+01
 0.10037134036810E+01
 0.10038267941322E+01
 0.10039808148027E+01
 0.10040589549906E+01
 0.10040989589431E+01
 0.10042189334099E+01
 0.10043817179084E+01
 0.10044642807453E+01
 0.10045064708034E+01
 0.10046330250557E+01
 0.10048046745440E+01
 0.10048417150869E+01
 0.10048834524498E+01
 0.10050086321130E+01
 0.10051780144104E+01
 0.10052621977271E+01
 0.10053050482775E+01
 0.10054335877976E+01
 0.10056074277017E+01
 0.10059326867867E+01
 0.10061061337953E+01
 0.10066256124517E+01
 0.10073572748996E+01
 0.10074593624849E+01
 0.10075494422677E+01
 0.10078197418858E+01
 0.10081870365783E+01
 0.10083576435912E+01
 0.10084447211366E+01
 0.10087059620116E+01
 0.10090607741769E+01
 0.10092239534145E+01
 0.10093073331134E+01
 0.10095573628263E+01
 0.10098965483795E+01
 0.10100780997804E+01
 0.10101709995533E+01
 0.10104495740484E+01
 0.10108276114676E+01
 0.10110115280605E+01
 0.10111055304514E+01
 0.10113875512447E+01
 0.10117688431343E+01
 0.10119695687544E+01
 0.10120717665862E+01
 0.10123783282084E+01
 0.10127929730913E+01
 0.10130349258047E+01
 0.10131584328166E+01
 0.10135289688380E+01
 0.10140307016056E+01
 0.10142823220290E+01
 0.10144105046797E+01
 0.10147951307160E+01
 0.10153153391970E+01
 0.10156107598289E+01
 0.10157615058866E+01
 0.10162136068365E+01
 0.10168269406801E+01
 0.10171594354491E+01
 0.10173295446691E+01
 0.10178399799168E+01
 0.10185308195820E+01
 0.10188929928111E+01
 0.10190775773187E+01
 0.10196310639226E+01
 0.10203824607366E+01
 0.10207409307450E+01
 0.10209240005831E+01
 0.10214733203227E+01
 0.10222161000089E+01
 0.10228726533697E+01
 0.10232117128756E+01
 0.10242290988095E+01
 0.10256163752311E+01
 0.10263140116104E+01
 0.10266721958875E+01
 0.10277464620368E+01
 0.10292163515949E+01
 0.10299384765136E+01
 0.10310938606706E+01
 0.10316440754453E+01
 0.10319259601951E+01
 0.10327716482432E+01
 0.10339151889055E+01
 0.10345762160986E+01
 0.10349134474947E+01
 0.10359251752065E+01
 0.10372968904543E+01
 0.10379551097560E+01
 0.10382908189944E+01
 0.10392976749553E+01
 0.10406635681230E+01
 0.10413367190403E+01
 0.10416807090121E+01
 0.10427128752425E+01
 0.10441084860771E+01
 0.10449044143831E+01
 0.10453104674697E+01
 0.10465284778384E+01
 0.10481776598761E+01
 0.10491322052992E+01
 0.10496200916858E+01
 0.10510840424813E+01
 0.10530675205212E+01
 0.10540884133210E+01
 0.10546093655168E+01
 0.10561714775754E+01
 0.10582920415901E+01
 0.10593293781121E+01
 0.10598594018806E+01
 0.10614495291398E+01
 0.10636013951349E+01
 0.10648779842645E+01
 0.10655304376521E+01
 0.10674871546078E+01
 0.10701483089738E+01
 0.10713952987467E+01
 0.10720340006159E+01
 0.10739495751560E+01
 0.10765473271788E+01
 0.10782310277855E+01
 0.10790955651556E+01
 0.10816896870815E+01
 0.10852138411924E+01
 0.10876588614147E+01
 0.10889215342342E+01
 0.10927092879976E+01
 0.10978875261224E+01
 0.11005460197635E+01
 0.11019171629124E+01
 0.11060294210977E+01
 0.11116472409268E+01
 0.11125270544719E+01
 0.11137631739344E+01
 0.11174708365405E+01
 0.11225048555062E+01
 0.11231278463409E+01
 0.11242857691269E+01
 0.11277590594313E+01
 0.11324693057347E+01
 0.11349151321496E+01
 0.11361649499838E+01
 0.11399139093038E+01
 0.11449931096304E+01
 0.11475519911059E+01
 0.11488568546502E+01
 0.11527703814309E+01
 0.11580710550501E+01
 0.11610486588266E+01
 0.11625701986720E+01
 0.11671334611682E+01
 0.11733209717787E+01
 0.11762974448133E+01
 0.11778153617993E+01
 0.11823672672003E+01
 0.11885403222665E+01
 0.11919041692585E+01
 0.11936253516093E+01
 0.11987874968231E+01
 0.12057862011226E+01
 0.12094050244706E+01
 0.12112537249200E+01
 0.12167983709612E+01
 0.12243187814728E+01
 0.12292290078336E+01
 0.12317512730424E+01
 0.12393182064250E+01
 0.12496068933652E+01
 0.12558840592634E+01
 0.12591162503052E+01
 0.12688107729356E+01
 0.12820500555146E+01
 0.12837297710809E+01
 0.12869353994873E+01
 0.12965489436728E+01
 0.13096405688486E+01
 0.13167109537548E+01
 0.13203460979322E+01
 0.13312499228787E+01
 0.13460844573849E+01
 0.13489554086707E+01
 0.13528997122173E+01
 0.13647288814926E+01
 0.13808638890431E+01
 0.13883711800479E+01
 0.13922294757918E+01
 0.14038014403395E+01
 0.14195010116431E+01
 0.14274250048291E+01
 0.14314721701605E+01
 0.14436071593990E+01
 0.14601141474109E+01
 0.14691366600191E+01
 0.14737720245613E+01
 0.14876751349974E+01
 0.15065740977939E+01
 0.15181652799003E+01
 0.15241310938231E+01
 0.15420311023261E+01
 0.15663990787459E+01
 0.15839376585338E+01
 0.15930374534861E+01
 0.16203291490281E+01
 0.16578774412941E+01
 0.16646479768996E+01
 0.16948431594872E+01
 0.17097228503303E+01
 0.17327877244329E+01
 0.17470062397394E+01
 0.17542788808472E+01
 0.17761049686173E+01
 0.18056966530521E+01
 0.18252786611745E+01
 0.18353488731127E+01
 0.18655694566847E+01
 0.19067645976650E+01
 0.19303677998851E+01
 0.19425441724103E+01
 0.19790966109203E+01
 0.20289285812510E+01
 0.20567707606802E+01
 0.20711260856589E+01
 0.21142102271044E+01
 0.21731283940817E+01
 0.22073432171994E+01
 0.22250780754968E+01
 0.22783319655691E+01
 0.23512046935472E+01
 0.23531305480431E+01
 0.23681166018182E+01
 0.24130857241064E+01
 0.24743592903145E+01
 0.25064924022633E+01
 0.25230247403152E+01
 0.25726276654428E+01
 0.26402103889328E+01
 0.26889091014644E+01
 0.27141975252432E+01
 0.27901391835470E+01
 0.28940161330967E+01
 0.29022906870136E+01
 0.29375636873115E+01
 0.30435512438950E+01
 0.31895158538233E+01
 0.32631528534171E+01
 0.33014485227459E+01
 0.34165145376622E+01
 0.35744897890055E+01
 0.36057093627437E+01
 0.37161560248953E+01
 0.37677343270225E+01
 0.37942183395893E+01
 0.38737059117484E+01
 0.39817681112799E+01
 0.40366955620876E+01
 0.40648549002691E+01
 0.41493767142632E+01
 0.42641389673183E+01
 0.43400059923646E+01
 0.43791005543178E+01
 0.44964752771846E+01
 0.46566443893201E+01
 0.47383641352164E+01
 0.47804573495540E+01
 0.49068135023286E+01
 0.50790759371731E+01
 0.51695586713026E+01
 0.52161308696709E+01
 0.53559598077012E+01
 0.55465011377126E+01
 0.56731698041561E+01
 0.57388500070090E+01
 0.59361565683776E+01
 0.62062910686826E+01
 0.63827380956931E+01
 0.64748678326247E+01
 0.67519388296608E+01
 0.71329310803004E+01
 0.73906703971124E+01
 0.75265536716862E+01
 0.79355406323339E+01
 0.85022142634482E+01
 0.87171597037221E+01
 0.91450448413850E+01
 0.92383588845750E+01
 0.93842931052427E+01
 0.98232480154853E+01
 0.10429641552028E+02
 0.10617006038964E+02
 0.11077539347288E+02
 0.11331900117399E+02
 0.11463575361404E+02
 0.11859216191296E+02
 0.12400494234883E+02
 0.12759195306007E+02
 0.12946477291402E+02
 0.13509699001229E+02
 0.14284213370284E+02
 0.14317879313157E+02
 0.14773300338523E+02
 0.15395011427089E+02
 0.15790103425661E+02
 0.15995330792970E+02
 0.16612230355965E+02
 0.17458688532409E+02
 0.17992003325151E+02
 0.18271118630089E+02
 0.19110801135842E+02
 0.20268312718644E+02
 0.20821949741298E+02
 0.21109590025784E+02
 0.21974535656096E+02
 0.23163140173247E+02
 0.23932009493400E+02
 0.24336018246565E+02
 0.25551981993693E+02
 0.27234063571312E+02
 0.28379932714377E+02
 0.28990326050988E+02
 0.30831160936303E+02
 0.33401506823920E+02
 0.33766970200052E+02
 0.35437457452807E+02
 0.37751668080071E+02
 0.38023982601505E+02
 0.39798703193415E+02
 0.42251006980634E+02
 0.43518437202889E+02
 0.44181533496760E+02
 0.46176512168345E+02
 0.48933490254233E+02
 0.50269540755423E+02
 0.50966652438561E+02
 0.53062919928153E+02
 0.55953042204657E+02
 0.57611321415559E+02
 0.58481280604778E+02
 0.61098848999406E+02
 0.64718626926513E+02
 0.66402877975354E+02
 0.67280637191815E+02
 0.69919882891969E+02
 0.73556560652798E+02
 0.75594781714561E+02
 0.76662052340647E+02
 0.79872451865416E+02
 0.84304446986337E+02
 0.87181059635144E+02
 0.88704023569021E+02
 0.93290887034273E+02
 0.99676171955463E+02
 0.10042984848104E+03
 0.10201840735455E+03
 0.10680010213072E+03
 0.11343621932814E+03
 0.11656913209234E+03
 0.11820937940512E+03
 0.12314374160928E+03
 0.12996767058465E+03
 0.13343956437546E+03
 0.13525722352882E+03
 0.14072425192118E+03
 0.14828153563518E+03
 0.15201759765147E+03
 0.15396981611070E+03
 0.15984017963884E+03
 0.16794265986987E+03
 0.17247117394376E+03
 0.17484772751486E+03
 0.18199670859688E+03
 0.19188839509602E+03
 0.19800349720917E+03
 0.20124262351755E+03
 0.21099616085794E+03
 0.22458725550271E+03
 0.22735043810760E+03
 0.23704648846393E+03
 0.25049806770283E+03
 0.25709268672919E+03
 0.26055165646793E+03
 0.27095620833436E+03
 0.28536321381149E+03
 0.29237654869522E+03
 0.29604594577121E+03
 0.30708002913603E+03
 0.32232796882226E+03
 0.33129939116619E+03
 0.33602871302563E+03
 0.35025950771608E+03
 0.37002161777698E+03
 0.37940356104528E+03
 0.38432177436770E+03
 0.39911393240409E+03
 0.41959253057772E+03
 0.43090839666955E+03
 0.43686761707774E+03
 0.45479723984246E+03
 0.47968597362085E+03
 0.49151446753943E+03
 0.49771309656703E+03
 0.51635494796016E+03
 0.54215624073512E+03
 0.55595994749103E+03
 0.56321410858895E+03
 0.58503431856289E+03
 0.61528056843343E+03
 0.63065490069293E+03
 0.63872754849987E+03
 0.66300794234744E+03
 0.69665181158802E+03
 0.71442058512593E+03
 0.72376563754326E+03
 0.75187698497376E+03
 0.79087066441511E+03
 0.81052850274130E+03
 0.82085442581869E+03
 0.85191294176719E+03
 0.89496729915246E+03
 0.91695108524611E+03
 0.92849816661019E+03
 0.96322846840779E+03
 0.10113667827816E+04
 0.10362819905949E+04
 0.10493765978872E+04
 0.10887630570043E+04
 0.11433759874498E+04
 0.11715555294537E+04
 0.11863703459749E+04
 0.12309322960748E+04
 0.12927398249944E+04
 0.13241279083459E+04
 0.13406214393731E+04
 0.13902300948228E+04
 0.14590197060613E+04
 0.14941004723374E+04
 0.15125332424565E+04
 0.15679732996588E+04
 0.16448425934493E+04
 0.16842096907489E+04
 0.17048976065425E+04
 0.17671205080109E+04
 0.18534017969431E+04
 0.18978667918537E+04
 0.19212443414929E+04
 0.19915593088142E+04
 0.20890947449869E+04
 0.21393488963354E+04
 0.21657810979862E+04
 0.22452867191146E+04
 0.23556105051732E+04
 0.24116758785083E+04
 0.24411556209106E+04
 0.25298249736556E+04
 0.26528450176873E+04
 0.27160679531159E+04
 0.27493255972764E+04
 0.28493611653914E+04
 0.29881894396961E+04
 0.30593224348020E+04
 0.30967478417149E+04
 0.32093209020831E+04
 0.33655784278305E+04
 0.34454307244649E+04
 0.34874476173687E+04
 0.36138317833894E+04
 0.37892772916994E+04
 0.38782173483950E+04
 0.39250013119390E+04
 0.40657191670627E+04
 0.42610219752164E+04
 0.43612870408095E+04
 0.44140520127850E+04
 0.45727640086913E+04
 0.47931056844981E+04
 0.49059089398724E+04
 0.49652844125813E+04
 0.51438827526368E+04
 0.53918799201977E+04
 0.55184523845556E+04
 0.55850796609059E+04
 0.57854908398018E+04
 0.60637969377116E+04
 0.62060390083250E+04
 0.62809273856856E+04
 0.65061891408693E+04
 0.68190443796138E+04
 0.69792837636896E+04
 0.70636705914864E+04
 0.73175078802294E+04
 0.76701249336543E+04
 0.78503408887692E+04
 0.79452608087258E+04
 0.82307837381122E+04
 0.86274672431179E+04
 0.88299511530370E+04
 0.89366085602545E+04
 0.92574381134585E+04
 0.97032076244558E+04
 0.99308308276977E+04
 0.10050743599057E+05
 0.10411446634552E+05
 0.10912658280902E+05
 0.11168984112060E+05
 0.11304042197515E+05
 0.11710306540269E+05
 0.12274906420190E+05
 0.12563094740490E+05
 0.12714949836780E+05
 0.13171739999316E+05
 0.13806590291186E+05
 0.14131523562777E+05
 0.14302777219456E+05
 0.14817925253560E+05
 0.15533992309155E+05
 0.15899662611020E+05
 0.16092396472331E+05
 0.16672158027903E+05
 0.17478079529558E+05
 0.17889994998471E+05
 0.18107125858704E+05
 0.18760276777024E+05
 0.19668281923382E+05
 0.20132387246829E+05
 0.20377048711679E+05
 0.21113014351567E+05
 0.22136207471993E+05
 0.22659718408054E+05
 0.22935729737338E+05
 0.23766001462579E+05
 0.24920402189030E+05
 0.25510798991424E+05
 0.25822095719600E+05
 0.26758509058861E+05
 0.28060549313467E+05
 0.28727113843696E+05
 0.29078607632841E+05
 0.30135940056306E+05
 0.31606214111265E+05
 0.32358890317650E+05
 0.32755820841759E+05
 0.33949831691290E+05
 0.35610239863133E+05
 0.36460687376730E+05
 0.36909210985711E+05
 0.38258419209369E+05
 0.40134730732523E+05
 0.41096024187471E+05
 0.41603036345912E+05
 0.43128182151133E+05
 0.45249234064615E+05
 0.46336201033337E+05
 0.46909519893749E+05
 0.48634118335594E+05
 0.51032591655289E+05
 0.52263130098059E+05
 0.52912221128520E+05
 0.54864749639434E+05
 0.57580312801878E+05
 0.58974038727025E+05
 0.59709244481925E+05
 0.61920811424593E+05
 0.64996711097757E+05
 0.66576248292083E+05
 0.67409506397335E+05
 0.69916018870534E+05
 0.73402187514565E+05
 0.75193263275212E+05
 0.76138141432653E+05
 0.78980407769386E+05
 0.82933567345996E+05
 0.84966442341257E+05
 0.86038939608284E+05
 0.89265043424934E+05
 0.93752150224626E+05
 0.96057078161748E+05
 0.97273017100875E+05
 0.10093054270849E+06
 0.10601742690249E+06
 0.10864559934776E+06
 0.11003238800465E+06
 0.11420393773304E+06
 0.12000631348429E+06
 0.12299165578423E+06
 0.12456669964984E+06
 0.12930448665176E+06
 0.13589389165683E+06
 0.13929214849445E+06
 0.14108505879166E+06
 0.14647815614023E+06
 0.15397878981263E+06
 0.15785426725028E+06
 0.15989905945477E+06
 0.16604984530156E+06
 0.17460420446952E+06
 0.17902666112692E+06
 0.18136005134823E+06
 0.18837892628639E+06
 0.19814039061087E+06
 0.20318940140030E+06
 0.20585331330078E+06
 0.21386633309709E+06
 0.22500987948816E+06
 0.23078273245586E+06
 0.23382856001686E+06
 0.24299033784435E+06
 0.25573095945136E+06
 0.26233967004342E+06
 0.26582649659770E+06
 0.27631476469672E+06
 0.29089940460650E+06
 0.29847377918851E+06
 0.30247003834890E+06
 0.31449061813955E+06
 0.33120522281350E+06
 0.33989799363941E+06
 0.34448426188150E+06
 0.35827952973643E+06
 0.37746080591146E+06
 0.38745034505854E+06
 0.39272067333264E+06
 0.40857352051093E+06
 0.43061437140512E+06
 0.44211103108199E+06
 0.44817636012091E+06
 0.46642049817073E+06
 0.49178441094581E+06
 0.50503601508544E+06
 0.51202703286083E+06
 0.53305558001843E+06
 0.56228846036149E+06
 0.57758837746382E+06
 0.58565979333964E+06
 0.60993813544871E+06
 0.64368621847759E+06
 0.66138437648251E+06
 0.67072078533207E+06
 0.69880423754828E+06
 0.73783871078475E+06
 0.75835369435500E+06
 0.76917594789927E+06
 0.80172893097090E+06
 0.84697251857859E+06
 0.87081324216762E+06
 0.88339008248824E+06
 0.92122117495342E+06
 0.97379734648060E+06
 0.10015913042479E+07
 0.10162544854477E+07
 0.10603619960103E+07
 0.11216588224940E+07
 0.11542030469452E+07
 0.11713749087677E+07
 0.12230300445687E+07
 0.12948175186927E+07
 0.13331772437272E+07
 0.13534244955882E+07
 0.14143336905740E+07
 0.14989939006086E+07
 0.15447245819740E+07
 0.15688803266610E+07
 0.16415538301927E+07
 0.17426061387659E+07
 0.17984040361800E+07
 0.18279289216139E+07
 0.19167728441494E+07
 0.20404388094183E+07
 0.21132423053564E+07
 0.21519721739425E+07
 0.22685825367834E+07
 0.24314342681594E+07
 0.25298936009967E+07
 0.25825960437382E+07
 0.27413987502361E+07
 0.29640366286157E+07
 0.30370966146145E+07
 0.32172220290489E+07
 0.32210801988267E+07
 0.32619427146956E+07
 0.33847209729360E+07
 0.35536044876153E+07
 0.35819378627096E+07
 0.36216905213363E+07
 0.37410789445992E+07
 0.39045988181015E+07
 0.39799749308193E+07
 0.40188079909598E+07
 0.41353896855549E+07
 0.42944543607622E+07
 0.43687490490864E+07
 0.44068770673668E+07
 0.45213050586823E+07
 0.46769303802589E+07
 0.47498189569417E+07
 0.47870887607587E+07
 0.48989051482606E+07
 0.50505188261962E+07
 0.51211695011921E+07
 0.51571607080621E+07
 0.52651035197140E+07
 0.54110110089671E+07
 0.54784173946081E+07
 0.55126215863252E+07
 0.56151660043978E+07
 0.57533185384725E+07
 0.58162638731781E+07
 0.58480704312547E+07
 0.59433902815443E+07
 0.60713513916431E+07
 0.60915205989787E+07
 0.61202262155239E+07
 0.62062326197205E+07
 0.63213059343885E+07
 0.63234547089846E+07
 0.63480327004192E+07
 0.64216724636587E+07
 0.65199071908670E+07
 0.65737342236504E+07
 0.66005933077713E+07
 0.66810066042140E+07
 0.67878919739911E+07
 0.68455954217742E+07
 0.68742054538785E+07
 0.69597786266912E+07
 0.70728919200833E+07
 0.71333977788359E+07
 0.71631152908234E+07
 0.72519188153835E+07
 0.73683729898842E+07
 0.74316006654564E+07
 0.74622295566569E+07
 0.75537020543582E+07
 0.76723344404553E+07
 0.77387647730492E+07
 0.77703019381493E+07
 0.78644978274802E+07
 0.79847565492453E+07
 0.80537760891100E+07
 0.80856097397214E+07
 0.81808311917078E+07
 0.82996961821830E+07
 0.83695034536467E+07
 0.84003566741557E+07
 0.84929854606337E+07
 0.86047977812096E+07
 0.86646957170902E+07
 0.86900038426968E+07
 0.87664482987782E+07
 0.88552233772561E+07
 0.89047432242812E+07
 0.89240273635415E+07
 0.89828668837177E+07
 0.90465288202670E+07
 0.90835944318385E+07
 0.90954261681960E+07
 0.91325955820248E+07
 0.91649555646339E+07
 0.91813960320412E+07
 0.91826969260594E+07
 0.91887265785411E+07
 0.91801666199853E+07
 0.91694466874109E+07
 0.91553707508587E+07
 0.91171185835914E+07
 0.90484464010170E+07
 0.90158763771829E+07
 0.89550727629019E+07
 0.89239431837097E+07
 0.89075484461886E+07
 0.88588387014459E+07
 0.87930485322388E+07
 0.87474865415456E+07
 0.87249480527447E+07
 0.86579563221097E+07
 0.85715688483350E+07
 0.85225388272786E+07
 0.84998757043536E+07
 0.84322003799355E+07
 0.83487659782547E+07
 0.83093246083141E+07
 0.82918709104455E+07
 0.82394897938148E+07
 0.81764140692916E+07
 0.81470264746905E+07
 0.81343474259145E+07
 0.80961707648710E+07
 0.80508730952023E+07
 0.80298830144759E+07
 0.80209804465886E+07
 0.79941101578484E+07
 0.79625525744672E+07
 0.79479849833449E+07
 0.79418812736392E+07
 0.79234248037125E+07
 0.79019082484539E+07
 0.78920030788402E+07
 0.78878898636653E+07
 0.78754348015738E+07
 0.78609939183950E+07
 0.78543595077872E+07
 0.78516230546877E+07
 0.78433280055456E+07
 0.78337505395297E+07
 0.78293573799833E+07
 0.78275549010582E+07
 0.78220864591283E+07
 0.78157934784631E+07
 0.78129106478131E+07
 0.78117328870841E+07
 0.78081573571286E+07
 0.78040538440402E+07
 0.78021761379291E+07
 0.78014117319647E+07
 0.77990898146884E+07
 0.77964310616545E+07
 0.77952156867904E+07
 0.77947223894756E+07
 0.77932232799945E+07
 0.77915099757406E+07
 0.77907274995320E+07
 0.77904107079156E+07
 0.77894476106348E+07
 0.77883486792722E+07
 0.77878471994520E+07
 0.77876446025465E+07
 0.77870284681386E+07
 0.77863263894534E+07
 0.77860062381911E+07
 0.77858771284025E+07
 0.77854843699515E+07
 0.77850373367435E+07
 0.77848336169404E+07
 0.77847515843827E+07
 0.77845019773257E+07
 0.77842181504496E+07
 0.77840888784608E+07
 0.77840368897351E+07
 0.77838786675097E+07
 0.77836989001552E+07
 0.77836170635012E+07
 0.77835841868563E+07
 0.77834841131891E+07
 0.77833704914109E+07
 0.77833187892582E+07
 0.77832980377587E+07
 0.77832348628406E+07
 0.77831631782151E+07
 0.77831305718370E+07
 0.77831174951699E+07
 0.77830776802128E+07
 0.77830325258623E+07
 0.77830119943317E+07
 0.77830037660210E+07
 0.77829787103052E+07
 0.77829503077316E+07
 0.77829373974070E+07
 0.77829322266544E+07
 0.77829164798913E+07
 0.77828986372227E+07
 0.77828905293487E+07
 0.77828872838875E+07
 0.77828773994718E+07
 0.77828662037240E+07
 0.77828611177305E+07
 0.77828590829455E+07
 0.77828528853004E+07
 0.77828458679162E+07
 0.77828426809336E+07
 0.77828414065142E+07
 0.77828375245514E+07
 0.77828331305834E+07
 0.77828311379625E+07
 0.77828303412742E+07
 0.77828279144469E+07
 0.77828251678465E+07
 0.77828239195457E+07
 0.77828234208039E+07
 0.77828219014154E+07
 0.77828201826378E+07
 0.77828194026618E+07
 0.77828190911512E+07
 0.77828181420990E+07
 0.77828170687910E+07
 0.77828165818435E+07
 0.77828163874354E+07
 0.77828157951179E+07
 0.77828151254199E+07
 0.77828148216512E+07
 0.77828147004173E+07
 0.77828143310268E+07
 0.77828139134798E+07
 0.77828137241236E+07
 0.77828136485769E+07
 0.77828134183807E+07
 0.77828131582341E+07
 0.77828130402822E+07
 0.77828129932383E+07
 0.77828128498857E+07
 0.77828126879174E+07
 0.77828126144942E+07
 0.77828125852190E+07
 0.77828124960075E+07
 0.77828123952321E+07
 0.77828123495574E+07
 0.77828123313513E+07
 0.77828122758687E+07
 0.77828122132070E+07
 0.77828121848117E+07
 0.77828121734964E+07
 0.77828121390119E+07
 0.77828121000728E+07
 0.77828120824305E+07
 0.77828120754021E+07
 0.77828120539814E+07
 0.77828120297980E+07
 0.77828120188430E+07
 0.77828120144798E+07
 0.77828120011814E+07
 0.77828119861707E+07
 0.77828119793719E+07
 0.77828119766647E+07
 0.77828119684133E+07
 0.77828119591010E+07
 0.77828119548838E+07
 0.77828119532050E+07
 0.77828119480878E+07
 0.77828119423136E+07
 0.77828119396991E+07
 0.77828119386585E+07
 0.77828119354867E+07
 0.77828119319081E+07
 0.77828119302880E+07
 0.77828119296433E+07
 0.77828119276781E+07
 0.77828119254613E+07
 0.77828119244578E+07
 0.77828119240586E+07
 0.77828119228417E+07
 0.77828119214690E+07
 0.77828119208478E+07
 0.77828119206007E+07
 0.77828119198474E+07
 0.77828119189978E+07
 0.77828119186134E+07
 0.77828119184605E+07
 0.77828119179944E+07
 0.77828119174688E+07
 0.77828119172309E+07
 0.77828119171364E+07
 0.77828119168481E+07
 0.77828119165230E+07
 0.77828119163760E+07
 0.77828119163175E+07
 0.77828119161393E+07
 0.77828119159383E+07
 0.77828119158474E+07
 0.77828119158113E+07
 0.77828119157011E+07
 0.77828119155770E+07
 0.77828119155208E+07
 0.77828119154985E+07
 0.77828119154304E+07
 0.77828119153537E+07
 0.77828119153190E+07
 0.77828119153052E+07
 0.77828119152632E+07
 0.77828119152158E+07
 0.77828119151944E+07
 0.77828119151859E+07
 0.77828119151599E+07
 0.77828119151306E+07
 0.77828119151174E+07
 0.77828119151122E+07
 0.77828119150961E+07
 0.77828119150781E+07
 0.77828119150699E+07
 0.77828119150667E+07
 0.77828119150568E+07
 0.77828119150457E+07
 0.77828119150406E+07
 0.77828119150386E+07
 0.77828119150325E+07
 0.77828119150257E+07
 0.77828119150226E+07
 0.77828119150213E+07
 0.77828119150176E+07
 0.77828119150133E+07
 0.77828119150114E+07
 0.77828119150106E+07
 0.77828119150083E+07
 0.77828119150057E+07
 0.77828119150045E+07
 0.77828119150041E+07
 0.77828119150026E+07
 0.77828119150010E+07
 0.77828119150003E+07
 0.77828119150000E+07
 0.77828119149991E+07
 0.77828119149981E+07
 0.77828119149977E+07
 0.77828119149975E+07
 0.77828119149970E+07
 0.77828119149963E+07
 0.77828119149961E+07
 0.77828119149960E+07
 0.77828119149956E+07
 0.77828119149952E+07
 0.77828119149951E+07
 0.77828119149950E+07
 0.77828119149948E+07
 0.77828119149946E+07
 0.77828119149945E+07
 0.77828119149944E+07
 0.77828119149943E+07
 0.77828119149942E+07
 0.77828119149941E+07
 0.77828119149941E+07
 0.77828119149940E+07
 0.77828119149939E+07
 0.77828119149939E+07
 0.77828119149938E+07
 0.77828119149938E+07
 0.77828119149937E+07
 0.77828119149937E+07
 0.77828119149937E+07
 0.77828119149937E+07
 0.77828119149937E+07
