 0.21428238480300E+04
 0.23220853471357E+05
 0.43589032541485E+05
 0.63060259852552E+05
 0.81737534153796E+05
 0.99468395820256E+05
 0.11616648459475E+06
 0.13147583856841E+06
 0.14596456115483E+06
 0.15935279969034E+06
 0.17118679057369E+06
 0.18195065024953E+06
 0.19100957793916E+06
 0.19860585512736E+06
 0.20466533163344E+06
 0.20920690377765E+06
 0.21198277321953E+06
 0.21348516568404E+06
 0.21280512375838E+06
 0.21013516028001E+06
 0.20554732312877E+06
 0.19918044983960E+06
 0.18924890960160E+06
 0.18330231667701E+06
 0.15650823833720E+06
 0.81601963298319E+05
 0.13733988593834E+06
 0.13475115053252E+06
 0.72192084430361E+05
 0.68279893245439E+05
 0.12675991073784E+04
-0.22077488321603E+04
-0.27842103023349E+04
-0.31821869447128E+04
-0.35644398222885E+04
-0.40354516070507E+04
-0.49339495925310E+04
-0.34264093929719E+05
-0.12554218812725E+06
-0.11302183331026E+06
-0.10645351084327E+06
-0.17061776279938E+06
-0.17338247063132E+06
-0.21877114710093E+06
-0.25029889812767E+06
-0.26638183047268E+06
-0.26938659682818E+06
-0.37792824575510E+06
-0.40176608257391E+06
-0.44874751074904E+06
-0.48121294106906E+06
-0.44117890129835E+06
-0.59317945976212E+06
-0.62102158708012E+06
-0.63037457774634E+06
-0.61193839292253E+06
-0.59611031268082E+06
-0.68416345211539E+06
-0.68785242975974E+06
-0.81341181093065E+06
-0.83765065301959E+06
-0.92610269696947E+06
-0.95581037001399E+06
-0.93535311899417E+06
-0.10033399205401E+07
-0.10855706920675E+07
-0.11086654598831E+07
-0.11756519543079E+07
-0.12346242130303E+07
-0.12060194888500E+07
-0.12384500139209E+07
-0.13237887183773E+07
-0.13605695859694E+07
-0.14251507468145E+07
-0.15245640687894E+07
-0.15542616200309E+07
-0.16746798710176E+07
-0.16877594513447E+07
-0.17109826828663E+07
-0.18440321817865E+07
-0.18301274434787E+07
-0.19176467460944E+07
-0.19525313577137E+07
-0.20863801789779E+07
-0.21300311663137E+07
-0.21704483091846E+07
-0.22137065005311E+07
-0.23364464463332E+07
-0.24596268625654E+07
-0.25150230181320E+07
-0.25316942433347E+07
-0.27343635893914E+07
-0.28247946854441E+07
-0.27812377903628E+07
-0.29819654938060E+07
-0.30331446922861E+07
-0.31137478755405E+07
-0.31211539677531E+07
-0.33253712724411E+07
-0.33837779846361E+07
-0.35045123167671E+07
-0.35638256922713E+07
-0.35251255575684E+07
-0.37691198515176E+07
-0.39046957095900E+07
-0.38687380747624E+07
-0.40872035911809E+07
-0.41791548803895E+07
-0.42944076258410E+07
-0.43425407666567E+07
-0.45000693092326E+07
-0.45713216826175E+07
-0.47046643628720E+07
-0.45865269673085E+07
-0.48562799500117E+07
-0.50064169055897E+07
-0.51276398236932E+07
-0.52085231713294E+07
-0.51590772598355E+07
-0.54442262425085E+07
-0.55590164710517E+07
-0.55609804961132E+07
-0.56942624177755E+07
-0.58461732772563E+07
-0.59803272561009E+07
-0.61176990729228E+07
-0.61654062134539E+07
-0.63129815576558E+07
-0.63872772059127E+07
-0.65322695645420E+07
-0.66346858248434E+07
-0.66309202536263E+07
-0.67609114420545E+07
-0.69439328983604E+07
-0.69821236609426E+07
-0.70053079741223E+07
-0.73038275748092E+07
-0.74493545139005E+07
-0.74877533381936E+07
-0.73878040186783E+07
-0.74680151230835E+07
-0.78593353423644E+07
-0.79442096338944E+07
-0.80625050985169E+07
-0.82189457001730E+07
-0.82078873423185E+07
-0.82488534534220E+07
-0.84001221916930E+07
-0.86287757651907E+07
-0.85201315516376E+07
-0.88428945359233E+07
-0.89225353807876E+07
-0.90298104210862E+07
-0.91262792367816E+07
-0.87868987607047E+07
-0.92785942220738E+07
-0.95008404249353E+07
-0.95791836441948E+07
-0.95952861034447E+07
-0.97971286127574E+07
-0.98370656298079E+07
-0.99387481660621E+07
-0.10122078534599E+08
-0.10114074407980E+08
-0.99134778915397E+07
-0.10422552573466E+08
-0.10457377801672E+08
-0.10661477677957E+08
-0.10753429848414E+08
-0.10813331312249E+08
-0.10787339990326E+08
-0.10989194020460E+08
-0.11145257545206E+08
-0.11252170253667E+08
-0.11237026463012E+08
-0.11474220382458E+08
-0.11574554782618E+08
-0.11547111669745E+08
-0.11783861661575E+08
-0.11830994213389E+08
-0.11982195202098E+08
-0.11787855574673E+08
-0.11910509447316E+08
-0.12042648883344E+08
-0.12324930395909E+08
-0.12153666475613E+08
-0.12559184163314E+08
-0.12711611625035E+08
-0.12832599497920E+08
-0.12899734228617E+08
-0.12983932887435E+08
-0.13000894691305E+08
-0.13183597370766E+08
-0.13340133322891E+08
-0.13415262589331E+08
-0.13538133498235E+08
-0.13598506122236E+08
-0.13707749060651E+08
-0.13807833431988E+08
-0.13939419837089E+08
-0.14046241668115E+08
