 0.11584437650955E+03
 0.11584437650955E+03
 0.11584437650955E+03
 0.11584437650955E+03
 0.11584437650955E+03
 0.11584437654755E+03
 0.11584437653012E+03
 0.11584437650467E+03
 0.11584437650955E+03
 0.11584437650955E+03
 0.11584437650955E+03
 0.11584437650955E+03
 0.11584437650955E+03
 0.11584437650955E+03
 0.11584437650955E+03
 0.11584437650955E+03
 0.11584437650955E+03
 0.11584437650955E+03
 0.11584437650955E+03
 0.11584437650955E+03
 0.11584437650955E+03
 0.11584437650955E+03
 0.11584437650955E+03
 0.11584437650955E+03
 0.11584437650955E+03
 0.11584437650955E+03
 0.11584437650955E+03
 0.11584437650955E+03
 0.11584437650955E+03
 0.11584437650955E+03
 0.11584437650955E+03
 0.11584437650955E+03
 0.11584437650955E+03
 0.11584437650955E+03
 0.11584437650955E+03
 0.11584437650955E+03
 0.11584437650955E+03
 0.11584437650955E+03
 0.11584437650955E+03
 0.11584437650955E+03
 0.11584437650955E+03
 0.11584437650955E+03
 0.11584437650955E+03
 0.11584437650955E+03
 0.11584437650955E+03
 0.11584437650955E+03
 0.11584437650955E+03
 0.11584437650955E+03
 0.11584437650955E+03
 0.11584437650955E+03
 0.11584437650955E+03
 0.11584437650955E+03
 0.11584437650955E+03
 0.11584437650955E+03
 0.11584437650955E+03
 0.11584437650955E+03
 0.11584437650955E+03
 0.11584437650955E+03
 0.11584437650955E+03
 0.11584437650955E+03
 0.11584437650955E+03
 0.11584437650955E+03
 0.11584437650955E+03
 0.11584437650955E+03
 0.11584437650955E+03
 0.11584437650955E+03
 0.11584437650955E+03
 0.11584437650955E+03
 0.11584437650955E+03
 0.11584437650955E+03
 0.11584437650955E+03
 0.11584437650955E+03
 0.11584437650955E+03
 0.11584437650955E+03
 0.11584437650955E+03
 0.11584437650955E+03
 0.11584437650955E+03
 0.11584437650955E+03
 0.11584437650955E+03
 0.11584437650955E+03
 0.11584437650955E+03
 0.11584437650955E+03
 0.11584437650955E+03
 0.11584437650955E+03
 0.11584437650955E+03
 0.11584437650955E+03
 0.11584437650955E+03
 0.11584437650955E+03
 0.11584437650955E+03
 0.11584437650955E+03
 0.11584437650955E+03
 0.11584437650955E+03
 0.11584437650955E+03
 0.11584437650955E+03
 0.11584437650955E+03
 0.11584437650955E+03
 0.11584437650955E+03
 0.11584437650955E+03
 0.11584437650955E+03
 0.11584437650955E+03
 0.11584437650955E+03
 0.11584437650955E+03
 0.11584437650955E+03
 0.11584437650955E+03
 0.11584437650955E+03
 0.11584437650955E+03
 0.11584437650955E+03
 0.11584437650955E+03
 0.11584437650955E+03
 0.11584437650955E+03
 0.11584437650955E+03
 0.11584437650955E+03
 0.11584437650955E+03
 0.11584437650955E+03
 0.11584437650955E+03
 0.11584437650955E+03
 0.11584437650955E+03
 0.11584437650955E+03
 0.11584437650955E+03
 0.11584437650955E+03
 0.11584437650955E+03
 0.11584437650955E+03
 0.11584437650955E+03
 0.11584437650955E+03
 0.11584437650955E+03
 0.11584437650955E+03
 0.11584437650955E+03
 0.11584437650955E+03
 0.11584437650955E+03
 0.11584437650955E+03
 0.11584437650955E+03
 0.11584437650955E+03
 0.11584437650955E+03
 0.11584437650955E+03
 0.11584437650955E+03
 0.11584437650955E+03
 0.11584437650955E+03
 0.11584437650955E+03
 0.11584437650955E+03
 0.11584437650955E+03
 0.11584437650955E+03
 0.11584437650955E+03
 0.11584437650955E+03
 0.11584437650955E+03
 0.11584437650955E+03
 0.11584437650955E+03
 0.11584437650955E+03
 0.11584437650955E+03
 0.11584437650955E+03
 0.11584437650955E+03
 0.11584437650955E+03
 0.11584437650955E+03
 0.11584437650955E+03
 0.11584437650955E+03
 0.11584437650955E+03
 0.11584437650955E+03
 0.11584437650955E+03
 0.11584437650955E+03
 0.11584437650955E+03
 0.11584437650955E+03
 0.11584437650955E+03
 0.11584437650955E+03
 0.11584437650955E+03
 0.11584437650955E+03
 0.11584437650955E+03
 0.11584437650955E+03
 0.11584437650955E+03
 0.11584437650955E+03
 0.11584437650955E+03
 0.11584437650955E+03
 0.11584437650955E+03
 0.11584437650955E+03
 0.11584437650955E+03
 0.11584437650955E+03
 0.11584437650955E+03
 0.11584437650955E+03
 0.11584437650955E+03
 0.11584437650955E+03
 0.11584437650955E+03
 0.11584437650955E+03
 0.11584437650955E+03
 0.11584437650955E+03
 0.11584437650955E+03
 0.11584437650955E+03
 0.11584437650955E+03
 0.11584437650955E+03
 0.11584437650955E+03
 0.11584437650955E+03
 0.11584437650955E+03
 0.11584437650955E+03
 0.11584437650955E+03
 0.11584437650955E+03
 0.11584437650955E+03
 0.11584437650955E+03
 0.11584437650955E+03
 0.11584437650955E+03
 0.11584437650955E+03
 0.11584437650955E+03
 0.11584437650955E+03
 0.11584437650955E+03
 0.11584437650955E+03
 0.11584437650955E+03
 0.11584437650955E+03
 0.11584437650955E+03
 0.11584437650955E+03
 0.11584437650955E+03
 0.11584437650955E+03
 0.11584437650955E+03
 0.11584437650955E+03
 0.11584437650955E+03
 0.11584437650955E+03
 0.11584437650955E+03
 0.11584437650955E+03
 0.11584437650955E+03
 0.11584437650955E+03
 0.11584437650955E+03
 0.11584437651754E+03
 0.11584437651987E+03
 0.11584437652078E+03
 0.11584437651914E+03
 0.11584437651197E+03
 0.11584437650954E+03
 0.11584437649643E+03
 0.11584437649359E+03
 0.11584437648154E+03
 0.11584437647601E+03
 0.11584437647450E+03
 0.11584437647398E+03
 0.11584437646740E+03
 0.11584437646675E+03
 0.11584437646702E+03
 0.11584437646713E+03
 0.11584437648360E+03
 0.11584437649024E+03
 0.11584437649246E+03
 0.11584437649521E+03
 0.11584437649549E+03
 0.11584437649667E+03
 0.11584437654732E+03
 0.11584437655974E+03
 0.11584437656735E+03
 0.11584437657226E+03
 0.11584437657609E+03
 0.11584437657943E+03
 0.11584437657922E+03
 0.11584437657969E+03
 0.11584437665687E+03
 0.11584437666990E+03
 0.11584437667942E+03
 0.11584437668593E+03
 0.11584437669161E+03
 0.11584437669450E+03
 0.11584437669415E+03
 0.11584437669433E+03
 0.11584437669515E+03
 0.11584437669636E+03
 0.11584437675535E+03
 0.11584437676791E+03
 0.11584437677584E+03
 0.11584437678065E+03
 0.11584437678270E+03
 0.11584437678297E+03
 0.11584437678345E+03
 0.11584437678500E+03
 0.11584437678478E+03
 0.11584437678380E+03
 0.11584437678245E+03
 0.11584437678161E+03
 0.11584437678208E+03
 0.11584437678944E+03
 0.11584437678906E+03
 0.11584437678746E+03
 0.11584437678499E+03
 0.11584437678250E+03
 0.11584437677865E+03
 0.11584437677440E+03
 0.11584437677358E+03
 0.11584437677258E+03
 0.11584437677129E+03
 0.11584437676966E+03
 0.11584437676767E+03
 0.11584437676533E+03
 0.11584437676271E+03
 0.11584437675980E+03
 0.11584437675673E+03
 0.11584437675440E+03
 0.11584437675112E+03
 0.11584437674745E+03
 0.11584437674384E+03
 0.11584437674112E+03
 0.11584437671890E+03
 0.11584437671039E+03
 0.11584437669771E+03
 0.11584437668890E+03
 0.11584437668055E+03
 0.11584437668043E+03
 0.11584437667966E+03
 0.11584437667830E+03
 0.11584437667640E+03
 0.11584437667402E+03
 0.11584437667120E+03
 0.11584437666800E+03
 0.11584437666442E+03
 0.11584437666054E+03
 0.11584437665458E+03
 0.11584437665150E+03
 0.11584437664808E+03
 0.11584437664430E+03
 0.11584437663950E+03
 0.11584437663190E+03
 0.11584437662916E+03
 0.11584437661640E+03
 0.11584437660879E+03
 0.11584437660154E+03
 0.11584437659456E+03
 0.11584437658780E+03
 0.11584437658121E+03
 0.11584437657479E+03
 0.11584437656847E+03
 0.11584437656226E+03
 0.11584437655618E+03
 0.11584437655033E+03
 0.11584437655077E+03
 0.11584437653256E+03
 0.11584437653975E+03
 0.11584437653800E+03
 0.11584437654012E+03
 0.11584437652301E+03
 0.11584437652670E+03
 0.11584437652659E+03
 0.11584437652457E+03
 0.11584437652183E+03
 0.11584437651843E+03
 0.11584437650093E+03
 0.11584437649509E+03
 0.11584437648960E+03
 0.11584437648441E+03
 0.11584437647948E+03
 0.11584437647479E+03
 0.11584437647033E+03
 0.11584437646608E+03
 0.11584437646206E+03
 0.11584437645827E+03
 0.11584437645474E+03
 0.11584437645148E+03
 0.11584437644578E+03
 0.11584437644243E+03
 0.11584437643959E+03
 0.11584437643739E+03
 0.11584437643981E+03
 0.11584437643694E+03
 0.11584437643484E+03
 0.11584437643461E+03
 0.11584437641264E+03
 0.11584437640944E+03
 0.11584437640069E+03
 0.11584437639585E+03
 0.11584437639405E+03
 0.11584437639010E+03
 0.11584437638648E+03
 0.11584437638325E+03
 0.11584437637282E+03
 0.11584437638150E+03
 0.11584437637919E+03
 0.11584437637863E+03
 0.11584437638014E+03
 0.11584437636532E+03
 0.11584437636470E+03
 0.11584437636432E+03
 0.11584437636596E+03
 0.11584437636722E+03
 0.11584437636711E+03
 0.11584437636531E+03
 0.11584437637137E+03
 0.11584437634873E+03
 0.11584437634520E+03
 0.11584437634223E+03
 0.11584437634167E+03
 0.11584437633964E+03
 0.11584437633795E+03
 0.11584437633656E+03
 0.11584437633548E+03
 0.11584437633470E+03
 0.11584437633423E+03
 0.11584437633410E+03
 0.11584437633426E+03
 0.11584437633478E+03
 0.11584437633547E+03
 0.11584437633543E+03
 0.11584437633685E+03
 0.11584437633558E+03
 0.11584437633285E+03
 0.11584437633473E+03
 0.11584437633522E+03
 0.11584437631253E+03
 0.11584437630888E+03
 0.11584437630682E+03
 0.11584437630400E+03
 0.11584437630262E+03
 0.11584437630179E+03
 0.11584437630147E+03
 0.11584437630158E+03
 0.11584437630207E+03
 0.11584437630289E+03
 0.11584437630397E+03
 0.11584437630534E+03
 0.11584437630680E+03
 0.11584437630823E+03
 0.11584437630959E+03
 0.11584437631110E+03
 0.11584437631468E+03
 0.11584437631645E+03
 0.11584437631989E+03
 0.11584437632159E+03
 0.11584437629538E+03
 0.11584437629239E+03
 0.11584437629112E+03
 0.11584437628889E+03
 0.11584437628555E+03
 0.11584437628427E+03
 0.11584437628330E+03
 0.11584437628179E+03
 0.11584437627843E+03
 0.11584437627672E+03
 0.11584437627786E+03
 0.11584437627835E+03
 0.11584437627960E+03
 0.11584437628155E+03
 0.11584437628331E+03
 0.11584437628498E+03
 0.11584437628623E+03
 0.11584437628750E+03
 0.11584437628901E+03
 0.11584437629408E+03
 0.11584437626339E+03
 0.11584437626053E+03
 0.11584437625832E+03
 0.11584437625689E+03
 0.11584437626066E+03
 0.11584437625984E+03
 0.11584437625916E+03
 0.11584437625836E+03
 0.11584437625730E+03
 0.11584437625712E+03
 0.11584437625634E+03
 0.11584437625647E+03
 0.11584437625660E+03
 0.11584437625576E+03
 0.11584437625821E+03
 0.11584437625987E+03
 0.11584437626195E+03
 0.11584437626384E+03
 0.11584437626593E+03
 0.11584437624223E+03
 0.11584437623983E+03
 0.11584437623808E+03
 0.11584437623695E+03
 0.11584437623644E+03
 0.11584437623394E+03
 0.11584437623323E+03
 0.11584437623303E+03
 0.11584437623332E+03
 0.11584437623414E+03
 0.11584437623567E+03
 0.11584437624262E+03
 0.11584437624329E+03
 0.11584437624412E+03
 0.11584437624368E+03
 0.11584437624325E+03
 0.11584437624398E+03
 0.11584437624591E+03
 0.11584437624834E+03
 0.11584437622363E+03
 0.11584437622133E+03
 0.11584437622502E+03
 0.11584437622524E+03
 0.11584437622365E+03
 0.11584437622359E+03
 0.11584437622336E+03
 0.11584437622341E+03
 0.11584437622362E+03
 0.11584437622427E+03
 0.11584437622536E+03
 0.11584437622691E+03
 0.11584437622899E+03
 0.11584437622852E+03
 0.11584437620496E+03
 0.11584437620299E+03
 0.11584437620187E+03
 0.11584437620001E+03
 0.11584437620023E+03
 0.11584437620069E+03
 0.11584437620125E+03
 0.11584437620197E+03
 0.11584437620300E+03
 0.11584437620372E+03
 0.11584437620469E+03
 0.11584437621202E+03
 0.11584437621236E+03
 0.11584437621329E+03
 0.11584437621434E+03
 0.11584437621529E+03
 0.11584437621677E+03
 0.11584437622056E+03
 0.11584437622202E+03
 0.11584437622327E+03
 0.11584437622232E+03
 0.11584437622351E+03
 0.11584437622488E+03
 0.11584437622463E+03
 0.11584437622294E+03
 0.11584437622517E+03
 0.11584437622825E+03
 0.11584437623063E+03
 0.11584437623155E+03
 0.11584437623345E+03
 0.11584437623521E+03
 0.11584437623692E+03
 0.11584437623868E+03
 0.11584437624069E+03
 0.11584437624307E+03
 0.11584437624307E+03
 0.11584437624501E+03
 0.11584437624723E+03
 0.11584437624976E+03
 0.11584437625649E+03
 0.11584437625834E+03
 0.11584437626160E+03
 0.11584437626842E+03
 0.11584437627328E+03
 0.11584437627555E+03
 0.11584437627444E+03
 0.11584437627134E+03
 0.11584437627362E+03
 0.11584437627579E+03
 0.11584437627791E+03
 0.11584437627983E+03
 0.11584437628176E+03
 0.11584437628401E+03
 0.11584437628512E+03
 0.11584437628715E+03
 0.11584437628947E+03
 0.11584437629383E+03
 0.11584437629641E+03
 0.11584437629902E+03
 0.11584437630165E+03
 0.11584437630545E+03
 0.11584437630772E+03
 0.11584437631032E+03
 0.11584437631323E+03
 0.11584437631762E+03
 0.11584437632047E+03
 0.11584437632780E+03
 0.11584437633289E+03
 0.11584437632737E+03
 0.11584437632893E+03
 0.11584437633082E+03
 0.11584437633238E+03
 0.11584437633419E+03
 0.11584437633602E+03
 0.11584437633785E+03
 0.11584437634505E+03
 0.11584437634773E+03
 0.11584437635034E+03
 0.11584437635285E+03
 0.11584437635689E+03
 0.11584437636005E+03
 0.11584437636334E+03
 0.11584437636616E+03
 0.11584437636849E+03
 0.11584437636802E+03
 0.11584437637133E+03
 0.11584437637395E+03
 0.11584437637568E+03
 0.11584437637840E+03
 0.11584437638125E+03
 0.11584437638707E+03
 0.11584437638511E+03
 0.11584437638618E+03
 0.11584437639707E+03
 0.11584437639792E+03
 0.11584437639970E+03
 0.11584437640226E+03
 0.11584437640633E+03
 0.11584437640943E+03
 0.11584437641209E+03
 0.11584437641516E+03
 0.11584437641807E+03
 0.11584437642042E+03
 0.11584437642235E+03
 0.11584437642549E+03
 0.11584437642722E+03
 0.11584437642880E+03
 0.11584437643008E+03
 0.11584437642940E+03
 0.11584437643123E+03
 0.11584437643267E+03
 0.11584437643345E+03
 0.11584437644374E+03
 0.11584437644582E+03
 0.11584437644774E+03
 0.11584437644936E+03
 0.11584437645104E+03
 0.11584437645287E+03
 0.11584437645433E+03
 0.11584437645685E+03
 0.11584437646902E+03
 0.11584437646791E+03
 0.11584437647060E+03
 0.11584437647096E+03
 0.11584437647427E+03
 0.11584437647581E+03
 0.11584437647694E+03
 0.11584437647809E+03
 0.11584437647903E+03
 0.11584437648045E+03
 0.11584437648120E+03
 0.11584437648194E+03
 0.11584437648254E+03
 0.11584437649274E+03
 0.11584437649457E+03
 0.11584437649626E+03
 0.11584437649778E+03
 0.11584437649924E+03
 0.11584437649917E+03
 0.11584437650073E+03
 0.11584437650220E+03
 0.11584437650356E+03
 0.11584437650359E+03
 0.11584437650499E+03
 0.11584437650472E+03
 0.11584437650562E+03
 0.11584437650464E+03
 0.11584437651003E+03
 0.11584437651241E+03
 0.11584437651055E+03
 0.11584437651061E+03
 0.11584437651126E+03
 0.11584437651191E+03
 0.11584437651270E+03
 0.11584437651192E+03
 0.11584437651269E+03
 0.11584437651976E+03
 0.11584437652034E+03
 0.11584437652176E+03
 0.11584437652315E+03
 0.11584437652452E+03
 0.11584437652582E+03
 0.11584437652706E+03
 0.11584437652810E+03
 0.11584437652882E+03
 0.11584437652977E+03
 0.11584437653078E+03
 0.11584437653175E+03
 0.11584437653253E+03
 0.11584437653478E+03
 0.11584437653772E+03
 0.11584437654378E+03
 0.11584437654315E+03
 0.11584437654444E+03
 0.11584437654877E+03
 0.11584437655079E+03
 0.11584437653141E+03
 0.11584437653113E+03
 0.11584437653070E+03
 0.11584437653529E+03
 0.11584437653572E+03
 0.11584437653602E+03
 0.11584437653907E+03
 0.11584437653976E+03
 0.11584437654031E+03
 0.11584437654093E+03
 0.11584437654140E+03
 0.11584437654166E+03
 0.11584437653717E+03
 0.11584437653829E+03
 0.11584437653922E+03
 0.11584437654125E+03
 0.11584437654100E+03
 0.11584437653967E+03
 0.11584437653910E+03
 0.11584437652674E+03
 0.11584437652667E+03
 0.11584437652668E+03
 0.11584437652773E+03
 0.11584437652820E+03
 0.11584437652866E+03
 0.11584437652914E+03
 0.11584437653374E+03
 0.11584437653527E+03
 0.11584437653722E+03
 0.11584437653954E+03
 0.11584437654571E+03
 0.11584437654481E+03
 0.11584437654487E+03
 0.11584437654522E+03
 0.11584437654558E+03
 0.11584437654535E+03
 0.11584437654490E+03
 0.11584437654501E+03
 0.11584437654983E+03
 0.11584437654458E+03
 0.11584437654438E+03
 0.11584437654413E+03
 0.11584437653393E+03
 0.11584437652218E+03
 0.11584437652184E+03
 0.11584437652676E+03
 0.11584437652744E+03
 0.11584437652779E+03
 0.11584437652757E+03
 0.11584437654196E+03
 0.11584437654268E+03
 0.11584437654229E+03
 0.11584437653934E+03
 0.11584437653974E+03
 0.11584437653934E+03
 0.11584437654427E+03
 0.11584437654088E+03
 0.11584437653878E+03
 0.11584437653758E+03
 0.11584437653396E+03
 0.11584437653682E+03
 0.11584437653416E+03
 0.11584437653564E+03
 0.11584437653262E+03
 0.11584437653235E+03
 0.11584437651704E+03
 0.11584437651436E+03
 0.11584437651870E+03
 0.11584437652050E+03
 0.11584437652138E+03
 0.11584437652164E+03
 0.11584437652110E+03
 0.11584437652921E+03
 0.11584437652984E+03
 0.11584437652889E+03
 0.11584437652838E+03
 0.11584437652791E+03
 0.11584437653163E+03
 0.11584437652899E+03
 0.11584437652728E+03
 0.11584437652375E+03
 0.11584437652949E+03
 0.11584437652523E+03
 0.11584437652030E+03
 0.11584437651759E+03
 0.11584437651736E+03
 0.11584437650277E+03
 0.11584437650150E+03
 0.11584437650157E+03
 0.11584437650538E+03
 0.11584437650593E+03
 0.11584437650612E+03
 0.11584437650561E+03
 0.11584437651985E+03
 0.11584437651892E+03
 0.11584437651833E+03
 0.11584437650355E+03
 0.11584437651326E+03
 0.11584437651284E+03
 0.11584437651399E+03
 0.11584437651062E+03
 0.11584437651009E+03
 0.11584437650908E+03
 0.11584437650748E+03
 0.11584437650405E+03
 0.11584437649011E+03
 0.11584437648697E+03
 0.11584437648644E+03
 0.11584437648596E+03
 0.11584437648665E+03
 0.11584437648659E+03
 0.11584437648637E+03
 0.11584437648594E+03
 0.11584437648596E+03
 0.11584437648377E+03
 0.11584437648699E+03
 0.11584437648339E+03
 0.11584437648415E+03
 0.11584437648508E+03
 0.11584437648617E+03
 0.11584437648753E+03
 0.11584437648839E+03
 0.11584437648887E+03
 0.11584437648885E+03
 0.11584437648172E+03
 0.11584437647867E+03
 0.11584437647406E+03
 0.11584437647370E+03
 0.11584437647262E+03
 0.11584437647228E+03
 0.11584437647183E+03
 0.11584437647144E+03
 0.11584437647112E+03
 0.11584437647085E+03
 0.11584437647233E+03
 0.11584437647278E+03
 0.11584437647365E+03
 0.11584437647463E+03
 0.11584437647558E+03
 0.11584437647641E+03
 0.11584437648438E+03
 0.11584437648970E+03
 0.11584437648685E+03
 0.11584437647812E+03
 0.11584437648795E+03
 0.11584437648525E+03
 0.11584437648380E+03
 0.11584437648377E+03
 0.11584437648391E+03
 0.11584437648351E+03
 0.11584437648272E+03
 0.11584437648213E+03
 0.11584437647997E+03
 0.11584437647852E+03
 0.11584437646537E+03
 0.11584437646090E+03
 0.11584437646080E+03
 0.11584437646104E+03
 0.11584437646214E+03
 0.11584437646292E+03
 0.11584437646437E+03
 0.11584437646612E+03
 0.11584437647792E+03
 0.11584437648056E+03
 0.11584437647683E+03
 0.11584437647655E+03
 0.11584437647698E+03
 0.11584437647683E+03
 0.11584437647671E+03
 0.11584437647882E+03
 0.11584437647695E+03
 0.11584437647681E+03
 0.11584437645462E+03
 0.11584437645388E+03
 0.11584437645333E+03
 0.11584437645295E+03
 0.11584437645253E+03
 0.11584437645239E+03
 0.11584437645219E+03
 0.11584437645314E+03
 0.11584437645326E+03
 0.11584437645348E+03
 0.11584437645377E+03
 0.11584437645382E+03
 0.11584437645287E+03
 0.11584437645277E+03
 0.11584437645113E+03
 0.11584437645098E+03
 0.11584437645047E+03
 0.11584437644936E+03
 0.11584437644988E+03
 0.11584437644949E+03
 0.11584437644866E+03
 0.11584437644821E+03
 0.11584437644808E+03
 0.11584437644811E+03
 0.11584437644825E+03
 0.11584437644861E+03
 0.11584437644913E+03
 0.11584437644978E+03
 0.11584437645089E+03
 0.11584437645610E+03
 0.11584437645891E+03
 0.11584437646343E+03
 0.11584437647086E+03
 0.11584437646757E+03
 0.11584437646700E+03
 0.11584437646744E+03
 0.11584437646768E+03
 0.11584437646765E+03
 0.11584437647183E+03
 0.11584437646897E+03
 0.11584437646792E+03
 0.11584437646800E+03
 0.11584437646824E+03
 0.11584437644530E+03
 0.11584437644483E+03
 0.11584437644441E+03
 0.11584437644395E+03
 0.11584437644365E+03
 0.11584437644334E+03
 0.11584437644321E+03
 0.11584437644292E+03
 0.11584437644298E+03
 0.11584437646361E+03
 0.11584437646274E+03
 0.11584437644675E+03
 0.11584437644672E+03
 0.11584437644619E+03
 0.11584437646821E+03
 0.11584437644586E+03
 0.11584437644570E+03
 0.11584437644566E+03
 0.11584437644562E+03
 0.11584437644569E+03
 0.11584437644596E+03
 0.11584437644758E+03
 0.11584437644908E+03
 0.11584437645122E+03
 0.11584437645410E+03
 0.11584437645898E+03
 0.11584437646614E+03
 0.11584437646273E+03
 0.11584437646349E+03
 0.11584437646344E+03
 0.11584437646769E+03
 0.11584437646458E+03
 0.11584437646397E+03
 0.11584437646440E+03
 0.11584437644155E+03
 0.11584437644107E+03
 0.11584437644078E+03
 0.11584437644874E+03
 0.11584437644941E+03
 0.11584437645023E+03
 0.11584437645119E+03
 0.11584437645243E+03
 0.11584437645387E+03
 0.11584437645510E+03
 0.11584437645628E+03
 0.11584437645750E+03
 0.11584437645883E+03
 0.11584437646037E+03
 0.11584437646059E+03
 0.11584437645772E+03
 0.11584437645326E+03
 0.11584437645385E+03
 0.11584437645396E+03
 0.11584437645522E+03
 0.11584437645592E+03
 0.11584437645552E+03
 0.11584437645431E+03
 0.11584437645113E+03
 0.11584437645015E+03
 0.11584437645031E+03
 0.11584437645151E+03
 0.11584437645324E+03
 0.11584437645539E+03
 0.11584437648300E+03
 0.11584437648889E+03
 0.11584437648719E+03
 0.11584437648701E+03
 0.11584437648834E+03
 0.11584437648960E+03
 0.11584437649043E+03
 0.11584437649198E+03
 0.11584437649310E+03
 0.11584437647073E+03
 0.11584437647081E+03
 0.11584437647113E+03
 0.11584437647173E+03
 0.11584437647265E+03
 0.11584437647382E+03
 0.11584437647483E+03
 0.11584437647603E+03
 0.11584437647732E+03
 0.11584437647877E+03
 0.11584437648043E+03
 0.11584437648246E+03
 0.11584437648523E+03
 0.11584437649016E+03
 0.11584437649401E+03
 0.11584437649150E+03
 0.11584437649027E+03
 0.11584437649009E+03
 0.11584437654952E+03
 0.11584437655300E+03
 0.11584437655687E+03
 0.11584437655990E+03
 0.11584437656282E+03
 0.11584437656791E+03
 0.11584437656857E+03
 0.11584437657103E+03
 0.11584437655084E+03
 0.11584437655221E+03
 0.11584437655372E+03
 0.11584437655523E+03
 0.11584437655683E+03
 0.11584437655804E+03
 0.11584437655903E+03
 0.11584437656002E+03
 0.11584437656118E+03
 0.11584437656237E+03
 0.11584437656328E+03
 0.11584437656404E+03
 0.11584437656459E+03
 0.11584437656503E+03
 0.11584437656558E+03
 0.11584437656596E+03
 0.11584437657049E+03
 0.11584437657852E+03
 0.11584437658640E+03
 0.11584437659407E+03
 0.11584437660120E+03
 0.11584437660798E+03
 0.11584437661425E+03
 0.11584437662010E+03
 0.11584437662537E+03
 0.11584437663015E+03
 0.11584437663507E+03
 0.11584437663602E+03
 0.11584437664039E+03
 0.11584437664778E+03
 0.11584437665230E+03
 0.11584437665688E+03
 0.11584437666229E+03
 0.11584437666898E+03
 0.11584437669524E+03
 0.11584437671892E+03
 0.11584437674208E+03
 0.11584437676577E+03
 0.11584437678883E+03
 0.11584437681065E+03
 0.11584437682963E+03
 0.11584437684917E+03
 0.11584437686774E+03
 0.11584437688863E+03
 0.11584437690288E+03
 0.11584437691875E+03
 0.11584437691159E+03
 0.11584437692552E+03
 0.11584437693904E+03
 0.11584437694852E+03
 0.11584437695738E+03
 0.11584437696616E+03
 0.11584437697496E+03
 0.11584437698337E+03
 0.11584437699178E+03
 0.11584437699999E+03
 0.11584437700820E+03
 0.11584437701635E+03
 0.11584437702452E+03
 0.11584437703293E+03
 0.11584437704188E+03
 0.11584437705308E+03
 0.11584437705152E+03
 0.11584437706047E+03
 0.11584437707341E+03
 0.11584437707811E+03
 0.11584437708015E+03
 0.11584437708452E+03
 0.11584437708938E+03
 0.11584437709444E+03
 0.11584437709922E+03
 0.11584437710250E+03
 0.11584437710667E+03
 0.11584437711099E+03
 0.11584437711533E+03
 0.11584437711904E+03
 0.11584437712266E+03
 0.11584437712626E+03
 0.11584437713268E+03
 0.11584437713430E+03
 0.11584437713699E+03
 0.11584437713975E+03
 0.11584437714257E+03
 0.11584437714557E+03
 0.11584437714883E+03
 0.11584437715334E+03
 0.11584437715194E+03
 0.11584437715409E+03
 0.11584437715599E+03
 0.11584437715731E+03
 0.11584437715932E+03
 0.11584437716096E+03
 0.11584437716283E+03
 0.11584437716453E+03
 0.11584437716479E+03
 0.11584437716627E+03
 0.11584437716875E+03
 0.11584437717024E+03
 0.11584437717229E+03
 0.11584437717404E+03
 0.11584437717562E+03
 0.11584437718129E+03
 0.11584437717972E+03
 0.11584437718149E+03
 0.11584437718108E+03
 0.11584437718246E+03
 0.11584437716120E+03
 0.11584440476781E+03
 0.11584440476856E+03
 0.11584440476943E+03
 0.11584440477052E+03
 0.11584440477183E+03
 0.11584440477317E+03
 0.11584440477454E+03
 0.11584440477578E+03
 0.11584440513192E+03
 0.11584440515254E+03
 0.11584440517247E+03
 0.11584440519172E+03
 0.11584440521061E+03
 0.11584440522956E+03
 0.11584440525076E+03
 0.11584440526756E+03
 0.11584440527888E+03
 0.11584440529134E+03
 0.11584440530406E+03
 0.11584440531650E+03
 0.11584440532840E+03
 0.11584440533930E+03
 0.11584440534886E+03
 0.11584440535912E+03
 0.11584440536907E+03
 0.11584440537806E+03
 0.11584440538664E+03
 0.11584440539961E+03
 0.11584440540454E+03
 0.11584440541068E+03
 0.11584440541761E+03
 0.11584440542456E+03
 0.11584440540801E+03
 0.11584440541349E+03
 0.11584440541886E+03
 0.11584440542409E+03
 0.11584440542893E+03
 0.11584440543374E+03
 0.11584440543821E+03
 0.11584440544237E+03
 0.11584440544638E+03
 0.11584440544946E+03
 0.11584440545156E+03
 0.11584440545341E+03
 0.11584440545487E+03
 0.11584440545603E+03
 0.11584440545701E+03
 0.11584440545896E+03
 0.11584440548327E+03
 0.11584440548521E+03
 0.11584440548702E+03
 0.11584440548906E+03
 0.11584440549352E+03
 0.11584440549175E+03
 0.11584440549363E+03
 0.11584440549489E+03
 0.11584440549985E+03
 0.11584440549875E+03
 0.11584440549929E+03
 0.11584440550075E+03
 0.11584440547940E+03
 0.11584440548010E+03
 0.11584440548077E+03
 0.11584440548153E+03
 0.11584440548229E+03
 0.11584440548331E+03
 0.11584440548440E+03
 0.11584440548551E+03
 0.11584440548686E+03
 0.11584440548778E+03
 0.11584440548899E+03
 0.11584440549019E+03
 0.11584440549144E+03
 0.11584440549266E+03
 0.11584440549386E+03
 0.11584440549523E+03
 0.11584440574915E+03
 0.11584440576450E+03
 0.11584440577999E+03
 0.11584440579838E+03
 0.11584440581019E+03
 0.11584440581908E+03
 0.11584440582815E+03
 0.11584440583786E+03
 0.11584440584747E+03
 0.11584440585669E+03
 0.11584440586569E+03
 0.11584440587365E+03
 0.11584440588020E+03
 0.11584440588776E+03
 0.11584440589478E+03
 0.11584440590175E+03
 0.11584440590772E+03
 0.11584440591364E+03
 0.11584440591924E+03
 0.11584440592739E+03
 0.11584440593048E+03
 0.11584440593467E+03
 0.11584440593895E+03
 0.11584440594340E+03
 0.11584440594775E+03
 0.11584440592909E+03
 0.11584440593257E+03
 0.11584440593580E+03
 0.11584440593899E+03
 0.11584440594216E+03
 0.11584440594516E+03
 0.11584440594826E+03
 0.11584440597259E+03
 0.11584440597468E+03
 0.11584440597865E+03
 0.11584440598192E+03
 0.11584440597824E+03
 0.11584440597910E+03
 0.11584440597466E+03
 0.11584440597496E+03
 0.11584440597575E+03
 0.11584440597985E+03
 0.11584440598003E+03
 0.11584440598147E+03
 0.11584440598281E+03
 0.11584440598364E+03
 0.11584440598445E+03
 0.11584440599046E+03
 0.11584440598737E+03
 0.11584440598656E+03
 0.11584440598718E+03
 0.11584440596543E+03
 0.11584440596528E+03
 0.11584440596522E+03
 0.11584440596534E+03
 0.11584440596555E+03
 0.11584440596565E+03
 0.11584440596587E+03
 0.11584440596620E+03
 0.11584440617352E+03
 0.11584440618539E+03
 0.11584440619655E+03
 0.11584440620744E+03
 0.11584440621771E+03
 0.11584440622779E+03
 0.11584440623723E+03
 0.11584440624685E+03
 0.11584440625593E+03
 0.11584440626510E+03
 0.11584440627478E+03
 0.11584440628674E+03
 0.11584440629335E+03
 0.11584440629731E+03
 0.11584440630120E+03
 0.11584440630569E+03
 0.11584440631041E+03
 0.11584440631467E+03
 0.11584440631920E+03
 0.11584440632329E+03
 0.11584440632705E+03
 0.11584440633038E+03
 0.11584440633342E+03
 0.11584440633645E+03
 0.11584440633912E+03
 0.11584440634146E+03
 0.11584440634357E+03
 0.11584440634556E+03
 0.11584440634712E+03
 0.11584440634840E+03
 0.11584440634890E+03
 0.11584440634797E+03
 0.11584440634482E+03
 0.11584440634398E+03
 0.11584440634130E+03
 0.11584440633035E+03
 0.11584440632058E+03
 0.11584440631297E+03
 0.11584440631426E+03
 0.11584440631183E+03
 0.11584440631227E+03
 0.11584440631341E+03
 0.11584440631298E+03
 0.11584440631273E+03
 0.11584440631301E+03
 0.11584440631492E+03
 0.11584440631601E+03
 0.11584440631488E+03
 0.11584440631008E+03
 0.11584440630646E+03
 0.11584440630327E+03
 0.11584440630073E+03
 0.11584440630070E+03
 0.11584440630142E+03
 0.11584440630186E+03
 0.11584440630065E+03
 0.11584440630018E+03
 0.11584440649930E+03
 0.11584440650904E+03
 0.11584440651811E+03
 0.11584440653001E+03
 0.11584440653610E+03
 0.11584440654316E+03
 0.11584440655061E+03
 0.11584440653458E+03
 0.11584440654017E+03
 0.11584440654570E+03
 0.11584440655025E+03
 0.11584440655546E+03
 0.11584440656001E+03
 0.11584440656419E+03
 0.11584440656820E+03
 0.11584440657176E+03
 0.11584440657516E+03
 0.11584440657789E+03
 0.11584440658039E+03
 0.11584440658286E+03
 0.11584440658510E+03
 0.11584440658675E+03
 0.11584440658736E+03
 0.11584440658744E+03
 0.11584440658639E+03
 0.11584440658462E+03
 0.11584440658119E+03
 0.11584440657643E+03
 0.11584440656962E+03
 0.11584440655954E+03
 0.11584440654220E+03
 0.11584440652131E+03
 0.11584440649812E+03
 0.11584440650565E+03
 0.11584440651136E+03
 0.11584440651383E+03
 0.11584440651970E+03
 0.11584440656871E+03
 0.11584440656680E+03
 0.11584440656359E+03
 0.11584440656029E+03
 0.11584440652606E+03
 0.11584440660625E+03
 0.11584440660084E+03
 0.11584440659766E+03
 0.11584440659391E+03
 0.11584440659037E+03
 0.11584440659098E+03
 0.11584440658723E+03
 0.11584440658327E+03
 0.11584440657906E+03
 0.11584440657510E+03
 0.11584440657074E+03
 0.11584440656641E+03
 0.11584440673420E+03
 0.11584440673884E+03
 0.11584440674337E+03
 0.11584440674920E+03
 0.11584440675191E+03
 0.11584440675000E+03
 0.11584440674764E+03
 0.11584440674507E+03
 0.11584440674021E+03
 0.11584440673412E+03
 0.11584440664407E+03
 0.11584440665605E+03
 0.11584440666532E+03
 0.11584440667578E+03
 0.11584440668550E+03
 0.11584440669422E+03
 0.11584440670200E+03
 0.11584440671325E+03
 0.11584440671749E+03
 0.11584440672271E+03
 0.11584440672849E+03
 0.11584440671126E+03
 0.11584440671487E+03
 0.11584440671801E+03
 0.11584440672085E+03
 0.11584440672369E+03
 0.11584440672379E+03
 0.11584440672196E+03
 0.11584440671949E+03
 0.11584440671546E+03
 0.11584440670974E+03
 0.11584440669570E+03
 0.11584440667074E+03
 0.11584440663430E+03
 0.11584440671433E+03
 0.11584440671589E+03
 0.11584440669189E+03
 0.11584440673812E+03
 0.11584440675491E+03
 0.11584440674071E+03
 0.11584440672060E+03
 0.11584440658976E+03
 0.11584440671429E+03
 0.11584440673977E+03
 0.11584440674522E+03
 0.11584440674011E+03
 0.11584440677716E+03
 0.11584440674699E+03
 0.11584440666514E+03
 0.11584440663445E+03
 0.11584440671745E+03
 0.11584440670392E+03
 0.11584440667725E+03
 0.11584440664658E+03
 0.11584440660924E+03
 0.11584440664495E+03
 0.11584440643676E+03
 0.11584440649372E+03
 0.11584440654659E+03
 0.11584440659597E+03
 0.11584440664149E+03
 0.11584440668748E+03
 0.11584440672248E+03
 0.11584440675005E+03
 0.11584440675295E+03
 0.11584440680866E+03
 0.11584440681020E+03
 0.11584440681304E+03
 0.11584440681337E+03
 0.11584440680198E+03
 0.11584440679062E+03
 0.11584440677967E+03
 0.11584440676891E+03
 0.11584440675777E+03
 0.11584440674755E+03
 0.11584440673690E+03
 0.11584440672720E+03
 0.11584440671680E+03
 0.11584440671222E+03
 0.11584440670120E+03
 0.11584440679891E+03
 0.11584440679202E+03
 0.11584440678346E+03
 0.11584440677638E+03
 0.11584440676242E+03
 0.11584440679603E+03
 0.11584440678660E+03
 0.11584440677595E+03
 0.11584440676350E+03
 0.11584440674969E+03
 0.11584440661597E+03
 0.11584440661421E+03
 0.11584440660962E+03
 0.11584440658665E+03
 0.11584440655213E+03
 0.11584440650334E+03
 0.11584440643060E+03
 0.11584440633860E+03
 0.11584440637286E+03
 0.11584440656451E+03
 0.11584440654104E+03
 0.11584440666525E+03
 0.11584440665513E+03
 0.11584440664024E+03
 0.11584440662744E+03
 0.11584440661536E+03
 0.11584440660191E+03
 0.11584440664286E+03
 0.11584440673257E+03
 0.11584440672799E+03
 0.11584440671767E+03
 0.11584440663049E+03
 0.11584440661945E+03
 0.11584440668149E+03
 0.11584440666752E+03
 0.11584440665381E+03
 0.11584440663858E+03
 0.11584440662412E+03
 0.11584440660722E+03
 0.11584440659064E+03
 0.11584440657406E+03
 0.11584440655618E+03
 0.11584440653876E+03
 0.11584440629329E+03
 0.11584440625505E+03
 0.11584440621447E+03
 0.11584440617220E+03
 0.11584440612986E+03
 0.11584440608540E+03
 0.11584440505350E+03
 0.11584440509994E+03
 0.11584440514240E+03
 0.11584440518157E+03
 0.11584440521672E+03
 0.11584440545557E+03
 0.11584440548816E+03
 0.11584440551781E+03
 0.11584440554485E+03
 0.11584440557415E+03
 0.11584440559330E+03
 0.11584440561065E+03
 0.11584440562033E+03
 0.11584440562466E+03
 0.11584440562428E+03
 0.11584440536798E+03
 0.11584440535068E+03
 0.11584440532407E+03
 0.11584440523236E+03
 0.11584440518387E+03
 0.11584440511983E+03
 0.11584440503165E+03
 0.11584440491323E+03
 0.11584440587183E+03
 0.11584440586333E+03
 0.11584440598934E+03
 0.11584440602528E+03
 0.11584440609057E+03
 0.11584440610300E+03
 0.11584440583908E+03
 0.11584440561167E+03
 0.11584440595044E+03
 0.11584440600941E+03
 0.11584440608556E+03
 0.11584440617526E+03
 0.11584440622955E+03
 0.11584440624877E+03
 0.11584440610189E+03
 0.11584440602495E+03
 0.11584440612053E+03
 0.11584440609471E+03
 0.11584440607769E+03
 0.11584440605138E+03
 0.11584440615806E+03
 0.11584440611920E+03
 0.11584440613784E+03
 0.11584440611436E+03
 0.11584440611672E+03
 0.11584440611563E+03
 0.11584440611257E+03
 0.11584440611250E+03
 0.11584440610868E+03
 0.11584440610400E+03
 0.11584440612246E+03
 0.11584440611635E+03
 0.11584440611179E+03
 0.11584440610143E+03
 0.11584440608945E+03
 0.11584440607341E+03
 0.11584440605989E+03
 0.11584440604348E+03
 0.11584440602699E+03
 0.11584440600980E+03
 0.11584440599224E+03
 0.11584440597101E+03
 0.11584440594638E+03
 0.11584440591725E+03
 0.11584440588732E+03
 0.11584440585569E+03
 0.11584440582524E+03
 0.11584440580328E+03
 0.11584440577957E+03
 0.11584440575753E+03
 0.11584440573634E+03
 0.11584440571678E+03
 0.11584440569929E+03
 0.11584440568588E+03
 0.11584440567520E+03
 0.11584440567193E+03
 0.11584440584126E+03
 0.11584440585094E+03
 0.11584440600300E+03
 0.11584440599715E+03
 0.11584440598214E+03
 0.11584440502471E+03
 0.11584440505009E+03
 0.11584440507310E+03
 0.11584440578392E+03
 0.11584440610127E+03
 0.11584440610233E+03
 0.11584440611319E+03
 0.11584440611832E+03
 0.11584440612018E+03
 0.11584440610373E+03
 0.11584440607888E+03
 0.11584440582614E+03
 0.11584440577804E+03
 0.11584440577621E+03
 0.11584440576870E+03
 0.11584440575250E+03
 0.11584440580404E+03
 0.11584440587744E+03
 0.11584440586043E+03
 0.11584440586131E+03
 0.11584440586345E+03
 0.11584440584335E+03
 0.11584440586834E+03
 0.11584440587599E+03
 0.11584440588562E+03
 0.11584440588834E+03
 0.11584440589375E+03
 0.11584440589936E+03
 0.11584440590180E+03
 0.11584440590236E+03
 0.11584440590298E+03
 0.11584440590557E+03
 0.11584440590196E+03
 0.11584440590277E+03
 0.11584440590316E+03
 0.11584440589741E+03
 0.11584440589491E+03
 0.11584440588741E+03
 0.11584440588421E+03
 0.11584440587062E+03
 0.11584440586404E+03
 0.11584440585369E+03
 0.11584440584036E+03
 0.11584440582967E+03
 0.11584440581719E+03
 0.11584440580404E+03
 0.11584440578746E+03
 0.11584440576872E+03
 0.11584440574871E+03
 0.11584440572466E+03
 0.11584440570707E+03
 0.11584440568872E+03
 0.11584439157932E+03
 0.11584439155627E+03
 0.11584439153985E+03
 0.11584439072532E+03
 0.11584439077986E+03
 0.11584439083167E+03
 0.11584439088010E+03
 0.11584439092217E+03
 0.11584439102058E+03
 0.11584439106603E+03
 0.11584439108327E+03
 0.11584439107763E+03
 0.11584439172052E+03
 0.11584439175315E+03
 0.11584439178889E+03
 0.11584439182785E+03
 0.11584439186278E+03
 0.11584439188358E+03
 0.11584439189256E+03
 0.11584439186128E+03
 0.11584439182864E+03
 0.11584439169169E+03
 0.11584439169632E+03
 0.11584439169426E+03
 0.11584439169355E+03
 0.11584439168978E+03
 0.11584439168044E+03
 0.11584439179873E+03
 0.11584439174593E+03
 0.11584439175169E+03
 0.11584439175060E+03
 0.11584439175657E+03
 0.11584439175349E+03
 0.11584439174421E+03
 0.11584439174948E+03
 0.11584439175985E+03
 0.11584439176012E+03
 0.11584439175836E+03
 0.11584439175942E+03
 0.11584439175742E+03
 0.11584439175461E+03
 0.11584439175231E+03
 0.11584439175036E+03
 0.11584439174709E+03
 0.11584439173275E+03
 0.11584439173263E+03
 0.11584439171971E+03
 0.11584439170593E+03
 0.11584439169025E+03
 0.11584439167949E+03
 0.11584439166300E+03
 0.11584439163451E+03
 0.11584439160595E+03
 0.11584439157356E+03
 0.11584439154051E+03
 0.11584439151225E+03
 0.11584439150091E+03
 0.11584439152926E+03
 0.11584439147266E+03
 0.11584439060161E+03
 0.11584439067337E+03
 0.11584439073298E+03
 0.11584439076833E+03
 0.11584439080513E+03
 0.11584439082485E+03
 0.11584439090452E+03
 0.11584439093412E+03
 0.11584439096166E+03
 0.11584439098751E+03
 0.11584439099727E+03
 0.11584439101744E+03
 0.11584439059469E+03
 0.11584439059298E+03
 0.11584439058834E+03
 0.11584439147425E+03
 0.11584439149422E+03
 0.11584439152452E+03
 0.11584439150485E+03
 0.11584439153366E+03
 0.11584439158336E+03
 0.11584439162965E+03
 0.11584439168336E+03
 0.11584439171016E+03
 0.11584439171700E+03
 0.11584439169179E+03
 0.11584439167426E+03
 0.11584439162220E+03
 0.11584439051174E+03
 0.11584439147694E+03
 0.11584439148354E+03
 0.11584439155214E+03
 0.11584439158467E+03
 0.11584439159220E+03
 0.11584439164259E+03
 0.11584439164482E+03
 0.11584439165396E+03
 0.11584439164653E+03
 0.11584439164965E+03
 0.11584439164306E+03
 0.11584439163680E+03
 0.11584439162982E+03
 0.11584439162660E+03
 0.11584439161086E+03
 0.11584439160490E+03
 0.11584439159005E+03
 0.11584439157471E+03
 0.11584439155609E+03
 0.11584439153882E+03
 0.11584439150508E+03
 0.11584439147288E+03
 0.11584439144573E+03
 0.11584439140472E+03
 0.11584439142555E+03
 0.11584439142814E+03
 0.11584439137284E+03
 0.11584439050668E+03
 0.11584439055090E+03
 0.11584439062160E+03
 0.11584439069788E+03
 0.11584439080149E+03
 0.11584439085568E+03
 0.11584439091169E+03
 0.11584439092787E+03
 0.11584439098455E+03
 0.11584439101360E+03
 0.11584439104976E+03
 0.11584439105825E+03
 0.11584439109643E+03
 0.11584439112133E+03
 0.11584439112821E+03
 0.11584439114712E+03
 0.11584439095221E+03
 0.11584439096004E+03
 0.11584439096894E+03
 0.11584439097074E+03
 0.11584439097396E+03
 0.11584439097305E+03
 0.11584439095386E+03
 0.11584439094953E+03
 0.11584439091803E+03
 0.11584439089277E+03
 0.11584439083468E+03
 0.11584439077149E+03
 0.11584439061838E+03
 0.11584439051133E+03
 0.11584439136120E+03
 0.11584439143575E+03
 0.11584439151666E+03
 0.11584439105096E+03
 0.11584439098436E+03
 0.11584439089774E+03
 0.11584439077553E+03
 0.11584439056714E+03
 0.11584439032093E+03
 0.11584439125475E+03
 0.11584439130932E+03
 0.11584439154024E+03
 0.11584439154746E+03
 0.11584439153148E+03
 0.11584439153282E+03
 0.11584439153200E+03
 0.11584439152216E+03
 0.11584439152208E+03
 0.11584439150341E+03
 0.11584439149736E+03
 0.11584439149273E+03
 0.11584439146889E+03
 0.11584439155283E+03
 0.11584439152115E+03
 0.11584439146702E+03
 0.11584439142727E+03
 0.11584439140393E+03
 0.11584439135030E+03
 0.11584439130681E+03
 0.11584439131564E+03
 0.11584439039051E+03
 0.11584439043746E+03
 0.11584439051710E+03
 0.11584439056689E+03
 0.11584439063384E+03
 0.11584439073413E+03
 0.11584439078582E+03
 0.11584439082049E+03
 0.11584439087435E+03
 0.11584439090583E+03
 0.11584439095713E+03
 0.11584439100119E+03
 0.11584439102337E+03
 0.11584439104729E+03
 0.11584439107094E+03
 0.11584439122277E+03
 0.11584439124351E+03
 0.11584439114589E+03
 0.11584439115357E+03
 0.11584439116292E+03
 0.11584439114995E+03
 0.11584439118468E+03
 0.11584439117949E+03
 0.11584439119750E+03
 0.11584439117788E+03
 0.11584439119185E+03
 0.11584439117617E+03
 0.11584439116728E+03
 0.11584439116337E+03
 0.11584439112872E+03
 0.11584439107412E+03
 0.11584439105618E+03
 0.11584439097043E+03
 0.11584439084517E+03
 0.11584439067896E+03
 0.11584439125642E+03
 0.11584439121403E+03
 0.11584439119967E+03
 0.11584439113966E+03
 0.11584439108958E+03
 0.11584439102863E+03
 0.11584439095185E+03
 0.11584439083925E+03
 0.11584439071770E+03
 0.11584439105517E+03
 0.11584439140881E+03
 0.11584439140846E+03
 0.11584439140803E+03
 0.11584439140844E+03
 0.11584439111283E+03
 0.11584439106925E+03
 0.11584439103447E+03
 0.11584439125982E+03
 0.11584439125291E+03
 0.11584439124342E+03
 0.11584439120462E+03
 0.11584439124137E+03
 0.11584439121372E+03
 0.11584439119730E+03
 0.11584439118051E+03
 0.11584439030746E+03
 0.11584439035860E+03
 0.11584439040002E+03
 0.11584439043905E+03
 0.11584439090089E+03
 0.11584439093958E+03
 0.11584439099152E+03
 0.11584439102518E+03
 0.11584439103824E+03
 0.11584439102242E+03
 0.11584439105770E+03
 0.11584439107790E+03
 0.11584439113897E+03
 0.11584439113455E+03
 0.11584439116982E+03
 0.11584439119752E+03
 0.11584439121814E+03
 0.11584439122199E+03
 0.11584439125726E+03
 0.11584439125316E+03
 0.11584439112513E+03
 0.11584439116054E+03
 0.11584439128396E+03
 0.11584439129122E+03
 0.11584439129511E+03
 0.11584439127456E+03
 0.11584439129660E+03
 0.11584439130209E+03
 0.11584439128857E+03
 0.11584439127706E+03
 0.11584439129679E+03
 0.11584439129759E+03
 0.11584439127294E+03
 0.11584439124811E+03
 0.11584439124162E+03
 0.11584439121504E+03
 0.11584439118832E+03
 0.11584439113049E+03
 0.11584439133527E+03
 0.11584439131806E+03
 0.11584439129605E+03
 0.11584439128534E+03
 0.11584439127807E+03
 0.11584439125301E+03
 0.11584439125438E+03
 0.11584439122319E+03
 0.11584439141475E+03
 0.11584439138400E+03
 0.11584439140995E+03
 0.11584439139927E+03
 0.11584439137418E+03
 0.11584439137454E+03
 0.11584439139245E+03
 0.11584439140111E+03
 0.11584439136034E+03
 0.11584439140629E+03
 0.11584439123793E+03
 0.11584439124518E+03
 0.11584439119517E+03
 0.11584439116795E+03
 0.11584439097554E+03
 0.11584439100831E+03
 0.11584439089873E+03
 0.11584439089916E+03
 0.11584439088133E+03
 0.11584439088974E+03
 0.11584439090211E+03
 0.11584439092864E+03
 0.11584439094334E+03
 0.11584439095849E+03
 0.11584439096262E+03
 0.11584439102309E+03
 0.11584439099290E+03
 0.11584439104211E+03
 0.11584439103652E+03
 0.11584439115837E+03
 0.11584439120939E+03
 0.11584439121464E+03
 0.11584439122169E+03
 0.11584439120368E+03
 0.11584439125211E+03
 0.11584439123028E+03
 0.11584439125929E+03
 0.11584439121409E+03
 0.11584439121842E+03
 0.11584439122836E+03
 0.11584439122737E+03
 0.11584439123432E+03
 0.11584439120674E+03
 0.11584439122957E+03
 0.11584439122860E+03
 0.11584439120983E+03
 0.11584439124439E+03
 0.11584439122134E+03
 0.11584439124463E+03
 0.11584439128517E+03
 0.11584439122640E+03
 0.11584439120363E+03
 0.11584439124908E+03
 0.11584439126187E+03
 0.11584439123741E+03
 0.11584439115954E+03
 0.11584439110262E+03
 0.11584439123058E+03
 0.11584439123482E+03
 0.11584439131268E+03
 0.11584439135826E+03
 0.11584439140126E+03
 0.11584439131500E+03
 0.11584439132426E+03
 0.11584439132859E+03
 0.11584439129126E+03
 0.11584439123060E+03
 0.11584439124014E+03
 0.11584439124505E+03
 0.11584439117019E+03
 0.11584439123543E+03
 0.11584439127794E+03
 0.11584439129495E+03
 0.11584439132927E+03
 0.11584439134121E+03
 0.11584439127742E+03
 0.11584439128196E+03
 0.11584439135301E+03
 0.11584439126942E+03
 0.11584439131234E+03
 0.11584439126234E+03
 0.11584439132643E+03
 0.11584439130850E+03
 0.11584439135039E+03
 0.11584439114914E+03
 0.11584439118032E+03
 0.11584439115151E+03
 0.11584439111480E+03
 0.11584439109875E+03
 0.11584439114767E+03
 0.11584439118748E+03
 0.11584439114881E+03
 0.11584439118657E+03
 0.11584439115051E+03
 0.11584439117397E+03
 0.11584439117605E+03
 0.11584439118937E+03
 0.11584439117597E+03
 0.11584439118065E+03
 0.11584439118415E+03
 0.11584439117418E+03
 0.11584439120084E+03
 0.11584439120077E+03
 0.11584439122011E+03
 0.11584439120263E+03
 0.11584439120676E+03
 0.11584439120359E+03
 0.11584439117167E+03
 0.11584439118865E+03
 0.11584439118620E+03
 0.11584439114901E+03
 0.11584439119811E+03
 0.11584439115468E+03
 0.11584439118094E+03
 0.11584439118194E+03
 0.11584439117340E+03
 0.11584439116854E+03
 0.11584439116629E+03
 0.11584439120291E+03
 0.11584439114216E+03
 0.11584439110559E+03
 0.11584439112057E+03
 0.11584439109971E+03
 0.11584439116692E+03
 0.11584439112204E+03
 0.11584439102529E+03
 0.11584439107502E+03
 0.11584469544634E+03
 0.11584469514081E+03
 0.11584468560529E+03
 0.11584466006966E+03
 0.11584454036603E+03
 0.11584454224389E+03
 0.11584457090747E+03
 0.11584445878899E+03
 0.11584450477704E+03
 0.11584458257890E+03
 0.11584455447620E+03
 0.11584453272131E+03
 0.11584456219217E+03
 0.11584454854368E+03
 0.11584454197771E+03
 0.11584459039164E+03
 0.11584453194299E+03
 0.11584455100574E+03
 0.11584452688124E+03
 0.11584453389684E+03
 0.11584455400144E+03
 0.11584452210201E+03
 0.11584454845800E+03
 0.11584453547598E+03
 0.11584451681819E+03
 0.11584451418613E+03
 0.11584452186455E+03
 0.11584451918112E+03
 0.11584451889416E+03
 0.11584467247613E+03
 0.11584466743253E+03
 0.11584466743253E+03
 0.11584466743253E+03
 0.11584466743253E+03
 0.11584466743253E+03
 0.11584466742283E+03
 0.11584466740594E+03
 0.11584466742292E+03
 0.11584466755906E+03
 0.11584466751334E+03
 0.11584466747043E+03
 0.11584466742823E+03
 0.11584466742764E+03
 0.11584466736558E+03
 0.11584466732304E+03
 0.11584466729554E+03
 0.11584466726894E+03
 0.11584466724700E+03
 0.11584466722398E+03
 0.11584466722282E+03
 0.11584466717842E+03
 0.11584466715471E+03
 0.11584466712399E+03
 0.11584466710583E+03
 0.11584466706067E+03
 0.11584466699797E+03
 0.11584466697481E+03
 0.11584466693273E+03
 0.11584466689712E+03
 0.11584466688510E+03
 0.11584466688198E+03
 0.11584466687739E+03
 0.11584466688263E+03
 0.11584466690555E+03
 0.11584466691557E+03
 0.11584466692760E+03
 0.11584466694413E+03
 0.11584466696252E+03
 0.11584466696575E+03
 0.11584466697782E+03
 0.11584466699487E+03
 0.11584466701801E+03
 0.11584466703546E+03
 0.11584466705485E+03
 0.11584466706543E+03
 0.11584466708552E+03
 0.11584466710030E+03
 0.11584466711228E+03
 0.11584466714864E+03
 0.11584466715275E+03
 0.11584466717107E+03
 0.11584466720382E+03
 0.11584466721142E+03
 0.11584466725223E+03
 0.11584466725110E+03
 0.11584466726890E+03
 0.11584466728789E+03
 0.11584466730552E+03
 0.11584466731360E+03
 0.11584466731660E+03
 0.11584466732530E+03
 0.11584466733401E+03
 0.11584466734865E+03
 0.11584466731406E+03
 0.11584466733034E+03
 0.11584466733644E+03
 0.11584466735305E+03
 0.11584466738662E+03
 0.11584466740780E+03
 0.11584466742719E+03
 0.11584466745589E+03
 0.11584466746631E+03
 0.11584466767113E+03
 0.11584466780922E+03
 0.11584466784805E+03
 0.11584466789430E+03
 0.11584466793307E+03
 0.11584466793573E+03
 0.11584466796795E+03
 0.11584466795726E+03
 0.11584466840892E+03
 0.11584466852831E+03
 0.11584466859407E+03
 0.11584466861771E+03
 0.11584466863155E+03
 0.11584466865965E+03
 0.11584466864577E+03
 0.11584466897989E+03
 0.11584466907380E+03
 0.11584466911675E+03
 0.11584466912926E+03
 0.11584466914571E+03
 0.11584466914954E+03
 0.11584466944364E+03
 0.11584466948486E+03
 0.11584466953728E+03
 0.11584466953178E+03
 0.11584466953966E+03
 0.11584466977977E+03
 0.11584466983351E+03
 0.11584466987848E+03
 0.11584466991850E+03
 0.11584466993201E+03
 0.11584466992153E+03
 0.11584467015845E+03
 0.11584467022425E+03
 0.11584467024247E+03
 0.11584467024478E+03
 0.11584467025603E+03
 0.11584467048206E+03
 0.11584467052624E+03
 0.11584467055230E+03
 0.11584467055078E+03
 0.11584467056744E+03
 0.11584467073149E+03
 0.11584467078545E+03
 0.11584467082273E+03
 0.11584467084498E+03
 0.11584467081065E+03
 0.11584467079511E+03
 0.11584467099432E+03
 0.11584467102314E+03
 0.11584467100599E+03
 0.11584467090351E+03
 0.11584467087195E+03
 0.11584467107435E+03
 0.11584467100117E+03
 0.11584467115129E+03
 0.11584467091703E+03
 0.11584467096091E+03
 0.11584467120048E+03
 0.11584467113233E+03
 0.11584467087272E+03
 0.11584467086010E+03
 0.11584466973012E+03
 0.11584467008445E+03
 0.11584467051226E+03
 0.11584466988136E+03
 0.11584467013203E+03
 0.11584467000756E+03
 0.11584466922963E+03
 0.11584466985968E+03
 0.11584467000637E+03
 0.11584467012910E+03
 0.11584466969079E+03
 0.11584466935785E+03
 0.11584466917422E+03
 0.11584466975778E+03
 0.11584466910662E+03
 0.11584466978241E+03
 0.11584466962945E+03
 0.11584466939347E+03
 0.11584466931692E+03
 0.11584466970978E+03
 0.11584466972422E+03
 0.11584466962379E+03
 0.11584466853986E+03
 0.11584466897380E+03
 0.11584466940432E+03
 0.11584466946752E+03
 0.11584466962035E+03
 0.11584466941668E+03
 0.11584466958563E+03
 0.11584466905804E+03
 0.11584466912255E+03
 0.11584466940935E+03
 0.11584466933413E+03
 0.11584466948916E+03
 0.11584466840046E+03
 0.11584466887473E+03
 0.11584466904680E+03
