 0.14170088211269E+03
 0.14170088211269E+03
 0.14170088211269E+03
 0.14170088211269E+03
 0.14170088211269E+03
 0.14170088208107E+03
 0.14170088210432E+03
 0.14170088209817E+03
 0.14170088211269E+03
 0.14170088211269E+03
 0.14170088211269E+03
 0.14170088211269E+03
 0.14170088211269E+03
 0.14170088211269E+03
 0.14170088211269E+03
 0.14170088211269E+03
 0.14170088211269E+03
 0.14170088211269E+03
 0.14170088211269E+03
 0.14170088211269E+03
 0.14170088211269E+03
 0.14170088211269E+03
 0.14170088211269E+03
 0.14170088211269E+03
 0.14170088211269E+03
 0.14170088211269E+03
 0.14170088211269E+03
 0.14170088211269E+03
 0.14170088211269E+03
 0.14170088211269E+03
 0.14170088211269E+03
 0.14170088211269E+03
 0.14170088211269E+03
 0.14170088211269E+03
 0.14170088211269E+03
 0.14170088211269E+03
 0.14170088211269E+03
 0.14170088211269E+03
 0.14170088211269E+03
 0.14170088211269E+03
 0.14170088211269E+03
 0.14170088211269E+03
 0.14170088211269E+03
 0.14170088211269E+03
 0.14170088211269E+03
 0.14170088211269E+03
 0.14170088211269E+03
 0.14170088211269E+03
 0.14170088211269E+03
 0.14170088211269E+03
 0.14170088211269E+03
 0.14170088211269E+03
 0.14170088211269E+03
 0.14170088211269E+03
 0.14170088211269E+03
 0.14170088211269E+03
 0.14170088211269E+03
 0.14170088211269E+03
 0.14170088211269E+03
 0.14170088211269E+03
 0.14170088211269E+03
 0.14170088211269E+03
 0.14170088211269E+03
 0.14170088211269E+03
 0.14170088211269E+03
 0.14170088211269E+03
 0.14170088211269E+03
 0.14170088211269E+03
 0.14170088211269E+03
 0.14170088211269E+03
 0.14170088211269E+03
 0.14170088211269E+03
 0.14170088211269E+03
 0.14170088211269E+03
 0.14170088211269E+03
 0.14170088211269E+03
 0.14170088211269E+03
 0.14170088211269E+03
 0.14170088211269E+03
 0.14170088211269E+03
 0.14170088211269E+03
 0.14170088211269E+03
 0.14170088211269E+03
 0.14170088211269E+03
 0.14170088211269E+03
 0.14170088211269E+03
 0.14170088211269E+03
 0.14170088211269E+03
 0.14170088211269E+03
 0.14170088211269E+03
 0.14170088211269E+03
 0.14170088211269E+03
 0.14170088211269E+03
 0.14170088211269E+03
 0.14170088211269E+03
 0.14170088211269E+03
 0.14170088211269E+03
 0.14170088211269E+03
 0.14170088211269E+03
 0.14170088211269E+03
 0.14170088211269E+03
 0.14170088211269E+03
 0.14170088211269E+03
 0.14170088211269E+03
 0.14170088211269E+03
 0.14170088211269E+03
 0.14170088211269E+03
 0.14170088211269E+03
 0.14170088211269E+03
 0.14170088211269E+03
 0.14170088211269E+03
 0.14170088211269E+03
 0.14170088211269E+03
 0.14170088211269E+03
 0.14170088211269E+03
 0.14170088211269E+03
 0.14170088211269E+03
 0.14170088211269E+03
 0.14170088211269E+03
 0.14170088211269E+03
 0.14170088211269E+03
 0.14170088211269E+03
 0.14170088211269E+03
 0.14170088211269E+03
 0.14170088211269E+03
 0.14170088211269E+03
 0.14170088211269E+03
 0.14170088211269E+03
 0.14170088211269E+03
 0.14170088211269E+03
 0.14170088211269E+03
 0.14170088211269E+03
 0.14170088211269E+03
 0.14170088211269E+03
 0.14170088211269E+03
 0.14170088211269E+03
 0.14170088211269E+03
 0.14170088211269E+03
 0.14170088211269E+03
 0.14170088211269E+03
 0.14170088211269E+03
 0.14170088211269E+03
 0.14170088211269E+03
 0.14170088211269E+03
 0.14170088211269E+03
 0.14170088211269E+03
 0.14170088211269E+03
 0.14170088211269E+03
 0.14170088211269E+03
 0.14170088211269E+03
 0.14170088211269E+03
 0.14170088211269E+03
 0.14170088211269E+03
 0.14170088211269E+03
 0.14170088211269E+03
 0.14170088211269E+03
 0.14170088211269E+03
 0.14170088211269E+03
 0.14170088211269E+03
 0.14170088211269E+03
 0.14170088211269E+03
 0.14170088211269E+03
 0.14170088211269E+03
 0.14170088211269E+03
 0.14170088211269E+03
 0.14170088211269E+03
 0.14170088211269E+03
 0.14170088211269E+03
 0.14170088211269E+03
 0.14170088211269E+03
 0.14170088211269E+03
 0.14170088211269E+03
 0.14170088211269E+03
 0.14170088211269E+03
 0.14170088211269E+03
 0.14170088211269E+03
 0.14170088211269E+03
 0.14170088211269E+03
 0.14170088211269E+03
 0.14170088211269E+03
 0.14170088211269E+03
 0.14170088211269E+03
 0.14170088211269E+03
 0.14170088211269E+03
 0.14170088211269E+03
 0.14170088211269E+03
 0.14170088211269E+03
 0.14170088211269E+03
 0.14170088211269E+03
 0.14170088211269E+03
 0.14170088211269E+03
 0.14170088211269E+03
 0.14170088211269E+03
 0.14170088211269E+03
 0.14170088211269E+03
 0.14170088211269E+03
 0.14170088211269E+03
 0.14170088211269E+03
 0.14170088211269E+03
 0.14170088211269E+03
 0.14170088211269E+03
 0.14170088211269E+03
 0.14170088211269E+03
 0.14170088211269E+03
 0.14170088211269E+03
 0.14170088211269E+03
 0.14170088211269E+03
 0.14170088211269E+03
 0.14170088211269E+03
 0.14170088211269E+03
 0.14170088211269E+03
 0.14170088211269E+03
 0.14170088211269E+03
 0.14170088211269E+03
 0.14170088211269E+03
 0.14170088211269E+03
 0.14170088212334E+03
 0.14170088212721E+03
 0.14170088213190E+03
 0.14170088213142E+03
 0.14170088212727E+03
 0.14170088212409E+03
 0.14170088211302E+03
 0.14170088210914E+03
 0.14170088209503E+03
 0.14170088208764E+03
 0.14170088208495E+03
 0.14170088208352E+03
 0.14170088206081E+03
 0.14170088205735E+03
 0.14170088205650E+03
 0.14170088205566E+03
 0.14170088203808E+03
 0.14170088203206E+03
 0.14170088202992E+03
 0.14170088202999E+03
 0.14170088202987E+03
 0.14170088203027E+03
 0.14170088200758E+03
 0.14170088199919E+03
 0.14170088199612E+03
 0.14170088199579E+03
 0.14170088199710E+03
 0.14170088199931E+03
 0.14170088199922E+03
 0.14170088199967E+03
 0.14170088194361E+03
 0.14170088192759E+03
 0.14170088192026E+03
 0.14170088191767E+03
 0.14170088191899E+03
 0.14170088191995E+03
 0.14170088191890E+03
 0.14170088191873E+03
 0.14170088191969E+03
 0.14170088192143E+03
 0.14170088180024E+03
 0.14170088177467E+03
 0.14170088175890E+03
 0.14170088174974E+03
 0.14170088174326E+03
 0.14170088173754E+03
 0.14170088173294E+03
 0.14170088173518E+03
 0.14170088173768E+03
 0.14170088174001E+03
 0.14170088173864E+03
 0.14170088174046E+03
 0.14170088174190E+03
 0.14170088154188E+03
 0.14170088150279E+03
 0.14170088147607E+03
 0.14170088145716E+03
 0.14170088144364E+03
 0.14170088143547E+03
 0.14170088142942E+03
 0.14170088142306E+03
 0.14170088141934E+03
 0.14170088141738E+03
 0.14170088141666E+03
 0.14170088141683E+03
 0.14170088141783E+03
 0.14170088141924E+03
 0.14170088142077E+03
 0.14170088142238E+03
 0.14170088142351E+03
 0.14170088142532E+03
 0.14170088142733E+03
 0.14170088142930E+03
 0.14170088143087E+03
 0.14170088135740E+03
 0.14170088134444E+03
 0.14170088133752E+03
 0.14170088133193E+03
 0.14170088132862E+03
 0.14170088132318E+03
 0.14170088131958E+03
 0.14170088131737E+03
 0.14170088131625E+03
 0.14170088131600E+03
 0.14170088131645E+03
 0.14170088131749E+03
 0.14170088131902E+03
 0.14170088132134E+03
 0.14170088132545E+03
 0.14170088132755E+03
 0.14170088132992E+03
 0.14170088133263E+03
 0.14170088133651E+03
 0.14170088134252E+03
 0.14170088134504E+03
 0.14170088130615E+03
 0.14170088129934E+03
 0.14170088129486E+03
 0.14170088129233E+03
 0.14170088129143E+03
 0.14170088129189E+03
 0.14170088129353E+03
 0.14170088129613E+03
 0.14170088129958E+03
 0.14170088130375E+03
 0.14170088130843E+03
 0.14170088130824E+03
 0.14170088132643E+03
 0.14170088131921E+03
 0.14170088132207E+03
 0.14170088132685E+03
 0.14170088134730E+03
 0.14170088134509E+03
 0.14170088134640E+03
 0.14170088134991E+03
 0.14170088135451E+03
 0.14170088136040E+03
 0.14170088132027E+03
 0.14170088131790E+03
 0.14170088131721E+03
 0.14170088131796E+03
 0.14170088131994E+03
 0.14170088132297E+03
 0.14170088132687E+03
 0.14170088133152E+03
 0.14170088133677E+03
 0.14170088134250E+03
 0.14170088134859E+03
 0.14170088135491E+03
 0.14170088136528E+03
 0.14170088137343E+03
 0.14170088138111E+03
 0.14170088138794E+03
 0.14170088138773E+03
 0.14170088139569E+03
 0.14170088140298E+03
 0.14170088140847E+03
 0.14170088138655E+03
 0.14170088138215E+03
 0.14170088139009E+03
 0.14170088139386E+03
 0.14170088139280E+03
 0.14170088139858E+03
 0.14170088140551E+03
 0.14170088141324E+03
 0.14170088145871E+03
 0.14170088141979E+03
 0.14170088142812E+03
 0.14170088143323E+03
 0.14170088143931E+03
 0.14170088151832E+03
 0.14170088153256E+03
 0.14170088154558E+03
 0.14170088154864E+03
 0.14170088155219E+03
 0.14170088156231E+03
 0.14170088158146E+03
 0.14170088155727E+03
 0.14170088153353E+03
 0.14170088153337E+03
 0.14170088153565E+03
 0.14170088151600E+03
 0.14170088151714E+03
 0.14170088152005E+03
 0.14170088152446E+03
 0.14170088153025E+03
 0.14170088153737E+03
 0.14170088154602E+03
 0.14170088155716E+03
 0.14170088160170E+03
 0.14170088160719E+03
 0.14170088161996E+03
 0.14170088166617E+03
 0.14170088167104E+03
 0.14170088169206E+03
 0.14170088165959E+03
 0.14170088161881E+03
 0.14170088162966E+03
 0.14170088160246E+03
 0.14170088160666E+03
 0.14170088161075E+03
 0.14170088161974E+03
 0.14170088162794E+03
 0.14170088163726E+03
 0.14170088164731E+03
 0.14170088165835E+03
 0.14170088166969E+03
 0.14170088168110E+03
 0.14170088169234E+03
 0.14170088169559E+03
 0.14170088169729E+03
 0.14170088168403E+03
 0.14170088168537E+03
 0.14170088168937E+03
 0.14170088172056E+03
 0.14170088171970E+03
 0.14170088174915E+03
 0.14170088174406E+03
 0.14170088168342E+03
 0.14170088168019E+03
 0.14170088168671E+03
 0.14170088168206E+03
 0.14170088167974E+03
 0.14170088167637E+03
 0.14170088167450E+03
 0.14170088167366E+03
 0.14170088169418E+03
 0.14170088168800E+03
 0.14170088169030E+03
 0.14170088170667E+03
 0.14170088171746E+03
 0.14170088171461E+03
 0.14170088171082E+03
 0.14170088171129E+03
 0.14170088170262E+03
 0.14170088170157E+03
 0.14170088170393E+03
 0.14170088174180E+03
 0.14170088166555E+03
 0.14170088166305E+03
 0.14170088166084E+03
 0.14170088166028E+03
 0.14170088167727E+03
 0.14170088167696E+03
 0.14170088167621E+03
 0.14170088167522E+03
 0.14170088167436E+03
 0.14170088167411E+03
 0.14170088167407E+03
 0.14170088167410E+03
 0.14170088167485E+03
 0.14170088171289E+03
 0.14170088171630E+03
 0.14170088172067E+03
 0.14170088171472E+03
 0.14170088171167E+03
 0.14170088171320E+03
 0.14170088167397E+03
 0.14170088166929E+03
 0.14170088166675E+03
 0.14170088166602E+03
 0.14170088166688E+03
 0.14170088166083E+03
 0.14170088166123E+03
 0.14170088166345E+03
 0.14170088166701E+03
 0.14170088167153E+03
 0.14170088167677E+03
 0.14170088168739E+03
 0.14170088169116E+03
 0.14170088169523E+03
 0.14170088169286E+03
 0.14170088168977E+03
 0.14170088169191E+03
 0.14170088173123E+03
 0.14170088172582E+03
 0.14170088167447E+03
 0.14170088166561E+03
 0.14170088168346E+03
 0.14170088168420E+03
 0.14170088167839E+03
 0.14170088167912E+03
 0.14170088167771E+03
 0.14170088167820E+03
 0.14170088168019E+03
 0.14170088168382E+03
 0.14170088168860E+03
 0.14170088169413E+03
 0.14170088170012E+03
 0.14170088171064E+03
 0.14170088169163E+03
 0.14170088169631E+03
 0.14170088170177E+03
 0.14170088171754E+03
 0.14170088171479E+03
 0.14170088170703E+03
 0.14170088170174E+03
 0.14170088169860E+03
 0.14170088169748E+03
 0.14170088169801E+03
 0.14170088169992E+03
 0.14170088172506E+03
 0.14170088172108E+03
 0.14170088172118E+03
 0.14170088172285E+03
 0.14170088172540E+03
 0.14170088172784E+03
 0.14170088173759E+03
 0.14170088173919E+03
 0.14170088174142E+03
 0.14170088174170E+03
 0.14170088174396E+03
 0.14170088174756E+03
 0.14170088174768E+03
 0.14170088175115E+03
 0.14170088177487E+03
 0.14170088178200E+03
 0.14170088177823E+03
 0.14170088176892E+03
 0.14170088177005E+03
 0.14170088177222E+03
 0.14170088177386E+03
 0.14170088177588E+03
 0.14170088177923E+03
 0.14170088178353E+03
 0.14170088178869E+03
 0.14170088179541E+03
 0.14170088180236E+03
 0.14170088180882E+03
 0.14170088181111E+03
 0.14170088181807E+03
 0.14170088182523E+03
 0.14170088183275E+03
 0.14170088183624E+03
 0.14170088184351E+03
 0.14170088183868E+03
 0.14170088184281E+03
 0.14170088184122E+03
 0.14170088184183E+03
 0.14170088184377E+03
 0.14170088184504E+03
 0.14170088184670E+03
 0.14170088184975E+03
 0.14170088185319E+03
 0.14170088185815E+03
 0.14170088186252E+03
 0.14170088188126E+03
 0.14170088189021E+03
 0.14170088189891E+03
 0.14170088190667E+03
 0.14170088190214E+03
 0.14170088191211E+03
 0.14170088192175E+03
 0.14170088193012E+03
 0.14170088193250E+03
 0.14170088194192E+03
 0.14170088194397E+03
 0.14170088195174E+03
 0.14170088192229E+03
 0.14170088192728E+03
 0.14170088192851E+03
 0.14170088192924E+03
 0.14170088193331E+03
 0.14170088193784E+03
 0.14170088194168E+03
 0.14170088196358E+03
 0.14170088197245E+03
 0.14170088198105E+03
 0.14170088198903E+03
 0.14170088200912E+03
 0.14170088202174E+03
 0.14170088201931E+03
 0.14170088201504E+03
 0.14170088201311E+03
 0.14170088203251E+03
 0.14170088202360E+03
 0.14170088201947E+03
 0.14170088203251E+03
 0.14170088202443E+03
 0.14170088204168E+03
 0.14170088205165E+03
 0.14170088201225E+03
 0.14170088201349E+03
 0.14170088204615E+03
 0.14170088204433E+03
 0.14170088204768E+03
 0.14170088205688E+03
 0.14170088207585E+03
 0.14170088208859E+03
 0.14170088209901E+03
 0.14170088210125E+03
 0.14170088209495E+03
 0.14170088209080E+03
 0.14170088208830E+03
 0.14170088208235E+03
 0.14170088208170E+03
 0.14170088208192E+03
 0.14170088208283E+03
 0.14170088208656E+03
 0.14170088208550E+03
 0.14170088208622E+03
 0.14170088208831E+03
 0.14170088210150E+03
 0.14170088210437E+03
 0.14170088210777E+03
 0.14170088211004E+03
 0.14170088211295E+03
 0.14170088211530E+03
 0.14170088211790E+03
 0.14170088212110E+03
 0.14170088216105E+03
 0.14170088216899E+03
 0.14170088216154E+03
 0.14170088216336E+03
 0.14170088215414E+03
 0.14170088215218E+03
 0.14170088215170E+03
 0.14170088215171E+03
 0.14170088215230E+03
 0.14170088215053E+03
 0.14170088215075E+03
 0.14170088215158E+03
 0.14170088215251E+03
 0.14170088217285E+03
 0.14170088217802E+03
 0.14170088218317E+03
 0.14170088218801E+03
 0.14170088219286E+03
 0.14170088218849E+03
 0.14170088219479E+03
 0.14170088220079E+03
 0.14170088220640E+03
 0.14170088220329E+03
 0.14170088220955E+03
 0.14170088220424E+03
 0.14170088220725E+03
 0.14170088219037E+03
 0.14170088219652E+03
 0.14170088219960E+03
 0.14170088219350E+03
 0.14170088219154E+03
 0.14170088219150E+03
 0.14170088219181E+03
 0.14170088219243E+03
 0.14170088219583E+03
 0.14170088219752E+03
 0.14170088220796E+03
 0.14170088221987E+03
 0.14170088222491E+03
 0.14170088223008E+03
 0.14170088223553E+03
 0.14170088224006E+03
 0.14170088224414E+03
 0.14170088222793E+03
 0.14170088223506E+03
 0.14170088224078E+03
 0.14170088224541E+03
 0.14170088224869E+03
 0.14170088224153E+03
 0.14170088222961E+03
 0.14170088222428E+03
 0.14170088222523E+03
 0.14170088222611E+03
 0.14170088222536E+03
 0.14170088222306E+03
 0.14170088222229E+03
 0.14170088220900E+03
 0.14170088220852E+03
 0.14170088220750E+03
 0.14170088221917E+03
 0.14170088222129E+03
 0.14170088222297E+03
 0.14170088223485E+03
 0.14170088223720E+03
 0.14170088223919E+03
 0.14170088224124E+03
 0.14170088224289E+03
 0.14170088224391E+03
 0.14170088223270E+03
 0.14170088223646E+03
 0.14170088223938E+03
 0.14170088224455E+03
 0.14170088224442E+03
 0.14170088224137E+03
 0.14170088223998E+03
 0.14170088219316E+03
 0.14170088219304E+03
 0.14170088219308E+03
 0.14170088219953E+03
 0.14170088220253E+03
 0.14170088220528E+03
 0.14170088220794E+03
 0.14170088222274E+03
 0.14170088222844E+03
 0.14170088223503E+03
 0.14170088224186E+03
 0.14170088225680E+03
 0.14170088225468E+03
 0.14170088225384E+03
 0.14170088225310E+03
 0.14170088225187E+03
 0.14170088224975E+03
 0.14170088225294E+03
 0.14170088225009E+03
 0.14170088221075E+03
 0.14170088224958E+03
 0.14170088224679E+03
 0.14170088225054E+03
 0.14170088223056E+03
 0.14170088218871E+03
 0.14170088218904E+03
 0.14170088220899E+03
 0.14170088221263E+03
 0.14170088221492E+03
 0.14170088221529E+03
 0.14170088224883E+03
 0.14170088225171E+03
 0.14170088225212E+03
 0.14170088224774E+03
 0.14170088224352E+03
 0.14170088224084E+03
 0.14170088220116E+03
 0.14170088221004E+03
 0.14170088221877E+03
 0.14170088222326E+03
 0.14170088223180E+03
 0.14170088219987E+03
 0.14170088220972E+03
 0.14170088219815E+03
 0.14170088222975E+03
 0.14170088223431E+03
 0.14170088219041E+03
 0.14170088218113E+03
 0.14170088219942E+03
 0.14170088220650E+03
 0.14170088220993E+03
 0.14170088221129E+03
 0.14170088221038E+03
 0.14170088222976E+03
 0.14170088223312E+03
 0.14170088222756E+03
 0.14170088222488E+03
 0.14170088222223E+03
 0.14170088218661E+03
 0.14170088219379E+03
 0.14170088219958E+03
 0.14170088221799E+03
 0.14170088217548E+03
 0.14170088218687E+03
 0.14170088221114E+03
 0.14170088221046E+03
 0.14170088221080E+03
 0.14170088216260E+03
 0.14170088215822E+03
 0.14170088216034E+03
 0.14170088217819E+03
 0.14170088218110E+03
 0.14170088218253E+03
 0.14170088218155E+03
 0.14170088221437E+03
 0.14170088221329E+03
 0.14170088221220E+03
 0.14170088217820E+03
 0.14170088220438E+03
 0.14170088220315E+03
 0.14170088220749E+03
 0.14170088220135E+03
 0.14170088219949E+03
 0.14170088219953E+03
 0.14170088219660E+03
 0.14170088218977E+03
 0.14170088215272E+03
 0.14170088213167E+03
 0.14170088213067E+03
 0.14170088212959E+03
 0.14170088213632E+03
 0.14170088213744E+03
 0.14170088213759E+03
 0.14170088213665E+03
 0.14170088213814E+03
 0.14170088212885E+03
 0.14170088214986E+03
 0.14170088213639E+03
 0.14170088214178E+03
 0.14170088214733E+03
 0.14170088215267E+03
 0.14170088215785E+03
 0.14170088216110E+03
 0.14170088216307E+03
 0.14170088216369E+03
 0.14170088214505E+03
 0.14170088213786E+03
 0.14170088212220E+03
 0.14170088211172E+03
 0.14170088211039E+03
 0.14170088211146E+03
 0.14170088211028E+03
 0.14170088210984E+03
 0.14170088210991E+03
 0.14170088211040E+03
 0.14170088212133E+03
 0.14170088212433E+03
 0.14170088212892E+03
 0.14170088213355E+03
 0.14170088213759E+03
 0.14170088214085E+03
 0.14170088216553E+03
 0.14170088217613E+03
 0.14170088217262E+03
 0.14170088215328E+03
 0.14170088217394E+03
 0.14170088217123E+03
 0.14170088216829E+03
 0.14170088216735E+03
 0.14170088216655E+03
 0.14170088216467E+03
 0.14170088216493E+03
 0.14170088216344E+03
 0.14170088216316E+03
 0.14170088216272E+03
 0.14170088212590E+03
 0.14170088210411E+03
 0.14170088210492E+03
 0.14170088210761E+03
 0.14170088211690E+03
 0.14170088212203E+03
 0.14170088212904E+03
 0.14170088213657E+03
 0.14170088216700E+03
 0.14170088217310E+03
 0.14170088216725E+03
 0.14170088216603E+03
 0.14170088216541E+03
 0.14170088216322E+03
 0.14170088216075E+03
 0.14170088213424E+03
 0.14170088214775E+03
 0.14170088214422E+03
 0.14170088210278E+03
 0.14170088210121E+03
 0.14170088210034E+03
 0.14170088209983E+03
 0.14170088209971E+03
 0.14170088210078E+03
 0.14170088210049E+03
 0.14170088210535E+03
 0.14170088210765E+03
 0.14170088211063E+03
 0.14170088211401E+03
 0.14170088211614E+03
 0.14170088211354E+03
 0.14170088211515E+03
 0.14170088210993E+03
 0.14170088211119E+03
 0.14170088210982E+03
 0.14170088210519E+03
 0.14170088210617E+03
 0.14170088210581E+03
 0.14170088210407E+03
 0.14170088210422E+03
 0.14170088210589E+03
 0.14170088210645E+03
 0.14170088210877E+03
 0.14170088211191E+03
 0.14170088211568E+03
 0.14170088211988E+03
 0.14170088212507E+03
 0.14170088214220E+03
 0.14170088215171E+03
 0.14170088216394E+03
 0.14170088217901E+03
 0.14170088217473E+03
 0.14170088217330E+03
 0.14170088217304E+03
 0.14170088217187E+03
 0.14170088216998E+03
 0.14170088213515E+03
 0.14170088214813E+03
 0.14170088215853E+03
 0.14170088215325E+03
 0.14170088214975E+03
 0.14170088211165E+03
 0.14170088211107E+03
 0.14170088211072E+03
 0.14170088211068E+03
 0.14170088211088E+03
 0.14170088211067E+03
 0.14170088211090E+03
 0.14170088211096E+03
 0.14170088211170E+03
 0.14170088217304E+03
 0.14170088217534E+03
 0.14170088211922E+03
 0.14170088211969E+03
 0.14170088211802E+03
 0.14170088216525E+03
 0.14170088211723E+03
 0.14170088211768E+03
 0.14170088211949E+03
 0.14170088211984E+03
 0.14170088212110E+03
 0.14170088212410E+03
 0.14170088213442E+03
 0.14170088214205E+03
 0.14170088215117E+03
 0.14170088216171E+03
 0.14170088217552E+03
 0.14170088219127E+03
 0.14170088218555E+03
 0.14170088218495E+03
 0.14170088218239E+03
 0.14170088214720E+03
 0.14170088216247E+03
 0.14170088216822E+03
 0.14170088216245E+03
 0.14170088212323E+03
 0.14170088212259E+03
 0.14170088212275E+03
 0.14170088212780E+03
 0.14170088213075E+03
 0.14170088213481E+03
 0.14170088213970E+03
 0.14170088214552E+03
 0.14170088215121E+03
 0.14170088215583E+03
 0.14170088216013E+03
 0.14170088216448E+03
 0.14170088216897E+03
 0.14170088217384E+03
 0.14170088217484E+03
 0.14170088216671E+03
 0.14170088215185E+03
 0.14170088215495E+03
 0.14170088215641E+03
 0.14170088216163E+03
 0.14170088216492E+03
 0.14170088216477E+03
 0.14170088216204E+03
 0.14170088215216E+03
 0.14170088214965E+03
 0.14170088215142E+03
 0.14170088215678E+03
 0.14170088216353E+03
 0.14170088217098E+03
 0.14170088218723E+03
 0.14170088219578E+03
 0.14170088219216E+03
 0.14170088218931E+03
 0.14170088218850E+03
 0.14170088218699E+03
 0.14170088218436E+03
 0.14170088217266E+03
 0.14170088216429E+03
 0.14170088212424E+03
 0.14170088212384E+03
 0.14170088212507E+03
 0.14170088213019E+03
 0.14170088213510E+03
 0.14170088214114E+03
 0.14170088214471E+03
 0.14170088214892E+03
 0.14170088215345E+03
 0.14170088215838E+03
 0.14170088216379E+03
 0.14170088216991E+03
 0.14170088217728E+03
 0.14170088218789E+03
 0.14170088219533E+03
 0.14170088219201E+03
 0.14170088218971E+03
 0.14170088218892E+03
 0.14170088215872E+03
 0.14170088215615E+03
 0.14170088215415E+03
 0.14170088215068E+03
 0.14170088214706E+03
 0.14170088211858E+03
 0.14170088213201E+03
 0.14170088212633E+03
 0.14170088208416E+03
 0.14170088208183E+03
 0.14170088208076E+03
 0.14170088208308E+03
 0.14170088208356E+03
 0.14170088207839E+03
 0.14170088207732E+03
 0.14170088207980E+03
 0.14170088208044E+03
 0.14170088208198E+03
 0.14170088208238E+03
 0.14170088208229E+03
 0.14170088208151E+03
 0.14170088208001E+03
 0.14170088208005E+03
 0.14170088207923E+03
 0.14170088207615E+03
 0.14170088207415E+03
 0.14170088207420E+03
 0.14170088207476E+03
 0.14170088207356E+03
 0.14170088207267E+03
 0.14170088207153E+03
 0.14170088207006E+03
 0.14170088206791E+03
 0.14170088206506E+03
 0.14170088206388E+03
 0.14170088204917E+03
 0.14170088204818E+03
 0.14170088205920E+03
 0.14170088206021E+03
 0.14170088206214E+03
 0.14170088206673E+03
 0.14170088207407E+03
 0.14170088207512E+03
 0.14170088205527E+03
 0.14170088203551E+03
 0.14170088201872E+03
 0.14170088200294E+03
 0.14170088198706E+03
 0.14170088197331E+03
 0.14170088195989E+03
 0.14170088194621E+03
 0.14170088190096E+03
 0.14170088190526E+03
 0.14170088189213E+03
 0.14170088184022E+03
 0.14170088182923E+03
 0.14170088182006E+03
 0.14170088181750E+03
 0.14170088181481E+03
 0.14170088181349E+03
 0.14170088181328E+03
 0.14170088181085E+03
 0.14170088180921E+03
 0.14170088180793E+03
 0.14170088180725E+03
 0.14170088180706E+03
 0.14170088180751E+03
 0.14170088180881E+03
 0.14170088181157E+03
 0.14170088181793E+03
 0.14170088179819E+03
 0.14170088180226E+03
 0.14170088181207E+03
 0.14170088180858E+03
 0.14170088179998E+03
 0.14170088179491E+03
 0.14170088179081E+03
 0.14170088178711E+03
 0.14170088178304E+03
 0.14170088177955E+03
 0.14170088177580E+03
 0.14170088177249E+03
 0.14170088176929E+03
 0.14170088176500E+03
 0.14170088176080E+03
 0.14170088175669E+03
 0.14170088172479E+03
 0.14170088173138E+03
 0.14170088173266E+03
 0.14170088173233E+03
 0.14170088173012E+03
 0.14170088172573E+03
 0.14170088171818E+03
 0.14170088170670E+03
 0.14170088173707E+03
 0.14170088173710E+03
 0.14170088173763E+03
 0.14170088173610E+03
 0.14170088173428E+03
 0.14170088173265E+03
 0.14170088173088E+03
 0.14170088172902E+03
 0.14170088172844E+03
 0.14170088172668E+03
 0.14170088172415E+03
 0.14170088172248E+03
 0.14170088172095E+03
 0.14170088171832E+03
 0.14170088171520E+03
 0.14170088167901E+03
 0.14170088169197E+03
 0.14170088168405E+03
 0.14170088169797E+03
 0.14170088169110E+03
 0.14170088164938E+03
 0.14170085212312E+03
 0.14170085212247E+03
 0.14170085212538E+03
 0.14170085212699E+03
 0.14170085212994E+03
 0.14170085213364E+03
 0.14170085213685E+03
 0.14170085213885E+03
 0.14170085189854E+03
 0.14170085188896E+03
 0.14170085188065E+03
 0.14170085187312E+03
 0.14170085186702E+03
 0.14170085186284E+03
 0.14170085186352E+03
 0.14170085185744E+03
 0.14170085184342E+03
 0.14170085183208E+03
 0.14170085182205E+03
 0.14170085181293E+03
 0.14170085180376E+03
 0.14170085179400E+03
 0.14170085178696E+03
 0.14170085177926E+03
 0.14170085177194E+03
 0.14170085176375E+03
 0.14170085175570E+03
 0.14170085171302E+03
 0.14170085171856E+03
 0.14170085172424E+03
 0.14170085171790E+03
 0.14170085170823E+03
 0.14170085166449E+03
 0.14170085165906E+03
 0.14170085165462E+03
 0.14170085165102E+03
 0.14170085165053E+03
 0.14170085164779E+03
 0.14170085164511E+03
 0.14170085164244E+03
 0.14170085164031E+03
 0.14170085163832E+03
 0.14170085163564E+03
 0.14170085163255E+03
 0.14170085162875E+03
 0.14170085162507E+03
 0.14170085161952E+03
 0.14170085161918E+03
 0.14170085166150E+03
 0.14170085166329E+03
 0.14170085166111E+03
 0.14170085165683E+03
 0.14170085163913E+03
 0.14170085167340E+03
 0.14170085167168E+03
 0.14170085166901E+03
 0.14170085163357E+03
 0.14170085164432E+03
 0.14170085165027E+03
 0.14170085164324E+03
 0.14170085160244E+03
 0.14170085160055E+03
 0.14170085159914E+03
 0.14170085159875E+03
 0.14170085160148E+03
 0.14170085160277E+03
 0.14170085160513E+03
 0.14170085160796E+03
 0.14170085161170E+03
 0.14170085161296E+03
 0.14170085161501E+03
 0.14170085161721E+03
 0.14170085161965E+03
 0.14170085162209E+03
 0.14170085162461E+03
 0.14170085162736E+03
 0.14170085145601E+03
 0.14170085145169E+03
 0.14170085144895E+03
 0.14170085145179E+03
 0.14170085144451E+03
 0.14170085143345E+03
 0.14170085142329E+03
 0.14170085141484E+03
 0.14170085140735E+03
 0.14170085140023E+03
 0.14170085139358E+03
 0.14170085138648E+03
 0.14170085138022E+03
 0.14170085137455E+03
 0.14170085136864E+03
 0.14170085136352E+03
 0.14170085135730E+03
 0.14170085135131E+03
 0.14170085134557E+03
 0.14170085131205E+03
 0.14170085131778E+03
 0.14170085132196E+03
 0.14170085131707E+03
 0.14170085131065E+03
 0.14170085130538E+03
 0.14170085126404E+03
 0.14170085126074E+03
 0.14170085125758E+03
 0.14170085125470E+03
 0.14170085125237E+03
 0.14170085125026E+03
 0.14170085124885E+03
 0.14170085128788E+03
 0.14170085128762E+03
 0.14170085127204E+03
 0.14170085126422E+03
 0.14170085129971E+03
 0.14170085130052E+03
 0.14170085130603E+03
 0.14170085130515E+03
 0.14170085130393E+03
 0.14170085130028E+03
 0.14170085129969E+03
 0.14170085129841E+03
 0.14170085129667E+03
 0.14170085129406E+03
 0.14170085129125E+03
 0.14170085125208E+03
 0.14170085126412E+03
 0.14170085127636E+03
 0.14170085127363E+03
 0.14170085123117E+03
 0.14170085122920E+03
 0.14170085122828E+03
 0.14170085122811E+03
 0.14170085123155E+03
 0.14170085123275E+03
 0.14170085123448E+03
 0.14170085123706E+03
 0.14170085109649E+03
 0.14170085109080E+03
 0.14170085108593E+03
 0.14170085108226E+03
 0.14170085107826E+03
 0.14170085107552E+03
 0.14170085107247E+03
 0.14170085107032E+03
 0.14170085106943E+03
 0.14170085106917E+03
 0.14170085107064E+03
 0.14170085107563E+03
 0.14170085107284E+03
 0.14170085106627E+03
 0.14170085105958E+03
 0.14170085105449E+03
 0.14170085105011E+03
 0.14170085104630E+03
 0.14170085104270E+03
 0.14170085103949E+03
 0.14170085103607E+03
 0.14170085103320E+03
 0.14170085102999E+03
 0.14170085102719E+03
 0.14170085102465E+03
 0.14170085102256E+03
 0.14170085102035E+03
 0.14170085101904E+03
 0.14170085101755E+03
 0.14170085101706E+03
 0.14170085101687E+03
 0.14170085101689E+03
 0.14170085101835E+03
 0.14170085102653E+03
 0.14170085102677E+03
 0.14170085101803E+03
 0.14170085101122E+03
 0.14170085099091E+03
 0.14170085098867E+03
 0.14170085099970E+03
 0.14170085100122E+03
 0.14170085099956E+03
 0.14170085100454E+03
 0.14170085101105E+03
 0.14170085101833E+03
 0.14170085102760E+03
 0.14170085103540E+03
 0.14170085103606E+03
 0.14170085103436E+03
 0.14170085103328E+03
 0.14170085103362E+03
 0.14170085103516E+03
 0.14170085103491E+03
 0.14170085103428E+03
 0.14170085103333E+03
 0.14170085103331E+03
 0.14170085103332E+03
 0.14170085088919E+03
 0.14170085087983E+03
 0.14170085087233E+03
 0.14170085083559E+03
 0.14170085084126E+03
 0.14170085084128E+03
 0.14170085083088E+03
 0.14170085078670E+03
 0.14170085078039E+03
 0.14170085077590E+03
 0.14170085077531E+03
 0.14170085077302E+03
 0.14170085077063E+03
 0.14170085077030E+03
 0.14170085077068E+03
 0.14170085077167E+03
 0.14170085077299E+03
 0.14170085077259E+03
 0.14170085077230E+03
 0.14170085077289E+03
 0.14170085077387E+03
 0.14170085077464E+03
 0.14170085077597E+03
 0.14170085077690E+03
 0.14170085077689E+03
 0.14170085077780E+03
 0.14170085077831E+03
 0.14170085077934E+03
 0.14170085078065E+03
 0.14170085078242E+03
 0.14170085078570E+03
 0.14170085079084E+03
 0.14170085079776E+03
 0.14170085079000E+03
 0.14170085078365E+03
 0.14170085078261E+03
 0.14170085077640E+03
 0.14170085080825E+03
 0.14170085080771E+03
 0.14170085080693E+03
 0.14170085080639E+03
 0.14170085077197E+03
 0.14170085073374E+03
 0.14170085074428E+03
 0.14170085075007E+03
 0.14170085075524E+03
 0.14170085076083E+03
 0.14170085075803E+03
 0.14170085076412E+03
 0.14170085076991E+03
 0.14170085077516E+03
 0.14170085078202E+03
 0.14170085078921E+03
 0.14170085079627E+03
 0.14170085067868E+03
 0.14170085068166E+03
 0.14170085068546E+03
 0.14170085069298E+03
 0.14170085069601E+03
 0.14170085069494E+03
 0.14170085069101E+03
 0.14170085069024E+03
 0.14170085069175E+03
 0.14170085069565E+03
 0.14170085075699E+03
 0.14170085074700E+03
 0.14170085074001E+03
 0.14170085073459E+03
 0.14170085072868E+03
 0.14170085072027E+03
 0.14170085071414E+03
 0.14170085067452E+03
 0.14170085068385E+03
 0.14170085068891E+03
 0.14170085067939E+03
 0.14170085063472E+03
 0.14170085063177E+03
 0.14170085062840E+03
 0.14170085063046E+03
 0.14170085062928E+03
 0.14170085063105E+03
 0.14170085063435E+03
 0.14170085063750E+03
 0.14170085064191E+03
 0.14170085064524E+03
 0.14170085065423E+03
 0.14170085066751E+03
 0.14170085068593E+03
 0.14170085065759E+03
 0.14170085065969E+03
 0.14170085067168E+03
 0.14170085066516E+03
 0.14170085068149E+03
 0.14170085068085E+03
 0.14170085068360E+03
 0.14170085073141E+03
 0.14170085063349E+03
 0.14170085061439E+03
 0.14170085061072E+03
 0.14170085061318E+03
 0.14170085064675E+03
 0.14170085061153E+03
 0.14170085067375E+03
 0.14170085069815E+03
 0.14170085063446E+03
 0.14170085064680E+03
 0.14170085066842E+03
 0.14170085069408E+03
 0.14170085071947E+03
 0.14170085070511E+03
 0.14170085081307E+03
 0.14170085078531E+03
 0.14170085075784E+03
 0.14170085073526E+03
 0.14170085071876E+03
 0.14170085070936E+03
 0.14170085069000E+03
 0.14170085066603E+03
 0.14170085066447E+03
 0.14170085063591E+03
 0.14170085063461E+03
 0.14170085063004E+03
 0.14170085062962E+03
 0.14170085063720E+03
 0.14170085064433E+03
 0.14170085065182E+03
 0.14170085065853E+03
 0.14170085066456E+03
 0.14170085067180E+03
 0.14170085068031E+03
 0.14170085068417E+03
 0.14170085069073E+03
 0.14170085065964E+03
 0.14170085066955E+03
 0.14170085056406E+03
 0.14170085056841E+03
 0.14170085057584E+03
 0.14170085057994E+03
 0.14170085058963E+03
 0.14170085057884E+03
 0.14170085058735E+03
 0.14170085059511E+03
 0.14170085060337E+03
 0.14170085061333E+03
 0.14170085068633E+03
 0.14170085068720E+03
 0.14170085069422E+03
 0.14170085070991E+03
 0.14170085073364E+03
 0.14170085076337E+03
 0.14170085081280E+03
 0.14170085093571E+03
 0.14170085092078E+03
 0.14170085079353E+03
 0.14170085080825E+03
 0.14170085071537E+03
 0.14170085071405E+03
 0.14170085072235E+03
 0.14170085074689E+03
 0.14170085075224E+03
 0.14170085076515E+03
 0.14170085072806E+03
 0.14170085067928E+03
 0.14170085068277E+03
 0.14170085067882E+03
 0.14170085074307E+03
 0.14170085075067E+03
 0.14170085071020E+03
 0.14170085071754E+03
 0.14170085072370E+03
 0.14170085073407E+03
 0.14170085074277E+03
 0.14170085075500E+03
 0.14170085076438E+03
 0.14170085077515E+03
 0.14170085078791E+03
 0.14170085079796E+03
 0.14170085096910E+03
 0.14170085099400E+03
 0.14170085102155E+03
 0.14170085105037E+03
 0.14170085107965E+03
 0.14170085110966E+03
 0.14170085179092E+03
 0.14170085175949E+03
 0.14170085173189E+03
 0.14170085170777E+03
 0.14170085168467E+03
 0.14170085153405E+03
 0.14170085151138E+03
 0.14170085149125E+03
 0.14170085147526E+03
 0.14170085142198E+03
 0.14170085141357E+03
 0.14170085140634E+03
 0.14170085140272E+03
 0.14170085140039E+03
 0.14170085140160E+03
 0.14170085160064E+03
 0.14170085161227E+03
 0.14170085163031E+03
 0.14170085168565E+03
 0.14170085171924E+03
 0.14170085176192E+03
 0.14170085182366E+03
 0.14170085190785E+03
 0.14170085126218E+03
 0.14170085126816E+03
 0.14170085118456E+03
 0.14170085116065E+03
 0.14170085112410E+03
 0.14170085108227E+03
 0.14170085122162E+03
 0.14170085137427E+03
 0.14170085119855E+03
 0.14170085115755E+03
 0.14170085110598E+03
 0.14170085104631E+03
 0.14170085101611E+03
 0.14170085098725E+03
 0.14170085105120E+03
 0.14170085109748E+03
 0.14170085104227E+03
 0.14170085105774E+03
 0.14170085106891E+03
 0.14170085108825E+03
 0.14170085102991E+03
 0.14170085105080E+03
 0.14170085104108E+03
 0.14170085105504E+03
 0.14170085105683E+03
 0.14170085106131E+03
 0.14170085106761E+03
 0.14170085106977E+03
 0.14170085107479E+03
 0.14170085108245E+03
 0.14170085108140E+03
 0.14170085109572E+03
 0.14170085110351E+03
 0.14170085110913E+03
 0.14170085111825E+03
 0.14170085112684E+03
 0.14170085113230E+03
 0.14170085114240E+03
 0.14170085115286E+03
 0.14170085116563E+03
 0.14170085117560E+03
 0.14170085119086E+03
 0.14170085120527E+03
 0.14170085122689E+03
 0.14170085124716E+03
 0.14170085127019E+03
 0.14170085129229E+03
 0.14170085130669E+03
 0.14170085132105E+03
 0.14170085133670E+03
 0.14170085135120E+03
 0.14170085136374E+03
 0.14170085137579E+03
 0.14170085138595E+03
 0.14170085139149E+03
 0.14170085139337E+03
 0.14170085128007E+03
 0.14170085127251E+03
 0.14170085116149E+03
 0.14170085115874E+03
 0.14170085115836E+03
 0.14170085181551E+03
 0.14170085179678E+03
 0.14170085178101E+03
 0.14170085131136E+03
 0.14170085109455E+03
 0.14170085109837E+03
 0.14170085109022E+03
 0.14170085108847E+03
 0.14170085108865E+03
 0.14170085108278E+03
 0.14170085108669E+03
 0.14170085123170E+03
 0.14170085126171E+03
 0.14170085126145E+03
 0.14170085126435E+03
 0.14170085126948E+03
 0.14170085124572E+03
 0.14170085120820E+03
 0.14170085121904E+03
 0.14170085121641E+03
 0.14170085121578E+03
 0.14170085122464E+03
 0.14170085121317E+03
 0.14170085121014E+03
 0.14170085120387E+03
 0.14170085120675E+03
 0.14170085120339E+03
 0.14170085120198E+03
 0.14170085120265E+03
 0.14170085120606E+03
 0.14170085120936E+03
 0.14170085120990E+03
 0.14170085121840E+03
 0.14170085122047E+03
 0.14170085122302E+03
 0.14170085123608E+03
 0.14170085124522E+03
 0.14170085125510E+03
 0.14170085125516E+03
 0.14170085126400E+03
 0.14170085126421E+03
 0.14170085126800E+03
 0.14170085127840E+03
 0.14170085128293E+03
 0.14170085129050E+03
 0.14170085130127E+03
 0.14170085131391E+03
 0.14170085132265E+03
 0.14170085133713E+03
 0.14170085135431E+03
 0.14170085136516E+03
 0.14170085137888E+03
 0.14170087121069E+03
 0.14170087122873E+03
 0.14170087123959E+03
 0.14170087176278E+03
 0.14170087172548E+03
 0.14170087169308E+03
 0.14170087166098E+03
 0.14170087163314E+03
 0.14170087157413E+03
 0.14170087154424E+03
 0.14170087153583E+03
 0.14170087153544E+03
 0.14170087109905E+03
 0.14170087107486E+03
 0.14170087105091E+03
 0.14170087102528E+03
 0.14170087099894E+03
 0.14170087098573E+03
 0.14170087098428E+03
 0.14170087098473E+03
 0.14170087100564E+03
 0.14170087107790E+03
 0.14170087107275E+03
 0.14170087107260E+03
 0.14170087107166E+03
 0.14170087107474E+03
 0.14170087108084E+03
 0.14170087104736E+03
 0.14170087105534E+03
 0.14170087105054E+03
 0.14170087105398E+03
 0.14170087104437E+03
 0.14170087104993E+03
 0.14170087105171E+03
 0.14170087104880E+03
 0.14170087104966E+03
 0.14170087105187E+03
 0.14170087105841E+03
 0.14170087106113E+03
 0.14170087106570E+03
 0.14170087107538E+03
 0.14170087107963E+03
 0.14170087108852E+03
 0.14170087109942E+03
 0.14170087111039E+03
 0.14170087110726E+03
 0.14170087111181E+03
 0.14170087111968E+03
 0.14170087113107E+03
 0.14170087113445E+03
 0.14170087114628E+03
 0.14170087116850E+03
 0.14170087118647E+03
 0.14170087120670E+03
 0.14170087122951E+03
 0.14170087124763E+03
 0.14170087126042E+03
 0.14170087123252E+03
 0.14170087127076E+03
 0.14170087184548E+03
 0.14170087179520E+03
 0.14170087175592E+03
 0.14170087173392E+03
 0.14170087170449E+03
 0.14170087169415E+03
 0.14170087165068E+03
 0.14170087162922E+03
 0.14170087160880E+03
 0.14170087159376E+03
 0.14170087158783E+03
 0.14170087157049E+03
 0.14170087184697E+03
 0.14170087184977E+03
 0.14170087184809E+03
 0.14170087126538E+03
 0.14170087125296E+03
 0.14170087122745E+03
 0.14170087123360E+03
 0.14170087122123E+03
 0.14170087118397E+03
 0.14170087115555E+03
 0.14170087111881E+03
 0.14170087110209E+03
 0.14170087110175E+03
 0.14170087113175E+03
 0.14170087113827E+03
 0.14170087113514E+03
 0.14170087190935E+03
 0.14170087126604E+03
 0.14170087125527E+03
 0.14170087121104E+03
 0.14170087118831E+03
 0.14170087119450E+03
 0.14170087115807E+03
 0.14170087113093E+03
 0.14170087112017E+03
 0.14170087112907E+03
 0.14170087112618E+03
 0.14170087115864E+03
 0.14170087117295E+03
 0.14170087117256E+03
 0.14170087117600E+03
 0.14170087118170E+03
 0.14170087118232E+03
 0.14170087119296E+03
 0.14170087120091E+03
 0.14170087121609E+03
 0.14170087122730E+03
 0.14170087124977E+03
 0.14170087127506E+03
 0.14170087128723E+03
 0.14170087131726E+03
 0.14170087128872E+03
 0.14170087129692E+03
 0.14170087133479E+03
 0.14170087189502E+03
 0.14170087187269E+03
 0.14170087182240E+03
 0.14170087176576E+03
 0.14170087170930E+03
 0.14170087167303E+03
 0.14170087163281E+03
 0.14170087163241E+03
 0.14170087158619E+03
 0.14170087156719E+03
 0.14170087151196E+03
 0.14170087151566E+03
 0.14170087149244E+03
 0.14170087147833E+03
 0.14170087148199E+03
 0.14170087146964E+03
 0.14170087161054E+03
 0.14170087160327E+03
 0.14170087160021E+03
 0.14170087160198E+03
 0.14170087159461E+03
 0.14170087159438E+03
 0.14170087161176E+03
 0.14170087160963E+03
 0.14170087163454E+03
 0.14170087164641E+03
 0.14170087169186E+03
 0.14170087173215E+03
 0.14170087182689E+03
 0.14170087189418E+03
 0.14170087133921E+03
 0.14170087128181E+03
 0.14170087123044E+03
 0.14170087151492E+03
 0.14170087155608E+03
 0.14170087164727E+03
 0.14170087173663E+03
 0.14170087186431E+03
 0.14170087203409E+03
 0.14170087140799E+03
 0.14170087137585E+03
 0.14170087122600E+03
 0.14170087122213E+03
 0.14170087123545E+03
 0.14170087123540E+03
 0.14170087123453E+03
 0.14170087124415E+03
 0.14170087124322E+03
 0.14170087125155E+03
 0.14170087124627E+03
 0.14170087125068E+03
 0.14170087127093E+03
 0.14170087119376E+03
 0.14170087121793E+03
 0.14170087125632E+03
 0.14170087128115E+03
 0.14170087129076E+03
 0.14170087132911E+03
 0.14170087135753E+03
 0.14170087136385E+03
 0.14170087196321E+03
 0.14170087194133E+03
 0.14170087187948E+03
 0.14170087185093E+03
 0.14170087180385E+03
 0.14170087175121E+03
 0.14170087171421E+03
 0.14170087169157E+03
 0.14170087165055E+03
 0.14170087160111E+03
 0.14170087157174E+03
 0.14170087154741E+03
 0.14170087154289E+03
 0.14170087152755E+03
 0.14170087150605E+03
 0.14170087135327E+03
 0.14170087133654E+03
 0.14170087139315E+03
 0.14170087138850E+03
 0.14170087138418E+03
 0.14170087140026E+03
 0.14170087137062E+03
 0.14170087137689E+03
 0.14170087136057E+03
 0.14170087138037E+03
 0.14170087136480E+03
 0.14170087138123E+03
 0.14170087138518E+03
 0.14170087138263E+03
 0.14170087141231E+03
 0.14170087144797E+03
 0.14170087151643E+03
 0.14170087156896E+03
 0.14170087167859E+03
 0.14170087178745E+03
 0.14170087133371E+03
 0.14170087136545E+03
 0.14170087136783E+03
 0.14170087141524E+03
 0.14170087144227E+03
 0.14170087147908E+03
 0.14170087159462E+03
 0.14170087166234E+03
 0.14170087176212E+03
 0.14170087154841E+03
 0.14170087130198E+03
 0.14170087129858E+03
 0.14170087130209E+03
 0.14170087130527E+03
 0.14170087140815E+03
 0.14170087144267E+03
 0.14170087146072E+03
 0.14170087138728E+03
 0.14170087138550E+03
 0.14170087138466E+03
 0.14170087141573E+03
 0.14170087139577E+03
 0.14170087141986E+03
 0.14170087143018E+03
 0.14170087144332E+03
 0.14170087201086E+03
 0.14170087197576E+03
 0.14170087195028E+03
 0.14170087192641E+03
 0.14170087160531E+03
 0.14170087158865E+03
 0.14170087154606E+03
 0.14170087152396E+03
 0.14170087145874E+03
 0.14170087147794E+03
 0.14170087144897E+03
 0.14170087144160E+03
 0.14170087139025E+03
 0.14170087140621E+03
 0.14170087138047E+03
 0.14170087136067E+03
 0.14170087134908E+03
 0.14170087135418E+03
 0.14170087132373E+03
 0.14170087133755E+03
 0.14170087140923E+03
 0.14170087137777E+03
 0.14170087131318E+03
 0.14170087130522E+03
 0.14170087130923E+03
 0.14170087132854E+03
 0.14170087130971E+03
 0.14170087130665E+03
 0.14170087131587E+03
 0.14170087133017E+03
 0.14170087131399E+03
 0.14170087130434E+03
 0.14170087132693E+03
 0.14170087134397E+03
 0.14170087134321E+03
 0.14170087136422E+03
 0.14170087137786E+03
 0.14170087141762E+03
 0.14170087129596E+03
 0.14170087130731E+03
 0.14170087132756E+03
 0.14170087133195E+03
 0.14170087133137E+03
 0.14170087135183E+03
 0.14170087134079E+03
 0.14170087136166E+03
 0.14170087124470E+03
 0.14170087127340E+03
 0.14170087124638E+03
 0.14170087125557E+03
 0.14170087127904E+03
 0.14170087128180E+03
 0.14170087126409E+03
 0.14170087125480E+03
 0.14170087128548E+03
 0.14170087124354E+03
 0.14170087134497E+03
 0.14170087133913E+03
 0.14170087138154E+03
 0.14170087139086E+03
 0.14170087150114E+03
 0.14170087148347E+03
 0.14170087159932E+03
 0.14170087160685E+03
 0.14170087156897E+03
 0.14170087156298E+03
 0.14170087155385E+03
 0.14170087153162E+03
 0.14170087152389E+03
 0.14170087151127E+03
 0.14170087150934E+03
 0.14170087146471E+03
 0.14170087149497E+03
 0.14170087144998E+03
 0.14170087146499E+03
 0.14170087140140E+03
 0.14170087136299E+03
 0.14170087136421E+03
 0.14170087136036E+03
 0.14170087138731E+03
 0.14170087134572E+03
 0.14170087136989E+03
 0.14170087134214E+03
 0.14170087136760E+03
 0.14170087137010E+03
 0.14170087135991E+03
 0.14170087136884E+03
 0.14170087136092E+03
 0.14170087138413E+03
 0.14170087136453E+03
 0.14170087136567E+03
 0.14170087138505E+03
 0.14170087134631E+03
 0.14170087135988E+03
 0.14170087137102E+03
 0.14170087133466E+03
 0.14170087138903E+03
 0.14170087140959E+03
 0.14170087136713E+03
 0.14170087135040E+03
 0.14170087136575E+03
 0.14170087140239E+03
 0.14170087144962E+03
 0.14170087140834E+03
 0.14170087140706E+03
 0.14170087134899E+03
 0.14170087131748E+03
 0.14170087126961E+03
 0.14170087134284E+03
 0.14170087129690E+03
 0.14170087129006E+03
 0.14170087132014E+03
 0.14170087139100E+03
 0.14170087137874E+03
 0.14170087137528E+03
 0.14170087143171E+03
 0.14170087137700E+03
 0.14170087136402E+03
 0.14170087135212E+03
 0.14170087132176E+03
 0.14170087131502E+03
 0.14170087136315E+03
 0.14170087136395E+03
 0.14170087129935E+03
 0.14170087137588E+03
 0.14170087134244E+03
 0.14170087138024E+03
 0.14170087132650E+03
 0.14170087133565E+03
 0.14170087129039E+03
 0.14170087142101E+03
 0.14170087139092E+03
 0.14170087141630E+03
 0.14170087144714E+03
 0.14170087144207E+03
 0.14170087140357E+03
 0.14170087137481E+03
 0.14170087140562E+03
 0.14170087137862E+03
 0.14170087140718E+03
 0.14170087138547E+03
 0.14170087139168E+03
 0.14170087138166E+03
 0.14170087140162E+03
 0.14170087139699E+03
 0.14170087141352E+03
 0.14170087143459E+03
 0.14170087141011E+03
 0.14170087142171E+03
 0.14170087140347E+03
 0.14170087142078E+03
 0.14170087140900E+03
 0.14170087141429E+03
 0.14170087144635E+03
 0.14170087143892E+03
 0.14170087143918E+03
 0.14170087147738E+03
 0.14170087142556E+03
 0.14170087147048E+03
 0.14170087144341E+03
 0.14170087144451E+03
 0.14170087144455E+03
 0.14170087145178E+03
 0.14170087144516E+03
 0.14170087140753E+03
 0.14170087143484E+03
 0.14170087146371E+03
 0.14170087145025E+03
 0.14170087146586E+03
 0.14170087141340E+03
 0.14170087144328E+03
 0.14170087152689E+03
 0.14170087148882E+03
 0.14170070741878E+03
 0.14170070759038E+03
 0.14170071158219E+03
 0.14170072295301E+03
 0.14170076014595E+03
 0.14170075919672E+03
 0.14170074635043E+03
 0.14170079642606E+03
 0.14170077570232E+03
 0.14170074089870E+03
 0.14170075348555E+03
 0.14170076326109E+03
 0.14170075007785E+03
 0.14170075615734E+03
 0.14170075916481E+03
 0.14170073756827E+03
 0.14170076358328E+03
 0.14170075515106E+03
 0.14170076576213E+03
 0.14170076273829E+03
 0.14170075383347E+03
 0.14170076800550E+03
 0.14170075650475E+03
 0.14170076212171E+03
 0.14170077042510E+03
 0.14170077182923E+03
 0.14170076861466E+03
 0.14170077007502E+03
 0.14170077108068E+03
 0.14170072595803E+03
 0.14170073007683E+03
 0.14170073007683E+03
 0.14170073007683E+03
 0.14170073007683E+03
 0.14170073007683E+03
 0.14170073003311E+03
 0.14170072997825E+03
 0.14170072921622E+03
 0.14170072897736E+03
 0.14170072885755E+03
 0.14170072881029E+03
 0.14170072875628E+03
 0.14170072873040E+03
 0.14170072865933E+03
 0.14170072860213E+03
 0.14170072856635E+03
 0.14170072852682E+03
 0.14170072849856E+03
 0.14170072846839E+03
 0.14170072847293E+03
 0.14170072844402E+03
 0.14170072846276E+03
 0.14170072848815E+03
 0.14170072850138E+03
 0.14170072852726E+03
 0.14170072859251E+03
 0.14170072861757E+03
 0.14170072871606E+03
 0.14170072878353E+03
 0.14170072890682E+03
 0.14170072894633E+03
 0.14170072913823E+03
 0.14170072915809E+03
 0.14170072938988E+03
 0.14170072942468E+03
 0.14170072945765E+03
 0.14170072952993E+03
 0.14170072960231E+03
 0.14170072962794E+03
 0.14170072962721E+03
 0.14170072967368E+03
 0.14170072972829E+03
 0.14170072980842E+03
 0.14170072981655E+03
 0.14170072987196E+03
 0.14170072988318E+03
 0.14170072991215E+03
 0.14170072995569E+03
 0.14170073000130E+03
 0.14170073001507E+03
 0.14170073007345E+03
 0.14170073011865E+03
 0.14170073015032E+03
 0.14170073021495E+03
 0.14170073022600E+03
 0.14170073027972E+03
 0.14170073030464E+03
 0.14170073029540E+03
 0.14170073034966E+03
 0.14170073036751E+03
 0.14170073037905E+03
 0.14170073034662E+03
 0.14170073038171E+03
 0.14170073028574E+03
 0.14170073036813E+03
 0.14170073030819E+03
 0.14170073036450E+03
 0.14170073027362E+03
 0.14170073027253E+03
 0.14170073030118E+03
 0.14170073024512E+03
 0.14170073014478E+03
 0.14170073001399E+03
 0.14170072995524E+03
 0.14170072985419E+03
 0.14170072982149E+03
 0.14170072983795E+03
 0.14170072977002E+03
 0.14170072982367E+03
 0.14170072978457E+03
 0.14170072950165E+03
 0.14170072938569E+03
 0.14170072934724E+03
 0.14170072927658E+03
 0.14170072925390E+03
 0.14170072929794E+03
 0.14170072924220E+03
 0.14170072898783E+03
 0.14170072899842E+03
 0.14170072896336E+03
 0.14170072893817E+03
 0.14170072893616E+03
 0.14170072893316E+03
 0.14170072871442E+03
 0.14170072862537E+03
 0.14170072864117E+03
 0.14170072856411E+03
 0.14170072855435E+03
 0.14170072845225E+03
 0.14170072834302E+03
 0.14170072831946E+03
 0.14170072834108E+03
 0.14170072833819E+03
 0.14170072828432E+03
 0.14170072810857E+03
 0.14170072810079E+03
 0.14170072804339E+03
 0.14170072800568E+03
 0.14170072801478E+03
 0.14170072787795E+03
 0.14170072785129E+03
 0.14170072780111E+03
 0.14170072775909E+03
 0.14170072781844E+03
 0.14170072761429E+03
 0.14170072759096E+03
 0.14170072759146E+03
 0.14170072759694E+03
 0.14170072755207E+03
 0.14170072762112E+03
 0.14170072743834E+03
 0.14170072744704E+03
 0.14170072744443E+03
 0.14170072743784E+03
 0.14170072746915E+03
 0.14170072738076E+03
 0.14170072740826E+03
 0.14170072732183E+03
 0.14170072742675E+03
 0.14170072739654E+03
 0.14170072725717E+03
 0.14170072724316E+03
 0.14170072747760E+03
 0.14170072750382E+03
 0.14170072820106E+03
 0.14170072800619E+03
 0.14170072772189E+03
 0.14170072808868E+03
 0.14170072795910E+03
 0.14170072800358E+03
 0.14170072859833E+03
 0.14170072809854E+03
 0.14170072800934E+03
 0.14170072794458E+03
 0.14170072828719E+03
 0.14170072845196E+03
 0.14170072863844E+03
 0.14170072816456E+03
 0.14170072866139E+03
 0.14170072821884E+03
 0.14170072825212E+03
 0.14170072842108E+03
 0.14170072848926E+03
 0.14170072824056E+03
 0.14170072825500E+03
 0.14170072824308E+03
 0.14170072903240E+03
 0.14170072875911E+03
 0.14170072838849E+03
 0.14170072834222E+03
 0.14170072824836E+03
 0.14170072843973E+03
 0.14170072830530E+03
 0.14170072862170E+03
 0.14170072856362E+03
 0.14170072837676E+03
 0.14170072848527E+03
 0.14170072834826E+03
 0.14170072911396E+03
 0.14170072879203E+03
 0.14170072860292E+03
