-0.83146979630043E+09
-0.83147258250565E+09
-0.83147949385078E+09
-0.83149020197603E+09
-0.83150458306842E+09
-0.83152249547501E+09
-0.83154367317032E+09
-0.83156817496387E+09
-0.83159530334912E+09
-0.83162669002806E+09
-0.83166064070531E+09
-0.83169738046363E+09
-0.83173682615720E+09
-0.83177921154969E+09
-0.83182432117155E+09
-0.83187195978321E+09
-0.83192218210206E+09
-0.83197479805583E+09
-0.83202957084898E+09
-0.83208687708421E+09
-0.83214601751570E+09
-0.83220754870837E+09
-0.83227223533165E+09
-0.83233428302440E+09
-0.83237646696740E+09
-0.83252831050697E+09
-0.83260381181146E+09
-0.83255610289403E+09
-0.83274490247195E+09
-0.83273150572659E+09
-0.83279716728746E+09
-0.83283088409248E+09
-0.83288771478106E+09
-0.83295400997973E+09
-0.83302814576619E+09
-0.83311078783378E+09
-0.83320609850474E+09
-0.83332962708280E+09
-0.83336366793827E+09
-0.83346935631458E+09
-0.83356630659434E+09
-0.83368093637599E+09
-0.83372553686866E+09
-0.83383212176643E+09
-0.83395312105417E+09
-0.83404800672316E+09
-0.83401037346272E+09
-0.83424313869149E+09
-0.83433633269926E+09
-0.83437281349837E+09
-0.83457914004800E+09
-0.83468427355765E+09
-0.83464647695333E+09
-0.83482411324929E+09
-0.83494910925376E+09
-0.83503970280598E+09
-0.83503068950725E+09
-0.83508358345660E+09
-0.83526662052160E+09
-0.83545245681741E+09
-0.83557947803820E+09
-0.83556180891881E+09
-0.83573295528831E+09
-0.83588791533443E+09
-0.83593809010600E+09
-0.83604231636060E+09
-0.83618990517761E+09
-0.83629275083423E+09
-0.83643937608448E+09
-0.83647602517577E+09
-0.83673409981417E+09
-0.83685988530651E+09
-0.83695910859438E+09
-0.83703873495573E+09
-0.83722525461919E+09
-0.83728623014639E+09
-0.83747933352750E+09
-0.83765757497308E+09
-0.83775540627411E+09
-0.83786424913493E+09
-0.83808243261818E+09
-0.83815584649898E+09
-0.83827166909707E+09
-0.83843334170044E+09
-0.83872255591911E+09
-0.83878418643629E+09
-0.83901567203167E+09
-0.83902134876287E+09
-0.83918794603506E+09
-0.83930335943666E+09
-0.83939617655429E+09
-0.83965508255076E+09
-0.83975949159875E+09
-0.83987611845351E+09
-0.84004039308370E+09
-0.84018626563290E+09
-0.84048446724777E+09
-0.84051801201686E+09
-0.84059614271572E+09
-0.84094246505578E+09
-0.84095924067353E+09
-0.84099535802945E+09
-0.84113308643838E+09
-0.84140967248736E+09
-0.84151123044073E+09
-0.84167315440532E+09
-0.84192544221988E+09
-0.84195804379510E+09
-0.84210181383934E+09
-0.84232070541887E+09
-0.84245249840006E+09
-0.84255474103679E+09
-0.84273249497410E+09
-0.84281583342765E+09
-0.84315506498780E+09
-0.84318977708631E+09
-0.84336749280179E+09
-0.84337851394508E+09
-0.84367316236070E+09
-0.84378918370887E+09
-0.84390056955365E+09
-0.84407082481008E+09
-0.84422103506464E+09
-0.84449322273791E+09
-0.84455723528177E+09
-0.84469816719702E+09
-0.84467595573823E+09
-0.84490924136682E+09
-0.84510465958305E+09
-0.84533720283536E+09
-0.84545997767240E+09
-0.84546971807514E+09
-0.84577919470523E+09
-0.84589156134517E+09
-0.84588419170641E+09
-0.84612916717947E+09
-0.84638016430830E+09
-0.84643259567122E+09
-0.84662652793698E+09
-0.84661795589693E+09
-0.84674385349993E+09
-0.84708485609633E+09
-0.84721611143754E+09
-0.84753258293168E+09
-0.84745551090900E+09
-0.84768137361894E+09
-0.84788186168550E+09
-0.84799104215681E+09
-0.84816055633563E+09
-0.84822114501134E+09
-0.84850105738187E+09
-0.84866278499426E+09
-0.84864688161862E+09
-0.84878778949871E+09
-0.84894893073246E+09
-0.84898528242976E+09
-0.84937745835065E+09
-0.84950666002406E+09
-0.84986447092789E+09
-0.84980064404531E+09
-0.85011481162291E+09
-0.85025183285919E+09
-0.85029874750984E+09
-0.85029531381913E+09
-0.85082834345347E+09
-0.85082273458111E+09
-0.85091834865143E+09
-0.85109003607941E+09
-0.85133525038212E+09
-0.85154658966890E+09
-0.85142818842722E+09
-0.85191200939870E+09
-0.85187924025792E+09
-0.85214413700328E+09
-0.85233980842807E+09
-0.85252766381862E+09
-0.85268953159021E+09
-0.85275262594578E+09
-0.85287046978354E+09
-0.85325711431400E+09
-0.85334354321113E+09
-0.85349497399187E+09
-0.85378637075310E+09
-0.85399644963825E+09
-0.85412962061595E+09
-0.85430057113544E+09
-0.85445587987358E+09
-0.85463441914809E+09
-0.85478534910822E+09
-0.85481462395248E+09
-0.85511873950825E+09
-0.85544929843318E+09
-0.85554528244800E+09
-0.85570065604740E+09
-0.85579311229144E+09
-0.85610928474628E+09
-0.85632107711984E+09
-0.85649725694047E+09
-0.85686616118514E+09
-0.85691095282314E+09
-0.85708982270923E+09
