 0.49124690234146E+07
 0.49124690234146E+07
 0.49124690234146E+07
 0.49124690234146E+07
 0.49124690234146E+07
 0.49124690255769E+07
 0.49124690207348E+07
 0.49124690225159E+07
 0.49124690234146E+07
 0.49124690234146E+07
 0.49124690234146E+07
 0.49124690234146E+07
 0.49124690234146E+07
 0.49124690234146E+07
 0.49124690234146E+07
 0.49124690234146E+07
 0.49124690234146E+07
 0.49124690234146E+07
 0.49124690234146E+07
 0.49124690234146E+07
 0.49124690234146E+07
 0.49124690234146E+07
 0.49124690234146E+07
 0.49124690234146E+07
 0.49124690234146E+07
 0.49124690234146E+07
 0.49124690234146E+07
 0.49124690234146E+07
 0.49124690234146E+07
 0.49124690234146E+07
 0.49124690234146E+07
 0.49124690234146E+07
 0.49124690234146E+07
 0.49124690234146E+07
 0.49124690234146E+07
 0.49124690234146E+07
 0.49124690234146E+07
 0.49124690234146E+07
 0.49124690234146E+07
 0.49124690234146E+07
 0.49124690234146E+07
 0.49124690234146E+07
 0.49124690234146E+07
 0.49124690234146E+07
 0.49124690234146E+07
 0.49124690234146E+07
 0.49124690234146E+07
 0.49124690234146E+07
 0.49124690234146E+07
 0.49124690234146E+07
 0.49124690234146E+07
 0.49124690234146E+07
 0.49124690234146E+07
 0.49124690234146E+07
 0.49124690234146E+07
 0.49124690234146E+07
 0.49124690234146E+07
 0.49124690234146E+07
 0.49124690234146E+07
 0.49124690234146E+07
 0.49124690234146E+07
 0.49124690234146E+07
 0.49124690234146E+07
 0.49124690234146E+07
 0.49124690234146E+07
 0.49124690234146E+07
 0.49124690234146E+07
 0.49124690234146E+07
 0.49124690234146E+07
 0.49124690234146E+07
 0.49124690234146E+07
 0.49124690234146E+07
 0.49124690234146E+07
 0.49124690234146E+07
 0.49124690234146E+07
 0.49124690234146E+07
 0.49124690234146E+07
 0.49124690234146E+07
 0.49124690234146E+07
 0.49124690234146E+07
 0.49124690234146E+07
 0.49124690234146E+07
 0.49124690234146E+07
 0.49124690234146E+07
 0.49124690234146E+07
 0.49124690234146E+07
 0.49124690234146E+07
 0.49124690234146E+07
 0.49124690234146E+07
 0.49124690234146E+07
 0.49124690234146E+07
 0.49124690234146E+07
 0.49124690234146E+07
 0.49124690234146E+07
 0.49124690234146E+07
 0.49124690234146E+07
 0.49124690234146E+07
 0.49124690234146E+07
 0.49124690234146E+07
 0.49124690234146E+07
 0.49124690234146E+07
 0.49124690234146E+07
 0.49124690234146E+07
 0.49124690234146E+07
 0.49124690234146E+07
 0.49124690234146E+07
 0.49124690234146E+07
 0.49124690234146E+07
 0.49124690234146E+07
 0.49124690234146E+07
 0.49124690234146E+07
 0.49124690234146E+07
 0.49124690234146E+07
 0.49124690234146E+07
 0.49124690234146E+07
 0.49124690234146E+07
 0.49124690234146E+07
 0.49124690234146E+07
 0.49124690234146E+07
 0.49124690234146E+07
 0.49124690234146E+07
 0.49124690234146E+07
 0.49124690234146E+07
 0.49124690234146E+07
 0.49124690234146E+07
 0.49124690234146E+07
 0.49124690234146E+07
 0.49124690234146E+07
 0.49124690234146E+07
 0.49124690234146E+07
 0.49124690234146E+07
 0.49124690234146E+07
 0.49124690234146E+07
 0.49124690234146E+07
 0.49124690234146E+07
 0.49124690234146E+07
 0.49124690234146E+07
 0.49124690234146E+07
 0.49124690234146E+07
 0.49124690234146E+07
 0.49124690234146E+07
 0.49124690234146E+07
 0.49124690234146E+07
 0.49124690234146E+07
 0.49124690234146E+07
 0.49124690234146E+07
 0.49124690234146E+07
 0.49124690234146E+07
 0.49124690234146E+07
 0.49124690234146E+07
 0.49124690234146E+07
 0.49124690234146E+07
 0.49124690234146E+07
 0.49124690234146E+07
 0.49124690234146E+07
 0.49124690234146E+07
 0.49124690234146E+07
 0.49124690234146E+07
 0.49124690234146E+07
 0.49124690234146E+07
 0.49124690234146E+07
 0.49124690234146E+07
 0.49124690234146E+07
 0.49124690234146E+07
 0.49124690234146E+07
 0.49124690234146E+07
 0.49124690234146E+07
 0.49124690234146E+07
 0.49124690234146E+07
 0.49124690234146E+07
 0.49124690234146E+07
 0.49124690234146E+07
 0.49124690234146E+07
 0.49124690234146E+07
 0.49124690234146E+07
 0.49124690234146E+07
 0.49124690234146E+07
 0.49124690234146E+07
 0.49124690234146E+07
 0.49124690234146E+07
 0.49124690234146E+07
 0.49124690234146E+07
 0.49124690234146E+07
 0.49124690234146E+07
 0.49124690234146E+07
 0.49124690234146E+07
 0.49124690234146E+07
 0.49124690234146E+07
 0.49124690234146E+07
 0.49124690234146E+07
 0.49124690234146E+07
 0.49124690234146E+07
 0.49124690234146E+07
 0.49124690234146E+07
 0.49124690234146E+07
 0.49124690234146E+07
 0.49124690234146E+07
 0.49124690234146E+07
 0.49124690234146E+07
 0.49124690234146E+07
 0.49124690234146E+07
 0.49124690234146E+07
 0.49124690234146E+07
 0.49124690234146E+07
 0.49124690234146E+07
 0.49124690234146E+07
 0.49124690234146E+07
 0.49124690234146E+07
 0.49124690234146E+07
 0.49124690234146E+07
 0.49124690234146E+07
 0.49124690234146E+07
 0.49124690234146E+07
 0.49124690234146E+07
 0.49124690234146E+07
 0.49124690234146E+07
 0.49124690237656E+07
 0.49124690239590E+07
 0.49124690244045E+07
 0.49124690245312E+07
 0.49124690248364E+07
 0.49124690247378E+07
 0.49124690248865E+07
 0.49124690247515E+07
 0.49124690244244E+07
 0.49124690241793E+07
 0.49124690240373E+07
 0.49124690239293E+07
 0.49124690220133E+07
 0.49124690216937E+07
 0.49124690215697E+07
 0.49124690214629E+07
 0.49124690176584E+07
 0.49124690162632E+07
 0.49124690157877E+07
 0.49124690155051E+07
 0.49124690154637E+07
 0.49124690153839E+07
 0.49124690074847E+07
 0.49124690052445E+07
 0.49124690041070E+07
 0.49124690035611E+07
 0.49124690033102E+07
 0.49124690032116E+07
 0.49124690032252E+07
 0.49124690032277E+07
 0.49124689893325E+07
 0.49124689862822E+07
 0.49124689845310E+07
 0.49124689836014E+07
 0.49124689831831E+07
 0.49124689830069E+07
 0.49124689829363E+07
 0.49124689829055E+07
 0.49124689829327E+07
 0.49124689830057E+07
 0.49124689653103E+07
 0.49124689615917E+07
 0.49124689593003E+07
 0.49124689579757E+07
 0.49124689571677E+07
 0.49124689565803E+07
 0.49124689560636E+07
 0.49124689562044E+07
 0.49124689565501E+07
 0.49124689569450E+07
 0.49124689569407E+07
 0.49124689572473E+07
 0.49124689573709E+07
 0.49124689412112E+07
 0.49124689383548E+07
 0.49124689366211E+07
 0.49124689355566E+07
 0.49124689348778E+07
 0.49124689347921E+07
 0.49124689348608E+07
 0.49124689344348E+07
 0.49124689342692E+07
 0.49124689342933E+07
 0.49124689344638E+07
 0.49124689347517E+07
 0.49124689351468E+07
 0.49124689356070E+07
 0.49124689361085E+07
 0.49124689366325E+07
 0.49124689370160E+07
 0.49124689375800E+07
 0.49124689382064E+07
 0.49124689388192E+07
 0.49124689392865E+07
 0.49124689388518E+07
 0.49124689394179E+07
 0.49124689408429E+07
 0.49124689418022E+07
 0.49124689428079E+07
 0.49124689425793E+07
 0.49124689425358E+07
 0.49124689426425E+07
 0.49124689428750E+07
 0.49124689432157E+07
 0.49124689436500E+07
 0.49124689441665E+07
 0.49124689447573E+07
 0.49124689454387E+07
 0.49124689465194E+07
 0.49124689470858E+07
 0.49124689477132E+07
 0.49124689484117E+07
 0.49124689493344E+07
 0.49124689507744E+07
 0.49124689513342E+07
 0.49124689519176E+07
 0.49124689528692E+07
 0.49124689538489E+07
 0.49124689548583E+07
 0.49124689558981E+07
 0.49124689569689E+07
 0.49124689580707E+07
 0.49124689592028E+07
 0.49124689603633E+07
 0.49124689615472E+07
 0.49124689627300E+07
 0.49124689627258E+07
 0.49124689665448E+07
 0.49124689650859E+07
 0.49124689655722E+07
 0.49124689658126E+07
 0.49124689696851E+07
 0.49124689690743E+07
 0.49124689692198E+07
 0.49124689697860E+07
 0.49124689705348E+07
 0.49124689714771E+07
 0.49124689723147E+07
 0.49124689731889E+07
 0.49124689740939E+07
 0.49124689750284E+07
 0.49124689759898E+07
 0.49124689769748E+07
 0.49124689779785E+07
 0.49124689789951E+07
 0.49124689800179E+07
 0.49124689810384E+07
 0.49124689820471E+07
 0.49124689830327E+07
 0.49124689846622E+07
 0.49124689858002E+07
 0.49124689868317E+07
 0.49124689877069E+07
 0.49124689873941E+07
 0.49124689884440E+07
 0.49124689893374E+07
 0.49124689898393E+07
 0.49124689918723E+07
 0.49124689921473E+07
 0.49124689941394E+07
 0.49124689952334E+07
 0.49124689954854E+07
 0.49124689965726E+07
 0.49124689976917E+07
 0.49124689988091E+07
 0.49124690040175E+07
 0.49124689996190E+07
 0.49124690006263E+07
 0.49124690011147E+07
 0.49124690013785E+07
 0.49124690098503E+07
 0.49124690110448E+07
 0.49124690120976E+07
 0.49124690120689E+07
 0.49124690121271E+07
 0.49124690129004E+07
 0.49124690146230E+07
 0.49124690117754E+07
 0.49124690132147E+07
 0.49124690136556E+07
 0.49124690141972E+07
 0.49124690126719E+07
 0.49124690129834E+07
 0.49124690133802E+07
 0.49124690138441E+07
 0.49124690143640E+07
 0.49124690149356E+07
 0.49124690155700E+07
 0.49124690163268E+07
 0.49124690194926E+07
 0.49124690197047E+07
 0.49124690204280E+07
 0.49124690237183E+07
 0.49124690237114E+07
 0.49124690254818E+07
 0.49124690237618E+07
 0.49124690202340E+07
 0.49124690208876E+07
 0.49124690216121E+07
 0.49124690222504E+07
 0.49124690225601E+07
 0.49124690235255E+07
 0.49124690241245E+07
 0.49124690247200E+07
 0.49124690252856E+07
 0.49124690258533E+07
 0.49124690263738E+07
 0.49124690268403E+07
 0.49124690272464E+07
 0.49124690270294E+07
 0.49124690266838E+07
 0.49124690253484E+07
 0.49124690250345E+07
 0.49124690248687E+07
 0.49124690260485E+07
 0.49124690254880E+07
 0.49124690265609E+07
 0.49124690257376E+07
 0.49124690246202E+07
 0.49124690244591E+07
 0.49124690246602E+07
 0.49124690244041E+07
 0.49124690248090E+07
 0.49124690245404E+07
 0.49124690243532E+07
 0.49124690245213E+07
 0.49124690268352E+07
 0.49124690265546E+07
 0.49124690262526E+07
 0.49124690272734E+07
 0.49124690276617E+07
 0.49124690269654E+07
 0.49124690262367E+07
 0.49124690258224E+07
 0.49124690248774E+07
 0.49124690244586E+07
 0.49124690242317E+07
 0.49124690255640E+07
 0.49124690243918E+07
 0.49124690244062E+07
 0.49124690243678E+07
 0.49124690243322E+07
 0.49124690243104E+07
 0.49124690242555E+07
 0.49124690241900E+07
 0.49124690241653E+07
 0.49124690242383E+07
 0.49124690241832E+07
 0.49124690242972E+07
 0.49124690242264E+07
 0.49124690242365E+07
 0.49124690274288E+07
 0.49124690271443E+07
 0.49124690271177E+07
 0.49124690262624E+07
 0.49124690256544E+07
 0.49124690253478E+07
 0.49124690256708E+07
 0.49124690255684E+07
 0.49124690255354E+07
 0.49124690255488E+07
 0.49124690255874E+07
 0.49124690255608E+07
 0.49124690256778E+07
 0.49124690258472E+07
 0.49124690260344E+07
 0.49124690262051E+07
 0.49124690263027E+07
 0.49124690257126E+07
 0.49124690259083E+07
 0.49124690261027E+07
 0.49124690259819E+07
 0.49124690257958E+07
 0.49124690258572E+07
 0.49124690285288E+07
 0.49124690277207E+07
 0.49124690278680E+07
 0.49124690275006E+07
 0.49124690282435E+07
 0.49124690282693E+07
 0.49124690280866E+07
 0.49124690281602E+07
 0.49124690281451E+07
 0.49124690282277E+07
 0.49124690284015E+07
 0.49124690286243E+07
 0.49124690288589E+07
 0.49124690290742E+07
 0.49124690292389E+07
 0.49124690301323E+07
 0.49124690336515E+07
 0.49124690345415E+07
 0.49124690353260E+07
 0.49124690368339E+07
 0.49124690367141E+07
 0.49124690361900E+07
 0.49124690358280E+07
 0.49124690355942E+07
 0.49124690354349E+07
 0.49124690356792E+07
 0.49124690359744E+07
 0.49124690371327E+07
 0.49124690370264E+07
 0.49124690371325E+07
 0.49124690373257E+07
 0.49124690375844E+07
 0.49124690377814E+07
 0.49124690381138E+07
 0.49124690382311E+07
 0.49124690384203E+07
 0.49124690386226E+07
 0.49124690387943E+07
 0.49124690390400E+07
 0.49124690391271E+07
 0.49124690395375E+07
 0.49124690411515E+07
 0.49124690413619E+07
 0.49124690408032E+07
 0.49124690400111E+07
 0.49124690398990E+07
 0.49124690398815E+07
 0.49124690398576E+07
 0.49124690398666E+07
 0.49124690399297E+07
 0.49124690400032E+07
 0.49124690405302E+07
 0.49124690408398E+07
 0.49124690411158E+07
 0.49124690412998E+07
 0.49124690405779E+07
 0.49124690409097E+07
 0.49124690410528E+07
 0.49124690407436E+07
 0.49124690403415E+07
 0.49124690406498E+07
 0.49124690403793E+07
 0.49124690407877E+07
 0.49124690403721E+07
 0.49124690401418E+07
 0.49124690400221E+07
 0.49124690399077E+07
 0.49124690398298E+07
 0.49124690397919E+07
 0.49124690400279E+07
 0.49124690401760E+07
 0.49124690402169E+07
 0.49124690413112E+07
 0.49124690416680E+07
 0.49124690419849E+07
 0.49124690422172E+07
 0.49124690413909E+07
 0.49124690418364E+07
 0.49124690421955E+07
 0.49124690424134E+07
 0.49124690420302E+07
 0.49124690423227E+07
 0.49124690415524E+07
 0.49124690414584E+07
 0.49124690397014E+07
 0.49124690397746E+07
 0.49124690396364E+07
 0.49124690396093E+07
 0.49124690397205E+07
 0.49124690398420E+07
 0.49124690398908E+07
 0.49124690405782E+07
 0.49124690408637E+07
 0.49124690411241E+07
 0.49124690413406E+07
 0.49124690421777E+07
 0.49124690425798E+07
 0.49124690418663E+07
 0.49124690411015E+07
 0.49124690405899E+07
 0.49124690421256E+07
 0.49124690409279E+07
 0.49124690402034E+07
 0.49124690409344E+07
 0.49124690398972E+07
 0.49124690407924E+07
 0.49124690408367E+07
 0.49124690381758E+07
 0.49124690380908E+07
 0.49124690388733E+07
 0.49124690385487E+07
 0.49124690384862E+07
 0.49124690387571E+07
 0.49124690394944E+07
 0.49124690398854E+07
 0.49124690401615E+07
 0.49124690397690E+07
 0.49124690387909E+07
 0.49124690380639E+07
 0.49124690375315E+07
 0.49124690365466E+07
 0.49124690361874E+07
 0.49124690359270E+07
 0.49124690357655E+07
 0.49124690361248E+07
 0.49124690357312E+07
 0.49124690355313E+07
 0.49124690355348E+07
 0.49124690346534E+07
 0.49124690344971E+07
 0.49124690344019E+07
 0.49124690342197E+07
 0.49124690341164E+07
 0.49124690338846E+07
 0.49124690338125E+07
 0.49124690335056E+07
 0.49124690343643E+07
 0.49124690351185E+07
 0.49124690340275E+07
 0.49124690340577E+07
 0.49124690327045E+07
 0.49124690322272E+07
 0.49124690319467E+07
 0.49124690316953E+07
 0.49124690315303E+07
 0.49124690311188E+07
 0.49124690309794E+07
 0.49124690308868E+07
 0.49124690308246E+07
 0.49124690302504E+07
 0.49124690302313E+07
 0.49124690302322E+07
 0.49124690302362E+07
 0.49124690302509E+07
 0.49124690298981E+07
 0.49124690299956E+07
 0.49124690300832E+07
 0.49124690301572E+07
 0.49124690298811E+07
 0.49124690299923E+07
 0.49124690296132E+07
 0.49124690295930E+07
 0.49124690284527E+07
 0.49124690275556E+07
 0.49124690272128E+07
 0.49124690271126E+07
 0.49124690269170E+07
 0.49124690267237E+07
 0.49124690265538E+07
 0.49124690263685E+07
 0.49124690268089E+07
 0.49124690267072E+07
 0.49124690258230E+07
 0.49124690265979E+07
 0.49124690265771E+07
 0.49124690265663E+07
 0.49124690265744E+07
 0.49124690265155E+07
 0.49124690264276E+07
 0.49124690246875E+07
 0.49124690249759E+07
 0.49124690250776E+07
 0.49124690250669E+07
 0.49124690249435E+07
 0.49124690239617E+07
 0.49124690221467E+07
 0.49124690207087E+07
 0.49124690200737E+07
 0.49124690202426E+07
 0.49124690197197E+07
 0.49124690181228E+07
 0.49124690173520E+07
 0.49124690213765E+07
 0.49124690212968E+07
 0.49124690212008E+07
 0.49124690209054E+07
 0.49124690208418E+07
 0.49124690207778E+07
 0.49124690207895E+07
 0.49124690206069E+07
 0.49124690204242E+07
 0.49124690202164E+07
 0.49124690200070E+07
 0.49124690198182E+07
 0.49124690201681E+07
 0.49124690199349E+07
 0.49124690197060E+07
 0.49124690194693E+07
 0.49124690196763E+07
 0.49124690200161E+07
 0.49124690201771E+07
 0.49124690179836E+07
 0.49124690179745E+07
 0.49124690182562E+07
 0.49124690191292E+07
 0.49124690193514E+07
 0.49124690195216E+07
 0.49124690196631E+07
 0.49124690197291E+07
 0.49124690198226E+07
 0.49124690199011E+07
 0.49124690199377E+07
 0.49124690193851E+07
 0.49124690188541E+07
 0.49124690182653E+07
 0.49124690176024E+07
 0.49124690168786E+07
 0.49124690163273E+07
 0.49124690174535E+07
 0.49124690164514E+07
 0.49124690085905E+07
 0.49124690164431E+07
 0.49124690157958E+07
 0.49124690169506E+07
 0.49124690196379E+07
 0.49124690181927E+07
 0.49124690183445E+07
 0.49124690192633E+07
 0.49124690194099E+07
 0.49124690195070E+07
 0.49124690195605E+07
 0.49124690195347E+07
 0.49124690192800E+07
 0.49124690191541E+07
 0.49124690190381E+07
 0.49124690166514E+07
 0.49124690160328E+07
 0.49124690081654E+07
 0.49124690103187E+07
 0.49124690120258E+07
 0.49124690128949E+07
 0.49124690160921E+07
 0.49124690099315E+07
 0.49124690119719E+07
 0.49124690099903E+07
 0.49124690161198E+07
 0.49124690177211E+07
 0.49124690188111E+07
 0.49124690185041E+07
 0.49124690192344E+07
 0.49124690194385E+07
 0.49124690195396E+07
 0.49124690196041E+07
 0.49124690196479E+07
 0.49124690190782E+07
 0.49124690191457E+07
 0.49124690170544E+07
 0.49124690164810E+07
 0.49124690159238E+07
 0.49124690091049E+07
 0.49124690108095E+07
 0.49124690120324E+07
 0.49124690168047E+07
 0.49124690080964E+07
 0.49124690108775E+07
 0.49124690166372E+07
 0.49124690179990E+07
 0.49124690183097E+07
 0.49124690186875E+07
 0.49124690185135E+07
 0.49124690187797E+07
 0.49124690196072E+07
 0.49124690197483E+07
 0.49124690198437E+07
 0.49124690198905E+07
 0.49124690198329E+07
 0.49124690198296E+07
 0.49124690198482E+07
 0.49124690201493E+07
 0.49124690186590E+07
 0.49124690183994E+07
 0.49124690199129E+07
 0.49124690193800E+07
 0.49124690188813E+07
 0.49124690199533E+07
 0.49124690198015E+07
 0.49124690206604E+07
 0.49124690203581E+07
 0.49124690186592E+07
 0.49124690184267E+07
 0.49124690186518E+07
 0.49124690196286E+07
 0.49124690198008E+07
 0.49124690199039E+07
 0.49124690199475E+07
 0.49124690201284E+07
 0.49124690197175E+07
 0.49124690206110E+07
 0.49124690201904E+07
 0.49124690204947E+07
 0.49124690207472E+07
 0.49124690209424E+07
 0.49124690210744E+07
 0.49124690211619E+07
 0.49124690212306E+07
 0.49124690212924E+07
 0.49124690212293E+07
 0.49124690212319E+07
 0.49124690207575E+07
 0.49124690174751E+07
 0.49124690185776E+07
 0.49124690190200E+07
 0.49124690192975E+07
 0.49124690194047E+07
 0.49124690196265E+07
 0.49124690198238E+07
 0.49124690207635E+07
 0.49124690209290E+07
 0.49124690211325E+07
 0.49124690213063E+07
 0.49124690214416E+07
 0.49124690215448E+07
 0.49124690214460E+07
 0.49124690211493E+07
 0.49124690209989E+07
 0.49124690214847E+07
 0.49124690212592E+07
 0.49124690210172E+07
 0.49124690204206E+07
 0.49124690197925E+07
 0.49124690192173E+07
 0.49124690187532E+07
 0.49124690191696E+07
 0.49124690189451E+07
 0.49124690201568E+07
 0.49124690210577E+07
 0.49124690213452E+07
 0.49124690200825E+07
 0.49124690202430E+07
 0.49124690205342E+07
 0.49124690205943E+07
 0.49124690208133E+07
 0.49124690210283E+07
 0.49124690212038E+07
 0.49124690213035E+07
 0.49124690210141E+07
 0.49124690206147E+07
 0.49124690199216E+07
 0.49124690191193E+07
 0.49124690183650E+07
 0.49124690175853E+07
 0.49124690125019E+07
 0.49124690147236E+07
 0.49124690151000E+07
 0.49124690173090E+07
 0.49124690176687E+07
 0.49124690179284E+07
 0.49124690180099E+07
 0.49124690186436E+07
 0.49124690190777E+07
 0.49124690193148E+07
 0.49124690192915E+07
 0.49124690195507E+07
 0.49124690197892E+07
 0.49124690200037E+07
 0.49124690201238E+07
 0.49124690199938E+07
 0.49124690201021E+07
 0.49124690198520E+07
 0.49124690199391E+07
 0.49124690197740E+07
 0.49124690187485E+07
 0.49124690167914E+07
 0.49124690168742E+07
 0.49124690174793E+07
 0.49124690180566E+07
 0.49124690185426E+07
 0.49124690191796E+07
 0.49124690194736E+07
 0.49124690197548E+07
 0.49124690200167E+07
 0.49124690202545E+07
 0.49124690204607E+07
 0.49124690202654E+07
 0.49124690203638E+07
 0.49124690203778E+07
 0.49124690200140E+07
 0.49124690196812E+07
 0.49124690190114E+07
 0.49124690182334E+07
 0.49124690174450E+07
 0.49124690167024E+07
 0.49124690096818E+07
 0.49124690121358E+07
 0.49124690137311E+07
 0.49124690137780E+07
 0.49124690137688E+07
 0.49124690161930E+07
 0.49124690163856E+07
 0.49124690165441E+07
 0.49124690170925E+07
 0.49124690172356E+07
 0.49124690170359E+07
 0.49124690166681E+07
 0.49124690169179E+07
 0.49124690163642E+07
 0.49124690169888E+07
 0.49124690181867E+07
 0.49124690177633E+07
 0.49124690177005E+07
 0.49124690171271E+07
 0.49124690127344E+07
 0.49124690158990E+07
 0.49124690160873E+07
 0.49124690165745E+07
 0.49124690169157E+07
 0.49124690172046E+07
 0.49124690175085E+07
 0.49124690181529E+07
 0.49124690184151E+07
 0.49124690186271E+07
 0.49124690187891E+07
 0.49124690188469E+07
 0.49124690184222E+07
 0.49124690175875E+07
 0.49124690163144E+07
 0.49124690153389E+07
 0.49124690082215E+07
 0.49124690110569E+07
 0.49124690123345E+07
 0.49124690123596E+07
 0.49124690149132E+07
 0.49124690153225E+07
 0.49124690156389E+07
 0.49124690162008E+07
 0.49124690164483E+07
 0.49124690166934E+07
 0.49124690169245E+07
 0.49124690171285E+07
 0.49124690172643E+07
 0.49124690173461E+07
 0.49124690174090E+07
 0.49124690174542E+07
 0.49124690174907E+07
 0.49124690175172E+07
 0.49124690175010E+07
 0.49124690173883E+07
 0.49124690170362E+07
 0.49124690171017E+07
 0.49124690171082E+07
 0.49124690172132E+07
 0.49124690172582E+07
 0.49124690172299E+07
 0.49124690171536E+07
 0.49124690168393E+07
 0.49124690167275E+07
 0.49124690167770E+07
 0.49124690169373E+07
 0.49124690170999E+07
 0.49124690172336E+07
 0.49124690167495E+07
 0.49124690164552E+07
 0.49124690162238E+07
 0.49124690155838E+07
 0.49124690147815E+07
 0.49124690139081E+07
 0.49124690130299E+07
 0.49124690101325E+07
 0.49124690102233E+07
 0.49124690129131E+07
 0.49124690134626E+07
 0.49124690139512E+07
 0.49124690148855E+07
 0.49124690152359E+07
 0.49124690155585E+07
 0.49124690156976E+07
 0.49124690158378E+07
 0.49124690159690E+07
 0.49124690160800E+07
 0.49124690161811E+07
 0.49124690162536E+07
 0.49124690162932E+07
 0.49124690162127E+07
 0.49124690159543E+07
 0.49124690158096E+07
 0.49124690154476E+07
 0.49124690150284E+07
 0.49124690160537E+07
 0.49124690154044E+07
 0.49124690146641E+07
 0.49124690139825E+07
 0.49124690132277E+07
 0.49124690079863E+07
 0.49124690103803E+07
 0.49124690107283E+07
 0.49124690131294E+07
 0.49124690136563E+07
 0.49124690140837E+07
 0.49124690151116E+07
 0.49124690153726E+07
 0.49124690136212E+07
 0.49124690140532E+07
 0.49124690151264E+07
 0.49124690153951E+07
 0.49124690156364E+07
 0.49124690157242E+07
 0.49124690157619E+07
 0.49124690157441E+07
 0.49124690156152E+07
 0.49124690156646E+07
 0.49124690156147E+07
 0.49124690157034E+07
 0.49124690161450E+07
 0.49124690166853E+07
 0.49124690171099E+07
 0.49124690174349E+07
 0.49124690177106E+07
 0.49124690179655E+07
 0.49124690181651E+07
 0.49124690183546E+07
 0.49124690184953E+07
 0.49124690186762E+07
 0.49124690183985E+07
 0.49124690185770E+07
 0.49124690191323E+07
 0.49124690192840E+07
 0.49124690194725E+07
 0.49124690196474E+07
 0.49124690197707E+07
 0.49124690202170E+07
 0.49124690210976E+07
 0.49124690216019E+07
 0.49124690219495E+07
 0.49124690222004E+07
 0.49124690223073E+07
 0.49124690247836E+07
 0.49124690248475E+07
 0.49124690248479E+07
 0.49124690185607E+07
 0.49124690219407E+07
 0.49124690232022E+07
 0.49124690262328E+07
 0.49124690273145E+07
 0.49124690283429E+07
 0.49124690298060E+07
 0.49124690304409E+07
 0.49124690311264E+07
 0.49124690317444E+07
 0.49124690322044E+07
 0.49124690326400E+07
 0.49124690331013E+07
 0.49124690334978E+07
 0.49124690338859E+07
 0.49124690342506E+07
 0.49124690345833E+07
 0.49124690348729E+07
 0.49124690350191E+07
 0.49124690353448E+07
 0.49124690355894E+07
 0.49124690355115E+07
 0.49124690356743E+07
 0.49124690356586E+07
 0.49124690354771E+07
 0.49124690352384E+07
 0.49124690349082E+07
 0.49124690345725E+07
 0.49124690365936E+07
 0.49124690363284E+07
 0.49124690360197E+07
 0.49124690356502E+07
 0.49124690353585E+07
 0.49124690350260E+07
 0.49124690346198E+07
 0.49124690291044E+07
 0.49124690308919E+07
 0.49124690316051E+07
 0.49124690320567E+07
 0.49124690322127E+07
 0.49124690319347E+07
 0.49124690311762E+07
 0.49124690294612E+07
 0.49124690358632E+07
 0.49124690366392E+07
 0.49124690377045E+07
 0.49124690385543E+07
 0.49124690386500E+07
 0.49124690390610E+07
 0.49124690390689E+07
 0.49124690391335E+07
 0.49124690394189E+07
 0.49124690394455E+07
 0.49124690397378E+07
 0.49124690396639E+07
 0.49124690391317E+07
 0.49124690385474E+07
 0.49124690378918E+07
 0.49124690309584E+07
 0.49124690337208E+07
 0.49124690327165E+07
 0.49124690351195E+07
 0.49124690354739E+07
 0.49124690379831E+07
 0.49124625677893E+07
 0.49124625682729E+07
 0.49124625693802E+07
 0.49124625697437E+07
 0.49124625700454E+07
 0.49124625704170E+07
 0.49124625706754E+07
 0.49124625708881E+07
 0.49124625871690E+07
 0.49124625881948E+07
 0.49124625890952E+07
 0.49124625900526E+07
 0.49124625909145E+07
 0.49124625917255E+07
 0.49124625922596E+07
 0.49124625927722E+07
 0.49124625932459E+07
 0.49124625934209E+07
 0.49124625936077E+07
 0.49124625936673E+07
 0.49124625937348E+07
 0.49124625937897E+07
 0.49124625960256E+07
 0.49124625959871E+07
 0.49124625958350E+07
 0.49124625957388E+07
 0.49124625956298E+07
 0.49124625886668E+07
 0.49124625913373E+07
 0.49124625934024E+07
 0.49124625942217E+07
 0.49124625946207E+07
 0.49124625974425E+07
 0.49124625981443E+07
 0.49124625987659E+07
 0.49124625993180E+07
 0.49124626005530E+07
 0.49124626008893E+07
 0.49124626011976E+07
 0.49124626015280E+07
 0.49124626018637E+07
 0.49124626020646E+07
 0.49124626022412E+07
 0.49124626023009E+07
 0.49124626023579E+07
 0.49124626023034E+07
 0.49124626012891E+07
 0.49124626007887E+07
 0.49124625985050E+07
 0.49124625985483E+07
 0.49124625986804E+07
 0.49124625981796E+07
 0.49124625953900E+07
 0.49124626032092E+07
 0.49124626027950E+07
 0.49124626026236E+07
 0.49124625955484E+07
 0.49124625979512E+07
 0.49124625993780E+07
 0.49124625995811E+07
 0.49124626020083E+07
 0.49124626023992E+07
 0.49124626028713E+07
 0.49124626032791E+07
 0.49124626043717E+07
 0.49124626047030E+07
 0.49124626049957E+07
 0.49124626053879E+07
 0.49124626056362E+07
 0.49124626058965E+07
 0.49124626060524E+07
 0.49124626062111E+07
 0.49124626063327E+07
 0.49124626065048E+07
 0.49124626066873E+07
 0.49124626067677E+07
 0.49124626193564E+07
 0.49124626200768E+07
 0.49124626208359E+07
 0.49124626210940E+07
 0.49124626217404E+07
 0.49124626221134E+07
 0.49124626224429E+07
 0.49124626226691E+07
 0.49124626227826E+07
 0.49124626228630E+07
 0.49124626228002E+07
 0.49124626227106E+07
 0.49124626252002E+07
 0.49124626250671E+07
 0.49124626251258E+07
 0.49124626248602E+07
 0.49124626248091E+07
 0.49124626246711E+07
 0.49124626244623E+07
 0.49124626191691E+07
 0.49124626212561E+07
 0.49124626226130E+07
 0.49124626232711E+07
 0.49124626235360E+07
 0.49124626236848E+07
 0.49124626261488E+07
 0.49124626264588E+07
 0.49124626268042E+07
 0.49124626270989E+07
 0.49124626272452E+07
 0.49124626273540E+07
 0.49124626272921E+07
 0.49124626250723E+07
 0.49124626242918E+07
 0.49124626219941E+07
 0.49124626206883E+07
 0.49124626278779E+07
 0.49124626286404E+07
 0.49124626309599E+07
 0.49124626310334E+07
 0.49124626308660E+07
 0.49124626292404E+07
 0.49124626310197E+07
 0.49124626305019E+07
 0.49124626299595E+07
 0.49124626294281E+07
 0.49124626288912E+07
 0.49124626211536E+07
 0.49124626240857E+07
 0.49124626261147E+07
 0.49124626265727E+07
 0.49124626289787E+07
 0.49124626294619E+07
 0.49124626299051E+07
 0.49124626303208E+07
 0.49124626312409E+07
 0.49124626315979E+07
 0.49124626319716E+07
 0.49124626321548E+07
 0.49124626434313E+07
 0.49124626442420E+07
 0.49124626449830E+07
 0.49124626454821E+07
 0.49124626462463E+07
 0.49124626467528E+07
 0.49124626474765E+07
 0.49124626480196E+07
 0.49124626484299E+07
 0.49124626488872E+07
 0.49124626492409E+07
 0.49124626495963E+07
 0.49124626497464E+07
 0.49124626500920E+07
 0.49124626501620E+07
 0.49124626502207E+07
 0.49124626502457E+07
 0.49124626502695E+07
 0.49124626502302E+07
 0.49124626501436E+07
 0.49124626501333E+07
 0.49124626502150E+07
 0.49124626503862E+07
 0.49124626503847E+07
 0.49124626504397E+07
 0.49124626504970E+07
 0.49124626507309E+07
 0.49124626508458E+07
 0.49124626512183E+07
 0.49124626515146E+07
 0.49124626520025E+07
 0.49124626526514E+07
 0.49124626536692E+07
 0.49124626540779E+07
 0.49124626542882E+07
 0.49124626546165E+07
 0.49124626546914E+07
 0.49124626545550E+07
 0.49124626546622E+07
 0.49124626549205E+07
 0.49124626548997E+07
 0.49124626549131E+07
 0.49124626550548E+07
 0.49124626549920E+07
 0.49124626549811E+07
 0.49124626550863E+07
 0.49124626547482E+07
 0.49124626547073E+07
 0.49124626545156E+07
 0.49124626543347E+07
 0.49124626540850E+07
 0.49124626535497E+07
 0.49124626531663E+07
 0.49124626527466E+07
 0.49124626521394E+07
 0.49124626541173E+07
 0.49124626537112E+07
 0.49124626631345E+07
 0.49124626633071E+07
 0.49124626629687E+07
 0.49124626577348E+07
 0.49124626604300E+07
 0.49124626618665E+07
 0.49124626622736E+07
 0.49124626649548E+07
 0.49124626659397E+07
 0.49124626666272E+07
 0.49124626679877E+07
 0.49124626683275E+07
 0.49124626690682E+07
 0.49124626694691E+07
 0.49124626698678E+07
 0.49124626703039E+07
 0.49124626705522E+07
 0.49124626709112E+07
 0.49124626713876E+07
 0.49124626716308E+07
 0.49124626718126E+07
 0.49124626721513E+07
 0.49124626722402E+07
 0.49124626723195E+07
 0.49124626726698E+07
 0.49124626725965E+07
 0.49124626726644E+07
 0.49124626725216E+07
 0.49124626722977E+07
 0.49124626720481E+07
 0.49124626717255E+07
 0.49124626710226E+07
 0.49124626700042E+07
 0.49124626701020E+07
 0.49124626704956E+07
 0.49124626702293E+07
 0.49124626692606E+07
 0.49124626666758E+07
 0.49124626668368E+07
 0.49124626667981E+07
 0.49124626668318E+07
 0.49124626691362E+07
 0.49124626727114E+07
 0.49124626729301E+07
 0.49124626733281E+07
 0.49124626732184E+07
 0.49124626731289E+07
 0.49124626733589E+07
 0.49124626731964E+07
 0.49124626732030E+07
 0.49124626734512E+07
 0.49124626732576E+07
 0.49124626730938E+07
 0.49124626730471E+07
 0.49124626831470E+07
 0.49124626833926E+07
 0.49124626838561E+07
 0.49124626841870E+07
 0.49124626842589E+07
 0.49124626839697E+07
 0.49124626841355E+07
 0.49124626840448E+07
 0.49124626838951E+07
 0.49124626832987E+07
 0.49124626791863E+07
 0.49124626794496E+07
 0.49124626816887E+07
 0.49124626810762E+07
 0.49124626807141E+07
 0.49124626808120E+07
 0.49124626802883E+07
 0.49124626741398E+07
 0.49124626766004E+07
 0.49124626781872E+07
 0.49124626784763E+07
 0.49124626814726E+07
 0.49124626818585E+07
 0.49124626826909E+07
 0.49124626836346E+07
 0.49124626842077E+07
 0.49124626844000E+07
 0.49124626844492E+07
 0.49124626846364E+07
 0.49124626846241E+07
 0.49124626850093E+07
 0.49124626841557E+07
 0.49124626828264E+07
 0.49124626815121E+07
 0.49124626852642E+07
 0.49124626856326E+07
 0.49124626845321E+07
 0.49124626867457E+07
 0.49124626869249E+07
 0.49124626866946E+07
 0.49124626858170E+07
 0.49124626806184E+07
 0.49124626842474E+07
 0.49124626840132E+07
 0.49124626838535E+07
 0.49124626841702E+07
 0.49124626810265E+07
 0.49124626832367E+07
 0.49124626831243E+07
 0.49124626822249E+07
 0.49124626844082E+07
 0.49124626843992E+07
 0.49124626837125E+07
 0.49124626826944E+07
 0.49124626857628E+07
 0.49124626871072E+07
 0.49124626797038E+07
 0.49124626815670E+07
 0.49124626841954E+07
 0.49124626863084E+07
 0.49124626879305E+07
 0.49124626897378E+07
 0.49124626907621E+07
 0.49124626915182E+07
 0.49124626911265E+07
 0.49124626914186E+07
 0.49124626911969E+07
 0.49124626915465E+07
 0.49124626909403E+07
 0.49124626905491E+07
 0.49124626902251E+07
 0.49124626896920E+07
 0.49124626893034E+07
 0.49124626891346E+07
 0.49124626884356E+07
 0.49124626873958E+07
 0.49124626875307E+07
 0.49124626869470E+07
 0.49124626788885E+07
 0.49124626796062E+07
 0.49124626930407E+07
 0.49124626930785E+07
 0.49124626925109E+07
 0.49124626927122E+07
 0.49124626920950E+07
 0.49124626943954E+07
 0.49124626937027E+07
 0.49124626932779E+07
 0.49124626928750E+07
 0.49124626921448E+07
 0.49124626844026E+07
 0.49124626848058E+07
 0.49124626853148E+07
 0.49124626843267E+07
 0.49124626826518E+07
 0.49124626797620E+07
 0.49124626763982E+07
 0.49124626683571E+07
 0.49124626771614E+07
 0.49124626854153E+07
 0.49124626845227E+07
 0.49124626901219E+07
 0.49124626898465E+07
 0.49124626885954E+07
 0.49124626884198E+07
 0.49124626876245E+07
 0.49124626872538E+07
 0.49124626921837E+07
 0.49124626961654E+07
 0.49124626960134E+07
 0.49124626956134E+07
 0.49124626902951E+07
 0.49124626897833E+07
 0.49124626946783E+07
 0.49124626941906E+07
 0.49124626941554E+07
 0.49124626932229E+07
 0.49124626927302E+07
 0.49124626916243E+07
 0.49124626913369E+07
 0.49124626906673E+07
 0.49124626896435E+07
 0.49124626893657E+07
 0.49124626760511E+07
 0.49124626747190E+07
 0.49124626729858E+07
 0.49124626711275E+07
 0.49124626691544E+07
 0.49124626672859E+07
 0.49124626276667E+07
 0.49124626297374E+07
 0.49124626313021E+07
 0.49124626323660E+07
 0.49124626337309E+07
 0.49124626401982E+07
 0.49124626414983E+07
 0.49124626424920E+07
 0.49124626426756E+07
 0.49124626369446E+07
 0.49124626386052E+07
 0.49124626400598E+07
 0.49124626407810E+07
 0.49124626413550E+07
 0.49124626412835E+07
 0.49124626370231E+07
 0.49124626365497E+07
 0.49124626356735E+07
 0.49124626331715E+07
 0.49124626312405E+07
 0.49124626291474E+07
 0.49124626254148E+07
 0.49124626207943E+07
 0.49124626599576E+07
 0.49124626595093E+07
 0.49124626648592E+07
 0.49124626664780E+07
 0.49124626695775E+07
 0.49124626706146E+07
 0.49124626571362E+07
 0.49124626443508E+07
 0.49124626667802E+07
 0.49124626697939E+07
 0.49124626733346E+07
 0.49124626773043E+07
 0.49124626800336E+07
 0.49124626811189E+07
 0.49124626735566E+07
 0.49124626704257E+07
 0.49124626748140E+07
 0.49124626738947E+07
 0.49124626732461E+07
 0.49124626714583E+07
 0.49124626764700E+07
 0.49124626752454E+07
 0.49124626766449E+07
 0.49124626759216E+07
 0.49124626758633E+07
 0.49124626755730E+07
 0.49124626750853E+07
 0.49124626753692E+07
 0.49124626754435E+07
 0.49124626749350E+07
 0.49124626761408E+07
 0.49124626750572E+07
 0.49124626750274E+07
 0.49124626749917E+07
 0.49124626742621E+07
 0.49124626731761E+07
 0.49124626730204E+07
 0.49124626721794E+07
 0.49124626714813E+07
 0.49124626702894E+07
 0.49124626699877E+07
 0.49124626687351E+07
 0.49124626683207E+07
 0.49124626665020E+07
 0.49124626652259E+07
 0.49124626633983E+07
 0.49124626616566E+07
 0.49124626608165E+07
 0.49124626602529E+07
 0.49124626590458E+07
 0.49124626580684E+07
 0.49124626574101E+07
 0.49124626565801E+07
 0.49124626556699E+07
 0.49124626556999E+07
 0.49124626556653E+07
 0.49124626629596E+07
 0.49124626637244E+07
 0.49124626701036E+07
 0.49124626699794E+07
 0.49124626701484E+07
 0.49124626328802E+07
 0.49124626343920E+07
 0.49124626354216E+07
 0.49124626639193E+07
 0.49124626797710E+07
 0.49124626789457E+07
 0.49124626806464E+07
 0.49124626807100E+07
 0.49124626805492E+07
 0.49124626801629E+07
 0.49124626792700E+07
 0.49124626664881E+07
 0.49124626644223E+07
 0.49124626643559E+07
 0.49124626638294E+07
 0.49124626635536E+07
 0.49124626658081E+07
 0.49124626696768E+07
 0.49124626686652E+07
 0.49124626691536E+07
 0.49124626689109E+07
 0.49124626676167E+07
 0.49124626691365E+07
 0.49124626695380E+07
 0.49124626706456E+07
 0.49124626701408E+07
 0.49124626710946E+07
 0.49124626714433E+07
 0.49124626717285E+07
 0.49124626715374E+07
 0.49124626714081E+07
 0.49124626718385E+07
 0.49124626710159E+07
 0.49124626714749E+07
 0.49124626720414E+07
 0.49124626707580E+07
 0.49124626708009E+07
 0.49124626697075E+07
 0.49124626702132E+07
 0.49124626697506E+07
 0.49124626696931E+07
 0.49124626695446E+07
 0.49124626681303E+07
 0.49124626681193E+07
 0.49124626676072E+07
 0.49124626663136E+07
 0.49124626650807E+07
 0.49124626653803E+07
 0.49124626641719E+07
 0.49124626628433E+07
 0.49124626623557E+07
 0.49124626611574E+07
 0.49124678025477E+07
 0.49124678008064E+07
 0.49124678001497E+07
 0.49124677746679E+07
 0.49124677767410E+07
 0.49124677779804E+07
 0.49124677797884E+07
 0.49124677812435E+07
 0.49124677840292E+07
 0.49124677855315E+07
 0.49124677851736E+07
 0.49124677863443E+07
 0.49124678147955E+07
 0.49124678169385E+07
 0.49124678185706E+07
 0.49124678202419E+07
 0.49124678227880E+07
 0.49124678237219E+07
 0.49124678234047E+07
 0.49124678225042E+07
 0.49124678202477E+07
 0.49124678132600E+07
 0.49124678140278E+07
 0.49124678141074E+07
 0.49124678143834E+07
 0.49124678137502E+07
 0.49124678128871E+07
 0.49124678187711E+07
 0.49124678166051E+07
 0.49124678172438E+07
 0.49124678163252E+07
 0.49124678182601E+07
 0.49124678171107E+07
 0.49124678163862E+07
 0.49124678169482E+07
 0.49124678174561E+07
 0.49124678176920E+07
 0.49124678170572E+07
 0.49124678171878E+07
 0.49124678173237E+07
 0.49124678162789E+07
 0.49124678170148E+07
 0.49124678168586E+07
 0.49124678158545E+07
 0.49124678148267E+07
 0.49124678157924E+07
 0.49124678153189E+07
 0.49124678144455E+07
 0.49124678130588E+07
 0.49124678134058E+07
 0.49124678122346E+07
 0.49124678099831E+07
 0.49124678090524E+07
 0.49124678080535E+07
 0.49124678064337E+07
 0.49124678054431E+07
 0.49124678034805E+07
 0.49124678088045E+07
 0.49124678063426E+07
 0.49124677732151E+07
 0.49124677763062E+07
 0.49124677783524E+07
 0.49124677791970E+07
 0.49124677820671E+07
 0.49124677819637E+07
 0.49124677831184E+07
 0.49124677846995E+07
 0.49124677862735E+07
 0.49124677865733E+07
 0.49124677865225E+07
 0.49124677883134E+07
 0.49124677748419E+07
 0.49124677743528E+07
 0.49124677757785E+07
 0.49124678084479E+07
 0.49124678090642E+07
 0.49124678119640E+07
 0.49124678124828E+07
 0.49124678117873E+07
 0.49124678151932E+07
 0.49124678166125E+07
 0.49124678192884E+07
 0.49124678205760E+07
 0.49124678211084E+07
 0.49124678176395E+07
 0.49124678180078E+07
 0.49124678138733E+07
 0.49124677703853E+07
 0.49124678085750E+07
 0.49124678101309E+07
 0.49124678127230E+07
 0.49124678145812E+07
 0.49124678120386E+07
 0.49124678153197E+07
 0.49124678158634E+07
 0.49124678178474E+07
 0.49124678167302E+07
 0.49124678172379E+07
 0.49124678160449E+07
 0.49124678145172E+07
 0.49124678156860E+07
 0.49124678152050E+07
 0.49124678148874E+07
 0.49124678149087E+07
 0.49124678135977E+07
 0.49124678132819E+07
 0.49124678114788E+07
 0.49124678106698E+07
 0.49124678092186E+07
 0.49124678066777E+07
 0.49124678072547E+07
 0.49124678047558E+07
 0.49124678109426E+07
 0.49124678089509E+07
 0.49124678062993E+07
 0.49124677769391E+07
 0.49124677759140E+07
 0.49124677794374E+07
 0.49124677839981E+07
 0.49124677851374E+07
 0.49124677870602E+07
 0.49124677896584E+07
 0.49124677864988E+07
 0.49124677906548E+07
 0.49124677912469E+07
 0.49124677858784E+07
 0.49124677865569E+07
 0.49124677901684E+07
 0.49124677929153E+07
 0.49124677929598E+07
 0.49124677933079E+07
 0.49124677894845E+07
 0.49124677902277E+07
 0.49124677895479E+07
 0.49124677886593E+07
 0.49124677903317E+07
 0.49124677906044E+07
 0.49124677886435E+07
 0.49124677901995E+07
 0.49124677882399E+07
 0.49124677891992E+07
 0.49124677854706E+07
 0.49124677838987E+07
 0.49124677794689E+07
 0.49124677769141E+07
 0.49124678081520E+07
 0.49124678129659E+07
 0.49124678159827E+07
 0.49124677900886E+07
 0.49124677825923E+07
 0.49124677874071E+07
 0.49124677816011E+07
 0.49124677764553E+07
 0.49124677667285E+07
 0.49124678039023E+07
 0.49124678051504E+07
 0.49124678157561E+07
 0.49124678170456E+07
 0.49124678155624E+07
 0.49124678153492E+07
 0.49124678157538E+07
 0.49124678143752E+07
 0.49124678147382E+07
 0.49124678140525E+07
 0.49124678158691E+07
 0.49124678147817E+07
 0.49124678121807E+07
 0.49124678226774E+07
 0.49124678204940E+07
 0.49124678175048E+07
 0.49124678162594E+07
 0.49124678170927E+07
 0.49124678141084E+07
 0.49124678124833E+07
 0.49124678099513E+07
 0.49124677787291E+07
 0.49124677767972E+07
 0.49124677822418E+07
 0.49124677825208E+07
 0.49124677858834E+07
 0.49124677863155E+07
 0.49124677886235E+07
 0.49124677890986E+07
 0.49124677921016E+07
 0.49124677825620E+07
 0.49124677876289E+07
 0.49124677920422E+07
 0.49124677936318E+07
 0.49124677947165E+07
 0.49124677966413E+07
 0.49124678069044E+07
 0.49124678090024E+07
 0.49124678047606E+07
 0.49124678049789E+07
 0.49124678050556E+07
 0.49124678024444E+07
 0.49124678059465E+07
 0.49124678049320E+07
 0.49124678069920E+07
 0.49124678043320E+07
 0.49124678068129E+07
 0.49124678044260E+07
 0.49124678044591E+07
 0.49124678055833E+07
 0.49124678020641E+07
 0.49124678000741E+07
 0.49124677958491E+07
 0.49124677930669E+07
 0.49124677881996E+07
 0.49124677845509E+07
 0.49124678096619E+07
 0.49124678062494E+07
 0.49124678070786E+07
 0.49124678017664E+07
 0.49124677996282E+07
 0.49124677980986E+07
 0.49124677900271E+07
 0.49124677806397E+07
 0.49124677844377E+07
 0.49124677970328E+07
 0.49124678159708E+07
 0.49124678168147E+07
 0.49124678156475E+07
 0.49124678146299E+07
 0.49124678075606E+07
 0.49124678041292E+07
 0.49124678044425E+07
 0.49124678139546E+07
 0.49124678155274E+07
 0.49124678172507E+07
 0.49124678141962E+07
 0.49124678151408E+07
 0.49124678121890E+07
 0.49124678120233E+07
 0.49124678104859E+07
 0.49124677804271E+07
 0.49124677821031E+07
 0.49124677827826E+07
 0.49124677835571E+07
 0.49124677927331E+07
 0.49124677960047E+07
 0.49124678002815E+07
 0.49124678003489E+07
 0.49124678049990E+07
 0.49124678018685E+07
 0.49124678050500E+07
 0.49124678043013E+07
 0.49124678118735E+07
 0.49124678082952E+07
 0.49124678111021E+07
 0.49124678134375E+07
 0.49124678144484E+07
 0.49124678131238E+07
 0.49124678174822E+07
 0.49124678149086E+07
 0.49124678088922E+07
 0.49124678128863E+07
 0.49124678180293E+07
 0.49124678196358E+07
 0.49124678180793E+07
 0.49124678158414E+07
 0.49124678180736E+07
 0.49124678182519E+07
 0.49124678177351E+07
 0.49124678152858E+07
 0.49124678168653E+07
 0.49124678195153E+07
 0.49124678164636E+07
 0.49124678150089E+07
 0.49124678156674E+07
 0.49124678128022E+07
 0.49124678114674E+07
 0.49124678071866E+07
 0.49124678194406E+07
 0.49124678184819E+07
 0.49124678155990E+07
 0.49124678155367E+07
 0.49124678162101E+07
 0.49124678133232E+07
 0.49124678157068E+07
 0.49124678135728E+07
 0.49124678290948E+07
 0.49124678256039E+07
 0.49124678295522E+07
 0.49124678284881E+07
 0.49124678251985E+07
 0.49124678239308E+07
 0.49124678264136E+07
 0.49124678274765E+07
 0.49124678245650E+07
 0.49124678292843E+07
 0.49124678189967E+07
 0.49124678191119E+07
 0.49124678139975E+07
 0.49124678151157E+07
 0.49124678053419E+07
 0.49124678069392E+07
 0.49124678016436E+07
 0.49124677985231E+07
 0.49124677998266E+07
 0.49124678002891E+07
 0.49124678010618E+07
 0.49124678035149E+07
 0.49124678034956E+07
 0.49124678050104E+07
 0.49124678052424E+07
 0.49124678091374E+07
 0.49124678068973E+07
 0.49124678127428E+07
 0.49124678094993E+07
 0.49124678152674E+07
 0.49124678192095E+07
 0.49124678185834E+07
 0.49124678193650E+07
 0.49124678146006E+07
 0.49124678199917E+07
 0.49124678168915E+07
 0.49124678213086E+07
 0.49124678183042E+07
 0.49124678175186E+07
 0.49124678193735E+07
 0.49124678170760E+07
 0.49124678186119E+07
 0.49124678163278E+07
 0.49124678187462E+07
 0.49124678184510E+07
 0.49124678157010E+07
 0.49124678215411E+07
 0.49124678208081E+07
 0.49124678190137E+07
 0.49124678233675E+07
 0.49124678164657E+07
 0.49124678137047E+07
 0.49124678190199E+07
 0.49124678214333E+07
 0.49124678200765E+07
 0.49124678155548E+07
 0.49124678099698E+07
 0.49124678166741E+07
 0.49124678161603E+07
 0.49124678257796E+07
 0.49124678277326E+07
 0.49124678350474E+07
 0.49124678266048E+07
 0.49124678295599E+07
 0.49124678308707E+07
 0.49124678275494E+07
 0.49124678235957E+07
 0.49124678256872E+07
 0.49124678258585E+07
 0.49124678210271E+07
 0.49124678270203E+07
 0.49124678269006E+07
 0.49124678277290E+07
 0.49124678308652E+07
 0.49124678308570E+07
 0.49124678269468E+07
 0.49124678261442E+07
 0.49124678344949E+07
 0.49124678257620E+07
 0.49124678286857E+07
 0.49124678253854E+07
 0.49124678313667E+07
 0.49124678295555E+07
 0.49124678349397E+07
 0.49124678178040E+07
 0.49124678215933E+07
 0.49124678187362E+07
 0.49124678157221E+07
 0.49124678161881E+07
 0.49124678204023E+07
 0.49124678229003E+07
 0.49124678199140E+07
 0.49124678225495E+07
 0.49124678198184E+07
 0.49124678231189E+07
 0.49124678215644E+07
 0.49124678229177E+07
 0.49124678193690E+07
 0.49124678206235E+07
 0.49124678213536E+07
 0.49124678180615E+07
 0.49124678225478E+07
 0.49124678211969E+07
 0.49124678250454E+07
 0.49124678222980E+07
 0.49124678214020E+07
 0.49124678215998E+07
 0.49124678187110E+07
 0.49124678193185E+07
 0.49124678194926E+07
 0.49124678139480E+07
 0.49124678217333E+07
 0.49124678149958E+07
 0.49124678190193E+07
 0.49124678184816E+07
 0.49124678199586E+07
 0.49124678185117E+07
 0.49124678193203E+07
 0.49124678233148E+07
 0.49124678268597E+07
 0.49124678242960E+07
 0.49124678254412E+07
 0.49124678243673E+07
 0.49124678293692E+07
 0.49124678275383E+07
 0.49124678181426E+07
 0.49124678214666E+07
 0.49124535625885E+07
 0.49124535559621E+07
 0.49124537797624E+07
 0.49124544068479E+07
 0.49124513865793E+07
 0.49124513127190E+07
 0.49124506200713E+07
 0.49124532950838E+07
 0.49124522176166E+07
 0.49124503117915E+07
 0.49124509928800E+07
 0.49124514504807E+07
 0.49124507510755E+07
 0.49124510592325E+07
 0.49124512188677E+07
 0.49124500217345E+07
 0.49124514603070E+07
 0.49124509287355E+07
 0.49124515865276E+07
 0.49124513689645E+07
 0.49124508767332E+07
 0.49124516479649E+07
 0.49124509770836E+07
 0.49124513090896E+07
 0.49124517468825E+07
 0.49124517484629E+07
 0.49124515223479E+07
 0.49124514969549E+07
 0.49124514596408E+07
 0.49124552377324E+07
 0.49124548340740E+07
 0.49124548340740E+07
 0.49124548340740E+07
 0.49124548340740E+07
 0.49124548340740E+07
 0.49124548337053E+07
 0.49124548338397E+07
 0.49124547787681E+07
 0.49124547437237E+07
 0.49124547382781E+07
 0.49124547390972E+07
 0.49124547411527E+07
 0.49124547387971E+07
 0.49124547408558E+07
 0.49124547416769E+07
 0.49124547419808E+07
 0.49124547424599E+07
 0.49124547433578E+07
 0.49124547455827E+07
 0.49124547471681E+07
 0.49124547549102E+07
 0.49124547621010E+07
 0.49124547687317E+07
 0.49124547721229E+07
 0.49124547795801E+07
 0.49124547926127E+07
 0.49124547972555E+07
 0.49124548104419E+07
 0.49124548202305E+07
 0.49124548311275E+07
 0.49124548341329E+07
 0.49124548483798E+07
 0.49124548480398E+07
 0.49124548589778E+07
 0.49124548579341E+07
 0.49124548567794E+07
 0.49124548565199E+07
 0.49124548561354E+07
 0.49124548563258E+07
 0.49124548529103E+07
 0.49124548520187E+07
 0.49124548510763E+07
 0.49124548534023E+07
 0.49124548503396E+07
 0.49124548524925E+07
 0.49124548496537E+07
 0.49124548492018E+07
 0.49124548504699E+07
 0.49124548482125E+07
 0.49124548480470E+07
 0.49124548492581E+07
 0.49124548468622E+07
 0.49124548471647E+07
 0.49124548444344E+07
 0.49124548442354E+07
 0.49124548432972E+07
 0.49124548407227E+07
 0.49124548348354E+07
 0.49124548354739E+07
 0.49124548347432E+07
 0.49124548316248E+07
 0.49124548236976E+07
 0.49124548205849E+07
 0.49124548154666E+07
 0.49124548220902E+07
 0.49124548178159E+07
 0.49124548176137E+07
 0.49124548197285E+07
 0.49124548204442E+07
 0.49124548207594E+07
 0.49124548214894E+07
 0.49124548220676E+07
 0.49124548276197E+07
 0.49124548375255E+07
 0.49124548400997E+07
 0.49124548409592E+07
 0.49124548438570E+07
 0.49124548431576E+07
 0.49124548454351E+07
 0.49124548465468E+07
 0.49124548662042E+07
 0.49124548658175E+07
 0.49124548756788E+07
 0.49124548771674E+07
 0.49124548774251E+07
 0.49124548768137E+07
 0.49124548785417E+07
 0.49124548925529E+07
 0.49124548997344E+07
 0.49124549003914E+07
 0.49124549032379E+07
 0.49124549009193E+07
 0.49124549032403E+07
 0.49124549166957E+07
 0.49124549226056E+07
 0.49124549228501E+07
 0.49124549225405E+07
 0.49124549241107E+07
 0.49124549375417E+07
 0.49124549427252E+07
 0.49124549468617E+07
 0.49124549472581E+07
 0.49124549493500E+07
 0.49124549499427E+07
 0.49124549644245E+07
 0.49124549654145E+07
 0.49124549694184E+07
 0.49124549706327E+07
 0.49124549722692E+07
 0.49124549789260E+07
 0.49124549893264E+07
 0.49124549915194E+07
 0.49124549919676E+07
 0.49124549940222E+07
 0.49124550030002E+07
 0.49124550087643E+07
 0.49124550124064E+07
 0.49124550129034E+07
 0.49124550142389E+07
 0.49124550142926E+07
 0.49124550293047E+07
 0.49124550311954E+07
 0.49124550299456E+07
 0.49124550308507E+07
 0.49124550303458E+07
 0.49124550381350E+07
 0.49124550357207E+07
 0.49124550447123E+07
 0.49124550405530E+07
 0.49124550422606E+07
 0.49124550498624E+07
 0.49124550531073E+07
 0.49124550386680E+07
 0.49124550438833E+07
 0.49124549933716E+07
 0.49124550051762E+07
 0.49124550361598E+07
 0.49124550099039E+07
 0.49124550234266E+07
 0.49124550169857E+07
 0.49124549846382E+07
 0.49124550133349E+07
 0.49124550216623E+07
 0.49124550299036E+07
 0.49124550103392E+07
 0.49124549910535E+07
 0.49124549869408E+07
 0.49124550191651E+07
 0.49124549936667E+07
 0.49124550212282E+07
 0.49124550144754E+07
 0.49124550025896E+07
 0.49124550002293E+07
 0.49124550259827E+07
 0.49124550274462E+07
 0.49124550246516E+07
 0.49124549808122E+07
 0.49124549909305E+07
 0.49124550184524E+07
 0.49124550230974E+07
 0.49124550346918E+07
 0.49124550227980E+07
 0.49124550301718E+07
 0.49124550024796E+07
 0.49124550116541E+07
 0.49124550312258E+07
 0.49124550266699E+07
 0.49124550351664E+07
 0.49124549868007E+07
 0.49124549985974E+07
 0.49124550191818E+07
