 0.10055768359331E+10
-0.65661057657152E+09
-0.12553869165402E+10
-0.18536538310717E+10
-0.24521944955573E+10
-0.30511782167474E+10
-0.36507295425200E+10
-0.42509665046181E+10
-0.48520066731226E+10
-0.54539687493771E+10
-0.60569732344968E+10
-0.66611428580870E+10
-0.72666029405857E+10
-0.78734817432462E+10
-0.84819108262695E+10
-0.90920254249061E+10
-0.97039648497054E+10
-0.10317872915904E+11
-0.10933898406744E+11
-0.11552195575752E+11
-0.12172924693530E+11
-0.12796252645297E+11
-0.13422353586314E+11
-0.14051409663375E+11
-0.14683611811844E+11
-0.15319160639264E+11
-0.15958267408401E+11
-0.16601155134837E+11
-0.17248059816912E+11
-0.17899231819135E+11
-0.18554937434145E+11
-0.19215460653297E+11
-0.19881105181983E+11
-0.20552196743392E+11
-0.21229085723873E+11
-0.21912150224966E+11
-0.22601799602277E+11
-0.23298478590687E+11
-0.24002672140253E+11
-0.24714911119549E+11
-0.25435779085628E+11
-0.26165920376181E+11
-0.26906049854984E+11
-0.27656964744322E+11
-0.28419559119107E+11
-0.29194841834129E+11
-0.29983958934580E+11
-0.30788222001621E+11
-0.31609144474532E+11
-0.32448488875492E+11
-0.33308329220866E+11
-0.34191135043030E+11
-0.35099886922407E+11
-0.36038239270158E+11
-0.37010756313524E+11
-0.38023265935944E+11
-0.39083412209746E+11
-0.40201562317059E+11
-0.41392391797717E+11
-0.42677892530290E+11
-0.44093759025056E+11
-0.45705383628400E+11
-0.47660631970906E+11
-0.50517435138591E+11
-0.84510599219361E+11
-0.18772445949889E+12
-0.32966235000453E+12
-0.50038726616538E+12
-0.69471713834770E+12
-0.90924771502998E+12
-0.11415004370968E+13
-0.13898572042898E+13
-0.16528389257726E+13
-0.19292281028235E+13
-0.22179959197566E+13
-0.25189097521334E+13
-0.28302323795958E+13
-0.31521358662040E+13
-0.34843962918903E+13
-0.38254023234345E+13
-0.41760980691821E+13
-0.45358500167464E+13
-0.49057082982529E+13
-0.52834286577801E+13
-0.56698835369400E+13
-0.60680541236230E+13
-0.64731234322932E+13
-0.68917436726360E+13
-0.73215911646534E+13
-0.77627690885768E+13
-0.82212555093160E+13
-0.86922076831546E+13
-0.91851292136957E+13
-0.96960726134866E+13
-0.10231020325472E+14
-0.10794634316494E+14
-0.11382492450530E+14
-0.11998001727817E+14
-0.12644773574528E+14
-0.13305317136554E+14
-0.13975748473176E+14
-0.14643602057052E+14
-0.15296196222038E+14
-0.15923176010157E+14
-0.16531639572966E+14
-0.17115447792552E+14
-0.17690349507532E+14
-0.18269730929818E+14
-0.18847991127718E+14
-0.19438616532245E+14
-0.20039449424407E+14
-0.20640420421455E+14
-0.21257391997929E+14
-0.21882615792122E+14
-0.22520530498788E+14
-0.23148513299744E+14
-0.23797499248467E+14
-0.24451886576712E+14
-0.25115744344266E+14
-0.25777082941930E+14
-0.26449613675276E+14
-0.27132688295632E+14
-0.27821607747606E+14
-0.28516349218111E+14
-0.29214976465830E+14
-0.29911610606207E+14
-0.30626102010802E+14
-0.31345801216553E+14
-0.32070752632878E+14
-0.32789595568796E+14
-0.33527609946833E+14
-0.34268194601398E+14
-0.35017821247157E+14
-0.35772865360833E+14
-0.36535714220281E+14
-0.37286258797770E+14
-0.38056630286473E+14
-0.38835792619753E+14
-0.39621995384144E+14
-0.40412377775500E+14
-0.41191393351999E+14
-0.41992339287319E+14
-0.42799755589926E+14
-0.43614064999437E+14
-0.44435666512715E+14
-0.45244352005589E+14
-0.46076893680446E+14
-0.46915246634784E+14
-0.47756814703090E+14
-0.48609729077951E+14
-0.49446315217834E+14
-0.50311399035683E+14
-0.51179294256437E+14
-0.52049461852273E+14
-0.52935955072350E+14
-0.53802097999717E+14
-0.54690835585835E+14
-0.55595588041603E+14
-0.56501944060110E+14
-0.57416512325857E+14
-0.58309128576486E+14
-0.59283300996159E+14
-0.60165164432970E+14
-0.61107023365839E+14
-0.62050809653247E+14
-0.63018276734971E+14
-0.63925559587648E+14
-0.64888969182676E+14
-0.65866046242049E+14
-0.66835129158773E+14
-0.67824968780363E+14
-0.68818502372881E+14
-0.69779625157489E+14
-0.70780278654055E+14
-0.71795363949421E+14
-0.72801710552790E+14
-0.73828280285141E+14
-0.74869652299869E+14
-0.75848017524309E+14
-0.76902252865396E+14
-0.77948759976655E+14
-0.78991359989667E+14
-0.80062511537676E+14
-0.81151928569472E+14
-0.82160010216965E+14
-0.83240969332037E+14
-0.84333081375726E+14
-0.85418613388996E+14
-0.86525854771464E+14
-0.87619390645679E+14
-0.88765841077307E+14
-0.89813603472602E+14
-0.90946989230646E+14
-0.92076989396488E+14
-0.93220275234256E+14
-0.94421053797066E+14
-0.95458164374711E+14
-0.96612354946282E+14
-0.97788322285171E+14
-0.98964235918371E+14
-0.10014342830923E+15
