 0.22795559517927E+04
 0.22795559517927E+04
 0.22795559517927E+04
 0.22795559517927E+04
 0.22795559517927E+04
 0.22795559517927E+04
 0.22795559517927E+04
 0.22795559517927E+04
 0.22795559517927E+04
 0.22795559517927E+04
 0.22795559517927E+04
 0.22795559517927E+04
 0.22795559517927E+04
 0.22795559517927E+04
 0.22795559517927E+04
 0.22795559517927E+04
 0.22795559517927E+04
 0.22795559517927E+04
 0.22795559517927E+04
 0.22795559517927E+04
 0.22795559517927E+04
 0.22795559517927E+04
 0.22795559517927E+04
 0.22795559517927E+04
 0.22795559517927E+04
 0.22795559517927E+04
 0.22795559517927E+04
 0.22795559517927E+04
 0.22795559517927E+04
 0.22795559517927E+04
 0.22795559517927E+04
 0.22795559517927E+04
 0.22795559517927E+04
 0.22795559517927E+04
 0.22795559517927E+04
 0.22795559517927E+04
 0.22795559517927E+04
 0.22795559517927E+04
 0.22795559517927E+04
 0.22795559517927E+04
 0.22795559517927E+04
 0.22795559517927E+04
 0.22795559517927E+04
 0.22795559517927E+04
 0.22795559517927E+04
 0.22795559517927E+04
 0.22795559517927E+04
 0.22795559517927E+04
 0.22795559517927E+04
 0.22795559517927E+04
 0.22795559517927E+04
 0.22795559517927E+04
 0.22795559517927E+04
 0.22795559517927E+04
 0.22795559517927E+04
 0.22795559517927E+04
 0.22795559517927E+04
 0.22795559517927E+04
 0.22795559517927E+04
 0.22795559517927E+04
 0.22795559517927E+04
 0.22795559517927E+04
 0.22795559517927E+04
 0.22795559517927E+04
 0.22795559515551E+04
 0.22795559548452E+04
 0.22795559631299E+04
 0.22795559699384E+04
 0.22795559776558E+04
 0.22795559801077E+04
 0.22795559815545E+04
 0.22795559839797E+04
 0.22795559870390E+04
 0.22795560001220E+04
 0.22795560003399E+04
 0.22795559984615E+04
 0.22795560160596E+04
 0.22795560172902E+04
 0.22795560142666E+04
 0.22795560203815E+04
 0.22795560220020E+04
 0.22795560200645E+04
 0.22795560162662E+04
 0.22795560137876E+04
 0.22795560118765E+04
 0.22795560084995E+04
 0.22795560035835E+04
 0.22795559998286E+04
 0.22795559889920E+04
 0.22795559844226E+04
 0.22795559670708E+04
 0.22795559572135E+04
 0.22795559385724E+04
 0.22795559235109E+04
 0.22795559087254E+04
 0.22795558971027E+04
 0.22795558799948E+04
 0.22795558860113E+04
 0.22795558748753E+04
 0.22795558970422E+04
 0.22795559060288E+04
 0.22795559146183E+04
 0.22795558855271E+04
 0.22795559383170E+04
 0.22795559409689E+04
 0.22795559356804E+04
 0.22795559659277E+04
 0.22795559628178E+04
 0.22795559674515E+04
 0.22795559468660E+04
 0.22795559590439E+04
 0.22795559477043E+04
 0.22795562374436E+04
 0.22795562360226E+04
 0.22795562469454E+04
 0.22795562484352E+04
 0.22795562328457E+04
 0.22795571780293E+04
 0.22795571775996E+04
 0.22795571889713E+04
 0.22795571622685E+04
 0.22795571685136E+04
 0.22795571552310E+04
 0.22795568493365E+04
 0.22795568612295E+04
 0.22795568243266E+04
 0.22795568465243E+04
 0.22795568408026E+04
 0.22795568454408E+04
 0.22795568342080E+04
 0.22795568254895E+04
 0.22795568339850E+04
 0.22795568226918E+04
 0.22795568318786E+04
 0.22795568115333E+04
 0.22795568093436E+04
 0.22795568183340E+04
 0.22795568208075E+04
 0.22795568074516E+04
 0.22795568133862E+04
 0.22795568097404E+04
 0.22795567953525E+04
 0.22795567942814E+04
 0.22795567924051E+04
 0.22795567920293E+04
 0.22795568000481E+04
 0.22795564903084E+04
 0.22795573285834E+04
 0.22795562848581E+04
 0.22795562853838E+04
 0.22795562859542E+04
 0.22795571309423E+04
 0.22795562306267E+04
 0.22795562292577E+04
 0.22795562595395E+04
 0.22795562718900E+04
 0.22795562563373E+04
 0.22795562496045E+04
 0.22795559078404E+04
 0.22795567615884E+04
 0.22795562976341E+04
 0.22795562720289E+04
 0.22795562810110E+04
 0.22795562827774E+04
 0.22795562809231E+04
 0.22795562799272E+04
 0.22795562718513E+04
 0.22795562843694E+04
 0.22795562862807E+04
 0.22795562876042E+04
 0.22795562853198E+04
 0.22795562854096E+04
 0.22795562865575E+04
 0.22795557980566E+04
 0.22795557911955E+04
 0.22795561321131E+04
 0.22795561268198E+04
 0.22795561275169E+04
 0.22795561298286E+04
 0.22795561173940E+04
 0.22795557526228E+04
 0.22795557546513E+04
 0.22795557516071E+04
 0.22795563771548E+04
 0.22795557428285E+04
 0.22795557483970E+04
 0.22795557504654E+04
 0.22795557507956E+04
 0.22795557498003E+04
 0.22795557516341E+04
 0.22795557503455E+04
 0.22795557507313E+04
 0.22795557702835E+04
 0.22795557711082E+04
 0.22795557525430E+04
 0.22795557544237E+04
 0.22795557551406E+04
 0.22795563421367E+04
 0.22795556862378E+04
 0.22795556877646E+04
 0.22795564847444E+04
