 0.13989026119801E+04
 0.13989026119801E+04
 0.13989026119801E+04
 0.13989026119801E+04
 0.13989026119801E+04
 0.13989026119801E+04
 0.13989026119801E+04
 0.13989026119801E+04
 0.13989026119801E+04
 0.13989026119801E+04
 0.13989026119801E+04
 0.13989026119801E+04
 0.13989026119801E+04
 0.13989026119801E+04
 0.13989026119801E+04
 0.13989026119801E+04
 0.13989026119801E+04
 0.13989026119801E+04
 0.13989026119801E+04
 0.13989026119801E+04
 0.13989026119801E+04
 0.13989026119801E+04
 0.13989026119801E+04
 0.13989026119801E+04
 0.13989026119801E+04
 0.13989026119801E+04
 0.13989026119801E+04
 0.13989026119801E+04
 0.13989026119801E+04
 0.13989026119801E+04
 0.13989026119801E+04
 0.13989026119801E+04
 0.13989026119801E+04
 0.13989026119801E+04
 0.13989026119801E+04
 0.13989026119801E+04
 0.13989026119801E+04
 0.13989026119801E+04
 0.13989026119801E+04
 0.13989026119801E+04
 0.13989026119801E+04
 0.13989026119801E+04
 0.13989026119801E+04
 0.13989026119801E+04
 0.13989026119801E+04
 0.13989026119801E+04
 0.13989026119801E+04
 0.13989026119801E+04
 0.13989026119801E+04
 0.13989026119801E+04
 0.13989026119801E+04
 0.13989026119801E+04
 0.13989026119801E+04
 0.13989026119801E+04
 0.13989026119801E+04
 0.13989026119801E+04
 0.13989026119801E+04
 0.13989026119801E+04
 0.13989026119801E+04
 0.13989026119801E+04
 0.13989026119801E+04
 0.13989026119801E+04
 0.13989026119801E+04
 0.13989026119801E+04
 0.13989026122311E+04
 0.13989026120775E+04
 0.13989026108944E+04
 0.13989026090712E+04
 0.13989026061012E+04
 0.13989026046807E+04
 0.13989026036111E+04
 0.13989026019671E+04
 0.13989026003737E+04
 0.13989025955228E+04
 0.13989025950439E+04
 0.13989025953766E+04
 0.13989025881067E+04
 0.13989025872450E+04
 0.13989025879861E+04
 0.13989025834757E+04
 0.13989025816269E+04
 0.13989025820292E+04
 0.13989025832609E+04
 0.13989025789972E+04
 0.13989025791118E+04
 0.13989025762734E+04
 0.13989025750364E+04
 0.13989025758062E+04
 0.13989025721233E+04
 0.13989025717858E+04
 0.13989025679584E+04
 0.13989025669415E+04
 0.13989025625484E+04
 0.13989025613997E+04
 0.13989025654076E+04
 0.13989025658837E+04
 0.13989025725651E+04
 0.13989025774619E+04
 0.13989025897248E+04
 0.13989025891783E+04
 0.13989025964695E+04
 0.13989026018920E+04
 0.13989026187158E+04
 0.13989026099049E+04
 0.13989026194255E+04
 0.13989026340599E+04
 0.13989026280654E+04
 0.13989026262399E+04
 0.13989026184265E+04
 0.13989026220415E+04
 0.13989026152581E+04
 0.13989026192505E+04
 0.13989025802234E+04
 0.13989025815793E+04
 0.13989025766942E+04
 0.13989025755393E+04
 0.13989025793500E+04
 0.13989027216785E+04
 0.13989027219053E+04
 0.13989027162309E+04
 0.13989027124700E+04
 0.13989027050768E+04
 0.13989027082774E+04
 0.13989024590989E+04
 0.13989024536607E+04
 0.13989024583672E+04
 0.13989024475854E+04
 0.13989024472824E+04
 0.13989024446708E+04
 0.13989024480758E+04
 0.13989024442227E+04
 0.13989024380944E+04
 0.13989024406387E+04
 0.13989024368909E+04
 0.13989024381472E+04
 0.13989024370748E+04
 0.13989024321514E+04
 0.13989024304790E+04
 0.13989024357539E+04
 0.13989024265071E+04
 0.13989024261406E+04
 0.13989024313073E+04
 0.13989024321482E+04
 0.13989024266250E+04
 0.13989024253936E+04
 0.13989024218619E+04
 0.13989024536471E+04
 0.13989025975449E+04
 0.13989024165614E+04
 0.13989024170012E+04
 0.13989024180448E+04
 0.13989024504430E+04
 0.13989024159449E+04
 0.13989024187850E+04
 0.13989024212457E+04
 0.13989024285735E+04
 0.13989024285248E+04
 0.13989024259139E+04
 0.13989024494780E+04
 0.13989025932534E+04
 0.13989025526481E+04
 0.13989025485939E+04
 0.13989025400095E+04
 0.13989025390038E+04
 0.13989025505188E+04
 0.13989025524460E+04
 0.13989025459485E+04
 0.13989025394195E+04
 0.13989025404090E+04
 0.13989025405917E+04
 0.13989025403941E+04
 0.13989025405610E+04
 0.13989025401556E+04
 0.13989025236585E+04
 0.13989025205132E+04
 0.13989024524804E+04
 0.13989024485173E+04
 0.13989024484898E+04
 0.13989024600635E+04
 0.13989024577072E+04
 0.13989024912857E+04
 0.13989024912896E+04
 0.13989024973443E+04
 0.13989024894098E+04
 0.13989025036330E+04
 0.13989024949471E+04
 0.13989024947114E+04
 0.13989024948214E+04
 0.13989024970034E+04
 0.13989024976559E+04
 0.13989024943702E+04
 0.13989024959842E+04
 0.13989025086433E+04
 0.13989025093387E+04
 0.13989024964428E+04
 0.13989024970764E+04
 0.13989024987266E+04
 0.13989025349584E+04
 0.13989024670297E+04
 0.13989024664934E+04
 0.13989026239384E+04
