 0.84538553309284E+02
 0.84538553309284E+02
 0.84538553309284E+02
 0.84538553309284E+02
 0.84538553309284E+02
 0.84538553309284E+02
 0.84538553309284E+02
 0.84538553309284E+02
 0.84538553309284E+02
 0.84538553309284E+02
 0.84538553309284E+02
 0.84538553309284E+02
 0.84538553309284E+02
 0.84538553309284E+02
 0.84538553309284E+02
 0.84538553309284E+02
 0.84538553309284E+02
 0.84538553309284E+02
 0.84538553309284E+02
 0.84538553309284E+02
 0.84538553309284E+02
 0.84538553309284E+02
 0.84538553309284E+02
 0.84538553309284E+02
 0.84538553309284E+02
 0.84538553309284E+02
 0.84538553309284E+02
 0.84538553309284E+02
 0.84538553309284E+02
 0.84538553309284E+02
 0.84538553309284E+02
 0.84538553309284E+02
 0.84538553309284E+02
 0.84538553309284E+02
 0.84538553309284E+02
 0.84538553309284E+02
 0.84538553309284E+02
 0.84538553309284E+02
 0.84538553309284E+02
 0.84538553309284E+02
 0.84538553309284E+02
 0.84538553309284E+02
 0.84538553309284E+02
 0.84538553309284E+02
 0.84538553309284E+02
 0.84538553309284E+02
 0.84538553309284E+02
 0.84538553309284E+02
 0.84538553309284E+02
 0.84538553309284E+02
 0.84538553309284E+02
 0.84538553309284E+02
 0.84538553309284E+02
 0.84538553309284E+02
 0.84538553309284E+02
 0.84538553309284E+02
 0.84538553309284E+02
 0.84538553309284E+02
 0.84538553309284E+02
 0.84538553309284E+02
 0.84538553309284E+02
 0.84538553309284E+02
 0.84538553309284E+02
 0.84538553309284E+02
 0.84538553331849E+02
 0.84538553375885E+02
 0.84538553401084E+02
 0.84538553399770E+02
 0.84538553411169E+02
 0.84538553423030E+02
 0.84538553432929E+02
 0.84538553478651E+02
 0.84538553542262E+02
 0.84538553753052E+02
 0.84538553776451E+02
 0.84538553777072E+02
 0.84538553992824E+02
 0.84538554016591E+02
 0.84538554010258E+02
 0.84538553995597E+02
 0.84538553970413E+02
 0.84538553951528E+02
 0.84538553927133E+02
 0.84538553725269E+02
 0.84538553683909E+02
 0.84538553508385E+02
 0.84538553355621E+02
 0.84538553285929E+02
 0.84538552967957E+02
 0.84538552857555E+02
 0.84538552519347E+02
 0.84538552351016E+02
 0.84538552099865E+02
 0.84538551915223E+02
 0.84538551717449E+02
 0.84538551602964E+02
 0.84538551405501E+02
 0.84538551477800E+02
 0.84538551295125E+02
 0.84538551703323E+02
 0.84538551855559E+02
 0.84538552061638E+02
 0.84538551647700E+02
 0.84538552538609E+02
 0.84538552595451E+02
 0.84538552461429E+02
 0.84538552955871E+02
 0.84538553022896E+02
 0.84538553228973E+02
 0.84538553022707E+02
 0.84538553295031E+02
 0.84538553146758E+02
 0.84538558963047E+02
 0.84538558956620E+02
 0.84538559118056E+02
 0.84538559158327E+02
 0.84538558955922E+02
 0.84538556512086E+02
 0.84538556532631E+02
 0.84538556719466E+02
 0.84538556526369E+02
 0.84538556688531E+02
 0.84538556522918E+02
 0.84538574354767E+02
 0.84538574550838E+02
 0.84538574100576E+02
 0.84538574503828E+02
 0.84538574433071E+02
 0.84538574527886E+02
 0.84538574353959E+02
 0.84538574354367E+02
 0.84538574521872E+02
 0.84538574352015E+02
 0.84538574510698E+02
 0.84538574279119E+02
 0.84538574298057E+02
 0.84538574454832E+02
 0.84538574497963E+02
 0.84538574287680E+02
 0.84538574489207E+02
 0.84538574442500E+02
 0.84538574239104E+02
 0.84538574210724E+02
 0.84538574286957E+02
 0.84538574299438E+02
 0.84538574427964E+02
 0.84538568851019E+02
 0.84538564767866E+02
 0.84538569998677E+02
 0.84538569994998E+02
 0.84538569977094E+02
 0.84538574998118E+02
 0.84538569364670E+02
 0.84538569298524E+02
 0.84538569534556E+02
 0.84538569537069E+02
 0.84538569379557E+02
 0.84538569384573E+02
 0.84538563745757E+02
 0.84538560593212E+02
 0.84538558489521E+02
 0.84538558326416E+02
 0.84538558553344E+02
 0.84538558585444E+02
 0.84538558390840E+02
 0.84538558345950E+02
 0.84538558359591E+02
 0.84538558592110E+02
 0.84538558583749E+02
 0.84538558602553E+02
 0.84538558584266E+02
 0.84538558581807E+02
 0.84538558592287E+02
 0.84538555871928E+02
 0.84538555852863E+02
 0.84538566565796E+02
 0.84538566579616E+02
 0.84538566589078E+02
 0.84538566419308E+02
 0.84538566362001E+02
 0.84538558571116E+02
 0.84538558594649E+02
 0.84538558459427E+02
 0.84538565594539E+02
 0.84538557396480E+02
 0.84538557586424E+02
 0.84538557604119E+02
 0.84538557606362E+02
 0.84538557567840E+02
 0.84538557576142E+02
 0.84538557606935E+02
 0.84538557573394E+02
 0.84538557552648E+02
 0.84538557549939E+02
 0.84538557589290E+02
 0.84538557608530E+02
 0.84538557565676E+02
 0.84538562305235E+02
 0.84538559988301E+02
 0.84538560010923E+02
 0.84538555814117E+02
