 0.13775824042486E+03
 0.13775824042486E+03
 0.13775824042486E+03
 0.13775824042486E+03
 0.13775824042486E+03
 0.13775824042486E+03
 0.13775824042486E+03
 0.13775824042486E+03
 0.13775824042486E+03
 0.13775824042486E+03
 0.13775824042486E+03
 0.13775824042486E+03
 0.13775824042486E+03
 0.13775824042486E+03
 0.13775824042486E+03
 0.13775824042486E+03
 0.13775824042486E+03
 0.13775824042486E+03
 0.13775824042486E+03
 0.13775824042486E+03
 0.13775824042486E+03
 0.13775824042486E+03
 0.13775824042486E+03
 0.13775824042486E+03
 0.13775824042486E+03
 0.13775824042486E+03
 0.13775824042486E+03
 0.13775824042486E+03
 0.13775824042486E+03
 0.13775824042486E+03
 0.13775824042486E+03
 0.13775824042486E+03
 0.13775824042486E+03
 0.13775824042486E+03
 0.13775824042486E+03
 0.13775824042486E+03
 0.13775824042486E+03
 0.13775824042486E+03
 0.13775824042486E+03
 0.13775824042486E+03
 0.13775824042486E+03
 0.13775824042486E+03
 0.13775824042486E+03
 0.13775824042486E+03
 0.13775824042486E+03
 0.13775824042486E+03
 0.13775824042486E+03
 0.13775824042486E+03
 0.13775824042486E+03
 0.13775824042486E+03
 0.13775824042486E+03
 0.13775824042486E+03
 0.13775824042486E+03
 0.13775824042486E+03
 0.13775824042486E+03
 0.13775824042486E+03
 0.13775824042486E+03
 0.13775824042486E+03
 0.13775824042486E+03
 0.13775824042486E+03
 0.13775824042486E+03
 0.13775824042486E+03
 0.13775824042486E+03
 0.13775824042486E+03
 0.13775824042256E+03
 0.13775824070827E+03
 0.13775824136650E+03
 0.13775824195535E+03
 0.13775824273278E+03
 0.13775824304017E+03
 0.13775824324906E+03
 0.13775824363202E+03
 0.13775824407747E+03
 0.13775824568928E+03
 0.13775824578774E+03
 0.13775824564247E+03
 0.13775824777345E+03
 0.13775824797140E+03
 0.13775824770538E+03
 0.13775824849519E+03
 0.13775824873415E+03
 0.13775824854667E+03
 0.13775824815609E+03
 0.13775824809722E+03
 0.13775824790306E+03
 0.13775824769247E+03
 0.13775824726826E+03
 0.13775824685198E+03
 0.13775824604162E+03
 0.13775824561882E+03
 0.13775824439600E+03
 0.13775824362615E+03
 0.13775824252298E+03
 0.13775824142502E+03
 0.13775823981455E+03
 0.13775823887871E+03
 0.13775823686513E+03
 0.13775823686431E+03
 0.13775823468606E+03
 0.13775823674464E+03
 0.13775823681778E+03
 0.13775823713870E+03
 0.13775823304938E+03
 0.13775823855901E+03
 0.13775823787435E+03
 0.13775823589523E+03
 0.13775823911915E+03
 0.13775823922020E+03
 0.13775824060547E+03
 0.13775823866934E+03
 0.13775824051704E+03
 0.13775823919699E+03
 0.13775827002759E+03
 0.13775826979772E+03
 0.13775827120194E+03
 0.13775827147132E+03
 0.13775826982413E+03
 0.13775830894527E+03
 0.13775830893044E+03
 0.13775831048091E+03
 0.13775830892290E+03
 0.13775831029260E+03
 0.13775830890485E+03
 0.13775834401469E+03
 0.13775834558845E+03
 0.13775834216114E+03
 0.13775834522145E+03
 0.13775834479022E+03
 0.13775834548220E+03
 0.13775834418464E+03
 0.13775834403787E+03
 0.13775834542771E+03
 0.13775834421790E+03
 0.13775834540073E+03
 0.13775834367014E+03
 0.13775834367428E+03
 0.13775834495789E+03
 0.13775834534235E+03
 0.13775834367311E+03
 0.13775834527073E+03
 0.13775834501039E+03
 0.13775834330067E+03
 0.13775834310688E+03
 0.13775834366162E+03
 0.13775834378051E+03
 0.13775834482233E+03
 0.13775831388622E+03
 0.13775834372080E+03
 0.13775830699263E+03
 0.13775830697510E+03
 0.13775830687762E+03
 0.13775836293348E+03
 0.13775830274289E+03
 0.13775830227269E+03
 0.13775830424499E+03
 0.13775830427384E+03
 0.13775830308208E+03
 0.13775830294049E+03
 0.13775827077785E+03
 0.13775830307600E+03
 0.13775827560891E+03
 0.13775827419499E+03
 0.13775827595293E+03
 0.13775827621103E+03
 0.13775827464790E+03
 0.13775827432479E+03
 0.13775827449882E+03
 0.13775827627717E+03
 0.13775827628160E+03
 0.13775827637424E+03
 0.13775827622584E+03
 0.13775827621082E+03
 0.13775827633720E+03
 0.13775824400774E+03
 0.13775824387177E+03
 0.13775828863079E+03
 0.13775828872369E+03
 0.13775828878394E+03
 0.13775828750727E+03
 0.13775828689448E+03
 0.13775824884843E+03
 0.13775824900898E+03
 0.13775824800842E+03
 0.13775829821982E+03
 0.13775824512652E+03
 0.13775824662792E+03
 0.13775824680495E+03
 0.13775824681773E+03
 0.13775824647993E+03
 0.13775824654002E+03
 0.13775824683590E+03
 0.13775824664561E+03
 0.13775824654678E+03
 0.13775824652372E+03
 0.13775824673585E+03
 0.13775824681845E+03
 0.13775824662944E+03
 0.13775828625813E+03
 0.13775824953463E+03
 0.13775824971657E+03
 0.13775827553633E+03
