 0.42483898521978E+14
 0.42483898521978E+14
 0.42483898521978E+14
 0.42483898521978E+14
 0.42483898521978E+14
 0.42483898521978E+14
 0.42483898521978E+14
 0.42483898521978E+14
 0.42483898521978E+14
 0.42483898521978E+14
 0.42483898521978E+14
 0.42483898521978E+14
 0.42483898521978E+14
 0.42483898521978E+14
 0.42483898521978E+14
 0.42483898521978E+14
 0.42483898521978E+14
 0.42483898521978E+14
 0.42483898521978E+14
 0.42483898521978E+14
 0.42483898521978E+14
 0.42483898521978E+14
 0.42483898521978E+14
 0.42483898521978E+14
 0.42483898521978E+14
 0.42483898521978E+14
 0.42483898521978E+14
 0.42483898521978E+14
 0.42483898521978E+14
 0.42483898521978E+14
 0.42483898521978E+14
 0.42483898521978E+14
 0.42483898521978E+14
 0.42483898521978E+14
 0.42483898521978E+14
 0.42483898521978E+14
 0.42483898521978E+14
 0.42483898521978E+14
 0.42483898521978E+14
 0.42483898521978E+14
 0.42483898521978E+14
 0.42483898521978E+14
 0.42483898521978E+14
 0.42483898521978E+14
 0.42483898521978E+14
 0.42483898521978E+14
 0.42483898521978E+14
 0.42483898521978E+14
 0.42483898521978E+14
 0.42483898521978E+14
 0.42483898521978E+14
 0.42483898521978E+14
 0.42483898521978E+14
 0.42483898521978E+14
 0.42483898521978E+14
 0.42483898521978E+14
 0.42483898521978E+14
 0.42483898521978E+14
 0.42483898521978E+14
 0.42483898521978E+14
 0.42483898521978E+14
 0.42483898521978E+14
 0.42483898521978E+14
 0.42483898521978E+14
 0.42483898523140E+14
 0.42483898528934E+14
 0.42483898538429E+14
 0.42483898543182E+14
 0.42483898542479E+14
 0.42483898537535E+14
 0.42483898532664E+14
 0.42483898521263E+14
 0.42483898509206E+14
 0.42483898479996E+14
 0.42483898472964E+14
 0.42483898469358E+14
 0.42483898427466E+14
 0.42483898418222E+14
 0.42483898414319E+14
 0.42483898391632E+14
 0.42483898380755E+14
 0.42483898378914E+14
 0.42483898378884E+14
 0.42483898359320E+14
 0.42483898358957E+14
 0.42483898349525E+14
 0.42483898344440E+14
 0.42483898348344E+14
 0.42483898335097E+14
 0.42483898335634E+14
 0.42483898324242E+14
 0.42483898322320E+14
 0.42483898308501E+14
 0.42483898307310E+14
 0.42483898330975E+14
 0.42483898330277E+14
 0.42483898365882E+14
 0.42483898377413E+14
 0.42483898428091E+14
 0.42483898415366E+14
 0.42483898439872E+14
 0.42483898458710E+14
 0.42483898542907E+14
 0.42483898486956E+14
 0.42483898528223E+14
 0.42483898598430E+14
 0.42483898565950E+14
 0.42483898566173E+14
 0.42483898536981E+14
 0.42483898562288E+14
 0.42483898531563E+14
 0.42483898553099E+14
 0.42483898560527E+14
 0.42483898565996E+14
 0.42483898541482E+14
 0.42483898534997E+14
 0.42483898553749E+14
 0.42483896991496E+14
 0.42483896990683E+14
 0.42483896962369E+14
 0.42483896941211E+14
 0.42483896904697E+14
 0.42483896919577E+14
 0.42483898679533E+14
 0.42483898652604E+14
 0.42483898678600E+14
 0.42483898620467E+14
 0.42483898619856E+14
 0.42483898606127E+14
 0.42483898624540E+14
 0.42483898602077E+14
 0.42483898571370E+14
 0.42483898585515E+14
 0.42483898565509E+14
 0.42483898572208E+14
 0.42483898565060E+14
 0.42483898539584E+14
 0.42483898531210E+14
 0.42483898557826E+14
 0.42483898509509E+14
 0.42483898508109E+14
 0.42483898534365E+14
 0.42483898539171E+14
 0.42483898508146E+14
 0.42483898500658E+14
 0.42483898482946E+14
 0.42483898555130E+14
 0.42483896959470E+14
 0.42483898878097E+14
 0.42483898880218E+14
 0.42483898885859E+14
 0.42483898021372E+14
 0.42483898906983E+14
 0.42483898922243E+14
 0.42483898935277E+14
 0.42483898973540E+14
 0.42483898972716E+14
 0.42483898955917E+14
 0.42483899035178E+14
 0.42483897638926E+14
 0.42483898088460E+14
 0.42483898065243E+14
 0.42483898019218E+14
 0.42483898014177E+14
 0.42483898074229E+14
 0.42483898085066E+14
 0.42483898048324E+14
 0.42483898014775E+14
 0.42483898019982E+14
 0.42483898020894E+14
 0.42483898018148E+14
 0.42483898018669E+14
 0.42483898016805E+14
 0.42483898699686E+14
 0.42483898683158E+14
 0.42483899001923E+14
 0.42483898980008E+14
 0.42483898979267E+14
 0.42483899040723E+14
 0.42483899027883E+14
 0.42483898921830E+14
 0.42483898920521E+14
 0.42483898954488E+14
 0.42483898535652E+14
 0.42483898860386E+14
 0.42483898814643E+14
 0.42483898812481E+14
 0.42483898812594E+14
 0.42483898823094E+14
 0.42483898827116E+14
 0.42483898807608E+14
 0.42483898817709E+14
 0.42483898883288E+14
 0.42483898886357E+14
 0.42483898820206E+14
 0.42483898822449E+14
 0.42483898827854E+14
 0.42483898374817E+14
 0.42483899097806E+14
 0.42483899093906E+14
 0.42483897714542E+14
