 0.27853723449452E+03
 0.27853723449452E+03
 0.27853723449452E+03
 0.27853723449452E+03
 0.27853723449452E+03
 0.27853723449452E+03
 0.27853723449452E+03
 0.27853723449452E+03
 0.27853723449452E+03
 0.27853723449452E+03
 0.27853723449452E+03
 0.27853723449452E+03
 0.27853723449452E+03
 0.27853723449452E+03
 0.27853723449452E+03
 0.27853723449452E+03
 0.27853723449452E+03
 0.27853723449452E+03
 0.27853723449452E+03
 0.27853723449452E+03
 0.27853723449452E+03
 0.27853723449452E+03
 0.27853723449452E+03
 0.27853723449452E+03
 0.27853723449452E+03
 0.27853723449452E+03
 0.27853723449452E+03
 0.27853723449452E+03
 0.27853723449452E+03
 0.27853723449452E+03
 0.27853723449452E+03
 0.27853723449452E+03
 0.27853723449452E+03
 0.27853723449452E+03
 0.27853723449452E+03
 0.27853723449452E+03
 0.27853723449452E+03
 0.27853723449452E+03
 0.27853723449452E+03
 0.27853723449452E+03
 0.27853723449452E+03
 0.27853723449452E+03
 0.27853723449452E+03
 0.27853723449452E+03
 0.27853723449452E+03
 0.27853723449452E+03
 0.27853723449452E+03
 0.27853723449452E+03
 0.27853723449452E+03
 0.27853723449452E+03
 0.27853723449452E+03
 0.27853723449452E+03
 0.27853723449452E+03
 0.27853723449452E+03
 0.27853723449452E+03
 0.27853723449452E+03
 0.27853723449452E+03
 0.27853723449452E+03
 0.27853723449452E+03
 0.27853723449452E+03
 0.27853723449452E+03
 0.27853723449452E+03
 0.27853723449452E+03
 0.27853723449452E+03
 0.27853723423853E+03
 0.27853723420980E+03
 0.27853723401114E+03
 0.27853723347166E+03
 0.27853723236387E+03
 0.27853723163476E+03
 0.27853723106915E+03
 0.27853722965886E+03
 0.27853722782693E+03
 0.27853722185783E+03
 0.27853722103616E+03
 0.27853722098732E+03
 0.27853721099933E+03
 0.27853720935894E+03
 0.27853720934377E+03
 0.27853720412100E+03
 0.27853720182899E+03
 0.27853720170099E+03
 0.27853720212333E+03
 0.27853719831806E+03
 0.27853719825179E+03
 0.27853719628552E+03
 0.27853719530753E+03
 0.27853719599903E+03
 0.27853719415179E+03
 0.27853719439246E+03
 0.27853719513725E+03
 0.27853719629333E+03
 0.27853719782698E+03
 0.27853720047359E+03
 0.27853720673710E+03
 0.27853720753413E+03
 0.27853721650782E+03
 0.27853721469850E+03
 0.27853722290991E+03
 0.27853721639654E+03
 0.27853721764141E+03
 0.27853721933333E+03
 0.27853723861627E+03
 0.27853722016532E+03
 0.27853722581246E+03
 0.27853723787716E+03
 0.27853722808176E+03
 0.27853723155846E+03
 0.27853722890858E+03
 0.27853723789428E+03
 0.27853723274021E+03
 0.27853723860687E+03
 0.27853717861739E+03
 0.27853717984511E+03
 0.27853717416062E+03
 0.27853717319716E+03
 0.27853717911908E+03
 0.27853722607336E+03
 0.27853722619592E+03
 0.27853722015355E+03
 0.27853722486509E+03
 0.27853721964589E+03
 0.27853722454720E+03
 0.27853702182978E+03
 0.27853701613339E+03
 0.27853702927564E+03
 0.27853701680604E+03
 0.27853701815500E+03
 0.27853701555489E+03
 0.27853702049917E+03
 0.27853702055782E+03
 0.27853701516027E+03
 0.27853701958729E+03
 0.27853701504662E+03
 0.27853702137445E+03
 0.27853702134473E+03
 0.27853701614206E+03
 0.27853701459336E+03
 0.27853702062242E+03
 0.27853701451555E+03
 0.27853701523920E+03
 0.27853702218616E+03
 0.27853702300277E+03
 0.27853702027069E+03
 0.27853701936108E+03
 0.27853701558610E+03
 0.27853706948649E+03
 0.27853713376277E+03
 0.27853705540317E+03
 0.27853705551384E+03
 0.27853705591300E+03
 0.27853701721626E+03
 0.27853706499263E+03
 0.27853706713904E+03
 0.27853706005014E+03
 0.27853706074591E+03
 0.27853706508146E+03
 0.27853706508147E+03
 0.27853711841667E+03
 0.27853717061435E+03
 0.27853718099293E+03
 0.27853718606393E+03
 0.27853717865264E+03
 0.27853717769863E+03
 0.27853718456150E+03
 0.27853718600678E+03
 0.27853718396175E+03
 0.27853717754677E+03
 0.27853717759254E+03
 0.27853717734124E+03
 0.27853717790298E+03
 0.27853717796966E+03
 0.27853717742066E+03
 0.27853719637749E+03
 0.27853719653185E+03
 0.27853709089625E+03
 0.27853709015131E+03
 0.27853709002355E+03
 0.27853709573951E+03
 0.27853709796898E+03
 0.27853717185714E+03
 0.27853717144112E+03
 0.27853717636316E+03
 0.27853711147623E+03
 0.27853718390454E+03
 0.27853717809212E+03
 0.27853717754687E+03
 0.27853717755485E+03
 0.27853717899892E+03
 0.27853717884176E+03
 0.27853717758777E+03
 0.27853717811510E+03
 0.27853717985895E+03
 0.27853718011190E+03
 0.27853717788208E+03
 0.27853717788495E+03
 0.27853717874946E+03
 0.27853714479580E+03
 0.27853715707992E+03
 0.27853715600346E+03
 0.27853721893106E+03
