 0.45388521348825E+03
 0.45388521348825E+03
 0.45388521348825E+03
 0.45388521348825E+03
 0.45388521348825E+03
 0.45388521348825E+03
 0.45388521348825E+03
 0.45388521348825E+03
 0.45388521348825E+03
 0.45388521348825E+03
 0.45388521348825E+03
 0.45388521348825E+03
 0.45388521348825E+03
 0.45388521348825E+03
 0.45388521348825E+03
 0.45388521348825E+03
 0.45388521348825E+03
 0.45388521348825E+03
 0.45388521348825E+03
 0.45388521348825E+03
 0.45388521348825E+03
 0.45388521348825E+03
 0.45388521348825E+03
 0.45388521348825E+03
 0.45388521348825E+03
 0.45388521348825E+03
 0.45388521348825E+03
 0.45388521348825E+03
 0.45388521348825E+03
 0.45388521348825E+03
 0.45388521348825E+03
 0.45388521348825E+03
 0.45388521348825E+03
 0.45388521348825E+03
 0.45388521348825E+03
 0.45388521348825E+03
 0.45388521348825E+03
 0.45388521348825E+03
 0.45388521348825E+03
 0.45388521348825E+03
 0.45388521348825E+03
 0.45388521348825E+03
 0.45388521348825E+03
 0.45388521348825E+03
 0.45388521348825E+03
 0.45388521348825E+03
 0.45388521348825E+03
 0.45388521348825E+03
 0.45388521348825E+03
 0.45388521348825E+03
 0.45388521348825E+03
 0.45388521348825E+03
 0.45388521348825E+03
 0.45388521348825E+03
 0.45388521348825E+03
 0.45388521348825E+03
 0.45388521348825E+03
 0.45388521348825E+03
 0.45388521348825E+03
 0.45388521348825E+03
 0.45388521348825E+03
 0.45388521348825E+03
 0.45388521348825E+03
 0.45388521348825E+03
 0.45388521294237E+03
 0.45388521360048E+03
 0.45388521531020E+03
 0.45388521637832E+03
 0.45388521707339E+03
 0.45388521683438E+03
 0.45388521654780E+03
 0.45388521526597E+03
 0.45388521340693E+03
 0.45388520785896E+03
 0.45388520671879E+03
 0.45388520615725E+03
 0.45388519574428E+03
 0.45388519359582E+03
 0.45388519272861E+03
 0.45388518689891E+03
 0.45388518408655E+03
 0.45388518336165E+03
 0.45388518289396E+03
 0.45388517758300E+03
 0.45388517705734E+03
 0.45388517410178E+03
 0.45388517193062E+03
 0.45388517206005E+03
 0.45388516808716E+03
 0.45388516767903E+03
 0.45388516667958E+03
 0.45388516693069E+03
 0.45388516714355E+03
 0.45388516883008E+03
 0.45388517479231E+03
 0.45388517362239E+03
 0.45388518267112E+03
 0.45388517933189E+03
 0.45388518651655E+03
 0.45388518049380E+03
 0.45388518194601E+03
 0.45388518465396E+03
 0.45388520482509E+03
 0.45388518812850E+03
 0.45388519476971E+03
 0.45388520862827E+03
 0.45388520063388E+03
 0.45388520627235E+03
 0.45388520541204E+03
 0.45388521478279E+03
 0.45388521100977E+03
 0.45388521701647E+03
 0.45388518961472E+03
 0.45388519089245E+03
 0.45388518538926E+03
 0.45388518449063E+03
 0.45388518980012E+03
 0.45388540833065E+03
 0.45388540837121E+03
 0.45388540263032E+03
 0.45388540621136E+03
 0.45388540134874E+03
 0.45388540565242E+03
 0.45388509525877E+03
 0.45388509010884E+03
 0.45388510264973E+03
 0.45388509024815E+03
 0.45388509140539E+03
 0.45388508893929E+03
 0.45388509365480E+03
 0.45388509326458E+03
 0.45388508814903E+03
 0.45388509228887E+03
 0.45388508793492E+03
 0.45388509378774E+03
 0.45388509365124E+03
 0.45388508856085E+03
 0.45388508707232E+03
 0.45388509252609E+03
 0.45388508675659E+03
 0.45388508732878E+03
 0.45388509410795E+03
 0.45388509495251E+03
 0.45388509191894E+03
 0.45388509076143E+03
 0.45388508735249E+03
 0.45388510319933E+03
 0.45388532816070E+03
 0.45388505137541E+03
 0.45388505151775E+03
 0.45388505194314E+03
 0.45388514662023E+03
 0.45388505640369E+03
 0.45388505870726E+03
 0.45388505238673E+03
 0.45388505360207E+03
 0.45388505758607E+03
 0.45388505709264E+03
 0.45388506830945E+03
 0.45388527670892E+03
 0.45388521441737E+03
 0.45388521889787E+03
 0.45388521139463E+03
 0.45388521051807E+03
 0.45388521759596E+03
 0.45388521912753E+03
 0.45388521629523E+03
 0.45388521045273E+03
 0.45388521058680E+03
 0.45388521038156E+03
 0.45388521090619E+03
 0.45388521097857E+03
 0.45388521044407E+03
 0.45388514942143E+03
 0.45388514932733E+03
 0.45388506714510E+03
 0.45388506616309E+03
 0.45388506610262E+03
 0.45388507212206E+03
 0.45388507404372E+03
 0.45388511092196E+03
 0.45388511064667E+03
 0.45388511609666E+03
 0.45388513748934E+03
 0.45388512459723E+03
 0.45388511905271E+03
 0.45388511865250E+03
 0.45388511869556E+03
 0.45388512014256E+03
 0.45388512003988E+03
 0.45388511880598E+03
 0.45388511921842E+03
 0.45388512184581E+03
 0.45388512219658E+03
 0.45388511905068E+03
 0.45388511922420E+03
 0.45388512024028E+03
 0.45388517003352E+03
 0.45388508149409E+03
 0.45388508021796E+03
 0.45388529036381E+03
