-0.11170147485869E+11
-0.17883265909247E+11
-0.37006375589750E+11
-0.68096544411157E+11
-0.11115439748551E+12
-0.16618727100106E+12
-0.23320529433815E+12
-0.31222100322323E+12
-0.40324928502654E+12
-0.50630738829951E+12
-0.62141495278400E+12
-0.74859404988819E+12
-0.88786923093024E+12
-0.10392675824534E+13
-0.12028187886002E+13
-0.13785552008149E+13
-0.15665119153041E+13
-0.17667268587809E+13
-0.19792408831339E+13
-0.22040978697368E+13
-0.24413448442440E+13
-0.26910321028160E+13
-0.29532133508619E+13
-0.32279458555360E+13
-0.35152906134036E+13
-0.38153125348921E+13
-0.41280806473866E+13
-0.44536683191014E+13
-0.47921535061982E+13
-0.51436190259965E+13
-0.55081528595924E+13
-0.58858484877482E+13
-0.62768052645726E+13
-0.66811288343126E+13
-0.70989315975383E+13
-0.75303332341778E+13
-0.79754612923142E+13
-0.84344518534367E+13
-0.89074502870671E+13
-0.93946121104838E+13
-0.98961039728024E+13
-0.10412104787188E+14
-0.10942807040811E+14
-0.11488418319749E+14
-0.12049163096036E+14
-0.12625284837431E+14
-0.13217048518494E+14
-0.13824743636366E+14
-0.14448687869144E+14
-0.15089231563853E+14
-0.15746763312062E+14
-0.16421716976625E+14
-0.17114580693339E+14
-0.17825908622437E+14
-0.18556336631907E+14
-0.19306603780946E+14
-0.20077582685146E+14
-0.20870324115245E+14
-0.21686125738725E+14
-0.22526644919248E+14
-0.23394100223028E+14
-0.24291678551567E+14
-0.25224539114072E+14
-0.26203563579417E+14
-0.27257417847597E+14
-0.28330545709231E+14
-0.29405501617736E+14
-0.30482389240828E+14
-0.31561530064725E+14
-0.32643350114479E+14
-0.33727913738934E+14
-0.34815964134097E+14
-0.35907676715314E+14
-0.37003437544196E+14
-0.38103755748484E+14
-0.39208901717497E+14
-0.40319021832302E+14
-0.41435118042542E+14
-0.42556397993672E+14
-0.43683960569761E+14
-0.44818915925828E+14
-0.45961584701333E+14
-0.47111632890993E+14
-0.48269487130740E+14
-0.49437390773801E+14
-0.50614801454501E+14
-0.51801692180116E+14
-0.52999298256710E+14
-0.54207665950568E+14
-0.55428660102636E+14
-0.56661529688940E+14
-0.57904690882008E+14
-0.59158875485539E+14
-0.60423528115692E+14
-0.61694714171945E+14
-0.62971810729810E+14
-0.64243869635579E+14
-0.65509864152953E+14
-0.66763210931349E+14
-0.67993111049118E+14
-0.69191129219611E+14
-0.70362923718550E+14
-0.71514580401606E+14
-0.72653755038751E+14
-0.73800582927589E+14
-0.74958781544813E+14
-0.76136363926207E+14
-0.77340617922193E+14
-0.78557583799310E+14
-0.79787157451512E+14
-0.81037349386662E+14
-0.82288461409673E+14
-0.83547318738934E+14
-0.84821806405286E+14
-0.86098256027977E+14
-0.87374601127696E+14
-0.88662897874551E+14
-0.89956352764356E+14
-0.91263758866001E+14
-0.92564522252664E+14
-0.93869105800020E+14
-0.95184230242251E+14
-0.96504583610415E+14
-0.97838040750073E+14
-0.99167327998843E+14
-0.10049639510153E+15
-0.10183797149379E+15
-0.10318483913635E+15
-0.10454680542511E+15
-0.10590032679602E+15
-0.10726548175547E+15
-0.10862541088184E+15
-0.10999924385299E+15
-0.11139179742409E+15
-0.11278139994056E+15
-0.11416326138941E+15
-0.11554922792922E+15
-0.11695032490042E+15
-0.11837520607118E+15
-0.11979102159220E+15
-0.12119874044521E+15
-0.12261088438766E+15
-0.12403935483393E+15
-0.12548792162055E+15
-0.12693882988089E+15
-0.12837230200252E+15
-0.12981052800095E+15
-0.13126679191878E+15
-0.13274096402120E+15
-0.13422047018901E+15
-0.13568251585871E+15
-0.13714690342465E+15
-0.13863059563756E+15
-0.14011849148122E+15
-0.14163960593557E+15
-0.14312901357249E+15
-0.14461788700364E+15
-0.14612866951869E+15
-0.14764322088701E+15
-0.14919269814571E+15
-0.15070697670447E+15
-0.15223540387413E+15
-0.15375814247930E+15
-0.15529973837620E+15
-0.15687154027755E+15
-0.15844348232560E+15
-0.15997287695946E+15
-0.16151650871999E+15
-0.16308402249828E+15
-0.16465432321961E+15
-0.16626339361771E+15
-0.16786454623634E+15
-0.16942558830556E+15
-0.17099207844478E+15
-0.17258772607361E+15
-0.17418789613006E+15
-0.17583425696650E+15
-0.17746454819103E+15
-0.17902086489543E+15
-0.18064171722453E+15
-0.18226607377600E+15
-0.18389357501768E+15
-0.18557646311467E+15
-0.18723585194781E+15
-0.18881042819306E+15
-0.19045818651294E+15
-0.19211030710838E+15
-0.19376422962203E+15
-0.19547928202526E+15
-0.19713609131079E+15
-0.19881228648874E+15
-0.20043579946385E+15
-0.20211444095936E+15
-0.20379417126651E+15
-0.20554039968916E+15
-0.20723594318301E+15
-0.20890434798972E+15
-0.21056786816377E+15
-0.21227150269284E+15
-0.21397745488861E+15
-0.21574993485116E+15
