 0.21709478979659E+08
 0.21709478979659E+08
 0.21709478979659E+08
 0.21709478979659E+08
 0.21709478979659E+08
 0.21709478979659E+08
 0.21709478979659E+08
 0.21709478979659E+08
 0.21709478979659E+08
 0.21709478979659E+08
 0.21709478979659E+08
 0.21709478979659E+08
 0.21709478979659E+08
 0.21709478979659E+08
 0.21709478979659E+08
 0.21709478979659E+08
 0.21709478979659E+08
 0.21709478979659E+08
 0.21709478979659E+08
 0.21709478979659E+08
 0.21709478979659E+08
 0.21709478979659E+08
 0.21709478979659E+08
 0.21709478979659E+08
 0.21709478979659E+08
 0.21709478979659E+08
 0.21709478979659E+08
 0.21709478979659E+08
 0.21709478979659E+08
 0.21709478979659E+08
 0.21709478979659E+08
 0.21709478979659E+08
 0.21709478979659E+08
 0.21709478979659E+08
 0.21709478979659E+08
 0.21709478979659E+08
 0.21709478979659E+08
 0.21709478979659E+08
 0.21709478979659E+08
 0.21709478979659E+08
 0.21709478979659E+08
 0.21709478979659E+08
 0.21709478979659E+08
 0.21709478979659E+08
 0.21709478979659E+08
 0.21709478979659E+08
 0.21709478979659E+08
 0.21709478979659E+08
 0.21709478979659E+08
 0.21709478979659E+08
 0.21709478979659E+08
 0.21709478979659E+08
 0.21709478979659E+08
 0.21709478979659E+08
 0.21709478979659E+08
 0.21709478979659E+08
 0.21709478979659E+08
 0.21709478979659E+08
 0.21709478979659E+08
 0.21709478979659E+08
 0.21709478979659E+08
 0.21709478979659E+08
 0.21709478979659E+08
 0.21709478979659E+08
 0.21709478972462E+08
 0.21709478980192E+08
 0.21709479021763E+08
 0.21709479080782E+08
 0.21709479172605E+08
 0.21709479214167E+08
 0.21709479244876E+08
 0.21709479290076E+08
 0.21709479333372E+08
 0.21709479469006E+08
 0.21709479480275E+08
 0.21709479468107E+08
 0.21709479672342E+08
 0.21709479694365E+08
 0.21709479669367E+08
 0.21709479797767E+08
 0.21709479849594E+08
 0.21709479836167E+08
 0.21709479797921E+08
 0.21709479920259E+08
 0.21709479916517E+08
 0.21709479999796E+08
 0.21709480035590E+08
 0.21709480013693E+08
 0.21709480121233E+08
 0.21709480131983E+08
 0.21709480244955E+08
 0.21709480275535E+08
 0.21709480404828E+08
 0.21709480439872E+08
 0.21709480327567E+08
 0.21709480312432E+08
 0.21709480123252E+08
 0.21709479977156E+08
 0.21709479622439E+08
 0.21709479632898E+08
 0.21709479419118E+08
 0.21709479260443E+08
 0.21709478781291E+08
 0.21709479026172E+08
 0.21709478751762E+08
 0.21709478333417E+08
 0.21709478502874E+08
 0.21709478559649E+08
 0.21709478787242E+08
 0.21709478687973E+08
 0.21709478882816E+08
 0.21709478769905E+08
 0.21709479985018E+08
 0.21709479945729E+08
 0.21709480084825E+08
 0.21709480117356E+08
 0.21709480008664E+08
 0.21709474792772E+08
 0.21709474785315E+08
 0.21709474946970E+08
 0.21709475052888E+08
 0.21709475263698E+08
 0.21709475171961E+08
 0.21709483805277E+08
 0.21709483960309E+08
 0.21709483827513E+08
 0.21709484132449E+08
 0.21709484141543E+08
 0.21709484215585E+08
 0.21709484119311E+08
 0.21709484227422E+08
 0.21709484401941E+08
 0.21709484330199E+08
 0.21709484436302E+08
 0.21709484400732E+08
 0.21709484430364E+08
 0.21709484570157E+08
 0.21709484617786E+08
 0.21709484467666E+08
 0.21709484729975E+08
 0.21709484740635E+08
 0.21709484593690E+08
 0.21709484570045E+08
 0.21709484725619E+08
 0.21709484760014E+08
 0.21709484860580E+08
 0.21709483910920E+08
 0.21709478629247E+08
 0.21709485227020E+08
 0.21709485214454E+08
 0.21709485184944E+08
 0.21709483737616E+08
 0.21709485260915E+08
 0.21709485180562E+08
 0.21709485110848E+08
 0.21709484902961E+08
 0.21709484904051E+08
 0.21709484976505E+08
 0.21709484285628E+08
 0.21709479109652E+08
 0.21709480599669E+08
 0.21709480713640E+08
 0.21709480956561E+08
 0.21709480985200E+08
 0.21709480658484E+08
 0.21709480604206E+08
 0.21709480787099E+08
 0.21709480972604E+08
 0.21709480944550E+08
 0.21709480939348E+08
 0.21709480944077E+08
 0.21709480939162E+08
 0.21709480950793E+08
 0.21709481811784E+08
 0.21709481900960E+08
 0.21709484175446E+08
 0.21709484287254E+08
 0.21709484287728E+08
 0.21709483959910E+08
 0.21709484026483E+08
 0.21709482930084E+08
 0.21709482929293E+08
 0.21709482758725E+08
 0.21709482790970E+08
 0.21709482515450E+08
 0.21709482761669E+08
 0.21709482767879E+08
 0.21709482764522E+08
 0.21709482702162E+08
 0.21709482683966E+08
 0.21709482775979E+08
 0.21709482731044E+08
 0.21709482371646E+08
 0.21709482351630E+08
 0.21709482718089E+08
 0.21709482699566E+08
 0.21709482651111E+08
 0.21709481295050E+08
 0.21709483772863E+08
 0.21709483787515E+08
 0.21709478195897E+08
