 0.81756793464450E+07
 0.81756793464450E+07
 0.81756793464450E+07
 0.81756793464450E+07
 0.81756793464450E+07
 0.81756793464450E+07
 0.81756793464450E+07
 0.81756793464450E+07
 0.81756793464450E+07
 0.81756793464450E+07
 0.81756793464450E+07
 0.81756793464450E+07
 0.81756793464450E+07
 0.81756793464450E+07
 0.81756793464450E+07
 0.81756793464450E+07
 0.81756793464450E+07
 0.81756793464450E+07
 0.81756793464450E+07
 0.81756793464450E+07
 0.81756793464450E+07
 0.81756793464450E+07
 0.81756793464450E+07
 0.81756793464450E+07
 0.81756793464450E+07
 0.81756793464450E+07
 0.81756793464450E+07
 0.81756793464450E+07
 0.81756793464450E+07
 0.81756793464450E+07
 0.81756793464450E+07
 0.81756793464450E+07
 0.81756793464450E+07
 0.81756793464450E+07
 0.81756793464450E+07
 0.81756793464450E+07
 0.81756793464450E+07
 0.81756793464450E+07
 0.81756793464450E+07
 0.81756793464450E+07
 0.81756793464450E+07
 0.81756793464450E+07
 0.81756793464450E+07
 0.81756793464450E+07
 0.81756793464450E+07
 0.81756793464450E+07
 0.81756793464450E+07
 0.81756793464450E+07
 0.81756793464450E+07
 0.81756793464450E+07
 0.81756793464450E+07
 0.81756793464450E+07
 0.81756793464450E+07
 0.81756793464450E+07
 0.81756793464450E+07
 0.81756793464450E+07
 0.81756793464450E+07
 0.81756793464450E+07
 0.81756793464450E+07
 0.81756793464450E+07
 0.81756793464450E+07
 0.81756793464450E+07
 0.81756793464450E+07
 0.81756793464450E+07
 0.81756793483729E+07
 0.81756793258880E+07
 0.81756792682884E+07
 0.81756792203657E+07
 0.81756791648733E+07
 0.81756791463339E+07
 0.81756791350186E+07
 0.81756791154287E+07
 0.81756790911642E+07
 0.81756789916982E+07
 0.81756789887814E+07
 0.81756790015618E+07
 0.81756788672674E+07
 0.81756788566614E+07
 0.81756788775989E+07
 0.81756788293709E+07
 0.81756788156535E+07
 0.81756788291972E+07
 0.81756788564362E+07
 0.81756788704508E+07
 0.81756788840888E+07
 0.81756789064974E+07
 0.81756789407812E+07
 0.81756789684666E+07
 0.81756790436495E+07
 0.81756790765288E+07
 0.81756791988017E+07
 0.81756792691387E+07
 0.81756794001933E+07
 0.81756795080005E+07
 0.81756796186116E+07
 0.81756797018475E+07
 0.81756798314150E+07
 0.81756797904776E+07
 0.81756798801096E+07
 0.81756797186561E+07
 0.81756796589108E+07
 0.81756796009230E+07
 0.81756798257991E+07
 0.81756794363674E+07
 0.81756794252865E+07
 0.81756794767318E+07
 0.81756792535161E+07
 0.81756792758668E+07
 0.81756792370110E+07
 0.81756793895419E+07
 0.81756792962766E+07
 0.81756793817605E+07
 0.81756773048769E+07
 0.81756773161226E+07
 0.81756772330553E+07
 0.81756772211205E+07
 0.81756773365539E+07
 0.81756702560727E+07
 0.81756702589984E+07
 0.81756701719802E+07
 0.81756703594484E+07
 0.81756703076256E+07
 0.81756704057654E+07
 0.81756729386466E+07
 0.81756728481555E+07
 0.81756731178638E+07
 0.81756729474519E+07
 0.81756729883762E+07
 0.81756729524643E+07
 0.81756730365811E+07
 0.81756730947961E+07
 0.81756730279484E+07
 0.81756731116772E+07
 0.81756730419298E+07
 0.81756731891568E+07
 0.81756732034880E+07
 0.81756731340967E+07
 0.81756731147428E+07
 0.81756732156668E+07
 0.81756731637995E+07
 0.81756731896819E+07
 0.81756732979391E+07
 0.81756733065470E+07
 0.81756733140354E+07
 0.81756733152906E+07
 0.81756732543629E+07
 0.81756754900291E+07
 0.81756691699802E+07
 0.81756770258849E+07
 0.81756770225214E+07
 0.81756770195157E+07
 0.81756707920207E+07
 0.81756774204479E+07
 0.81756774332042E+07
 0.81756772184998E+07
 0.81756771372721E+07
 0.81756772486741E+07
 0.81756772937362E+07
 0.81756797604782E+07
 0.81756733678104E+07
 0.81756767822826E+07
 0.81756769614815E+07
 0.81756768881961E+07
 0.81756768745549E+07
 0.81756768994129E+07
 0.81756769086418E+07
 0.81756769595000E+07
 0.81756768632506E+07
 0.81756768505428E+07
 0.81756768412246E+07
 0.81756768570824E+07
 0.81756768565387E+07
 0.81756768479458E+07
 0.81756804833995E+07
 0.81756805294340E+07
 0.81756781453600E+07
 0.81756781791122E+07
 0.81756781739694E+07
 0.81756781692141E+07
 0.81756782559368E+07
 0.81756808520487E+07
 0.81756808372461E+07
 0.81756808656190E+07
 0.81756762979356E+07
 0.81756809104791E+07
 0.81756808617329E+07
 0.81756808464801E+07
 0.81756808441332E+07
 0.81756808532934E+07
 0.81756808409137E+07
 0.81756808464025E+07
 0.81756808455787E+07
 0.81756807179502E+07
 0.81756807126253E+07
 0.81756808330637E+07
 0.81756808200053E+07
 0.81756808159030E+07
 0.81756765181707E+07
 0.81756813620961E+07
 0.81756813503941E+07
 0.81756753681755E+07
