 0.34099810196754E+03
 0.37025160325189E+02
-0.90486850137014E+01
-0.26160900529522E+02
-0.37449090242025E+02
-0.46970656666926E+02
-0.55811167299739E+02
-0.64344400441723E+02
-0.72722652986923E+02
-0.81015968965330E+02
-0.89259657663868E+02
-0.97472849926093E+02
-0.10566653444298E+03
-0.11384733638160E+03
-0.12201941735742E+03
-0.13018548565790E+03
-0.13834735938718E+03
-0.14650629338591E+03
-0.15466317581827E+03
-0.16281865009195E+03
-0.17097319256243E+03
-0.17912716327557E+03
-0.18728083983341E+03
-0.19543444044513E+03
-0.20358813989867E+03
-0.21174208080846E+03
-0.21989638165470E+03
-0.22805114260851E+03
-0.23620644980596E+03
-0.24436237852089E+03
-0.25251899554559E+03
-0.26067636099533E+03
-0.26883452968887E+03
-0.27699355221405E+03
-0.28515347575695E+03
-0.29331434475224E+03
-0.30147620139683E+03
-0.30963908605856E+03
-0.31780303760330E+03
-0.32596809365864E+03
-0.33413429082738E+03
-0.34230166486170E+03
-0.35047025080575E+03
-0.35864008311320E+03
-0.36681119574442E+03
-0.37498362224741E+03
-0.38315739582540E+03
-0.39133254939355E+03
-0.39950911562682E+03
-0.40768712700048E+03
-0.41586661582448E+03
-0.42404761427299E+03
-0.43223015440948E+03
-0.44041426820858E+03
-0.44859998757468E+03
-0.45678734435841E+03
-0.46497637037067E+03
-0.47316709739518E+03
-0.48135955719935E+03
-0.48955378154393E+03
-0.49774980219155E+03
-0.50594765091434E+03
-0.51414735950070E+03
-0.52234895976146E+03
-0.53055248353531E+03
-0.53875796269388E+03
-0.54696542914619E+03
-0.55517491484289E+03
-0.56338645177999E+03
-0.57160007200249E+03
-0.57981580760752E+03
-0.58803369074748E+03
-0.59625375363282E+03
-0.60447602853477E+03
-0.61270054778778E+03
-0.62092734379201E+03
-0.62915644901551E+03
-0.63738789599648E+03
-0.64562171734523E+03
-0.65385794574634E+03
-0.66209661396043E+03
-0.67033775482617E+03
-0.67858140126198E+03
-0.68682758626791E+03
-0.69507634292727E+03
-0.70332770440842E+03
-0.71158170396631E+03
-0.71983837494425E+03
-0.72809775077540E+03
-0.73635986498446E+03
-0.74462475118914E+03
-0.75289244310181E+03
-0.76116297453097E+03
-0.76943637938285E+03
-0.77771269166284E+03
-0.78599194547713E+03
-0.79427417503408E+03
-0.80255941464587E+03
-0.81084769872987E+03
-0.81913906181026E+03
-0.82743353851942E+03
-0.83573116359954E+03
-0.84403197190402E+03
-0.85233599839909E+03
-0.86064327816519E+03
-0.86895384639860E+03
-0.87726773841283E+03
-0.88558498964031E+03
-0.89390563563373E+03
-0.90222971206771E+03
-0.91055725474028E+03
-0.91888829957444E+03
-0.92722288261969E+03
-0.93556104005365E+03
-0.94390280818353E+03
-0.95224822344784E+03
-0.96059732241783E+03
-0.96895014179924E+03
-0.97730671843375E+03
-0.98566708930075E+03
-0.99403129151881E+03
-0.10023993623475E+04
-0.10107713391887E+04
-0.10191472595889E+04
-0.10275271612401E+04
-0.10359110819820E+04
-0.10442990598036E+04
-0.10526911328446E+04
-0.10610873393978E+04
-0.10694877179100E+04
-0.10778923069845E+04
-0.10863011453822E+04
-0.10947142720238E+04
-0.11031317259916E+04
-0.11115535465309E+04
-0.11199797730524E+04
-0.11284104451334E+04
-0.11368456025202E+04
-0.11452852851295E+04
-0.11537295330506E+04
-0.11621783865472E+04
-0.11706318860591E+04
-0.11790900722046E+04
-0.11875529857817E+04
-0.11960206677708E+04
-0.12044931593364E+04
-0.12129705018287E+04
-0.12214527367862E+04
-0.12299399059375E+04
-0.12384320512030E+04
-0.12469292146975E+04
-0.12554314387321E+04
-0.12639387658159E+04
-0.12724512386587E+04
-0.12809689001727E+04
-0.12894917934749E+04
-0.12980199618892E+04
-0.13065534489484E+04
-0.13150922983967E+04
-0.13236365541918E+04
-0.13321862605072E+04
-0.13407414617342E+04
-0.13493022024846E+04
-0.13578685275927E+04
-0.13664404821179E+04
-0.13750181113468E+04
-0.13836014607957E+04
-0.13921905762130E+04
-0.14007855035816E+04
-0.14093862891213E+04
-0.14179929792915E+04
-0.14266056207933E+04
-0.14352242605723E+04
-0.14438489458212E+04
-0.14524797239821E+04
-0.14611166427493E+04
-0.14697597500719E+04
-0.14784090941563E+04
-0.14870647234690E+04
-0.14957266867393E+04
-0.15043950329619E+04
-0.15130698113998E+04
-0.15217510715870E+04
-0.15304388633314E+04
-0.15391332367173E+04
-0.15478342421088E+04
-0.15565419301521E+04
-0.15652563517791E+04
-0.15739775582097E+04
-0.15827056009550E+04
-0.15914405318206E+04
-0.16001824029093E+04
-0.16089312666242E+04
-0.16176871756720E+04
-0.16264501830659E+04
-0.16352203421291E+04
-0.16439977064975E+04
-0.16527823301236E+04
-0.16615742672790E+04
-0.16703735725585E+04
-0.16791803008828E+04
-0.16879945075021E+04
-0.16968162479999E+04
-0.17056455782956E+04
-0.17144825546489E+04
-0.17233272336626E+04
-0.17321796722867E+04
-0.17410399278216E+04
-0.17499080579219E+04
-0.17587841206003E+04
-0.17676681742308E+04
-0.17765602775531E+04
-0.17854604896757E+04
-0.17943688700803E+04
-0.18032854786256E+04
-0.18122103755509E+04
-0.18211436214804E+04
-0.18300852774271E+04
-0.18390354047968E+04
-0.18479940653925E+04
-0.18569613214180E+04
-0.18659372354827E+04
-0.18749218706055E+04
-0.18839152902190E+04
-0.18929175581741E+04
-0.19019287387445E+04
-0.19109488966308E+04
-0.19199780969650E+04
-0.19290164053153E+04
-0.19380638876906E+04
-0.19471206105452E+04
-0.19561866407832E+04
-0.19652620457637E+04
-0.19743468933053E+04
-0.19834412516911E+04
-0.19925451896735E+04
-0.20016587764795E+04
-0.20107820818153E+04
-0.20199151758717E+04
-0.20290581293292E+04
-0.20382110133632E+04
-0.20473738996491E+04
-0.20565468603682E+04
-0.20657299682125E+04
-0.20749232963903E+04
-0.20841269186321E+04
-0.20933409091959E+04
-0.21025653428728E+04
-0.21118002949930E+04
-0.21210458414314E+04
-0.21303020586137E+04
-0.21395690235221E+04
-0.21488468137015E+04
-0.21581355072655E+04
-0.21674351829026E+04
-0.21767459198825E+04
-0.21860677980624E+04
-0.21954008978933E+04
-0.22047453004268E+04
-0.22141010873212E+04
-0.22234683408484E+04
-0.22328471439007E+04
-0.22422375799976E+04
-0.22516397332923E+04
-0.22610536885793E+04
-0.22704795313010E+04
-0.22799173475550E+04
-0.22893672241015E+04
-0.22988292483704E+04
-0.23083035084689E+04
-0.23177900931888E+04
-0.23272890920145E+04
-0.23368005951305E+04
-0.23463246934290E+04
-0.23558614785182E+04
-0.23654110427302E+04
-0.23749734791290E+04
-0.23845488815190E+04
-0.23941373444528E+04
-0.24037389632403E+04
-0.24133538339569E+04
-0.24229820534521E+04
-0.24326237193584E+04
-0.24422789301004E+04
-0.24519477849034E+04
-0.24616303838028E+04
-0.24713268276531E+04
-0.24810372181376E+04
-0.24907616577778E+04
-0.25005002499429E+04
-0.25102530988595E+04
-0.25200203096216E+04
-0.25298019882009E+04
-0.25395982414561E+04
-0.25494091771443E+04
-0.25592349039305E+04
-0.25690755313986E+04
-0.25789311700619E+04
-0.25888019313743E+04
-0.25986879277409E+04
-0.26085892725292E+04
-0.26185060800809E+04
-0.26284384657224E+04
-0.26383865457775E+04
-0.26483504375783E+04
-0.26583302594776E+04
-0.26683261308609E+04
-0.26783381721586E+04
-0.26883665048585E+04
-0.26984112515183E+04
-0.27084725357786E+04
-0.27185504823756E+04
-0.27286452171547E+04
-0.27387568670831E+04
-0.27488855602639E+04
-0.27590314259498E+04
-0.27691945945567E+04
-0.27793751976780E+04
-0.27895733680989E+04
-0.27997892398107E+04
-0.28100229480258E+04
-0.28202746291926E+04
-0.28305444210105E+04
-0.28408324624451E+04
-0.28511388937442E+04
-0.28614638564534E+04
-0.28718074934320E+04
-0.28821699488694E+04
-0.28925513683018E+04
-0.29029518986284E+04
-0.29133716881291E+04
-0.29238108864811E+04
-0.29342696447768E+04
-0.29447481155414E+04
-0.29552464527510E+04
-0.29657648118506E+04
-0.29763033497732E+04
-0.29868622249581E+04
-0.29974415973703E+04
-0.30080416285196E+04
-0.30186624814810E+04
-0.30293043209136E+04
-0.30399673130820E+04
-0.30506516258761E+04
-0.30613574288323E+04
-0.30720848931549E+04
-0.30828341917371E+04
-0.30936054991836E+04
-0.31043989918323E+04
-0.31152148477770E+04
-0.31260532468903E+04
-0.31369143708469E+04
-0.31477984031471E+04
-0.31587055291411E+04
-0.31696359360526E+04
-0.31805898130046E+04
-0.31915673510436E+04
-0.32025687431657E+04
-0.32135941843420E+04
-0.32246438715455E+04
-0.32357180037773E+04
-0.32468167820943E+04
-0.32579404096362E+04
-0.32690890916539E+04
-0.32802630355380E+04
-0.32914624508477E+04
-0.33026875493398E+04
-0.33139385449993E+04
-0.33252156540690E+04
-0.33365190950810E+04
-0.33478490888875E+04
-0.33592058586931E+04
-0.33705896300866E+04
-0.33820006310746E+04
-0.33934390921145E+04
-0.34049052461485E+04
-0.34163993286381E+04
-0.34279215775996E+04
-0.34394722336392E+04
-0.34510515399900E+04
-0.34626597425481E+04
-0.34742970899106E+04
-0.34859638334139E+04
-0.34976602271718E+04
-0.35093865281156E+04
-0.35211429960339E+04
-0.35329298936131E+04
-0.35447474864796E+04
-0.35565960432411E+04
-0.35684758355300E+04
-0.35803871380470E+04
-0.35923302286053E+04
-0.36043053881756E+04
-0.36163129009324E+04
-0.36283530543003E+04
-0.36404261390018E+04
-0.36525324491054E+04
-0.36646722820749E+04
-0.36768459388194E+04
-0.36890537237442E+04
-0.37012959448025E+04
-0.37135729135482E+04
-0.37258849451898E+04
-0.37382323586444E+04
-0.37506154765939E+04
-0.37630346255409E+04
-0.37754901358671E+04
-0.37879823418909E+04
-0.38005115819279E+04
-0.38130781983511E+04
-0.38256825376532E+04
-0.38383249505088E+04
-0.38510057918393E+04
-0.38637254208777E+04
-0.38764842012349E+04
-0.38892825009680E+04
-0.39021206926486E+04
-0.39149991534331E+04
-0.39279182651345E+04
-0.39408784142948E+04
-0.39538799922595E+04
-0.39669233952529E+04
-0.39800090244551E+04
-0.39931372860808E+04
-0.40063085914585E+04
-0.40195233571124E+04
-0.40327820048451E+04
-0.40460849618224E+04
-0.40594326606591E+04
-0.40728255395070E+04
-0.40862640421440E+04
-0.40997486180660E+04
-0.41132797225791E+04
-0.41268578168946E+04
-0.41404833682258E+04
-0.41541568498861E+04
-0.41678787413897E+04
-0.41816495285539E+04
-0.41954697036032E+04
-0.42093397652761E+04
-0.42232602189334E+04
-0.42372315766690E+04
-0.42512543574228E+04
-0.42653290870959E+04
-0.42794562986678E+04
-0.42936365323167E+04
-0.43078703355413E+04
-0.43221582632860E+04
-0.43365008780676E+04
-0.43508987501056E+04
-0.43653524574547E+04
-0.43798625861398E+04
-0.43944297302941E+04
-0.44090544923001E+04
-0.44237374829334E+04
-0.44384793215094E+04
-0.44532806360330E+04
-0.44681420633521E+04
-0.44830642493132E+04
-0.44980478489214E+04
-0.45130935265031E+04
-0.45282019558723E+04
-0.45433738205005E+04
-0.45586098136904E+04
-0.45739106387531E+04
-0.45892770091889E+04
-0.46047096488727E+04
-0.46202092922429E+04
-0.46357766844943E+04
-0.46514125817758E+04
-0.46671177513920E+04
-0.46828929720089E+04
-0.46987390338653E+04
-0.47146567389879E+04
-0.47306469014109E+04
-0.47467103474022E+04
-0.47628479156926E+04
-0.47790604577114E+04
-0.47953488378273E+04
-0.48117139335943E+04
-0.48281566360035E+04
-0.48446778497406E+04
-0.48612784934492E+04
-0.48779595000006E+04
-0.48947218167691E+04
-0.49115664059147E+04
-0.49284942446713E+04
-0.49455063256427E+04
-0.49626036571045E+04
-0.49797872633146E+04
-0.49970581848291E+04
-0.50144174788280E+04
-0.50318662194465E+04
-0.50494054981160E+04
-0.50670364239124E+04
-0.50847601239131E+04
-0.51025777435627E+04
-0.51204904470476E+04
-0.51384994176802E+04
-0.51566058582917E+04
-0.51748109916356E+04
-0.51931160608010E+04
-0.52115223296358E+04
-0.52300310831807E+04
-0.52486436281151E+04
-0.52673612932127E+04
-0.52861854298104E+04
-0.53051174122879E+04
-0.53241586385604E+04
-0.53433105305838E+04
-0.53625745348733E+04
-0.53819521230354E+04
-0.54014447923136E+04
-0.54210540661494E+04
-0.54407814947570E+04
-0.54606286557146E+04
-0.54805971545709E+04
-0.55006886254677E+04
-0.55209047317804E+04
-0.55412471667752E+04
-0.55617176542846E+04
-0.55823179494016E+04
-0.56030498391930E+04
-0.56239151434334E+04
-0.56449157153587E+04
-0.56660534424417E+04
-0.56873302471900E+04
-0.57087480879658E+04
-0.57303089598306E+04
-0.57520148954133E+04
-0.57738679658043E+04
-0.57958702814761E+04
-0.58180239932305E+04
-0.58403312931747E+04
-0.58627944157263E+04
-0.58854156386491E+04
-0.59081972841200E+04
-0.59311417198292E+04
-0.59542513601141E+04
-0.59775286671289E+04
-0.60009761520504E+04
-0.60245963763226E+04
-0.60483919529408E+04
-0.60723655477772E+04
-0.60965198809497E+04
-0.61208577282348E+04
-0.61453819225287E+04
-0.61700953553557E+04
-0.61950009784285E+04
-0.62201018052611E+04
-0.62454009128369E+04
-0.62709014433357E+04
-0.62966066059202E+04
-0.63225196785863E+04
-0.63486440100796E+04
-0.63749830218817E+04
-0.64015402102688E+04
-0.64283191484470E+04
-0.64553234887673E+04
-0.64825569650256E+04
-0.65100233948505E+04
-0.65377266821843E+04
-0.65656708198625E+04
-0.65938598922963E+04
-0.66222980782642E+04
-0.66509896538191E+04
-0.66799389953167E+04
-0.67091505825733E+04
-0.67386290021593E+04
-0.67683789508388E+04
-0.67984052391613E+04
-0.68287127952189E+04
-0.68593066685756E+04
-0.68901920343840E+04
-0.69213741976986E+04
-0.69528585980028E+04
-0.69846508139611E+04
-0.70167565684161E+04
-0.70491817336468E+04
-0.70819323369085E+04
-0.71150145662766E+04
-0.71484347768186E+04
-0.71821994971224E+04
-0.72163154362094E+04
-0.72507894908677E+04
-0.72856287534430E+04
-0.73208405201293E+04
-0.73564322998065E+04
-0.73924118234804E+04
-0.74287870543851E+04
-0.74655661988169E+04
-0.75027577177796E+04
-0.75403703395306E+04
-0.75784130731327E+04
-0.76168952231301E+04
-0.76558264054876E+04
-0.76952165649535E+04
-0.77350759940332E+04
-0.77754153537943E+04
-0.78162456967603E+04
-0.78575784921993E+04
-0.78994256541720E+04
-0.79417995727722E+04
-0.79847131490840E+04
-0.80281798344855E+04
-0.80722136750702E+04
-0.81168293621259E+04
-0.81620422898342E+04
-0.82078686216346E+04
-0.82543253670616E+04
-0.83014304713422E+04
-0.83492029206676E+04
-0.83976628668922E+04
-0.84468317765459E+04
-0.84967326105865E+04
-0.85473900434607E+04
-0.85988307330470E+04
-0.86510836573454E+04
-0.87041805400227E+04
-0.87581563961794E+04
-0.88130502437397E+04
-0.88689060476770E+04
-0.89257739991257E+04
-0.89837122888618E+04
-0.90427896327919E+04
-0.91030889820077E+04
-0.91647131773715E+04
-0.92277939584403E+04
-0.92925071216610E+04
-0.93590998496640E+04
-0.94279446629680E+04
-0.94996601366828E+04
-0.95754362851568E+04
-0.96582329283350E+04
-0.97605474485885E+04
-0.99245213448222E+04
-0.10151130315335E+05
-0.10420321027698E+05
-0.10722126987539E+05
-0.11046367647623E+05
-0.11393579355821E+05
-0.11757172353954E+05
-0.12140908264147E+05
-0.12540257357214E+05
-0.12955196296856E+05
-0.13386448327406E+05
-0.13832682846286E+05
-0.14295640924203E+05
-0.14775156884357E+05
-0.15271020773909E+05
-0.15783823805049E+05
-0.16314069634317E+05
-0.16862122963570E+05
-0.17428956727439E+05
-0.18015103229635E+05
-0.18620608067634E+05
-0.19246153455151E+05
-0.19892544814187E+05
-0.20559985998417E+05
-0.21249294385054E+05
-0.21960722572335E+05
-0.22695512424974E+05
-0.23558763256643E+05
-0.24238496949553E+05
-0.25047454035576E+05
-0.25883001479684E+05
-0.26744698758604E+05
-0.27634217972897E+05
-0.28552266076940E+05
-0.29499525354106E+05
-0.30477613195016E+05
-0.31486335989899E+05
-0.32526998155351E+05
-0.33600556967049E+05
-0.34708210690856E+05
-0.35848446788356E+05
-0.37027174876752E+05
-0.38242479661702E+05
-0.39494998347890E+05
-0.40789407380065E+05
-0.42118334906152E+05
-0.43491894605981E+05
-0.44912273414937E+05
-0.46374756744677E+05
-0.47882500040066E+05
-0.49437683625436E+05
-0.51041490810476E+05
-0.52695983321697E+05
-0.54403040901940E+05
-0.56160865860962E+05
-0.57974869440511E+05
-0.59846236467188E+05
-0.61775823753434E+05
-0.63765549592013E+05
-0.65819256203290E+05
-0.67936152478874E+05
-0.70117611893101E+05
-0.72375408886573E+05
-0.74701012247905E+05
-0.77100415000251E+05
-0.79576841527544E+05
-0.82131986552011E+05
-0.84766433475145E+05
-0.87486463940797E+05
-0.90294094812883E+05
-0.93192330816297E+05
-0.96184421807471E+05
-0.99274057340784E+05
-0.10246962664332E+06
-0.10575552366037E+06
-0.10915885425190E+06
-0.11267015675493E+06
-0.11629627873057E+06
-0.12003997384026E+06
-0.12391774044834E+06
-0.12793827325828E+06
-0.13207714250400E+06
-0.13634615247965E+06
-0.14075935530934E+06
-0.14532994813209E+06
-0.15005859422160E+06
-0.15495157586961E+06
-0.16001442419420E+06
-0.16525396785651E+06
-0.17067784269627E+06
-0.17629272270357E+06
-0.18212110490250E+06
-0.18813593712933E+06
-0.19438672962741E+06
-0.20084630936085E+06
-0.20754085874829E+06
-0.21447266576379E+06
-0.22168365119158E+06
-0.22914923099576E+06
-0.23689441153436E+06
-0.24493165934410E+06
-0.25327032458028E+06
-0.26193398349914E+06
-0.27093241287786E+06
-0.28027431664439E+06
-0.28998025427886E+06
-0.30007425962609E+06
-0.31057615258600E+06
-0.32150296242240E+06
-0.33287463103123E+06
-0.34471380504977E+06
-0.35703728593029E+06
-0.36988459012351E+06
-0.38327684017063E+06
-0.39724223099338E+06
-0.41181029836290E+06
-0.42701718285241E+06
-0.44290268678580E+06
-0.45950581955738E+06
-0.47681492566784E+06
-0.49502715345722E+06
-0.51398602605276E+06
-0.53388133714000E+06
-0.55470518391686E+06
-0.57652519533580E+06
-0.59938532462175E+06
-0.62339262119501E+06
-0.64861693933100E+06
-0.67512522994728E+06
-0.70299557434111E+06
-0.73232201350239E+06
-0.76321736440326E+06
-0.79578189420195E+06
-0.83012900376586E+06
-0.86640693903197E+06
-0.90471890895634E+06
-0.94527186927815E+06
-0.98828812364419E+06
-0.10336295849554E+07
-0.10819525985616E+07
-0.11332300078640E+07
-0.11876836866100E+07
-0.12456625919157E+07
-0.13074669933640E+07
-0.13734202263409E+07
-0.14438112578222E+07
-0.15193575351293E+07
-0.16002079135983E+07
-0.16869301575485E+07
-0.17801873700302E+07
-0.18806442624815E+07
-0.19890030229097E+07
-0.21061332228016E+07
-0.22329977288163E+07
-0.23706826306951E+07
-0.25205083153981E+07
-0.26837459991552E+07
-0.28624183246146E+07
-0.30584522732765E+07
-0.32735786572110E+07
-0.35108617897886E+07
-0.37734252669867E+07
-0.40649410048659E+07
-0.43899246594953E+07
-0.47532317508046E+07
-0.51623302182055E+07
-0.56237827124796E+07
-0.61478035844143E+07
-0.67461081455646E+07
-0.74335653823501E+07
-0.82288664846631E+07
-0.91559749732759E+07
-0.10245768495646E+08
-0.11538755223923E+08
-0.13090637651077E+08
-0.14973507070949E+08
-0.17290419062568E+08
-0.20187139099254E+08
-0.23877560636966E+08
-0.28682769464805E+08
-0.35102003460228E+08
-0.43955905820016E+08
-0.56661544480055E+08
-0.75842066827002E+08
-0.10677071334413E+09
-0.16144684875805E+09
-0.27170508008883E+09
-0.54451844907179E+09
-0.14778646000148E+10
-0.35519347339456E+10
 0.25849664968611E+10
 0.92325465730359E+09
 0.43155432250732E+09
 0.24946668484570E+09
 0.16340327381487E+09
 0.11585321232465E+09
 0.86693065233351E+08
 0.67435790872678E+08
 0.53999914512401E+08
 0.44220344062694E+08
 0.36859661063274E+08
 0.31166599820554E+08
 0.26663937827042E+08
 0.23034517692533E+08
 0.20062304484304E+08
 0.17594583151415E+08
 0.15520362287671E+08
 0.13758687333335E+08
 0.12248458138475E+08
 0.10942992460073E+08
 0.98058494754602E+07
 0.88090677984850E+07
 0.79298495314737E+07
 0.71500182829511E+07
 0.64548357473079E+07
 0.58322024465681E+07
 0.52722046057284E+07
 0.47665370093160E+07
 0.43082378680712E+07
 0.38914485889863E+07
 0.35112253672066E+07
 0.31633223953876E+07
 0.28441052484792E+07
 0.25504348266894E+07
 0.22796341415251E+07
 0.20293144143575E+07
 0.17971418670889E+07
 0.15818083068328E+07
 0.13815246872654E+07
 0.11948684488170E+07
 0.10205971690173E+07
 0.85767727536283E+06
 0.70565258687206E+06
 0.56265237214684E+06
 0.42800210722758E+06
 0.30085066226621E+06
 0.18113346041658E+06
 0.66882165319239E+05
-0.37682328771176E+05
-0.13864663249365E+06
-0.23425762835176E+06
-0.32511181740985E+06
-0.41159658045563E+06
-0.49416663223160E+06
-0.57175773849777E+06
-0.64566633625073E+06
-0.71579223215077E+06
-0.78301500307734E+06
-0.84722358010338E+06
-0.90860890362227E+06
-0.96734729069253E+06
-0.10235922885791E+07
-0.10777273573549E+07
-0.11294621672391E+07
-0.11791624206131E+07
-0.12269096259018E+07
-0.12728251213316E+07
-0.13170149274048E+07
-0.13595770221388E+07
-0.14006000929464E+07
-0.14401682955311E+07
-0.14783601791800E+07
-0.15152491318753E+07
-0.15509038070886E+07
-0.15853885048829E+07
-0.16187409974241E+07
-0.16510348059358E+07
-0.16823252180561E+07
-0.17129879774177E+07
-0.17424620162318E+07
-0.17710804925820E+07
-0.17988866606404E+07
-0.18259177998701E+07
-0.18515682067551E+07
-0.18770755270556E+07
-0.19018947233416E+07
-0.19259114842680E+07
-0.19499591911925E+07
-0.19733996935945E+07
-0.19962315825295E+07
-0.20186157373028E+07
-0.20411733799335E+07
-0.20636228164881E+07
-0.20836591728483E+07
-0.21037846617570E+07
-0.21234817749613E+07
-0.21427752097048E+07
-0.21613057199418E+07
-0.21798285924741E+07
-0.21979888357971E+07
-0.22158065026311E+07
-0.22332953615879E+07
-0.22504685690571E+07
-0.22673386924045E+07
-0.22839177346046E+07
-0.23002183235636E+07
-0.23162504728007E+07
-0.23320239439186E+07
-0.23475486053390E+07
-0.23628338728319E+07
-0.23778990084835E+07
-0.23927577342243E+07
-0.24073999336457E+07
-0.24218325025742E+07
-0.24360678895271E+07
-0.24501133781139E+07
-0.24639752709598E+07
-0.24776381791479E+07
-0.24911321068070E+07
-0.25040410849087E+07
-0.25172052469914E+07
-0.25302240422283E+07
-0.25430718659919E+07
-0.25557084521185E+07
-0.25682082675786E+07
-0.25805954268498E+07
-0.25928868421305E+07
-0.26050363712469E+07
-0.26171356453403E+07
-0.26293812183514E+07
-0.26414967030363E+07
-0.26535258300710E+07
-0.26654470379592E+07
-0.26772755776683E+07
-0.26890295578242E+07
-0.27007873588648E+07
-0.27134252131738E+07
-0.27242043565318E+07
-0.27373241760546E+07
-0.27477961323757E+07
-0.27588140697608E+07
-0.27697707543593E+07
-0.27806586582892E+07
-0.27914796664578E+07
-0.28022355552508E+07
-0.28129280231629E+07
-0.28231151032273E+07
-0.28336624542082E+07
-0.28441519893692E+07
-0.28545857446536E+07
-0.28649652022386E+07
-0.28752924945101E+07
-0.28855819446999E+07
-0.28957958742316E+07
-0.29059880118571E+07
-0.29161256666073E+07
-0.29262152430552E+07
-0.29362606616610E+07
-0.29462635924120E+07
-0.29562253906297E+07
-0.29661473145546E+07
-0.29760305637692E+07
-0.29858762908680E+07
-0.29956856061311E+07
-0.30052514906713E+07
-0.30149735355389E+07
-0.30246632201714E+07
-0.30343129604686E+07
-0.30439106459690E+07
-0.30534813801832E+07
-0.30630267446926E+07
-0.30725484674017E+07
-0.30820485020928E+07
-0.30915291406576E+07
-0.31009201817067E+07
-0.31102560995043E+07
-0.31195690835802E+07
-0.31288593901359E+07
-0.31381271251751E+07
-0.31473674677494E+07
-0.31566306212071E+07
-0.31663486288278E+07
-0.31760935415400E+07
-0.31853488183709E+07
-0.31945862118772E+07
-0.32038062322700E+07
-0.32130093496242E+07
-0.32221927719332E+07
-0.32313568075748E+07
-0.32405176350270E+07
-0.32497539299776E+07
-0.32592100600127E+07
-0.32686471469891E+07
-0.32780341537847E+07
-0.32874025395907E+07
-0.32968083414447E+07
-0.33062272354008E+07
-0.33156349229343E+07
-0.33266437115845E+07
-0.33354248560309E+07
-0.33440395303854E+07
-0.33554996555477E+07
-0.33647625855369E+07
-0.33729167529958E+07
-0.33819723992826E+07
-0.33910261147500E+07
-0.34000770239450E+07
-0.34091195290501E+07
-0.34181624477550E+07
-0.34266591300186E+07
-0.34356746340905E+07
-0.34446827923533E+07
-0.34536762397775E+07
-0.34626649702197E+07
-0.34716905665132E+07
-0.34806542995899E+07
-0.34896127320434E+07
-0.34985660475993E+07
-0.35075144544383E+07
-0.35164581769350E+07
-0.35253974485049E+07
-0.35343325268583E+07
-0.35432636749142E+07
-0.35521911771227E+07
-0.35611153418704E+07
-0.35700364867002E+07
-0.35789435572877E+07
-0.35878195686158E+07
-0.35966954688966E+07
-0.36055719874653E+07
-0.36144499931153E+07
-0.36233305276429E+07
-0.36322149152019E+07
-0.36411003568082E+07
-0.36498853550738E+07
-0.36586711816416E+07
-0.36674576036367E+07
-0.36762387863942E+07
-0.36850101518860E+07
-0.36937845966971E+07
-0.37025653574625E+07
-0.37115670845864E+07
-0.37209927538382E+07
-0.37305757776167E+07
-0.37401300486593E+07
-0.37509995870844E+07
-0.37563821061487E+07
-0.37654344829376E+07
-0.37746772257016E+07
-0.37839454589807E+07
-0.37932737144894E+07
-0.38026510612457E+07
-0.38120087504539E+07
-0.38233860058641E+07
-0.38319423999952E+07
-0.38404921149036E+07
-0.38490240707084E+07
-0.38612050965115E+07
-0.38691180465552E+07
-0.38780632563745E+07
-0.38870185283990E+07
-0.38959821159517E+07
-0.39049523315093E+07
-0.39139275209366E+07
-0.39223763006105E+07
-0.39313281168071E+07
-0.39402822891094E+07
-0.39492386795447E+07
-0.39581971843097E+07
-0.39671577326955E+07
-0.39761202800443E+07
-0.39850848207117E+07
-0.39940513595526E+07
-0.40030198866713E+07
-0.40119814477938E+07
-0.40209373256052E+07
-0.40298952914254E+07
-0.40388554471855E+07
-0.40478179227678E+07
-0.40567828832658E+07
-0.40657239124207E+07
-0.40746459101929E+07
-0.40835729277891E+07
-0.40925055578611E+07
-0.41014444976213E+07
-0.41103905914525E+07
-0.41193448968363E+07
-0.41283087724452E+07
-0.41372045464455E+07
-0.41460561235390E+07
-0.41549143004931E+07
-0.41637793722719E+07
-0.41726518735826E+07
-0.41815329311718E+07
-0.41904249173691E+07
-0.41993327374222E+07
-0.42083365406689E+07
-0.42180758616393E+07
-0.42278726818158E+07
-0.42360769830916E+07
-0.42450837241544E+07
-0.42540992294435E+07
-0.42631260486950E+07
-0.42723011715235E+07
-0.42818206641947E+07
-0.42913551680458E+07
-0.43009253275151E+07
-0.43105546318172E+07
-0.43226916302324E+07
-0.43312904533844E+07
-0.43399131732939E+07
-0.43485496951909E+07
-0.43616307546525E+07
-0.43694924271061E+07
-0.43786001065730E+07
-0.43877216904163E+07
-0.43968567030500E+07
-0.44060008609782E+07
-0.44145549954331E+07
-0.44236809757733E+07
-0.44328116966376E+07
-0.44419468561478E+07
-0.44510864058217E+07
-0.44602307460207E+07
-0.44693787757039E+07
-0.44785303707278E+07
-0.44876854283578E+07
-0.44968339132793E+07
-0.45059765940359E+07
-0.45151225824492E+07
-0.45242667504274E+07
-0.45334134306776E+07
-0.45425312763609E+07
-0.45516255489487E+07
-0.45607249347356E+07
-0.45698297870906E+07
-0.45789333912383E+07
-0.45880539014347E+07
-0.45971980503566E+07
-0.46063412882352E+07
-0.46154935684353E+07
-0.46245347814742E+07
-0.46335853061043E+07
-0.46426453283866E+07
-0.46517152784880E+07
-0.46607960338043E+07
-0.46698892525125E+07
-0.46789980448372E+07
-0.46881286125734E+07
-0.46983993691189E+07
-0.47075966828895E+07
-0.47168006030771E+07
-0.47260116083087E+07
-0.47352303834017E+07
-0.47444581760454E+07
-0.47536959358381E+07
-0.47629462202756E+07
-0.47722792182393E+07
-0.47816447161179E+07
-0.47913919423884E+07
-0.48012374717224E+07
-0.48111342998494E+07
-0.48235629777724E+07
-0.48303617487496E+07
-0.48420473700332E+07
-0.48508104864952E+07
-0.48644951549436E+07
-0.48741092998661E+07
-0.48817878172953E+07
-0.48911173066531E+07
-0.49004622549621E+07
-0.49098193723368E+07
-0.49191856113171E+07
-0.49278765474369E+07
-0.49372202793316E+07
-0.49465692008164E+07
-0.49559229510152E+07
-0.49652720446559E+07
-0.49746139598864E+07
-0.49839604049793E+07
-0.49933112611123E+07
-0.50026665052147E+07
-0.50120261719380E+07
-0.50213810069275E+07
-0.50306837237348E+07
-0.50399935002449E+07
-0.50493111358939E+07
-0.50586375186879E+07
-0.50679736590036E+07
-0.50773207254581E+07
-0.50866809186659E+07
-0.50960561262324E+07
-0.51054472042525E+07
-0.51147176232686E+07
-0.51239642069380E+07
-0.51332200335333E+07
-0.51424850483994E+07
-0.51517594766136E+07
-0.51625059667054E+07
-0.51718986634987E+07
-0.51812857903935E+07
-0.51906785523612E+07
-0.52000769840070E+07
-0.52094353160576E+07
-0.52188457708078E+07
-0.52282622853753E+07
-0.52376851548565E+07
-0.52471148197103E+07
-0.52565519613372E+07
-0.52659975859594E+07
-0.52755038457405E+07
-0.52851521521402E+07
-0.52947643751523E+07
-0.53043997520451E+07
-0.53170071692366E+07
-0.53270888921335E+07
-0.53369753411830E+07
-0.53441623729580E+07
-0.53533248418338E+07
-0.53653390699187E+07
-0.53801119462899E+07
-0.53880641480173E+07
-0.53975767700422E+07
-0.54071112113323E+07
-0.54166596745612E+07
-0.54262039791194E+07
-0.54350547444331E+07
-0.54445795681290E+07
-0.54541078194076E+07
-0.54636403272569E+07
-0.54731787210762E+07
-0.54827217170992E+07
-0.54922690698339E+07
-0.55018206355195E+07
-0.55113701228613E+07
-0.55208531213218E+07
-0.55303420933743E+07
-0.55399566780207E+07
-0.55494575701485E+07
-0.55589664144530E+07
-0.55684841508906E+07
-0.55780118254633E+07
-0.55875506468504E+07
-0.55971020146340E+07
-0.56066676137753E+07
-0.56161631690786E+07
-0.56256625340510E+07
-0.56362308567610E+07
-0.56458720212662E+07
-0.56555203539574E+07
-0.56651763166422E+07
-0.56747790006928E+07
-0.56843827030004E+07
-0.56940017227145E+07
-0.57036346373770E+07
-0.57132829166371E+07
-0.57229496135259E+07
-0.57326394616913E+07
-0.57423602868022E+07
-0.57521005000117E+07
-0.57617337326763E+07
-0.57713767070317E+07
-0.57810285400546E+07
-0.57906916905109E+07
-0.58005329596143E+07
-0.58104008213228E+07
-0.58202223896847E+07
-0.58318453325309E+07
-0.58421923016693E+07
-0.58523541754316E+07
-0.58623769565751E+07
-0.58723690584815E+07
-0.58794084998036E+07
-0.58885682928835E+07
-0.59069017301437E+07
-0.59150327406654E+07
-0.59226654553104E+07
-0.59323601875965E+07
-0.59420977007919E+07
-0.59537406851293E+07
-0.59634441102908E+07
-0.59731534386110E+07
-0.59828629226219E+07
-0.59925779348959E+07
-0.60022025872004E+07
-0.60119273592263E+07
-0.60215899566466E+07
-0.60312355055707E+07
-0.60408863659180E+07
-0.60505433318540E+07
-0.60602072342171E+07
-0.60698789604184E+07
-0.60795594610624E+07
-0.60892498201532E+07
-0.61001795895742E+07
-0.61099548107370E+07
-0.61197343448244E+07
-0.61295184238384E+07
-0.61393072720060E+07
-0.61491011744483E+07
-0.61589003916766E+07
-0.61687052564670E+07
-0.61785160878802E+07
-0.61883332701252E+07
-0.61982558145456E+07
-0.62080837757004E+07
-0.62178666240467E+07
-0.62276285943007E+07
-0.62373997208383E+07
-0.62471791062414E+07
-0.62569543236174E+07
-0.62667653918628E+07
-0.62766022166732E+07
-0.62864420344467E+07
-0.62962988082125E+07
-0.63058333793154E+07
-0.63167432645779E+07
-0.63266487932766E+07
-0.63362746371702E+07
-0.63496141760006E+07
-0.63607268877650E+07
-0.63705692587031E+07
-0.63806039439497E+07
-0.63902198841689E+07
-0.63984419005479E+07
-0.64085042522447E+07
-0.64151403195924E+07
-0.64245284112999E+07
-0.64420871597277E+07
-0.64499960047103E+07
-0.64597675631565E+07
-0.64696446914834E+07
-0.64825274401448E+07
-0.64923640526727E+07
-0.65021066351423E+07
-0.65119637837509E+07
-0.65218260891911E+07
-0.65316873960587E+07
-0.65414729038983E+07
-0.65512497535636E+07
-0.65610356163646E+07
-0.65708847690371E+07
-0.65806813682452E+07
-0.65919940995801E+07
-0.66018995438977E+07
-0.66118074677689E+07
-0.66217180787930E+07
-0.66316315825490E+07
-0.66415482116839E+07
-0.66514681931220E+07
-0.66613917303676E+07
-0.66713190521489E+07
-0.66812503825509E+07
-0.66911859398681E+07
-0.67010002980063E+07
-0.67109195422874E+07
-0.67208620487883E+07
-0.67308419175305E+07
-0.67408269475227E+07
-0.67508175115600E+07
-0.67607962503933E+07
-0.67707041802034E+07
-0.67819810298227E+07
-0.67919216018767E+07
-0.68040930341133E+07
-0.68142054303889E+07
-0.68256524148844E+07
-0.68358069628577E+07
-0.68459726125235E+07
-0.68561490499122E+07
-0.68663358268936E+07
-0.68765330735093E+07
-0.68867410308185E+07
-0.68969582427079E+07
-0.69071815482161E+07
-0.69174111418538E+07
-0.69274468240653E+07
-0.69376279910698E+07
-0.69483548724762E+07
-0.69591876863562E+07
-0.69701288956356E+07
-0.69807993062983E+07
-0.69891618735936E+07
-0.69965925246254E+07
-0.70062836191016E+07
-0.70162360951300E+07
-0.70262125151520E+07
-0.70362073964826E+07
-0.70462165292045E+07
-0.70562367326744E+07
-0.70661908533605E+07
-0.70761473149417E+07
-0.70873804228466E+07
-0.70974432176367E+07
-0.71075768257317E+07
-0.71176870953556E+07
-0.71277695926577E+07
-0.71378355298534E+07
-0.71479038967515E+07
-0.71579747964883E+07
-0.71680483183061E+07
-0.71781244924463E+07
-0.71882029513446E+07
-0.72037198861992E+07
-0.72137936020501E+07
-0.72238709540919E+07
-0.72339521560340E+07
-0.72440375363707E+07
-0.72541273271455E+07
-0.72642217869726E+07
-0.72743212106561E+07
-0.72815210536347E+07
-0.72917574492803E+07
-0.73036511870487E+07
-0.73139224053569E+07
-0.73242084937217E+07
-0.73384570197281E+07
-0.73487042811966E+07
-0.73589665953461E+07
-0.73692437580556E+07
-0.73795356590301E+07
-0.73898416143890E+07
-0.74001623164892E+07
-0.74105032232351E+07
-0.74208660644982E+07
-0.74312449944646E+07
-0.74419200212782E+07
-0.74522004921125E+07
-0.74625093470629E+07
-0.74728423895399E+07
-0.74824687373716E+07
-0.74933124914988E+07
-0.75041327955292E+07
-0.75151583210910E+07
-0.75249703663310E+07
-0.75377966566383E+07
-0.75485916507799E+07
-0.75563991877619E+07
-0.75633583567241E+07
-0.75733884493498E+07
-0.75834521646465E+07
-0.75935413326127E+07
-0.76081129668882E+07
-0.76185762265462E+07
-0.76258881794253E+07
-0.76357764203146E+07
-0.76459377684206E+07
-0.76561135819729E+07
-0.76663016263117E+07
-0.76764906489813E+07
-0.76866566661910E+07
-0.76968265571927E+07
-0.77069998261084E+07
-0.77171761719497E+07
-0.77280739370390E+07
-0.77382471510788E+07
-0.77484229638689E+07
-0.77586014377129E+07
-0.77705808677139E+07
-0.77809155978990E+07
-0.77911812642607E+07
-0.78014541469033E+07
-0.78117354597894E+07
-0.78220270272006E+07
-0.78323721734370E+07
-0.78426803426517E+07
-0.78529993040312E+07
-0.78633292354090E+07
-0.78736703074603E+07
-0.78840225982613E+07
-0.78943806711882E+07
-0.79047528379823E+07
-0.79151250803148E+07
-0.79255953509608E+07
-0.79360598281288E+07
-0.79465439987743E+07
-0.79570517610595E+07
-0.79675838935382E+07
-0.79824590617483E+07
-0.79929181875864E+07
-0.80033963491141E+07
-0.80138924125907E+07
-0.80244050266834E+07
-0.80349322565994E+07
-0.80430614255829E+07
-0.80539470155682E+07
-0.80648738305224E+07
-0.80758834287829E+07
-0.80872020293796E+07
-0.80981277459069E+07
-0.81109688614225E+07
-0.81216530397589E+07
-0.81278395878670E+07
-0.81387026289652E+07
-0.81497827330607E+07
-0.81606115628040E+07
-0.81713553264205E+07
-0.81819807215284E+07
-0.81950254989992E+07
-0.82054000806800E+07
-0.82106560442135E+07
-0.82212852894841E+07
-0.82318637242757E+07
-0.82405057399388E+07
-0.82507163992023E+07
-0.82616350821120E+07
-0.82719124206575E+07
-0.82822145579423E+07
-0.82925385471014E+07
-0.83028819608449E+07
-0.83132427878695E+07
-0.83236191907229E+07
-0.83340096653900E+07
-0.83444128848835E+07
-0.83548277334099E+07
-0.83652531902954E+07
-0.83756369214544E+07
-0.83859574627275E+07
-0.83962855623846E+07
-0.84066214132005E+07
-0.84169673838264E+07
-0.84273414665213E+07
-0.84377246208346E+07
-0.84481097848826E+07
-0.84585119893697E+07
-0.84689315150466E+07
-0.84793567424088E+07
-0.84898273161159E+07
-0.85003382559804E+07
-0.85108775425067E+07
-0.85214446830333E+07
-0.85320395635862E+07
-0.85426620353677E+07
-0.85533123609323E+07
-0.85639908685414E+07
-0.85746981978826E+07
-0.85854353144617E+07
-0.85962034935162E+07
-0.86082331654100E+07
-0.86191490875465E+07
-0.86301566993757E+07
-0.86412353632715E+07
-0.86522175598264E+07
-0.86592292245212E+07
-0.86668445650830E+07
-0.86819094621893E+07
-0.86926887464672E+07
-0.87034847234177E+07
-0.87143414083405E+07
-0.87252512080516E+07
-0.87361699790008E+07
-0.87471221103532E+07
-0.87583583659022E+07
-0.87695311611685E+07
-0.87805355931112E+07
-0.87914477567282E+07
-0.88022368165726E+07
-0.88082981358657E+07
-0.88193025818247E+07
-0.88303025167151E+07
-0.88411280513324E+07
-0.88518682378400E+07
-0.88635136813765E+07
-0.88703904070016E+07
-0.88810846596714E+07
-0.88916988612700E+07
-0.89020626084724E+07
-0.89124531574683E+07
-0.89228673474650E+07
-0.89333024542884E+07
-0.89437562054140E+07
-0.89542266859631E+07
-0.89647120629115E+07
-0.89751620467506E+07
-0.89855049619954E+07
-0.89958566602511E+07
-0.90062204597425E+07
-0.90165965914391E+07
-0.90269854543784E+07
-0.90373875576545E+07
-0.90478203988924E+07
-0.90583512971423E+07
-0.90688220827067E+07
-0.90793124552572E+07
-0.90898225609148E+07
-0.91003721802071E+07
-0.91109675309881E+07
-0.91215962597170E+07
-0.91322565558232E+07
-0.91429479878413E+07
-0.91536703793135E+07
-0.91643912265022E+07
-0.91750466392506E+07
-0.91857302116396E+07
-0.91921670743713E+07
-0.92064162220961E+07
-0.92170935395846E+07
-0.92277657474532E+07
-0.92383945137291E+07
-0.92490359111561E+07
-0.92596306911687E+07
-0.92654372288049E+07
-0.92765727135689E+07
-0.92877152942664E+07
-0.92988666042611E+07
-0.93100284940294E+07
-0.93212027558285E+07
-0.93323917885747E+07
-0.93435984856287E+07
-0.93550107567820E+07
-0.93662202477345E+07
-0.93810579919762E+07
-0.93925712005525E+07
-0.94040327322540E+07
-0.94152616196631E+07
-0.94263967380703E+07
-0.94279883851542E+07
-0.94387908932319E+07
-0.94538256571871E+07
-0.94649345479508E+07
-0.94759421887029E+07
-0.94868415162839E+07
-0.94986071584639E+07
-0.95090640358811E+07
-0.95194988377010E+07
-0.95260731669504E+07
-0.95366943864598E+07
-0.95471202994606E+07
-0.95577027017754E+07
-0.95681713491917E+07
-0.95786707171817E+07
-0.95891518053832E+07
-0.95995181559375E+07
-0.96099439970900E+07
-0.96203363807738E+07
-0.96307428941544E+07
-0.96411638646049E+07
-0.96515997003059E+07
-0.96620506567243E+07
-0.96725173477171E+07
-0.96830004952376E+07
-0.96935154300474E+07
-0.97040165656496E+07
-0.97145404877076E+07
-0.97251029915388E+07
-0.97356980164796E+07
-0.97463245134591E+07
-0.97569872325510E+07
-0.97676622491089E+07
-0.97782196573939E+07
-0.97887949118096E+07
-0.97993846257601E+07
-0.98099885923170E+07
-0.98206066557046E+07
-0.98312387643842E+07
-0.98418847937034E+07
-0.98525486637182E+07
-0.98632271956031E+07
-0.98739203042585E+07
-0.98778103443368E+07
-0.98890511983960E+07
-0.99002947850618E+07
-0.99115423061531E+07
-0.99227952084819E+07
-0.99340552005631E+07
-0.99453238758621E+07
-0.99566031753016E+07
-0.99678953538077E+07
-0.99792027366970E+07
-0.99905285516336E+07
-0.10001876052928E+08
-0.10013250182174E+08
-0.10024656814393E+08
-0.10035973967760E+08
-0.10047251994272E+08
-0.10057389969223E+08
-0.10063742814955E+08
-0.10074789752271E+08
-0.10085847168045E+08
-0.10096918146702E+08
-0.10107976434390E+08
-0.10118950955598E+08
-0.10130031355250E+08
-0.10140533159045E+08
-0.10158176839378E+08
-0.10168482367000E+08
-0.10178831418168E+08
-0.10189231235104E+08
-0.10195989715440E+08
-0.10206133174738E+08
-0.10216582864239E+08
-0.10226933650981E+08
-0.10237300537526E+08
-0.10247683317012E+08
-0.10258081194761E+08
-0.10268494315649E+08
-0.10278922578677E+08
-0.10289366293643E+08
-0.10299825858617E+08
-0.10310301670229E+08
-0.10320794604111E+08
-0.10332382151626E+08
-0.10342894012014E+08
-0.10353412648307E+08
-0.10363937923559E+08
-0.10374469974645E+08
-0.10384917582116E+08
-0.10395469493545E+08
-0.10406028752630E+08
-0.10416596359044E+08
-0.10427171811438E+08
-0.10437769602522E+08
-0.10448406864953E+08
-0.10459063117860E+08
-0.10469736169121E+08
-0.10480426313625E+08
-0.10491132924235E+08
-0.10501856463302E+08
-0.10503824617389E+08
-0.10515182507108E+08
-0.10526538947857E+08
-0.10537895076367E+08
-0.10549253146486E+08
-0.10560613579573E+08
-0.10571978725374E+08
-0.10583350076412E+08
-0.10594729439598E+08
-0.10606118950925E+08
-0.10617520770638E+08
-0.10628937602341E+08
-0.10640371989770E+08
-0.10651827998562E+08
-0.10663309450746E+08
-0.10674821825996E+08
-0.10686509579858E+08
-0.10691647112609E+08
-0.10702835352486E+08
-0.10714030107771E+08
-0.10725234297397E+08
-0.10736451215570E+08
-0.10747686158393E+08
-0.10758945160803E+08
-0.10770135769278E+08
-0.10781300913344E+08
-0.10797674099299E+08
-0.10807745645356E+08
-0.10820615523367E+08
-0.10830889256620E+08
-0.10841246766777E+08
-0.10851663075122E+08
-0.10862019983430E+08
-0.10866360121095E+08
-0.10876383397324E+08
-0.10886373753742E+08
-0.10896371500486E+08
-0.10906794938100E+08
-0.10926445740443E+08
-0.10936924390175E+08
-0.10941532791867E+08
-0.10951804544483E+08
-0.10962063541084E+08
-0.10972310117261E+08
-0.10982542891665E+08
-0.10992761684232E+08
-0.11003214139281E+08
-0.11013750158232E+08
-0.11024292724699E+08
-0.11034841420423E+08
-0.11045396749996E+08
-0.11055958761172E+08
-0.11066527008530E+08
-0.11077102174616E+08
-0.11087684157236E+08
-0.11098272579138E+08
-0.11108867682308E+08
-0.11119464776705E+08
-0.11130066884914E+08
-0.11140684261684E+08
-0.11151315199317E+08
-0.11153450470139E+08
-0.11164949491207E+08
-0.11176441347364E+08
-0.11187926196314E+08
-0.11199407675517E+08
-0.11210886729928E+08
-0.11222365697225E+08
-0.11233845568964E+08
-0.11245328979831E+08
-0.11256816764318E+08
-0.11268369737466E+08
-0.11279999422262E+08
-0.11291643677937E+08
-0.11303306140932E+08
-0.11314991516622E+08
-0.11326705416343E+08
-0.11338455196216E+08
-0.11350249903794E+08
-0.11355045341884E+08
-0.11366322741423E+08
-0.11377605274277E+08
-0.11388894093533E+08
-0.11400192666371E+08
-0.11411504718763E+08
-0.11422860042358E+08
-0.11434268995717E+08
-0.11445721721644E+08
-0.11457053818778E+08
-0.11475390014010E+08
-0.11485360924974E+08
-0.11495376653729E+08
-0.11505406501548E+08
-0.11509995657002E+08
-0.11521252972571E+08
-0.11532350486247E+08
-0.11551195309110E+08
-0.11561428846186E+08
-0.11571688102108E+08
-0.11581972887475E+08
-0.11592251350496E+08
-0.11602547459154E+08
-0.11612869715249E+08
-0.11623216187795E+08
-0.11633585303576E+08
-0.11644025575757E+08
-0.11654484279407E+08
-0.11664950392924E+08
-0.11675423606029E+08
-0.11683110387186E+08
-0.11693348729494E+08
-0.11703572540500E+08
-0.11713780828669E+08
-0.11723973919336E+08
-0.11734149900678E+08
-0.11744308992866E+08
-0.11754450773550E+08
-0.11765031678410E+08
-0.11775651947955E+08
-0.11786279944634E+08
-0.11796916816674E+08
-0.11807562291109E+08
-0.11818220900254E+08
-0.11813490431640E+08
-0.11824931627257E+08
-0.11836355562840E+08
-0.11847802875258E+08
-0.11859260578161E+08
-0.11874301563747E+08
-0.11886062839645E+08
-0.11897817035979E+08
-0.11909566628231E+08
-0.11921306694252E+08
-0.11933047733893E+08
-0.11944792858950E+08
-0.11956545818936E+08
-0.11968310434596E+08
-0.11980090183295E+08
-0.11991890828604E+08
-0.12003715009413E+08
-0.12015570960720E+08
-0.12027489969058E+08
-0.12032114558256E+08
-0.12043492111888E+08
-0.12054871219728E+08
-0.12066254154943E+08
-0.12077642683971E+08
-0.12089051886073E+08
-0.12100492542133E+08
-0.12111978017218E+08
-0.12119393349057E+08
-0.12130573292250E+08
-0.12141754606211E+08
-0.12152940526882E+08
-0.12164130471940E+08
-0.12175343093049E+08
-0.12186573880086E+08
-0.12197814784739E+08
-0.12205971284528E+08
-0.12217340597762E+08
-0.12228734683065E+08
-0.12240021742707E+08
-0.12251334224139E+08
-0.12262706685573E+08
-0.12280806793904E+08
-0.12291750332371E+08
-0.12302667855536E+08
-0.12318024101955E+08
-0.12328245798725E+08
-0.12338468192361E+08
-0.12348729235232E+08
-0.12359028221331E+08
-0.12369356723403E+08
-0.12379734361142E+08
-0.12390207493376E+08
-0.12400690279180E+08
-0.12411182558578E+08
-0.12421685336154E+08
-0.12432198293816E+08
-0.12439545644577E+08
-0.12449752303042E+08
-0.12459939597329E+08
-0.12470110830249E+08
-0.12480262703398E+08
-0.12490396663511E+08
-0.12500511316161E+08
-0.12510489144635E+08
-0.12503086609322E+08
-0.12514524439050E+08
-0.12526253342823E+08
-0.12537957977648E+08
-0.12549639407959E+08
-0.12561295287471E+08
-0.12572991122908E+08
-0.12584679770314E+08
-0.12596321112752E+08
-0.12607909718083E+08
-0.12619435526263E+08
-0.12630885239789E+08
-0.12646762718835E+08
-0.12658673785220E+08
-0.12670588338670E+08
-0.12682511248919E+08
-0.12694454073471E+08
-0.12702579782725E+08
-0.12714770120684E+08
-0.12727014324473E+08
-0.12734163294083E+08
-0.12745659326152E+08
-0.12758111541936E+08
-0.12769671961070E+08
-0.12781243497354E+08
-0.12788898984209E+08
-0.12800615363418E+08
-0.12812346993428E+08
-0.12824116153344E+08
-0.12831863409189E+08
-0.12843148541111E+08
-0.12854435613848E+08
-0.12861577436176E+08
-0.12872953849555E+08
-0.12884337323111E+08
-0.12895726907775E+08
-0.12907124441933E+08
-0.12918530820340E+08
-0.12929947276663E+08
-0.12941377427927E+08
-0.12952821105745E+08
-0.12964280769603E+08
-0.12975759063780E+08
-0.12987260260440E+08
-0.12998788168133E+08
-0.13010350828556E+08
-0.13021894298925E+08
-0.13033363724973E+08
-0.13051551123416E+08
-0.13062650977699E+08
-0.13073752101929E+08
-0.13084821100296E+08
-0.13095906047727E+08
-0.13111515077987E+08
-0.13121723861776E+08
-0.13131975149538E+08
-0.13142281689054E+08
-0.13152651640905E+08
-0.13163143476996E+08
-0.13173597866103E+08
-0.13184070725124E+08
-0.13194554881649E+08
-0.13205058393722E+08
-0.13212155162939E+08
-0.13222225394425E+08
-0.13232271757873E+08
-0.13242292549681E+08
-0.13252286484876E+08
-0.13262255632064E+08
-0.13253228183741E+08
-0.13265117401274E+08
