-0.83045312223097E+09
-0.83045312681823E+09
-0.83045312664481E+09
-0.83045317247552E+09
-0.83045324605024E+09
-0.83045334181206E+09
-0.83045345773941E+09
-0.83045359296525E+09
-0.83045374706954E+09
-0.83045391982935E+09
-0.83045411111772E+09
-0.83045432085825E+09
-0.83045454900285E+09
-0.83045479552022E+09
-0.83045506038937E+09
-0.83045534359594E+09
-0.83045564512994E+09
-0.83045596498441E+09
-0.83045630315445E+09
-0.83045665963666E+09
-0.83045703442874E+09
-0.83045742752924E+09
-0.83045783893730E+09
-0.83045826865258E+09
-0.83045871667510E+09
-0.83045918300522E+09
-0.83045966764354E+09
-0.83046017059090E+09
-0.83046069184829E+09
-0.83046123141691E+09
-0.83046178929804E+09
-0.83046236549314E+09
-0.83046296000375E+09
-0.83046357283154E+09
-0.83046420397826E+09
-0.83046485344576E+09
-0.83046552123597E+09
-0.83046620735091E+09
-0.83046691179267E+09
-0.83046763456343E+09
-0.83046837566542E+09
-0.83046913510098E+09
-0.83046991287249E+09
-0.83047070898240E+09
-0.83047152343325E+09
-0.83047235622762E+09
-0.83047320736819E+09
-0.83047407685767E+09
-0.83047496469885E+09
-0.83047587089461E+09
-0.83047679544785E+09
-0.83047773836157E+09
-0.83047869963882E+09
-0.83047967928272E+09
-0.83048067729643E+09
-0.83048169368321E+09
-0.83048272844637E+09
-0.83048378158926E+09
-0.83048485311533E+09
-0.83048594302808E+09
-0.83048705133106E+09
-0.83048817802790E+09
-0.83048932312228E+09
-0.83049048661797E+09
-0.83049166851876E+09
-0.83049286882855E+09
-0.83049408755128E+09
-0.83049532469094E+09
-0.83049658025162E+09
-0.83049785423744E+09
-0.83049914665261E+09
-0.83050045750139E+09
-0.83050178678810E+09
-0.83050313451714E+09
-0.83050450069296E+09
-0.83050588532009E+09
-0.83050728840311E+09
-0.83050870994667E+09
-0.83051014995548E+09
-0.83051160843434E+09
-0.83051308538808E+09
-0.83051458082162E+09
-0.83051609473994E+09
-0.83051762714807E+09
-0.83051917805114E+09
-0.83052074745431E+09
-0.83052233536284E+09
-0.83052394178202E+09
-0.83052556671724E+09
-0.83052721017393E+09
-0.83052887215762E+09
-0.83053055267387E+09
-0.83053225172834E+09
-0.83053396932673E+09
-0.83053570547482E+09
-0.83053746017847E+09
-0.83053923344360E+09
-0.83054102527618E+09
-0.83054283568227E+09
-0.83054466466800E+09
-0.83054651223956E+09
-0.83054837840321E+09
-0.83055026316527E+09
-0.83055216653217E+09
-0.83055408851035E+09
-0.83055602910637E+09
-0.83055798832684E+09
-0.83055996617845E+09
-0.83056196266793E+09
-0.83056397780213E+09
-0.83056601158794E+09
-0.83056806403232E+09
-0.83057013514232E+09
-0.83057222492504E+09
-0.83057433338768E+09
-0.83057646053749E+09
-0.83057860638180E+09
-0.83058077092802E+09
-0.83058295418362E+09
-0.83058515615616E+09
-0.83058737685326E+09
-0.83058961628261E+09
-0.83059187445201E+09
-0.83059415136929E+09
-0.83059644704237E+09
-0.83059876147927E+09
-0.83060109468805E+09
-0.83060344667687E+09
-0.83060581745396E+09
-0.83060820702762E+09
-0.83061061540624E+09
-0.83061304259827E+09
-0.83061548861225E+09
-0.83061795345680E+09
-0.83062043714061E+09
-0.83062293967245E+09
-0.83062546106118E+09
-0.83062800131573E+09
-0.83063056044510E+09
-0.83063313845839E+09
-0.83063573536477E+09
-0.83063835117348E+09
-0.83064098589387E+09
-0.83064363953535E+09
-0.83064631210741E+09
-0.83064900361962E+09
-0.83065171408166E+09
-0.83065444350326E+09
-0.83065719189425E+09
-0.83065995926455E+09
-0.83066274562413E+09
-0.83066555098309E+09
-0.83066837535159E+09
-0.83067121873987E+09
-0.83067408115827E+09
-0.83067696261721E+09
-0.83067986312720E+09
-0.83068278269883E+09
-0.83068572134279E+09
-0.83068867906983E+09
-0.83069165589082E+09
-0.83069465181670E+09
-0.83069766685851E+09
-0.83070070102737E+09
-0.83070375433450E+09
-0.83070682679119E+09
-0.83070991840885E+09
-0.83071302919896E+09
-0.83071615917309E+09
-0.83071930834293E+09
-0.83072247672022E+09
-0.83072566431683E+09
-0.83072887114470E+09
-0.83073209721588E+09
-0.83073534254252E+09
-0.83073860713683E+09
-0.83074189101115E+09
-0.83074519417791E+09
-0.83074851664962E+09
-0.83075185843891E+09
-0.83075521955850E+09
-0.83075860002119E+09
-0.83076199983990E+09
-0.83076541902765E+09
-0.83076885759755E+09
-0.83077231556281E+09
-0.83077579293675E+09
-0.83077928973277E+09
-0.83078280596441E+09
-0.83078634164529E+09
-0.83078989678911E+09
-0.83079347140973E+09
-0.83079706552106E+09
-0.83080067913714E+09
-0.83080431227212E+09
-0.83080796494026E+09
-0.83081163715590E+09
-0.83081532893350E+09
-0.83081904028765E+09
-0.83082277123303E+09
-0.83082652178442E+09
-0.83083029195672E+09
-0.83083408176496E+09
-0.83083789122425E+09
-0.83084172034982E+09
-0.83084556915703E+09
-0.83084943766134E+09
-0.83085332587833E+09
-0.83085723382368E+09
-0.83086116151320E+09
-0.83086510896282E+09
-0.83086907618858E+09
-0.83087306320664E+09
-0.83087707003326E+09
-0.83088109668486E+09
-0.83088514317794E+09
-0.83088920952915E+09
-0.83089329575523E+09
-0.83089740187308E+09
-0.83090152789970E+09
-0.83090567385221E+09
-0.83090983974787E+09
-0.83091402560405E+09
-0.83091823143828E+09
-0.83092245726816E+09
-0.83092670311148E+09
-0.83093096898611E+09
-0.83093525491008E+09
-0.83093956090154E+09
-0.83094388697876E+09
-0.83094823316017E+09
-0.83095259946430E+09
-0.83095698590986E+09
-0.83096139251564E+09
-0.83096581930060E+09
-0.83097026628384E+09
-0.83097473348457E+09
-0.83097922092218E+09
-0.83098372861616E+09
-0.83098825658617E+09
-0.83099280485199E+09
-0.83099737343356E+09
-0.83100196235095E+09
-0.83100657162438E+09
-0.83101120127423E+09
-0.83101585132100E+09
-0.83102052178536E+09
-0.83102521268812E+09
-0.83102992405024E+09
-0.83103465589283E+09
-0.83103940823716E+09
-0.83104418110464E+09
-0.83104897451686E+09
-0.83105378849553E+09
-0.83105862306255E+09
-0.83106347823995E+09
-0.83106835404994E+09
-0.83107325051489E+09
-0.83107816765730E+09
-0.83108310549988E+09
-0.83108806406547E+09
-0.83109304337709E+09
-0.83109804345793E+09
-0.83110306433132E+09
-0.83110810602079E+09
-0.83111316855004E+09
-0.83111825194291E+09
-0.83112335622345E+09
-0.83112848141586E+09
-0.83113362754452E+09
-0.83113879463400E+09
-0.83114398270903E+09
-0.83114919179453E+09
-0.83115442191561E+09
-0.83115967309754E+09
-0.83116494536578E+09
-0.83117023874600E+09
-0.83117555326402E+09
-0.83118088894588E+09
-0.83118624581778E+09
-0.83119162390615E+09
-0.83119702323757E+09
-0.83120244383884E+09
-0.83120788573696E+09
-0.83121334895911E+09
-0.83121883353268E+09
-0.83122433948526E+09
-0.83122986684464E+09
-0.83123541563882E+09
-0.83124098589599E+09
-0.83124657764457E+09
-0.83125219091317E+09
-0.83125782573063E+09
-0.83126348212599E+09
-0.83126916012849E+09
-0.83127485976762E+09
-0.83128058107307E+09
-0.83128632407475E+09
-0.83129208880280E+09
-0.83129787528756E+09
-0.83130368355962E+09
-0.83130951364980E+09
-0.83131536558913E+09
-0.83132123940890E+09
-0.83132713514059E+09
-0.83133305281596E+09
-0.83133899246698E+09
-0.83134495412587E+09
-0.83135093782510E+09
-0.83135694359736E+09
-0.83136297147561E+09
-0.83136902149306E+09
-0.83137509368314E+09
-0.83138118807956E+09
-0.83138730471629E+09
-0.83139344362753E+09
-0.83139960484776E+09
-0.83140578841172E+09
-0.83141199435441E+09
-0.83141822271109E+09
-0.83142447351731E+09
-0.83143074680887E+09
-0.83143704262187E+09
-0.83144336099264E+09
-0.83144970195785E+09
-0.83145606555439E+09
-0.83146245181950E+09
-0.83146886079064E+09
-0.83147529250561E+09
-0.83148174700248E+09
-0.83148822431963E+09
-0.83149472449571E+09
-0.83150124756969E+09
-0.83150779358086E+09
-0.83151436256878E+09
-0.83152095457334E+09
-0.83152756963475E+09
-0.83153420779352E+09
-0.83154086909048E+09
-0.83154755356680E+09
-0.83155426126394E+09
-0.83156099222372E+09
-0.83156774648827E+09
-0.83157452410007E+09
-0.83158132510194E+09
-0.83158814953701E+09
-0.83159499744879E+09
-0.83160186888111E+09
-0.83160876387818E+09
-0.83161568248454E+09
-0.83162262474509E+09
-0.83162959070510E+09
-0.83163658041020E+09
-0.83164359390641E+09
-0.83165063124008E+09
-0.83165769245798E+09
-0.83166477760722E+09
-0.83167188673533E+09
-0.83167901989021E+09
-0.83168617712015E+09
-0.83169335847384E+09
-0.83170056400038E+09
-0.83170779374926E+09
-0.83171504777037E+09
-0.83172232611404E+09
-0.83172962883100E+09
-0.83173695597241E+09
-0.83174430758983E+09
-0.83175168373529E+09
-0.83175908446123E+09
-0.83176650982052E+09
-0.83177395986651E+09
-0.83178143465296E+09
-0.83178893423410E+09
-0.83179645866464E+09
-0.83180400799970E+09
-0.83181158229493E+09
-0.83181918160641E+09
-0.83182680599071E+09
-0.83183445550489E+09
-0.83184213020650E+09
-0.83184983015357E+09
-0.83185755540466E+09
-0.83186530601879E+09
-0.83187308205554E+09
-0.83188088357496E+09
-0.83188871063766E+09
-0.83189656330477E+09
-0.83190444163793E+09
-0.83191234569935E+09
-0.83192027555178E+09
-0.83192823125850E+09
-0.83193621288338E+09
-0.83194422049084E+09
-0.83195225414586E+09
-0.83196031391403E+09
-0.83196839986149E+09
-0.83197651205500E+09
-0.83198465056190E+09
-0.83199281545013E+09
-0.83200100678827E+09
-0.83200922464549E+09
-0.83201746909161E+09
-0.83202574019707E+09
-0.83203403803295E+09
-0.83204236267098E+09
-0.83205071418357E+09
-0.83205909264376E+09
-0.83206749812528E+09
-0.83207593070255E+09
-0.83208439045065E+09
-0.83209287744539E+09
-0.83210139176326E+09
-0.83210993348148E+09
-0.83211850267800E+09
-0.83212709943146E+09
-0.83213572382130E+09
-0.83214437592766E+09
-0.83215305583146E+09
-0.83216176361440E+09
-0.83217049935893E+09
-0.83217926314830E+09
-0.83218805506658E+09
-0.83219687519861E+09
-0.83220572363007E+09
-0.83221460044747E+09
-0.83222350573813E+09
-0.83223243959025E+09
-0.83224140209289E+09
-0.83225039333596E+09
-0.83225941341025E+09
-0.83226846240748E+09
-0.83227754042024E+09
-0.83228664754204E+09
-0.83229578386732E+09
-0.83230494949148E+09
-0.83231414451086E+09
-0.83232336902275E+09
-0.83233262312544E+09
-0.83234190691819E+09
-0.83235122050129E+09
-0.83236056397604E+09
-0.83236993744474E+09
-0.83237934101078E+09
-0.83238877477858E+09
-0.83239823885365E+09
-0.83240773334257E+09
-0.83241725835303E+09
-0.83242681399385E+09
-0.83243640037496E+09
-0.83244601760746E+09
-0.83245566580360E+09
-0.83246534507681E+09
-0.83247505554173E+09
-0.83248479731419E+09
-0.83249457051127E+09
-0.83250437525130E+09
-0.83251421165386E+09
-0.83252407983981E+09
-0.83253397993132E+09
-0.83254391205189E+09
-0.83255387632635E+09
-0.83256387288086E+09
-0.83257390184300E+09
-0.83258396334173E+09
-0.83259405750741E+09
-0.83260418447185E+09
-0.83261434436834E+09
-0.83262453733160E+09
-0.83263476349791E+09
-0.83264502300502E+09
-0.83265531599226E+09
-0.83266564260052E+09
-0.83267600297228E+09
-0.83268639725163E+09
-0.83269682558431E+09
-0.83270728811773E+09
-0.83271778500097E+09
-0.83272831638484E+09
-0.83273888242189E+09
-0.83274948326644E+09
-0.83276011907460E+09
-0.83277079000431E+09
-0.83278149621536E+09
-0.83279223786942E+09
-0.83280301513005E+09
-0.83281382816279E+09
-0.83282467713511E+09
-0.83283556221651E+09
-0.83284648357850E+09
-0.83285744139466E+09
-0.83286843584069E+09
-0.83287946709439E+09
-0.83289053533575E+09
-0.83290164074694E+09
-0.83291278351237E+09
-0.83292396381874E+09
-0.83293518185504E+09
-0.83294643781261E+09
-0.83295773188520E+09
-0.83296906426894E+09
-0.83298043516247E+09
-0.83299184476692E+09
-0.83300329328595E+09
-0.83301478092585E+09
-0.83302630789550E+09
-0.83303787440651E+09
-0.83304948067317E+09
-0.83306112691257E+09
-0.83307281334461E+09
-0.83308454019206E+09
-0.83309630768061E+09
-0.83310811603891E+09
-0.83311996549865E+09
-0.83313185629456E+09
-0.83314378866453E+09
-0.83315576284963E+09
-0.83316777909414E+09
-0.83317983764567E+09
-0.83319193875518E+09
-0.83320408267702E+09
-0.83321626966906E+09
-0.83322849999268E+09
-0.83324077391289E+09
-0.83325309169834E+09
-0.83326545362147E+09
-0.83327785995847E+09
-0.83329031098946E+09
-0.83330280699850E+09
-0.83331534827366E+09
-0.83332793510712E+09
-0.83334056779527E+09
-0.83335324663871E+09
-0.83336597194243E+09
-0.83337874401582E+09
-0.83339156317279E+09
-0.83340442973185E+09
-0.83341734401619E+09
-0.83343030635379E+09
-0.83344331707752E+09
-0.83345637652519E+09
-0.83346948503970E+09
-0.83348264296914E+09
-0.83349585066685E+09
-0.83350910849157E+09
-0.83352241680754E+09
-0.83353577598460E+09
-0.83354918639831E+09
-0.83356264843008E+09
-0.83357616246729E+09
-0.83358972890339E+09
-0.83360334813807E+09
-0.83361702057737E+09
-0.83363074663380E+09
-0.83364452672650E+09
-0.83365836128139E+09
-0.83367225073131E+09
-0.83368619551615E+09
-0.83370019608303E+09
-0.83371425288648E+09
-0.83372836638854E+09
-0.83374253705900E+09
-0.83375676537555E+09
-0.83377105182392E+09
-0.83378539689815E+09
-0.83379980110069E+09
-0.83381426494268E+09
-0.83382878894408E+09
-0.83384337363395E+09
-0.83385801955060E+09
-0.83387272724186E+09
-0.83388749726530E+09
-0.83390233018847E+09
-0.83391722658913E+09
-0.83393218705553E+09
-0.83394721218666E+09
-0.83396230259252E+09
-0.83397745889442E+09
-0.83399268172526E+09
-0.83400797172983E+09
-0.83402332956514E+09
-0.83403875590074E+09
-0.83405425141907E+09
-0.83406981681579E+09
-0.83408545280018E+09
-0.83410116009548E+09
-0.83411693943935E+09
-0.83413279158422E+09
-0.83414871729778E+09
-0.83416471736340E+09
-0.83418079258062E+09
-0.83419694376564E+09
-0.83421317175185E+09
-0.83422947739036E+09
-0.83424586155059E+09
-0.83426232512091E+09
-0.83427886900919E+09
-0.83429549414357E+09
-0.83431220147312E+09
-0.83432899196862E+09
-0.83434586662337E+09
-0.83436282645402E+09
-0.83437987250154E+09
-0.83439700583217E+09
-0.83441422753847E+09
-0.83443153874052E+09
-0.83444894058708E+09
-0.83446643425701E+09
-0.83448402096066E+09
-0.83450170194158E+09
-0.83451947847820E+09
-0.83453735188585E+09
-0.83455532351897E+09
-0.83457339477355E+09
-0.83459156708996E+09
-0.83460984195609E+09
-0.83462822091109E+09
-0.83464670554961E+09
-0.83466529752685E+09
-0.83468399856454E+09
-0.83470281045816E+09
-0.83472173508583E+09
-0.83474077441929E+09
-0.83475993053802E+09
-0.83477920564735E+09
-0.83479860210280E+09
-0.83481812244332E+09
-0.83483776943865E+09
-0.83485754615944E+09
-0.83487745608700E+09
-0.83489750329672E+09
-0.83491769279388E+09
-0.83493803120937E+09
-0.83495852851522E+09
-0.83497920189096E+09
-0.83500004660598E+09
-0.83502102010601E+09
-0.83504211268110E+09
-0.83506332997188E+09
-0.83508466307515E+09
-0.83510612945019E+09
-0.83512772586981E+09
-0.83514945767333E+09
-0.83517132944139E+09
-0.83519334306286E+09
-0.83521550325153E+09
-0.83523781050217E+09
-0.83526027025710E+09
-0.83528288544718E+09
-0.83530565782040E+09
-0.83532859061988E+09
-0.83535168776314E+09
-0.83537495052137E+09
-0.83539838317329E+09
-0.83542198813967E+09
-0.83544576942436E+09
-0.83546972912012E+09
-0.83549387100179E+09
-0.83551819750862E+09
-0.83554271216824E+09
-0.83556741878688E+09
-0.83559231988427E+09
-0.83561746111038E+09
-0.83564272232150E+09
-0.83566823032929E+09
-0.83569394896636E+09
-0.83571988025200E+09
-0.83574602905763E+09
-0.83577239975271E+09
-0.83579899581307E+09
-0.83582582250878E+09
-0.83585288380520E+09
-0.83588018292751E+09
-0.83590772616184E+09
-0.83593551860827E+09
-0.83596356431178E+09
-0.83599186843933E+09
-0.83602043315800E+09
-0.83604926926296E+09
-0.83607837779366E+09
-0.83610776415505E+09
-0.83613743733171E+09
-0.83616740538125E+09
-0.83619766994415E+09
-0.83622823912824E+09
-0.83625911917392E+09
-0.83629031739953E+09
-0.83632184068899E+09
-0.83635369704205E+09
-0.83638588899840E+09
-0.83641842963990E+09
-0.83645132586267E+09
-0.83648458462536E+09
-0.83651821417448E+09
-0.83655222649716E+09
-0.83658662736716E+09
-0.83662142641984E+09
-0.83665663462558E+09
-0.83669226205736E+09
-0.83672831813839E+09
-0.83676481478962E+09
-0.83680176230309E+09
-0.83683916766803E+09
-0.83687704874229E+09
-0.83691541656126E+09
-0.83695428375043E+09
-0.83699366362505E+09
-0.83703357044994E+09
-0.83707402460056E+09
-0.83711501603464E+09
-0.83715658764523E+09
-0.83719874543947E+09
-0.83724150628069E+09
-0.83728488831874E+09
-0.83732891437315E+09
-0.83737359938987E+09
-0.83741895222951E+09
-0.83746501378933E+09
-0.83751175962321E+09
-0.83755926353167E+09
-0.83760752894861E+09
-0.83765658351721E+09
-0.83770645013398E+09
-0.83775715566835E+09
-0.83780872480605E+09
-0.83786118540078E+09
-0.83791458307316E+09
-0.83796892575293E+09
-0.83802422489168E+09
-0.83808055767788E+09
-0.83813793840977E+09
-0.83819641792135E+09
-0.83825604841667E+09
-0.83831682887858E+09
-0.83837882150171E+09
-0.83844207082867E+09
-0.83850662517167E+09
-0.83857253946186E+09
-0.83863986131717E+09
-0.83870862516519E+09
-0.83877892548893E+09
-0.83885080021884E+09
-0.83892432283462E+09
-0.83899955614877E+09
-0.83907657212908E+09
-0.83915544634660E+09
-0.83923623658180E+09
-0.83931906574330E+09
-0.83940400598150E+09
-0.83949114990357E+09
-0.83958059559378E+09
-0.83967245306830E+09
-0.83976684050147E+09
-0.83986395754446E+09
-0.83996368418464E+09
-0.84006641864829E+09
-0.84017213759810E+09
-0.84028113687687E+09
-0.84039344136938E+09
-0.84050932217113E+09
-0.84062889646396E+09
-0.84075242448689E+09
-0.84088011398362E+09
-0.84101218355248E+09
-0.84114887220418E+09
-0.84129043790696E+09
-0.84143721722786E+09
-0.84158949470258E+09
-0.84174759668706E+09
-0.84191191905934E+09
-0.84208277373581E+09
-0.84226073594229E+09
-0.84244622320083E+09
-0.84263955718081E+09
-0.84284164330003E+09
-0.84305253543587E+09
-0.84327336793205E+09
-0.84350468429984E+09
-0.84374733837858E+09
-0.84400214062377E+09
-0.84427009180415E+09
-0.84455247423874E+09
-0.84484972503642E+09
-0.84516376438959E+09
-0.84549594371553E+09
-0.84584784271981E+09
-0.84622120869702E+09
-0.84661808314425E+09
-0.84704072831183E+09
-0.84749168112521E+09
-0.84797394017155E+09
-0.84849070019219E+09
-0.84904583386892E+09
-0.84964342157148E+09
-0.85028844604556E+09
-0.85098661823997E+09
-0.85174472239683E+09
-0.85257034411986E+09
-0.85347262846474E+09
-0.85446204873505E+09
-0.85555150033400E+09
-0.85675563441176E+09
-0.85809311799283E+09
-0.85958577137157E+09
-0.86126062700586E+09
-0.86315087171631E+09
-0.86529801015404E+09
-0.86775422955104E+09
-0.87058640279028E+09
-0.87388065360903E+09
-0.87775076313026E+09
-0.88234733124897E+09
-0.88787768753863E+09
-0.89463079483448E+09
-0.90301772544394E+09
-0.91364451941308E+09
-0.92743149901225E+09
-0.94584553947038E+09
-0.97132434997239E+09
-0.10081428638246E+10
-0.10643392732211E+10
-0.11555515522894E+10
-0.13084436096783E+10
-0.14329076359742E+10
 0.26006576013038E+10
 0.83202118647362E+08
-0.10577769635564E+10
-0.10344798519957E+10
-0.98106919356540E+09
-0.94401759422834E+09
-0.91929674297424E+09
-0.90230598641483E+09
-0.89018978630906E+09
-0.88125979397793E+09
-0.87448418628114E+09
-0.86921859318949E+09
-0.86504133712530E+09
-0.86166793239204E+09
-0.85890299067445E+09
-0.85660496863451E+09
-0.85467222625486E+09
-0.85303161651353E+09
-0.85162559534743E+09
-0.85041077359883E+09
-0.84935337149373E+09
-0.84842711868365E+09
-0.84761062600190E+09
-0.84688707987003E+09
-0.84624270968199E+09
-0.84566624694559E+09
-0.84514839963411E+09
-0.84468140551218E+09
-0.84425878588812E+09
-0.84387509622045E+09
-0.84352570604474E+09
-0.84320664231662E+09
-0.84291451979998E+09
-0.84264641618050E+09
-0.84239980101903E+09
-0.84217248949407E+09
-0.84196256795078E+09
-0.84176839151745E+09
-0.84158838507580E+09
-0.84142128987940E+09
-0.84126595965115E+09
-0.84112137198400E+09
-0.84098659054029E+09
-0.84086006473551E+09
-0.84074277508948E+09
-0.84063341348828E+09
-0.84053130853915E+09
-0.84043545513862E+09
-0.84034659454166E+09
-0.84025963129113E+09
-0.84018044291305E+09
-0.84010598529864E+09
-0.84003622822034E+09
-0.83997122487250E+09
-0.83990752937596E+09
-0.83984875564723E+09
-0.83979336463311E+09
-0.83974048533738E+09
-0.83969140755076E+09
-0.83964515685893E+09
-0.83960156183917E+09
-0.83956046784442E+09
-0.83952172498951E+09
-0.83948534966429E+09
-0.83945094472065E+09
-0.83941852320482E+09
-0.83938796761097E+09
-0.83935918956419E+09
-0.83933209218628E+09
-0.83930657991327E+09
-0.83928258198557E+09
-0.83926002183982E+09
-0.83923882900996E+09
-0.83921893704423E+09
-0.83920028374350E+09
-0.83918281091424E+09
-0.83916646376633E+09
-0.83915119528032E+09
-0.83913695811603E+09
-0.83912371802235E+09
-0.83911137413323E+09
-0.83909992550178E+09
-0.83908933376432E+09
-0.83907956149658E+09
-0.83906960824090E+09
-0.83906160958253E+09
-0.83905432251223E+09
-0.83904765853935E+09
-0.83904213191851E+09
-0.83903713393948E+09
-0.83903267639602E+09
-0.83902891799154E+09
-0.83902674218842E+09
-0.83902245080197E+09
-0.83901886731129E+09
-0.83901653112425E+09
-0.83901463967804E+09
-0.83901318743556E+09
-0.83901142357956E+09
-0.83901094863795E+09
-0.83901088460984E+09
-0.83901122233021E+09
-0.83901194734919E+09
-0.83901304594828E+09
-0.83901450508463E+09
-0.83901631214712E+09
-0.83901844697376E+09
-0.83902090226040E+09
-0.83902367110858E+09
-0.83902674329722E+09
-0.83903010908025E+09
-0.83903376522226E+09
-0.83903770430936E+09
-0.83904190630858E+09
-0.83904636298366E+09
-0.83905106914788E+09
-0.83905601724652E+09
-0.83906120047946E+09
-0.83906661092944E+09
-0.83907224458113E+09
-0.83907687717987E+09
-0.83908301384714E+09
-0.83908935289847E+09
-0.83909590572188E+09
-0.83910269603114E+09
-0.83910968328774E+09
-0.83911689503562E+09
-0.83912433707425E+09
-0.83913191332368E+09
-0.83913957949766E+09
-0.83914759185269E+09
-0.83915574184606E+09
-0.83916409993556E+09
-0.83917259394622E+09
-0.83918122312227E+09
-0.83918998921428E+09
-0.83919863362170E+09
-0.83920795383387E+09
-0.83921759824274E+09
-0.83922562116471E+09
-0.83923375129688E+09
-0.83924281852002E+09
-0.83925201158534E+09
-0.83926130977956E+09
-0.83927071003198E+09
-0.83928020922499E+09
-0.83928980445572E+09
-0.83929861175343E+09
-0.83930847243373E+09
-0.83931843483925E+09
-0.83932849016584E+09
-0.83933863886664E+09
-0.83934887398182E+09
-0.83935920313973E+09
-0.83936961079834E+09
-0.83938011635840E+09
-0.83939068617710E+09
-0.83940133852956E+09
-0.83941207029127E+09
-0.83942287927199E+09
-0.83943376364384E+09
-0.83944472172315E+09
-0.83945575192709E+09
-0.83946685271423E+09
-0.83947802272336E+09
-0.83948779645929E+09
-0.83949916716703E+09
-0.83951060457987E+09
-0.83952211003386E+09
-0.83953368690609E+09
-0.83954532741273E+09
-0.83955703024539E+09
-0.83956879404185E+09
-0.83958061734186E+09
-0.83959249842061E+09
-0.83960447371419E+09
-0.83961653073150E+09
-0.83962865459348E+09
-0.83964084649159E+09
-0.83965310790153E+09
-0.83966546596732E+09
-0.83967802533590E+09
-0.83969090462014E+09
-0.83970144824020E+09
-0.83971383910030E+09
-0.83972628013200E+09
-0.83973877102228E+09
-0.83975131147922E+09
-0.83976391622576E+09
-0.83977659582286E+09
-0.83978934859318E+09
-0.83980222722635E+09
-0.83981525841011E+09
-0.83982830892191E+09
-0.83984136392811E+09
-0.83985445148629E+09
-0.83986748710646E+09
-0.83988041692949E+09
-0.83989334392812E+09
-0.83990768026026E+09
-0.83991984071294E+09
-0.83993403817996E+09
-0.83994602778135E+09
-0.83995850145963E+09
-0.83997071985644E+09
-0.83998366951899E+09
-0.83999663831246E+09
-0.84000962534101E+09
-0.84002260982585E+09
-0.84003562924044E+09
-0.84004755799010E+09
-0.84006074132110E+09
-0.84007395162889E+09
-0.84008718192406E+09
-0.84010044092809E+09
-0.84011198206192E+09
-0.84012534643468E+09
-0.84013874038123E+09
-0.84015216331407E+09
-0.84016561470526E+09
-0.84017909407437E+09
-0.84019260098713E+09
-0.84020613504944E+09
-0.84021969590619E+09
-0.84023328322266E+09
-0.84024689674445E+09
-0.84026053621583E+09
-0.84027420413556E+09
-0.84028790559294E+09
-0.84030163382286E+09
-0.84031538856650E+09
-0.84032916952035E+09
-0.84034297631941E+09
-0.84035680846146E+09
-0.84037066733375E+09
-0.84038460456686E+09
-0.84039857834177E+09
-0.84041259083148E+09
-0.84042665783399E+09
-0.84044080257259E+09
-0.84045501261395E+09
-0.84046930435721E+09
-0.84048379749919E+09
-0.84049849756221E+09
-0.84051287857444E+09
-0.84052713162483E+09
-0.84054227549762E+09
-0.84055327410324E+09
-0.84056765633097E+09
-0.84058214452613E+09
-0.84059657253565E+09
-0.84061087143262E+09
-0.84062518554566E+09
-0.84063946186690E+09
-0.84065561084558E+09
-0.84066881620664E+09
-0.84068249865753E+09
-0.84069649412482E+09
-0.84071101155199E+09
-0.84072401841716E+09
-0.84073806676623E+09
-0.84075211440544E+09
-0.84076616064873E+09
-0.84078020474033E+09
-0.84079424578406E+09
-0.84080529789358E+09
-0.84081953794673E+09
-0.84083379617299E+09
-0.84084807202651E+09
-0.84086236503316E+09
-0.84087667478067E+09
-0.84089100091992E+09
-0.84090534268786E+09
-0.84091969957697E+09
-0.84093407205323E+09
-0.84094846043711E+09
-0.84096286575580E+09
-0.84097728773512E+09
-0.84099172622096E+09
-0.84100618110325E+09
-0.84102065232089E+09
-0.84103514490388E+09
-0.84104965988603E+09
-0.84106419337079E+09
-0.84107874534018E+09
-0.84109331575934E+09
-0.84110790455280E+09
-0.84112251156621E+09
-0.84113713650664E+09
-0.84115181949272E+09
-0.84116656488368E+09
-0.84118134638319E+09
-0.84119616564279E+09
-0.84121102910847E+09
-0.84122594663406E+09
-0.84124093132635E+09
-0.84125600449551E+09
-0.84127120007912E+09
-0.84128636670542E+09
-0.84130145613230E+09
-0.84131400669365E+09
-0.84132891827482E+09
-0.84134387114122E+09
-0.84135887391073E+09
-0.84137387168698E+09
-0.84138889912765E+09
-0.84140390291329E+09
-0.84141888799632E+09
-0.84143385182035E+09
-0.84145103879964E+09
-0.84146519788911E+09
-0.84147958534383E+09
-0.84149414458903E+09
-0.84150870015394E+09
-0.84152218943378E+09
-0.84153681922209E+09
-0.84155145037630E+09
-0.84156608489043E+09
-0.84158072008349E+09
-0.84159183919404E+09
-0.84160660647013E+09
-0.84162138885138E+09
-0.84163618564222E+09
-0.84165099651450E+09
-0.84166582171552E+09
-0.84168065970855E+09
-0.84169551015593E+09
-0.84171037278069E+09
-0.84172524660738E+09
-0.84174013295195E+09
-0.84175503272683E+09
-0.84176995212276E+09
-0.84178488576555E+09
-0.84179983666705E+09
-0.84181480651006E+09
-0.84182979230159E+09
-0.84184479399827E+09
-0.84185981126049E+09
-0.84187488179397E+09
-0.84188993427454E+09
-0.84190500655131E+09
-0.84192009818476E+09
-0.84193526971232E+09
-0.84195047490999E+09
-0.84196571706886E+09
-0.84198100086153E+09
-0.84199633290498E+09
-0.84201172281278E+09
-0.84202718517170E+09
-0.84204273788742E+09
-0.84205610211341E+09
-0.84207133371372E+09
-0.84208658921954E+09
-0.84210187109315E+09
-0.84211718248946E+09
-0.84213251814470E+09
-0.84214790346303E+09
-0.84216333618990E+09
-0.84217865186129E+09
-0.84219388698128E+09
-0.84220935246941E+09
-0.84222482561119E+09
-0.84224026914635E+09
-0.84225818699109E+09
-0.84227026344989E+09
-0.84228850239777E+09
-0.84230332099894E+09
-0.84231833817468E+09
-0.84233289868683E+09
-0.84234691465568E+09
-0.84236188432973E+09
-0.84237685026475E+09
-0.84239181213988E+09
-0.84240676977210E+09
-0.84241767951020E+09
-0.84243281613531E+09
-0.84244796723618E+09
-0.84246313206706E+09
-0.84247830744587E+09
-0.84249349429564E+09
-0.84250869619970E+09
-0.84252391267671E+09
-0.84253914279176E+09
-0.84255438749860E+09
-0.84256964706938E+09
-0.84258492857946E+09
-0.84260022756144E+09
-0.84261554406897E+09
-0.84263087816157E+09
-0.84264622988815E+09
-0.84266159926952E+09
-0.84267698546940E+09
-0.84269238804771E+09
-0.84270780781429E+09
-0.84272329654543E+09
-0.84273881263566E+09
-0.84275436489668E+09
-0.84276995788950E+09
-0.84278559799289E+09
-0.84279987348913E+09
-0.84281533275480E+09
-0.84283080670331E+09
-0.84284629810606E+09
-0.84286180804281E+09
-0.84287738574075E+09
-0.84289294160708E+09
-0.84290852162932E+09
-0.84292412852621E+09
-0.84293976582248E+09
-0.84295543811523E+09
-0.84297115166385E+09
-0.84298688966974E+09
-0.84300238979715E+09
-0.84301794879715E+09
-0.84303359773664E+09
-0.84305304629571E+09
-0.84306821311683E+09
-0.84308371284585E+09
-0.84309549481684E+09
-0.84311120227490E+09
-0.84313056376569E+09
-0.84314583167923E+09
-0.84315949299164E+09
-0.84317474966958E+09
-0.84319000269257E+09
-0.84320524788978E+09
-0.84322048008350E+09
-0.84323073577482E+09
-0.84324611698195E+09
-0.84326152209469E+09
-0.84327698296151E+09
-0.84329242383561E+09
-0.84330788171379E+09
-0.84332335576488E+09
-0.84333884540697E+09
-0.84335435062462E+09
-0.84336987725538E+09
-0.84338542319900E+09
-0.84340096619223E+09
-0.84341654307224E+09
-0.84343213949832E+09
-0.84344775562475E+09
-0.84346339158325E+09
-0.84347904750035E+09
-0.84349472347164E+09
-0.84351041949739E+09
-0.84352618731659E+09
-0.84354200194700E+09
-0.84355690350400E+09
-0.84357255852236E+09
-0.84358822449454E+09
-0.84360390139587E+09
-0.84361962490257E+09
-0.84363537106693E+09
-0.84365113329958E+09
-0.84366691377778E+09
-0.84368271351822E+09
-0.84369853321036E+09
-0.84371437345070E+09
-0.84373023416121E+09
-0.84374611342319E+09
-0.84376201395549E+09
-0.84377789999637E+09
-0.84379386231558E+09
-0.84380986910727E+09
-0.84382567493097E+09
-0.84384143435104E+09
-0.84385725066579E+09
-0.84387709052230E+09
-0.84389264933510E+09
-0.84390819341603E+09
-0.84392414928614E+09
-0.84394065496004E+09
-0.84395193297420E+09
-0.84396813519101E+09
-0.84398797066805E+09
-0.84399878031383E+09
-0.84401269304074E+09
-0.84402817014277E+09
-0.84404368470119E+09
-0.84405793925276E+09
-0.84407353269704E+09
-0.84408915355464E+09
-0.84410480686217E+09
-0.84412048088413E+09
-0.84413614867157E+09
-0.84415186708917E+09
-0.84416760403047E+09
-0.84418336243414E+09
-0.84419914237997E+09
-0.84421494388325E+09
-0.84423076699421E+09
-0.84424661179246E+09
-0.84426247837424E+09
-0.84427836685416E+09
-0.84429394424712E+09
-0.84430976771968E+09
-0.84432560239897E+09
-0.84434144838667E+09
-0.84435730577667E+09
-0.84437317467154E+09
-0.84438905517870E+09
-0.84440494739355E+09
-0.84442085142909E+09
-0.84443676736407E+09
-0.84445263040522E+09
-0.84446856487927E+09
-0.84448453752589E+09
-0.84450054247351E+09
-0.84451656628864E+09
-0.84453260844438E+09
-0.84454866916481E+09
-0.84456479886199E+09
-0.84458090424579E+09
-0.84459703983848E+09
-0.84461320567592E+09
-0.84462953409235E+09
-0.84464491289502E+09
-0.84466108898459E+09
-0.84467724382522E+09
-0.84469604334503E+09
-0.84471139352783E+09
-0.84472737847310E+09
-0.84474341323661E+09
-0.84476008695018E+09
-0.84477797418490E+09
-0.84479505934629E+09
-0.84480683922173E+09
-0.84482348984830E+09
-0.84483831264967E+09
-0.84485216652419E+09
-0.84486779794592E+09
-0.84488348947317E+09
-0.84489832941377E+09
-0.84491411321159E+09
-0.84492988340254E+09
-0.84494572930152E+09
-0.84496159892839E+09
-0.84497750090386E+09
-0.84499342105497E+09
-0.84500937276801E+09
-0.84502535235099E+09
-0.84504135728284E+09
-0.84505738207663E+09
-0.84507348745793E+09
-0.84508947567165E+09
-0.84510547633653E+09
-0.84512148947753E+09
-0.84513751515649E+09
-0.84515355345484E+09
-0.84516960446941E+09
-0.84518566832872E+09
-0.84520174519739E+09
-0.84521783525301E+09
-0.84523393874845E+09
-0.84524998788188E+09
-0.84526608929496E+09
-0.84528221591274E+09
-0.84529837664982E+09
-0.84531454999283E+09
-0.84533073613561E+09
-0.84534694212984E+09
-0.84536319543409E+09
-0.84537906900445E+09
-0.84539530894660E+09
-0.84541623444497E+09
-0.84543243595558E+09
-0.84544822678029E+09
-0.84546440453724E+09
-0.84548058877450E+09
-0.84549677899308E+09
-0.84551297476346E+09
-0.84552919001147E+09
-0.84554539974564E+09
-0.84556161926129E+09
-0.84557784378036E+09
-0.84559407640117E+09
-0.84561481757416E+09
-0.84563124174868E+09
-0.84564680552491E+09
-0.84566249067313E+09
-0.84567854489472E+09
-0.84569576283576E+09
-0.84570633501043E+09
-0.84572011286790E+09
-0.84573090346026E+09
-0.84574687053966E+09
-0.84576290448482E+09
-0.84577899528233E+09
-0.84579513501740E+09
-0.84581131734077E+09
-0.84582757431228E+09
-0.84584386839477E+09
-0.84586005869320E+09
-0.84587625607289E+09
-0.84589245322080E+09
-0.84590865741976E+09
-0.84592489817232E+09
-0.84594116885383E+09
-0.84595745892342E+09
-0.84597376673275E+09
-0.84599009104375E+09
-0.84600644822182E+09
-0.84602283595707E+09
-0.84604226286707E+09
-0.84605853012505E+09
-0.84607480997664E+09
-0.84609110620012E+09
-0.84610741213055E+09
-0.84612373132741E+09
-0.84614006383648E+09
-0.84615640968858E+09
-0.84617541626147E+09
-0.84619193630498E+09
-0.84620856525148E+09
-0.84622509062346E+09
-0.84624165898470E+09
-0.84626080382518E+09
-0.84627716080906E+09
-0.84629352743092E+09
-0.84630990298045E+09
-0.84632628672994E+09
-0.84634267804042E+09
-0.84635907693635E+09
-0.84637548201319E+09
-0.84639189156282E+09
-0.84640830441664E+09
-0.84642462180375E+09
-0.84644107590773E+09
-0.84645752884309E+09
-0.84647398057785E+09
-0.84649493785914E+09
-0.84651103470796E+09
-0.84652708027907E+09
-0.84654319440007E+09
-0.84655938226685E+09
-0.84657640261602E+09
-0.84659386110415E+09
-0.84659836776242E+09
-0.84661214430460E+09
-0.84662826334980E+09
-0.84664447029995E+09
-0.84666075087873E+09
-0.84668697380363E+09
-0.84669709892381E+09
-0.84671701949903E+09
-0.84672724316448E+09
-0.84674351591110E+09
-0.84675982726494E+09
-0.84677617353817E+09
-0.84679255556993E+09
-0.84680898045792E+09
-0.84682543440950E+09
-0.84684191533288E+09
-0.84685842144823E+09
-0.84687489694013E+09
-0.84689144828422E+09
-0.84690802064327E+09
-0.84692461300763E+09
-0.84694681492904E+09
-0.84696346215428E+09
-0.84698015016134E+09
-0.84699685905417E+09
-0.84701358767127E+09
-0.84703032865067E+09
-0.84704699690152E+09
-0.84706375771387E+09
-0.84708052924974E+09
-0.84709731095662E+09
-0.84711410220833E+09
-0.84713090226387E+09
-0.84714774515298E+09
-0.84716456165448E+09
-0.84718154973616E+09
-0.84719853802161E+09
-0.84721549867020E+09
-0.84723246009926E+09
-0.84724941990393E+09
-0.84726637735289E+09
-0.84728461944691E+09
-0.84730124571691E+09
-0.84731787513483E+09
-0.84733450537796E+09
-0.84735113391484E+09
-0.84736775795726E+09
-0.84738945270315E+09
-0.84740601167071E+09
-0.84742253194406E+09
-0.84743900175700E+09
-0.84745578697435E+09
-0.84747166483898E+09
-0.84748815512056E+09
-0.84750530235750E+09
-0.84752276476843E+09
-0.84753933944750E+09
-0.84755633645985E+09
-0.84757257844260E+09
-0.84758877193627E+09
-0.84760490753021E+09
-0.84762175338619E+09
-0.84763913898665E+09
-0.84765364457064E+09
-0.84766988718814E+09
-0.84768610242998E+09
-0.84769800372837E+09
-0.84770735725752E+09
-0.84773129644030E+09
-0.84774789069469E+09
-0.84776452576924E+09
-0.84778119760302E+09
-0.84779790267722E+09
-0.84781463791840E+09
-0.84783140070734E+09
-0.84784818873698E+09
-0.84786499993891E+09
-0.84788183256169E+09
-0.84789868503328E+09
-0.84791556478171E+09
-0.84793247651476E+09
-0.84794940807599E+09
-0.84796635874676E+09
-0.84798337803488E+09
-0.84800042767176E+09
-0.84801750896800E+09
-0.84803463047904E+09
-0.84805176593468E+09
-0.84806891433019E+09
-0.84808616557415E+09
-0.84810339265578E+09
-0.84812070049132E+09
-0.84813800353965E+09
-0.84815530225583E+09
-0.84817259701725E+09
-0.84818988807744E+09
-0.84820717556597E+09
-0.84822445950886E+09
-0.84824173960547E+09
-0.84825901551573E+09
-0.84827628640589E+09
-0.84829883618983E+09
-0.84831578290164E+09
-0.84833267295583E+09
-0.84834950954802E+09
-0.84836635358483E+09
-0.84837816093644E+09
-0.84840141857088E+09
-0.84841782983257E+09
-0.84843482477187E+09
-0.84845180521844E+09
-0.84846880771600E+09
-0.84848573982461E+09
-0.84850265343727E+09
-0.84851954375720E+09
-0.84853678097006E+09
-0.84855331189772E+09
-0.84856978937482E+09
-0.84858620902282E+09
-0.84860255664054E+09
-0.84861899651290E+09
-0.84863555170120E+09
-0.84865208825588E+09
-0.84866858633120E+09
-0.84868505197450E+09
-0.84870320239088E+09
-0.84871395910504E+09
-0.84873124137594E+09
-0.84874843512616E+09
-0.84876536080199E+09
-0.84878232936250E+09
-0.84879933638993E+09
-0.84881637828823E+09
-0.84883345171003E+09
-0.84885055390199E+09
-0.84886768240133E+09
-0.84888484197152E+09
-0.84890204549136E+09
-0.84891928087826E+09
-0.84893654541776E+09
-0.84895383764437E+09
-0.84897115614665E+09
-0.84898849961262E+09
-0.84900591998807E+09
-0.84902319572817E+09
-0.84904068974847E+09
-0.84905819847269E+09
-0.84907572090183E+09
-0.84909334926917E+09
-0.84911103384294E+09
-0.84912871036633E+09
-0.84914638145461E+09
-0.84916404773664E+09
-0.84918170940097E+09
-0.84919936557739E+09
-0.84921701802013E+09
-0.84923467323371E+09
-0.84925869736067E+09
-0.84926783306797E+09
-0.84928538700036E+09
-0.84930316820910E+09
-0.84932072397987E+09
-0.84933828510249E+09
-0.84935568833527E+09
-0.84937972594132E+09
-0.84939720900327E+09
-0.84941468997257E+09
-0.84943216795821E+09
-0.84944964200839E+09
-0.84946711076549E+09
-0.84948457257717E+09
-0.84950202521449E+09
-0.84951947904815E+09
-0.84953692633076E+09
-0.84955368121429E+09
-0.84957054498357E+09
-0.84958737987527E+09
-0.84960415220368E+09
-0.84962086714769E+09
-0.84963714165443E+09
-0.84965449350837E+09
-0.84967050877875E+09
-0.84968730904709E+09
-0.84970412717627E+09
-0.84972085215098E+09
-0.84973877569928E+09
-0.84975685663423E+09
-0.84977496094267E+09
-0.84978576647383E+09
-0.84980322692446E+09
-0.84982050789342E+09
-0.84983796441832E+09
-0.84985531439158E+09
-0.84987271217774E+09
-0.84989015749585E+09
-0.84990765906730E+09
-0.84992519132280E+09
-0.84994276334705E+09
-0.84996037004948E+09
-0.84997800933304E+09
-0.84999567931813E+09
-0.85001337827978E+09
-0.85003110497288E+09
-0.85004885802094E+09
-0.85006668292587E+09
-0.85008457610724E+09
-0.85010258827637E+09
-0.85012067800527E+09
-0.85013876380585E+09
-0.85015684692510E+09
-0.85017492192315E+09
-0.85019012740881E+09
-0.85020800860030E+09
-0.85022596176660E+09
-0.85024391770109E+09
-0.85026187663747E+09
-0.85027983902792E+09
-0.85029780527489E+09
-0.85031577555758E+09
-0.85033374475159E+09
-0.85035171736089E+09
-0.85036969494521E+09
-0.85039451563462E+09
-0.85041242003656E+09
-0.85043032444875E+09
-0.85044822834891E+09
-0.85046613120294E+09
-0.85048403251439E+09
-0.85050193161898E+09
-0.85051982741201E+09
-0.85053771895319E+09
-0.85055560473778E+09
-0.85057348294187E+09
-0.85059135106561E+09
-0.85060920591936E+09
-0.85062704284778E+09
-0.85064492847448E+09
-0.85066287018879E+09
-0.85068194194432E+09
-0.85069346839867E+09
-0.85071114720199E+09
-0.85072881901778E+09
-0.85074648116695E+09
-0.85076415073400E+09
-0.85078189810099E+09
-0.85079957880014E+09
-0.85081799325942E+09
-0.85083192380370E+09
-0.85085063869117E+09
-0.85086936461513E+09
-0.85088811629913E+09
-0.85089853120520E+09
-0.85091622910570E+09
-0.85093397565094E+09
-0.85095178823491E+09
-0.85096965152287E+09
-0.85098756115086E+09
-0.85100551319678E+09
-0.85102350492767E+09
-0.85104153351343E+09
-0.85105959691034E+09
-0.85107769348096E+09
-0.85109582139288E+09
-0.85111397928347E+09
-0.85113110742255E+09
-0.85114913471742E+09
-0.85116718044444E+09
-0.85118524474022E+09
-0.85120332689819E+09
-0.85122153143955E+09
-0.85123965657890E+09
-0.85125779868222E+09
-0.85127595708997E+09
-0.85129413197255E+09
-0.85131243012379E+09
-0.85133084291584E+09
-0.85134925982366E+09
-0.85136767954549E+09
-0.85138610269125E+09
-0.85140452963307E+09
-0.85142296039126E+09
-0.85144848456033E+09
-0.85146684110493E+09
-0.85148519808162E+09
-0.85150355519875E+09
-0.85152191255766E+09
-0.85154026932948E+09
-0.85155862563239E+09
-0.85157698072437E+09
-0.85159533420027E+09
-0.85161368559008E+09
-0.85163203342723E+09
-0.85165037688263E+09
-0.85166871467516E+09
-0.85168704455776E+09
-0.85170536376844E+09
-0.85172366895096E+09
-0.85174196830662E+09
-0.85175470912072E+09
-0.85177281479468E+09
-0.85179091455496E+09
-0.85180900601731E+09
-0.85182708689038E+09
-0.85184515353147E+09
-0.85186320100465E+09
-0.85188131081689E+09
-0.85189949158682E+09
-0.85191169174751E+09
-0.85193094557230E+09
-0.85195103227572E+09
-0.85197030157792E+09
-0.85198959783208E+09
-0.85200871659624E+09
-0.85202704837063E+09
-0.85203592973385E+09
-0.85205421299146E+09
-0.85207252400828E+09
-0.85209090728326E+09
-0.85210929712231E+09
-0.85213689160117E+09
-0.85215529686803E+09
-0.85216419593038E+09
-0.85218249911259E+09
-0.85220083698777E+09
-0.85221920880352E+09
-0.85223761569789E+09
-0.85225605823024E+09
-0.85227450103566E+09
-0.85229295695793E+09
-0.85231143509330E+09
-0.85232993504657E+09
-0.85234845598732E+09
-0.85236699780532E+09
-0.85238555975037E+09
-0.85240414138586E+09
-0.85242274244472E+09
-0.85244136270332E+09
-0.85246000177125E+09
-0.85247874347939E+09
-0.85249752796135E+09
-0.85251642406705E+09
-0.85253535853984E+09
-0.85256260558887E+09
-0.85258147256836E+09
-0.85260033621414E+09
-0.85261919413148E+09
-0.85263805279662E+09
-0.85265691100560E+09
-0.85267576946461E+09
-0.85269462748261E+09
-0.85271348526875E+09
-0.85273234200569E+09
-0.85275121857173E+09
-0.85277011406716E+09
-0.85278900376621E+09
-0.85280788501473E+09
-0.85282675612773E+09
-0.85284561430671E+09
-0.85286445633139E+09
-0.85288327645048E+09
-0.85289558678219E+09
-0.85291416550237E+09
-0.85293273961518E+09
-0.85295130823348E+09
-0.85296986881080E+09
-0.85298841903853E+09
-0.85300697350275E+09
-0.85302552556626E+09
-0.85304405238678E+09
-0.85306267957746E+09
-0.85307448172376E+09
-0.85309431403820E+09
-0.85311415552538E+09
-0.85313400985571E+09
-0.85315634555364E+09
-0.85317498439280E+09
-0.85319371256868E+09
-0.85320509123339E+09
-0.85322457808869E+09
-0.85324407451955E+09
-0.85326358263242E+09
-0.85328309942533E+09
-0.85330263186856E+09
-0.85332218246664E+09
-0.85334175518826E+09
-0.85336132796690E+09
-0.85338033371758E+09
-0.85339925121633E+09
-0.85341821852785E+09
-0.85343723375312E+09
-0.85344709696491E+09
-0.85346594285620E+09
-0.85348482761904E+09
-0.85350375254945E+09
-0.85352271758916E+09
-0.85354172471213E+09
-0.85356077458508E+09
-0.85357986927440E+09
-0.85359891547807E+09
-0.85361797888717E+09
-0.85363706500698E+09
-0.85365617219503E+09
-0.85367530116406E+09
-0.85369451999320E+09
-0.85372113211057E+09
-0.85374052917447E+09
-0.85375993406713E+09
-0.85377935164029E+09
-0.85379877793827E+09
-0.85381899242366E+09
-0.85383847104370E+09
-0.85385794635652E+09
-0.85387741826724E+09
-0.85389687163398E+09
-0.85391631994168E+09
-0.85393576343106E+09
-0.85395520115363E+09
-0.85397463389851E+09
-0.85399405992354E+09
-0.85401347806636E+09
-0.85403288563476E+09
-0.85405228140761E+09
-0.85407167995125E+09
-0.85408364993064E+09
-0.85410273702860E+09
-0.85412182098829E+09
-0.85414090012518E+09
-0.85415997417094E+09
-0.85417904885057E+09
-0.85419813533597E+09
-0.85421724669813E+09
-0.85423666216898E+09
-0.85425580474889E+09
-0.85427495203258E+09
-0.85429410252104E+09
-0.85431325529425E+09
-0.85433242371162E+09
-0.85435160034061E+09
-0.85437077805294E+09
-0.85439085930357E+09
-0.85441010989749E+09
-0.85442935817408E+09
-0.85444871345360E+09
-0.85446808402049E+09
-0.85448745284899E+09
-0.85450473150116E+09
-0.85452414781088E+09
-0.85454364102691E+09
-0.85455670312667E+09
-0.85457685600068E+09
-0.85459701757460E+09
-0.85461719395409E+09
-0.85463738897668E+09
-0.85465757779706E+09
-0.85467773042365E+09
-0.85469717973038E+09
-0.85471668636183E+09
-0.85473624567285E+09
-0.85475585625162E+09
-0.85477551628589E+09
-0.85478527577535E+09
-0.85480470558223E+09
-0.85482418001982E+09
-0.85484370104572E+09
-0.85486327108383E+09
-0.85488289054101E+09
-0.85490256191960E+09
-0.85492233530033E+09
-0.85494888800116E+09
-0.85496874019531E+09
-0.85498876887066E+09
-0.85500880248725E+09
-0.85502884220036E+09
-0.85504888706174E+09
-0.85506894163394E+09
-0.85508899919270E+09
-0.85510905789729E+09
-0.85512912163745E+09
-0.85514919342130E+09
-0.85516927692384E+09
-0.85518988740516E+09
-0.85520993178924E+09
-0.85522993939725E+09
-0.85524994313510E+09
-0.85526994099898E+09
-0.85529021503216E+09
-0.85531036915684E+09
-0.85533051474169E+09
-0.85534140935353E+09
-0.85536104943954E+09
-0.85538706928454E+09
-0.85540698745481E+09
-0.85542690717333E+09
-0.85544703444464E+09
-0.85546706754234E+09
-0.85548710246269E+09
-0.85550716547193E+09
-0.85551822464829E+09
-0.85553792892905E+09
-0.85555763733481E+09
-0.85557735557916E+09
-0.85559715830870E+09
-0.85561696564618E+09
-0.85563677958808E+09
-0.85565659768144E+09
-0.85567642052714E+09
-0.85569624723521E+09
-0.85571607768043E+09
-0.85573591156634E+09
-0.85575574593891E+09
-0.85577558300364E+09
-0.85579541862795E+09
-0.85581525362852E+09
-0.85583508318871E+09
-0.85585495373755E+09
-0.85587493077155E+09
-0.85589428770584E+09
-0.85591431120938E+09
-0.85593433263997E+09
-0.85595443635701E+09
-0.85597449941573E+09
-0.85598789074888E+09
-0.85600876596898E+09
-0.85602963660876E+09
-0.85605051214576E+09
-0.85607137508020E+09
-0.85609143794142E+09
-0.85611161495938E+09
-0.85613184897492E+09
-0.85615215467368E+09
-0.85617252843692E+09
-0.85618223352976E+09
-0.85620227584083E+09
-0.85622238701762E+09
-0.85624256605857E+09
-0.85626282076378E+09
-0.85628315155185E+09
-0.85631051248573E+09
-0.85633106354030E+09
