 0.83175894160695E+02
 0.83175894160712E+02
 0.83175894160954E+02
 0.83175894216418E+02
 0.83175896142748E+02
 0.83175914310342E+02
 0.83175994706927E+02
 0.83176219685198E+02
 0.83176690224700E+02
 0.83177502976765E+02
 0.83178736212984E+02
 0.83180446289227E+02
 0.83182670108332E+02
 0.83185429112241E+02
 0.83188731351602E+02
 0.83192579560935E+02
 0.83196964553148E+02
 0.83201874791042E+02
 0.83207295660832E+02
 0.83213202826828E+02
 0.83195467122393E+02
 0.83196002038888E+02
 0.83196642950986E+02
 0.83197396788722E+02
 0.83198276075462E+02
 0.83199287618114E+02
 0.83200445064279E+02
 0.83201771285330E+02
 0.83203260983200E+02
 0.83204929981009E+02
 0.83206785458633E+02
 0.83208866200111E+02
 0.83211151701295E+02
 0.83213687684924E+02
 0.83216487432996E+02
 0.83219537739569E+02
 0.83222864221233E+02
 0.83226465431624E+02
 0.83230432653418E+02
 0.83234675895158E+02
 0.83239248646827E+02
 0.83244213532691E+02
 0.83249499196770E+02
 0.83255139048370E+02
 0.83261200880586E+02
 0.83267631378379E+02
 0.83274479373790E+02
 0.83281757717656E+02
 0.83289350399860E+02
 0.83297469144197E+02
 0.83305988649704E+02
 0.83314918216428E+02
 0.83324326308669E+02
 0.83334113139341E+02
 0.83344442773775E+02
 0.83355142454150E+02
 0.83366360573175E+02
 0.83378042088644E+02
 0.83390226710942E+02
 0.83402794290039E+02
 0.83415987628766E+02
 0.83429699793010E+02
 0.83443842424605E+02
 0.83458451816735E+02
 0.83473739998255E+02
 0.83489271308146E+02
 0.83505716784263E+02
 0.83522512498541E+02
 0.83539927479811E+02
 0.83557988983936E+02
 0.83576891934653E+02
 0.83595920919655E+02
 0.83616061142173E+02
 0.83636804688347E+02
 0.83658192970198E+02
 0.83680465348712E+02
 0.83703084728154E+02
 0.83726820010073E+02
 0.83751405910238E+02
 0.83776746982545E+02
 0.83803179211203E+02
 0.83830138485153E+02
 0.83858462930281E+02
 0.83887736571583E+02
 0.83917910572648E+02
 0.83949660390993E+02
 0.83982118366774E+02
 0.84015847111801E+02
 0.84051079791909E+02
 0.84087208229279E+02
 0.84124889611049E+02
 0.84164073361334E+02
 0.84204858963432E+02
 0.84247014618830E+02
 0.84291021996176E+02
 0.84336942045433E+02
 0.84383822175235E+02
 0.84433671410123E+02
 0.84484875842039E+02
 0.84538553307185E+02
 0.84593486353965E+02
 0.84651795845463E+02
 0.84712105077408E+02
 0.84774933668124E+02
 0.84840416834852E+02
 0.84908909512002E+02
 0.84980990175239E+02
 0.85054386427838E+02
 0.85132375188168E+02
 0.85213852966705E+02
 0.85298059727563E+02
 0.85386191938365E+02
 0.85479030451435E+02
 0.85576009259921E+02
 0.85677055821329E+02
 0.85783297483257E+02
 0.85894235013146E+02
 0.86009822356486E+02
 0.86132970696748E+02
 0.86261850951709E+02
 0.86395271867721E+02
 0.86538745664874E+02
 0.86687772999500E+02
 0.86845333414621E+02
 0.87010844240310E+02
 0.87185609485445E+02
 0.87371605115590E+02
 0.87568166382021E+02
 0.87774273968721E+02
 0.87995164211577E+02
 0.88228013311670E+02
 0.88475662101994E+02
 0.88743157004169E+02
 0.89026054861500E+02
 0.89326148136745E+02
 0.89650235446303E+02
 0.90000829265402E+02
 0.90370039791561E+02
 0.90772621716290E+02
 0.91205887210389E+02
 0.91687564137571E+02
 0.92177955005139E+02
 0.92740168933319E+02
 0.93342810321078E+02
 0.94004380990047E+02
 0.94722728874582E+02
 0.95515109118669E+02
 0.96375652381271E+02
 0.97333207791219E+02
 0.98385141482852E+02
 0.99539846162709E+02
 0.10081301327065E+03
 0.10220531624972E+03
 0.10373698425764E+03
 0.10539307840090E+03
 0.10720269132907E+03
 0.10915930634036E+03
 0.11125712095435E+03
 0.11348843707447E+03
 0.11584138479335E+03
 0.11829602816101E+03
 0.12088402843048E+03
 0.12352858854518E+03
 0.12624722690061E+03
 0.12903883208437E+03
 0.13187197833118E+03
 0.13472764827966E+03
 0.13763616226939E+03
 0.14054204378949E+03
 0.14346371211073E+03
 0.14641567573836E+03
 0.14937468396480E+03
 0.15231567223793E+03
 0.15527838372956E+03
 0.15823046694683E+03
 0.16119726100863E+03
 0.16413098962529E+03
 0.16708462804163E+03
 0.17004244654371E+03
 0.17296223633770E+03
 0.17589240038046E+03
 0.17883920264624E+03
 0.18175144873168E+03
 0.18468392828518E+03
 0.18756922200084E+03
 0.19049656684839E+03
 0.19341846487464E+03
 0.19632946502390E+03
 0.19923326410312E+03
 0.20212256258410E+03
 0.20503278350184E+03
 0.20793438833004E+03
 0.21082934040471E+03
 0.21370864246120E+03
 0.21661216359606E+03
 0.21951253372275E+03
 0.22240149051908E+03
 0.22528766399735E+03
 0.22819170785558E+03
 0.23108799198899E+03
 0.23399336691000E+03
 0.23686843269755E+03
 0.23977645694336E+03
 0.24267719582125E+03
 0.24558815575476E+03
 0.24849577044770E+03
 0.25139651940360E+03
 0.25431205545177E+03
 0.25722407657661E+03
 0.26014767122016E+03
 0.26308242373984E+03
 0.26599987997375E+03
 0.26892296209211E+03
 0.27186622448911E+03
 0.27481399164168E+03
 0.27775768558034E+03
 0.28070415477576E+03
 0.28366630844476E+03
 0.28662950491191E+03
 0.28960092375180E+03
 0.29255368288160E+03
 0.29554598708144E+03
 0.29851863930187E+03
 0.30152466595090E+03
 0.30452090862201E+03
 0.30750563801735E+03
 0.31051750076621E+03
 0.31354132232132E+03
 0.31655482738218E+03
 0.31957955013253E+03
 0.32261203574499E+03
 0.32564472888205E+03
 0.32870663171953E+03
 0.33174449467578E+03
 0.33482072877347E+03
 0.33788226685435E+03
 0.34095358564913E+03
 0.34403442227866E+03
 0.34712919293057E+03
 0.35020917588846E+03
 0.35331395936868E+03
 0.35642740815277E+03
 0.35953984472495E+03
 0.36267672500368E+03
 0.36580729101680E+03
 0.36895234039483E+03
 0.37210680717186E+03
 0.37525518910372E+03
 0.37842581491739E+03
 0.38159334735209E+03
