 0.22011885932765E+01
 0.22011885932765E+01
 0.22011885932765E+01
 0.22011885932765E+01
 0.22011885932765E+01
 0.22011885932765E+01
 0.22011885932765E+01
 0.22011885932765E+01
 0.22011885932765E+01
 0.22011879464072E+01
 0.22011894098804E+01
 0.22011907530601E+01
 0.22011906259014E+01
 0.22011910431716E+01
 0.22011911421585E+01
 0.22011903943166E+01
 0.22011896858319E+01
 0.22011912850490E+01
 0.22011908574440E+01
 0.22011900359236E+01
 0.22011898983011E+01
 0.22011920047894E+01
 0.22011898502865E+01
 0.22011926377719E+01
 0.22011921281070E+01
 0.22011921434373E+01
 0.22011911795941E+01
 0.22011933404358E+01
 0.22011943930006E+01
 0.22011886828211E+01
 0.22011928761597E+01
 0.22011834985258E+01
 0.22011885804410E+01
 0.22011954321208E+01
 0.22011930213696E+01
 0.22011929761815E+01
 0.22011966363847E+01
 0.22011969786862E+01
 0.22011936254472E+01
 0.22011909376307E+01
 0.22011816987342E+01
 0.22012040479011E+01
 0.22011875267262E+01
 0.22011930733251E+01
 0.22011990041619E+01
 0.22011847675924E+01
 0.22012044556026E+01
 0.22011825791382E+01
 0.22011939003512E+01
 0.22011895686475E+01
 0.22011902353079E+01
 0.22011950126270E+01
 0.22012626674001E+01
 0.22012067026046E+01
 0.22012096148482E+01
 0.22012143426227E+01
 0.22012254319790E+01
 0.22012390040869E+01
 0.22012550864197E+01
 0.22012183679885E+01
 0.22012287950326E+01
 0.22012620397366E+01
 0.22012310412134E+01
 0.22012218407418E+01
 0.22012157506496E+01
 0.22012297110187E+01
 0.22012653187378E+01
 0.22012672573654E+01
 0.22012009570018E+01
 0.22012608168199E+01
 0.22012677568587E+01
 0.22011679247736E+01
 0.22011823722090E+01
 0.22012413734148E+01
 0.22012678964320E+01
 0.22012280229837E+01
 0.22012262452805E+01
 0.22011884243120E+01
 0.22012600682324E+01
 0.22011996241180E+01
 0.22011753876286E+01
 0.22012299679285E+01
 0.22011806824575E+01
 0.22012547330379E+01
 0.22012477675815E+01
 0.22011815794331E+01
 0.22012699977706E+01
 0.22012099636302E+01
 0.22011910996452E+01
 0.22011525062486E+01
 0.22011941051987E+01
 0.22012069638506E+01
 0.22012077538411E+01
 0.22012320551557E+01
 0.22011953323918E+01
 0.22012128173537E+01
 0.22012408383083E+01
 0.22012144106913E+01
 0.22012041759077E+01
 0.22012742356558E+01
 0.22011701875240E+01
 0.22011720398851E+01
 0.22012184366552E+01
 0.22012172846813E+01
 0.22011943352966E+01
 0.22012214160209E+01
 0.22012775506336E+01
 0.22012790441620E+01
 0.22012207144808E+01
 0.22012321737810E+01
 0.22012722590322E+01
 0.22012949045709E+01
 0.22012305797137E+01
 0.22012253292214E+01
 0.22012944730198E+01
 0.22012329840092E+01
 0.22012590613537E+01
 0.22013100255922E+01
 0.22012536993582E+01
 0.22012600466843E+01
 0.22012141635587E+01
 0.22012639193567E+01
 0.22012643819886E+01
 0.22012616126503E+01
 0.22012639570977E+01
 0.22012695061022E+01
 0.22013235299371E+01
 0.22012952822408E+01
 0.22012237941857E+01
 0.22012694071480E+01
 0.22012879392487E+01
 0.22013008568826E+01
 0.22012906680920E+01
 0.22013142961903E+01
 0.22012391257779E+01
 0.22013031181338E+01
 0.22012401760253E+01
 0.22012952333359E+01
 0.22011949887804E+01
 0.22012536411240E+01
 0.22011978680129E+01
 0.22012055804119E+01
 0.22012258946436E+01
 0.22011396854627E+01
 0.22012080419850E+01
 0.22011536968871E+01
 0.22011537584405E+01
 0.22011187622448E+01
 0.22011103905903E+01
 0.22011157164783E+01
 0.22011699787447E+01
 0.22011217749113E+01
 0.22011388078426E+01
 0.22010339794050E+01
 0.22010513757035E+01
 0.22010003858678E+01
 0.22009694023378E+01
 0.22009843338780E+01
 0.22008523948457E+01
 0.22009127345543E+01
 0.22007668298782E+01
 0.22007916852419E+01
 0.22006030573176E+01
 0.22005557534505E+01
 0.22004595249297E+01
 0.22003644495414E+01
 0.22002076583876E+01
 0.22001054196643E+01
 0.21999809284929E+01
 0.21997852969021E+01
 0.21997505347350E+01
 0.21994967939470E+01
 0.21993332048691E+01
 0.21992016706722E+01
 0.21990101362009E+01
 0.21987859829571E+01
 0.21984370198830E+01
 0.21982592386909E+01
 0.21980380081113E+01
 0.21977251634747E+01
 0.21974653398627E+01
 0.21972199361715E+01
 0.21968013197912E+01
 0.21965115033937E+01
 0.21961559939099E+01
 0.21958878372008E+01
 0.21954317423979E+01
 0.21951048939261E+01
 0.21946202995124E+01
 0.21943068992722E+01
 0.21938075263505E+01
 0.21933435025651E+01
 0.21929731259905E+01
 0.21924050470971E+01
 0.21919607966171E+01
 0.21914029107482E+01
 0.21909493049314E+01
 0.21903213894603E+01
 0.21897625868183E+01
 0.21891867982404E+01
 0.21886443633856E+01
 0.21880111669107E+01
 0.21873071569938E+01
 0.21866801112589E+01
 0.21859601734722E+01
 0.21853293907284E+01
 0.21847232162649E+01
 0.21839177081027E+01
 0.21832428213039E+01
 0.21824440315673E+01
 0.21816285577638E+01
 0.21809792754770E+01
 0.21801352255577E+01
 0.21792662178114E+01
 0.21783986548272E+01
 0.21775307186564E+01
 0.21767064430214E+01
 0.21758326509157E+01
 0.21749550805892E+01
 0.21740301231961E+01
 0.21731685628141E+01
 0.21722146354645E+01
 0.21712216955831E+01
 0.21701413282001E+01
 0.21692525678171E+01
 0.21681716709300E+01
 0.21671420615977E+01
 0.21660575195706E+01
 0.21651135065885E+01
 0.21640347909633E+01
 0.21628583743214E+01
 0.21617517979784E+01
 0.21606238247251E+01
 0.21594964655725E+01
 0.21583968683762E+01
 0.21572623742765E+01
 0.21560653878501E+01
 0.21547736642970E+01
 0.21536545526845E+01
 0.21523380609731E+01
 0.21510724783379E+01
 0.21498375126014E+01
 0.21485798749992E+01
 0.21473585376101E+01
 0.21460102084077E+01
 0.21447256625742E+01
 0.21434432436139E+01
 0.21421688520920E+01
 0.21406878331426E+01
 0.21393605199278E+01
