 0.22860537246679E+11
-0.50628262437730E+08
-0.13236448460166E+09
-0.19918404496605E+09
-0.26501348768133E+09
-0.33117363907246E+09
-0.39805223101833E+09
-0.46588339974345E+09
-0.53486752508508E+09
-0.60519956403119E+09
-0.67707831019774E+09
-0.75071057702077E+09
-0.82631383090166E+09
-0.90411835390362E+09
-0.98436932755124E+09
-0.10673290083997E+10
-0.11532790890522E+10
-0.12425233114977E+10
-0.13353903925916E+10
-0.14322373234759E+10
-0.15334531117960E+10
-0.16394630463605E+10
-0.17507335781804E+10
-0.18677779299364E+10
-0.19911625685945E+10
-0.21215147041968E+10
-0.22595310132896E+10
-0.24059878300131E+10
-0.25617531042578E+10
-0.27278004981161E+10
-0.29052260840590E+10
-0.30952682276408E+10
-0.32993313935406E+10
-0.35190148197536E+10
-0.37561472799320E+10
-0.40128295262258E+10
-0.42914865161774E+10
-0.45949322406458E+10
-0.49264509842300E+10
-0.52899003237000E+10
-0.56898433659044E+10
-0.61317210950309E+10
-0.66220810468879E+10
-0.71688873726527E+10
-0.77819527183715E+10
-0.84735606678013E+10
-0.92594036500929E+10
-0.10160083156173E+11
-0.11203716623167E+11
-0.12431043047714E+11
-0.13907431587023E+11
-0.15761482679230E+11
-0.18444929854958E+11
-0.45452969177316E+11
-0.10884405623643E+12
-0.19361734948454E+12
-0.30368709430863E+12
-0.44514785428490E+12
-0.62590370109187E+12
-0.85587727308983E+12
-0.11482161521435E+13
-0.15201644074319E+13
-0.19954846268870E+13
-0.26074109448812E+13
-0.34030612186167E+13
-0.44505462816455E+13
-0.58563199229968E+13
-0.77823270118121E+13
-0.10499487539540E+14
-0.14466306913587E+14
-0.20518631990129E+14
-0.30264437582160E+14
-0.46951406572639E+14
-0.77062330518950E+14
-0.12870354267785E+15
-0.16573045008384E+15
-0.36888318580847E+14
 0.73503119227825E+14
 0.66119002937097E+14
 0.42751388771951E+14
 0.26172225794778E+14
 0.15741811576025E+14
 0.91685677808398E+13
 0.49178649475540E+13
 0.21033530575341E+13
 0.19370170034573E+12
-0.11188455965562E+13
-0.20343593495178E+13
-0.26715679389088E+13
-0.31142973517834E+13
-0.34110177648392E+13
-0.36076697773585E+13
-0.37256157945404E+13
-0.37862194386319E+13
-0.37973450869987E+13
-0.37813580389163E+13
-0.37279485202664E+13
-0.36586139725815E+13
-0.35722777661954E+13
-0.34714415848500E+13
-0.33611952850008E+13
-0.32426720648629E+13
-0.31113083374538E+13
-0.29800974310482E+13
-0.28435558277659E+13
-0.27038087764518E+13
-0.25633880904932E+13
-0.24218385883473E+13
-0.22727589129421E+13
-0.21288780896366E+13
-0.19837337401670E+13
-0.18403076945325E+13
-0.16996752190564E+13
-0.15517824023055E+13
-0.14125426717848E+13
-0.12736296433362E+13
-0.11360354435996E+13
-0.10023970194353E+13
-0.87158089534471E+12
-0.73634414784952E+12
-0.60906307368736E+12
-0.48349777129784E+12
-0.36252105189954E+12
-0.23968833792830E+12
-0.12378538783434E+12
-0.10605839431293E+11
 0.99221907504530E+11
 0.20687808089485E+12
 0.30934706722184E+12
 0.41506847992705E+12
 0.51233293273817E+12
 0.60595790766707E+12
 0.69749699179096E+12
 0.78463503108019E+12
 0.86785468483467E+12
 0.95603277915595E+12
 0.10336405615509E+13
 0.11087016444286E+13
 0.11814071683306E+13
 0.12488094138566E+13
 0.13213667362345E+13
 0.13850092255156E+13
 0.14446472792738E+13
 0.15032895185670E+13
 0.15572354850060E+13
 0.16093000159345E+13
 0.16580613711648E+13
 0.17105107537745E+13
 0.17546354211656E+13
 0.17976184907462E+13
 0.18370328385275E+13
 0.18730861393215E+13
 0.19137537439174E+13
 0.19455637605457E+13
 0.19760002593079E+13
 0.20059457093084E+13
 0.20317343913433E+13
 0.20544969425725E+13
 0.20830713813450E+13
 0.21029203275287E+13
 0.21222111888750E+13
 0.21405313021370E+13
 0.21557884053881E+13
 0.21687760682112E+13
 0.21860531845369E+13
 0.21963855580831E+13
 0.22065798188461E+13
 0.22154434560400E+13
 0.22220390274694E+13
 0.22258684954105E+13
 0.22359545489815E+13
 0.22393698061855E+13
 0.22412247744849E+13
 0.22427812348918E+13
 0.22428570699330E+13
 0.22403812075499E+13
 0.22384722229707E+13
 0.22412234512482E+13
 0.22372900388831E+13
 0.22330465387176E+13
 0.22283899091747E+13
 0.22216668033788E+13
 0.22144208125882E+13
 0.22126869985651E+13
 0.22042572185666E+13
 0.21955272598984E+13
 0.21873414238822E+13
 0.21771660385712E+13
 0.21675154323054E+13
 0.21604226071603E+13
 0.21497996664809E+13
 0.21381979367107E+13
 0.21261852129958E+13
 0.21148150814592E+13
 0.21024747451818E+13
 0.20892983842012E+13
 0.20758207216683E+13
 0.20665101739507E+13
 0.20522182326518E+13
 0.20385549539756E+13
 0.20252828956946E+13
