 0.22820067267213E+04
 0.22820067267213E+04
 0.22820067267213E+04
 0.22820067267213E+04
 0.22820067267213E+04
 0.22820067267213E+04
 0.22820067267213E+04
 0.22820067267213E+04
 0.22820067267213E+04
 0.22820067267213E+04
 0.22820067267213E+04
 0.22820067267213E+04
 0.22820067267213E+04
 0.22820067267213E+04
 0.22820067267213E+04
 0.22820067267213E+04
 0.22820067267213E+04
 0.22820067267213E+04
 0.22820067267213E+04
 0.22820067267213E+04
 0.22820067267213E+04
 0.22820067267213E+04
 0.22820067267213E+04
 0.22820067267213E+04
 0.22820067267213E+04
 0.22820067267213E+04
 0.22820067267213E+04
 0.22820067267213E+04
 0.22820067267213E+04
 0.22820067267213E+04
 0.22820067267213E+04
 0.22820067267213E+04
 0.22820067267213E+04
 0.22820067267213E+04
 0.22820067267213E+04
 0.22820067267213E+04
 0.22820067267213E+04
 0.22820067267213E+04
 0.22820067267213E+04
 0.22820067267213E+04
 0.22820067267213E+04
 0.22820067267213E+04
 0.22820067267213E+04
 0.22820067267213E+04
 0.22820067267213E+04
 0.22820067267213E+04
 0.22820067267213E+04
 0.22820067267213E+04
 0.22820067267213E+04
 0.22820067267213E+04
 0.22820067267213E+04
 0.22820067267213E+04
 0.22820067267213E+04
 0.22820067266211E+04
 0.22820067303544E+04
 0.22820067384226E+04
 0.22820067438624E+04
 0.22820067467080E+04
 0.22820067467506E+04
 0.22820067500735E+04
 0.22820067485423E+04
 0.22820067655968E+04
 0.22820067651337E+04
 0.22820067811891E+04
 0.22820067875462E+04
 0.22820067864137E+04
 0.22820067849793E+04
 0.22820067919737E+04
 0.22820067896030E+04
 0.22820067893883E+04
 0.22820067812030E+04
 0.22820067627417E+04
 0.22820067424878E+04
 0.22820067289791E+04
 0.22820067211073E+04
 0.22820067101689E+04
 0.22820066794974E+04
 0.22820066884285E+04
 0.22820067067932E+04
 0.22820080840328E+04
 0.22820081131847E+04
 0.22820081121212E+04
 0.22820081070810E+04
 0.22820081109607E+04
 0.22820081121681E+04
 0.22820081189572E+04
 0.22820081096625E+04
 0.22820080910756E+04
 0.22820099765689E+04
 0.22820099684966E+04
 0.22820086193980E+04
 0.22820086079762E+04
 0.22820103372066E+04
 0.22820103376757E+04
 0.22820103251626E+04
 0.22820135429517E+04
 0.22820135396320E+04
 0.22820139823879E+04
 0.22820150966291E+04
 0.22820150911638E+04
 0.22820150833068E+04
 0.22820150926564E+04
 0.22820150799431E+04
 0.22820150915891E+04
 0.22820150758511E+04
 0.22820150719295E+04
 0.22820150667249E+04
 0.22820150763815E+04
 0.22820150671293E+04
 0.22820150639018E+04
 0.22820150670720E+04
 0.22820150649494E+04
 0.22820150612496E+04
 0.22820150532355E+04
 0.22820150582323E+04
 0.22820160241040E+04
 0.22820160225328E+04
 0.22820160182631E+04
 0.22820160105104E+04
 0.22820148156767E+04
 0.22820159605127E+04
 0.22820159194476E+04
 0.22820159162236E+04
 0.22820159213287E+04
 0.22820159174005E+04
 0.22820159118690E+04
 0.22820165132209E+04
 0.22820158346991E+04
 0.22820158309868E+04
 0.22820158290101E+04
 0.22820140190904E+04
 0.22820140190669E+04
 0.22820140151718E+04
 0.22820175265099E+04
 0.22820175234525E+04
 0.22820156756689E+04
 0.22820145793306E+04
 0.22820145778364E+04
 0.22820163564327E+04
 0.22820139342669E+04
 0.22820157072430E+04
 0.22820157029976E+04
 0.22820138153923E+04
 0.22820145011379E+04
 0.22820159859181E+04
 0.22820159829471E+04
 0.22820159822086E+04
 0.22820159827746E+04
 0.22820145553795E+04
 0.22820111966864E+04
 0.22820114425810E+04
 0.22820114479874E+04
 0.22820114440506E+04
 0.22820138252422E+04
 0.22820138268641E+04
 0.22820138241770E+04
 0.22820097433812E+04
 0.22820097452562E+04
 0.22820125128246E+04
 0.22820139747068E+04
 0.22820139666746E+04
 0.22820138009558E+04
 0.22820131686593E+04
 0.22820110606593E+04
 0.22820135666926E+04
 0.22820135634421E+04
 0.22820108763069E+04
 0.22820108776102E+04
 0.22820148229427E+04
 0.22820125199298E+04
 0.22820128999838E+04
 0.22820096390425E+04
 0.22820082353882E+04
 0.22820082361625E+04
 0.22820130470738E+04
 0.22820130506857E+04
 0.22820105679516E+04
 0.22820076691550E+04
 0.22820076778355E+04
 0.22820076959401E+04
 0.22820100711261E+04
 0.22820100711962E+04
 0.22820079565068E+04
 0.22820079648827E+04
 0.22820079802419E+04
 0.22820079805406E+04
 0.22820079670059E+04
 0.22820079645940E+04
 0.22820079840098E+04
 0.22820079829501E+04
 0.22820079803400E+04
 0.22820126771007E+04
 0.22820130449739E+04
 0.22820130409889E+04
 0.22820087567251E+04
 0.22820087558122E+04
 0.22820129183018E+04
 0.22820119717620E+04
 0.22820113607960E+04
 0.22820091945552E+04
 0.22820091960510E+04
