 0.13810901802641E+04
 0.13810901802641E+04
 0.13810901802641E+04
 0.13810901802641E+04
 0.13810901802641E+04
 0.13810901802641E+04
 0.13810901802641E+04
 0.13810901802641E+04
 0.13810901802641E+04
 0.13810901802641E+04
 0.13810901802641E+04
 0.13810901802641E+04
 0.13810901802641E+04
 0.13810901802641E+04
 0.13810901802641E+04
 0.13810901802641E+04
 0.13810901802641E+04
 0.13810901802641E+04
 0.13810901802641E+04
 0.13810901802641E+04
 0.13810901802641E+04
 0.13810901802641E+04
 0.13810901802641E+04
 0.13810901802641E+04
 0.13810901802641E+04
 0.13810901802641E+04
 0.13810901802641E+04
 0.13810901802641E+04
 0.13810901802641E+04
 0.13810901802641E+04
 0.13810901802641E+04
 0.13810901802641E+04
 0.13810901802641E+04
 0.13810901802641E+04
 0.13810901802641E+04
 0.13810901802641E+04
 0.13810901802641E+04
 0.13810901802641E+04
 0.13810901802641E+04
 0.13810901802641E+04
 0.13810901802641E+04
 0.13810901802641E+04
 0.13810901802641E+04
 0.13810901802641E+04
 0.13810901802641E+04
 0.13810901802641E+04
 0.13810901802641E+04
 0.13810901802641E+04
 0.13810901802641E+04
 0.13810901802641E+04
 0.13810901802641E+04
 0.13810901802641E+04
 0.13810901802641E+04
 0.13810901805146E+04
 0.13810901800021E+04
 0.13810901783945E+04
 0.13810901764848E+04
 0.13810901747924E+04
 0.13810901742183E+04
 0.13810901721193E+04
 0.13810901721093E+04
 0.13810901650852E+04
 0.13810901649154E+04
 0.13810901581738E+04
 0.13810901552041E+04
 0.13810901553539E+04
 0.13810901558809E+04
 0.13810901500397E+04
 0.13810901507825E+04
 0.13810901472367E+04
 0.13810901451160E+04
 0.13810901375685E+04
 0.13810901298175E+04
 0.13810901260476E+04
 0.13810901235137E+04
 0.13810901299253E+04
 0.13810901414184E+04
 0.13810901611965E+04
 0.13810901677317E+04
 0.13810903917494E+04
 0.13810903887967E+04
 0.13810903973119E+04
 0.13810904048969E+04
 0.13810904070029E+04
 0.13810904048058E+04
 0.13810904032425E+04
 0.13810903993463E+04
 0.13810904043614E+04
 0.13810907738775E+04
 0.13810907764886E+04
 0.13810906664481E+04
 0.13810906705720E+04
 0.13810910307092E+04
 0.13810910304686E+04
 0.13810910347577E+04
 0.13810912275673E+04
 0.13810912240204E+04
 0.13810910194138E+04
 0.13810910907820E+04
 0.13810910908716E+04
 0.13810910922815E+04
 0.13810910877657E+04
 0.13810910915637E+04
 0.13810910866900E+04
 0.13810910825426E+04
 0.13810910816757E+04
 0.13810910824755E+04
 0.13810910777259E+04
 0.13810910802638E+04
 0.13810910809154E+04
 0.13810910718895E+04
 0.13810910707498E+04
 0.13810910709256E+04
 0.13810910729014E+04
 0.13810910706290E+04
 0.13810908637700E+04
 0.13810908624019E+04
 0.13810908627130E+04
 0.13810908647029E+04
 0.13810907265092E+04
 0.13810905206915E+04
 0.13810909101900E+04
 0.13810909103432E+04
 0.13810909079693E+04
 0.13810909086618E+04
 0.13810909049087E+04
 0.13810907497582E+04
 0.13810913638704E+04
 0.13810913647116E+04
 0.13810913648777E+04
 0.13810909186460E+04
 0.13810909172821E+04
 0.13810909181137E+04
 0.13810912201417E+04
 0.13810912200634E+04
 0.13810908536204E+04
 0.13810911319986E+04
 0.13810911320848E+04
 0.13810908315596E+04
 0.13810910383058E+04
 0.13810909741889E+04
 0.13810909753415E+04
 0.13810910515992E+04
 0.13810910985804E+04
 0.13810914198680E+04
 0.13810914184215E+04
 0.13810914198653E+04
 0.13810914219356E+04
 0.13810911292969E+04
 0.13810909288624E+04
 0.13810910997818E+04
 0.13810911024609E+04
 0.13810911013369E+04
 0.13810909952988E+04
 0.13810909959588E+04
 0.13810909942638E+04
 0.13810905920531E+04
 0.13810905930229E+04
 0.13810910299257E+04
 0.13810910579731E+04
 0.13810910562117E+04
 0.13810909674915E+04
 0.13810911953919E+04
 0.13810910830110E+04
 0.13810908699895E+04
 0.13810908705323E+04
 0.13810908406728E+04
 0.13810908409412E+04
 0.13810915449729E+04
 0.13810911786799E+04
 0.13810908436553E+04
 0.13810905468839E+04
 0.13810904716607E+04
 0.13810904722737E+04
 0.13810912328743E+04
 0.13810912331953E+04
 0.13810908080484E+04
 0.13810903506069E+04
 0.13810903532039E+04
 0.13810903682323E+04
 0.13810909001327E+04
 0.13810909009934E+04
 0.13810905022456E+04
 0.13810905037975E+04
 0.13810905119763E+04
 0.13810905072068E+04
 0.13810905057324E+04
 0.13810905051011E+04
 0.13810905195009E+04
 0.13810905164510E+04
 0.13810905066383E+04
 0.13810915177328E+04
 0.13810912607541E+04
 0.13810912593387E+04
 0.13810905790392E+04
 0.13810905791147E+04
 0.13810916808051E+04
 0.13810908703212E+04
 0.13810911093631E+04
 0.13810908584239E+04
 0.13810908580194E+04
