 0.87996630401671E+02
 0.87996630401671E+02
 0.87996630401671E+02
 0.87996630401671E+02
 0.87996630401671E+02
 0.87996630401671E+02
 0.87996630401671E+02
 0.87996630401671E+02
 0.87996630401671E+02
 0.87996630401671E+02
 0.87996630401671E+02
 0.87996630401671E+02
 0.87996630401671E+02
 0.87996630401671E+02
 0.87996630401671E+02
 0.87996630401671E+02
 0.87996630401671E+02
 0.87996630401671E+02
 0.87996630401671E+02
 0.87996630401671E+02
 0.87996630401671E+02
 0.87996630401671E+02
 0.87996630401671E+02
 0.87996630401671E+02
 0.87996630401671E+02
 0.87996630401671E+02
 0.87996630401671E+02
 0.87996630401671E+02
 0.87996630401671E+02
 0.87996630401671E+02
 0.87996630401671E+02
 0.87996630401671E+02
 0.87996630401671E+02
 0.87996630401671E+02
 0.87996630401671E+02
 0.87996630401671E+02
 0.87996630401671E+02
 0.87996630401671E+02
 0.87996630401671E+02
 0.87996630401671E+02
 0.87996630401671E+02
 0.87996630401671E+02
 0.87996630401671E+02
 0.87996630401671E+02
 0.87996630401671E+02
 0.87996630401671E+02
 0.87996630401671E+02
 0.87996630401671E+02
 0.87996630401671E+02
 0.87996630401671E+02
 0.87996630401671E+02
 0.87996630401671E+02
 0.87996630401671E+02
 0.87996630425488E+02
 0.87996630468868E+02
 0.87996630480871E+02
 0.87996630469568E+02
 0.87996630464950E+02
 0.87996630455989E+02
 0.87996630508675E+02
 0.87996630503658E+02
 0.87996630881489E+02
 0.87996630896725E+02
 0.87996631201342E+02
 0.87996631308996E+02
 0.87996631316194E+02
 0.87996631315610E+02
 0.87996631326386E+02
 0.87996631314681E+02
 0.87996631200375E+02
 0.87996631055585E+02
 0.87996630651963E+02
 0.87996630178143E+02
 0.87996629874280E+02
 0.87996629705208E+02
 0.87996629449481E+02
 0.87996629102526E+02
 0.87996629207947E+02
 0.87996629648275E+02
 0.87996621506446E+02
 0.87996622010829E+02
 0.87996621938933E+02
 0.87996621851331E+02
 0.87996621913168E+02
 0.87996621988850E+02
 0.87996622063870E+02
 0.87996622135478E+02
 0.87996621835609E+02
 0.87996604220116E+02
 0.87996604100309E+02
 0.87996599526481E+02
 0.87996599318006E+02
 0.87996579425036E+02
 0.87996579430324E+02
 0.87996579190150E+02
 0.87996593098172E+02
 0.87996593161765E+02
 0.87996616278581E+02
 0.87996619125810E+02
 0.87996619055704E+02
 0.87996618943330E+02
 0.87996619151299E+02
 0.87996618923108E+02
 0.87996619169486E+02
 0.87996619065775E+02
 0.87996619041552E+02
 0.87996618986588E+02
 0.87996619186875E+02
 0.87996619018210E+02
 0.87996618985951E+02
 0.87996619211689E+02
 0.87996619209603E+02
 0.87996619150748E+02
 0.87996619019302E+02
 0.87996619147816E+02
 0.87996649101803E+02
 0.87996649113358E+02
 0.87996649055400E+02
 0.87996648932115E+02
 0.87996650598773E+02
 0.87996679757996E+02
 0.87996641573667E+02
 0.87996641535219E+02
 0.87996641668319E+02
 0.87996641580338E+02
 0.87996641599896E+02
 0.87996662821600E+02
 0.87996596663709E+02
 0.87996596575328E+02
 0.87996596551912E+02
 0.87996623825413E+02
 0.87996623854670E+02
 0.87996623788720E+02
 0.87996622834862E+02
 0.87996622802848E+02
 0.87996644206392E+02
 0.87996607943202E+02
 0.87996607925419E+02
 0.87996653823211E+02
 0.87996610652949E+02
 0.87996632702573E+02
 0.87996632625867E+02
 0.87996608418386E+02
 0.87996609962366E+02
 0.87996592616561E+02
 0.87996592608443E+02
 0.87996592563871E+02
 0.87996592522706E+02
 0.87996607720647E+02
 0.87996595719155E+02
 0.87996582969757E+02
 0.87996582979004E+02
 0.87996582948001E+02
 0.87996613498910E+02
 0.87996613502358E+02
 0.87996613503557E+02
 0.87996613469862E+02
 0.87996613472661E+02
 0.87996600610242E+02
 0.87996609573950E+02
 0.87996609519007E+02
 0.87996617525015E+02
 0.87996588964108E+02
 0.87996581209916E+02
 0.87996624520774E+02
 0.87996624472932E+02
 0.87996602409190E+02
 0.87996602417142E+02
 0.87996569597743E+02
 0.87996587626658E+02
 0.87996621313075E+02
 0.87996616153976E+02
 0.87996611351847E+02
 0.87996611347747E+02
 0.87996584341009E+02
 0.87996584371142E+02
 0.87996603697634E+02
 0.87996618164809E+02
 0.87996618207191E+02
 0.87996618034285E+02
 0.87996585883859E+02
 0.87996585866667E+02
 0.87996606137507E+02
 0.87996606221819E+02
 0.87996606205305E+02
 0.87996606307719E+02
 0.87996606205315E+02
 0.87996606186096E+02
 0.87996606036468E+02
 0.87996606129230E+02
 0.87996606303773E+02
 0.87996553744349E+02
 0.87996581838950E+02
 0.87996581812546E+02
 0.87996607428095E+02
 0.87996607435426E+02
 0.87996539753170E+02
 0.87996609681554E+02
 0.87996581127686E+02
 0.87996583415618E+02
 0.87996583433192E+02
