 0.14539883446787E+03
 0.14539883446787E+03
 0.14539883446787E+03
 0.14539883446787E+03
 0.14539883446787E+03
 0.14539883446787E+03
 0.14539883446787E+03
 0.14539883446787E+03
 0.14539883446787E+03
 0.14539883446787E+03
 0.14539883446787E+03
 0.14539883446787E+03
 0.14539883446787E+03
 0.14539883446787E+03
 0.14539883446787E+03
 0.14539883446787E+03
 0.14539883446787E+03
 0.14539883446787E+03
 0.14539883446787E+03
 0.14539883446787E+03
 0.14539883446787E+03
 0.14539883446787E+03
 0.14539883446787E+03
 0.14539883446787E+03
 0.14539883446787E+03
 0.14539883446787E+03
 0.14539883446787E+03
 0.14539883446787E+03
 0.14539883446787E+03
 0.14539883446787E+03
 0.14539883446787E+03
 0.14539883446787E+03
 0.14539883446787E+03
 0.14539883446787E+03
 0.14539883446787E+03
 0.14539883446787E+03
 0.14539883446787E+03
 0.14539883446787E+03
 0.14539883446787E+03
 0.14539883446787E+03
 0.14539883446787E+03
 0.14539883446787E+03
 0.14539883446787E+03
 0.14539883446787E+03
 0.14539883446787E+03
 0.14539883446787E+03
 0.14539883446787E+03
 0.14539883446787E+03
 0.14539883446787E+03
 0.14539883446787E+03
 0.14539883446787E+03
 0.14539883446787E+03
 0.14539883446787E+03
 0.14539883447447E+03
 0.14539883483797E+03
 0.14539883554111E+03
 0.14539883607009E+03
 0.14539883642194E+03
 0.14539883647029E+03
 0.14539883699004E+03
 0.14539883688525E+03
 0.14539883933566E+03
 0.14539883934920E+03
 0.14539884158525E+03
 0.14539884248082E+03
 0.14539884240478E+03
 0.14539884225695E+03
 0.14539884333536E+03
 0.14539884308676E+03
 0.14539884325751E+03
 0.14539884272000E+03
 0.14539884167140E+03
 0.14539884041403E+03
 0.14539883944813E+03
 0.14539883893398E+03
 0.14539883713949E+03
 0.14539883340199E+03
 0.14539883206302E+03
 0.14539883327268E+03
 0.14539888398683E+03
 0.14539888698851E+03
 0.14539888590548E+03
 0.14539888464106E+03
 0.14539888476872E+03
 0.14539888520200E+03
 0.14539888592311E+03
 0.14539888585940E+03
 0.14539888365167E+03
 0.14539893577791E+03
 0.14539893479073E+03
 0.14539885285995E+03
 0.14539885135359E+03
 0.14539889074773E+03
 0.14539889081168E+03
 0.14539888916601E+03
 0.14539909687020E+03
 0.14539909713718E+03
 0.14539918508469E+03
 0.14539925326990E+03
 0.14539925279641E+03
 0.14539925196169E+03
 0.14539925337645E+03
 0.14539925178952E+03
 0.14539925345174E+03
 0.14539925271426E+03
 0.14539925251564E+03
 0.14539925200901E+03
 0.14539925345525E+03
 0.14539925231987E+03
 0.14539925199232E+03
 0.14539925351754E+03
 0.14539925349883E+03
 0.14539925314735E+03
 0.14539925221153E+03
 0.14539925298149E+03
 0.14539938579393E+03
 0.14539938585695E+03
 0.14539938545639E+03
 0.14539938454922E+03
 0.14539932572270E+03
 0.14539946851517E+03
 0.14539936179972E+03
 0.14539936151466E+03
 0.14539936230977E+03
 0.14539936184121E+03
 0.14539936191620E+03
 0.14539945163081E+03
 0.14539923443114E+03
 0.14539923396001E+03
 0.14539923377789E+03
 0.14539921050171E+03
 0.14539921069215E+03
 0.14539921024745E+03
 0.14539940060022E+03
 0.14539940036077E+03
 0.14539935657299E+03
 0.14539919749353E+03
 0.14539919735986E+03
 0.14539941816075E+03
 0.14539917073434E+03
 0.14539932688337E+03
 0.14539932636479E+03
 0.14539915806847E+03
 0.14539919936599E+03
 0.14539923148353E+03
 0.14539923143312E+03
 0.14539923116041E+03
 0.14539923091049E+03
 0.14539919588417E+03
 0.14539898315515E+03
 0.14539895976213E+03
 0.14539895983983E+03
 0.14539895965611E+03
 0.14539917301797E+03
 0.14539917305752E+03
 0.14539917306674E+03
 0.14539895534604E+03
 0.14539895536804E+03
 0.14539906445516E+03
 0.14539916945758E+03
 0.14539916904045E+03
 0.14539918105051E+03
 0.14539906957861E+03
 0.14539893428567E+03
 0.14539918794849E+03
 0.14539918760519E+03
 0.14539898308065E+03
 0.14539898314857E+03
 0.14539910617881E+03
 0.14539902779415E+03
 0.14539914294121E+03
 0.14539895788843E+03
 0.14539886843887E+03
 0.14539886841690E+03
 0.14539905024681E+03
 0.14539905049293E+03
 0.14539896899727E+03
 0.14539885636270E+03
 0.14539885671240E+03
 0.14539885599808E+03
 0.14539889821328E+03
 0.14539889809872E+03
 0.14539883883415E+03
 0.14539883934375E+03
 0.14539883943404E+03
 0.14539884012441E+03
 0.14539883924806E+03
 0.14539883912910E+03
 0.14539883860296E+03
 0.14539883900980E+03
 0.14539884016497E+03
 0.14539894612881E+03
 0.14539904304365E+03
 0.14539904289513E+03
 0.14539888386807E+03
 0.14539888381407E+03
 0.14539892121104E+03
 0.14539906177286E+03
 0.14539895049878E+03
 0.14539884267501E+03
 0.14539884284194E+03
