 0.42693955026414E+14
 0.42693955026414E+14
 0.42693955026414E+14
 0.42693955026414E+14
 0.42693955026414E+14
 0.42693955026414E+14
 0.42693955026414E+14
 0.42693955026414E+14
 0.42693955026414E+14
 0.42693955026414E+14
 0.42693955026414E+14
 0.42693955026414E+14
 0.42693955026414E+14
 0.42693955026414E+14
 0.42693955026414E+14
 0.42693955026414E+14
 0.42693955026414E+14
 0.42693955026414E+14
 0.42693955026414E+14
 0.42693955026414E+14
 0.42693955026414E+14
 0.42693955026414E+14
 0.42693955026414E+14
 0.42693955026414E+14
 0.42693955026414E+14
 0.42693955026414E+14
 0.42693955026414E+14
 0.42693955026414E+14
 0.42693955026414E+14
 0.42693955026414E+14
 0.42693955026414E+14
 0.42693955026414E+14
 0.42693955026414E+14
 0.42693955026414E+14
 0.42693955026414E+14
 0.42693955026414E+14
 0.42693955026414E+14
 0.42693955026414E+14
 0.42693955026414E+14
 0.42693955026414E+14
 0.42693955026414E+14
 0.42693955026414E+14
 0.42693955026414E+14
 0.42693955026414E+14
 0.42693955026414E+14
 0.42693955026414E+14
 0.42693955026414E+14
 0.42693955026414E+14
 0.42693955026414E+14
 0.42693955026414E+14
 0.42693955026414E+14
 0.42693955026414E+14
 0.42693955026414E+14
 0.42693955027545E+14
 0.42693955032699E+14
 0.42693955039436E+14
 0.42693955041763E+14
 0.42693955039685E+14
 0.42693955037472E+14
 0.42693955030560E+14
 0.42693955027488E+14
 0.42693954995551E+14
 0.42693954992028E+14
 0.42693954961556E+14
 0.42693954947514E+14
 0.42693954944329E+14
 0.42693954943394E+14
 0.42693954921084E+14
 0.42693954919138E+14
 0.42693954907847E+14
 0.42693954898242E+14
 0.42693954874821E+14
 0.42693954850675E+14
 0.42693954838024E+14
 0.42693954829024E+14
 0.42693954851190E+14
 0.42693954897399E+14
 0.42693954951805E+14
 0.42693954967757E+14
 0.42693952675680E+14
 0.42693952660109E+14
 0.42693952691760E+14
 0.42693952721290E+14
 0.42693952731446E+14
 0.42693952726720E+14
 0.42693952713758E+14
 0.42693952713591E+14
 0.42693952735652E+14
 0.42693949128551E+14
 0.42693949139355E+14
 0.42693950510830E+14
 0.42693950528070E+14
 0.42693946922629E+14
 0.42693946921672E+14
 0.42693946939589E+14
 0.42693943709193E+14
 0.42693943691485E+14
 0.42693944531582E+14
 0.42693943199108E+14
 0.42693943198947E+14
 0.42693943203796E+14
 0.42693943184312E+14
 0.42693943199740E+14
 0.42693943178909E+14
 0.42693943158048E+14
 0.42693943153368E+14
 0.42693943155287E+14
 0.42693943135359E+14
 0.42693943145952E+14
 0.42693943147802E+14
 0.42693943106549E+14
 0.42693943101049E+14
 0.42693943101973E+14
 0.42693943109649E+14
 0.42693943099253E+14
 0.42693943788402E+14
 0.42693943781768E+14
 0.42693943782492E+14
 0.42693943789990E+14
 0.42693945407289E+14
 0.42693945684699E+14
 0.42693943371183E+14
 0.42693943371150E+14
 0.42693943360112E+14
 0.42693943363571E+14
 0.42693943344315E+14
 0.42693943892619E+14
 0.42693940526921E+14
 0.42693940531160E+14
 0.42693940531506E+14
 0.42693944694997E+14
 0.42693944688459E+14
 0.42693944691430E+14
 0.42693939876412E+14
 0.42693939875528E+14
 0.42693943734170E+14
 0.42693942905177E+14
 0.42693942905090E+14
 0.42693943484208E+14
 0.42693943905046E+14
 0.42693942983472E+14
 0.42693942987909E+14
 0.42693943906873E+14
 0.42693943129675E+14
 0.42693940050330E+14
 0.42693940041492E+14
 0.42693940047704E+14
 0.42693940057052E+14
 0.42693942889471E+14
 0.42693946521871E+14
 0.42693945454134E+14
 0.42693945466555E+14
 0.42693945461223E+14
 0.42693944211524E+14
 0.42693944214327E+14
 0.42693944203941E+14
 0.42693949536193E+14
 0.42693949540566E+14
 0.42693945238833E+14
 0.42693943855609E+14
 0.42693943844330E+14
 0.42693944560002E+14
 0.42693943517330E+14
 0.42693945874234E+14
 0.42693945312787E+14
 0.42693945314991E+14
 0.42693947390993E+14
 0.42693947392693E+14
 0.42693940113301E+14
 0.42693944472121E+14
 0.42693946041594E+14
 0.42693949790518E+14
 0.42693951435422E+14
 0.42693951439097E+14
 0.42693943475206E+14
 0.42693943476479E+14
 0.42693947923764E+14
 0.42693952603983E+14
 0.42693952618273E+14
 0.42693952689876E+14
 0.42693947275419E+14
 0.42693947278708E+14
 0.42693951467242E+14
 0.42693951475496E+14
 0.42693951515873E+14
 0.42693951494860E+14
 0.42693951485713E+14
 0.42693951480090E+14
 0.42693951547813E+14
 0.42693951535765E+14
 0.42693951487112E+14
 0.42693941996961E+14
 0.42693943288288E+14
 0.42693943275923E+14
 0.42693950562458E+14
 0.42693950568320E+14
 0.42693940758178E+14
 0.42693946451952E+14
 0.42693945487148E+14
 0.42693948389078E+14
 0.42693948385790E+14
