 0.39735489534178E+03
 0.39735489534178E+03
 0.39735489534178E+03
 0.39735489534178E+03
 0.39735489534178E+03
 0.39735489534178E+03
 0.39735489534178E+03
 0.39735489534178E+03
 0.39735489534178E+03
 0.39735489534178E+03
 0.39735489534178E+03
 0.39735489534178E+03
 0.39735489534178E+03
 0.39735489534178E+03
 0.39735489534178E+03
 0.39735489534178E+03
 0.39735489534178E+03
 0.39735489534178E+03
 0.39735489534178E+03
 0.39735489534178E+03
 0.39735489534178E+03
 0.39735489534178E+03
 0.39735489534178E+03
 0.39735489534178E+03
 0.39735489534178E+03
 0.39735489534178E+03
 0.39735489534178E+03
 0.39735489534178E+03
 0.39735489534178E+03
 0.39735489534178E+03
 0.39735489534178E+03
 0.39735489534178E+03
 0.39735489534178E+03
 0.39735489534178E+03
 0.39735489534178E+03
 0.39735489534178E+03
 0.39735489534178E+03
 0.39735489534178E+03
 0.39735489534178E+03
 0.39735489534178E+03
 0.39735489534178E+03
 0.39735489534178E+03
 0.39735489534178E+03
 0.39735489534178E+03
 0.39735489534178E+03
 0.39735489534178E+03
 0.39735489534178E+03
 0.39735489534178E+03
 0.39735489534178E+03
 0.39735489534178E+03
 0.39735489534178E+03
 0.39735489534178E+03
 0.39735489534178E+03
 0.39735489498845E+03
 0.39735489530164E+03
 0.39735489711341E+03
 0.39735489824635E+03
 0.39735489856162E+03
 0.39735489842899E+03
 0.39735489766333E+03
 0.39735489717989E+03
 0.39735489074054E+03
 0.39735489008270E+03
 0.39735488211475E+03
 0.39735487872316E+03
 0.39735487798257E+03
 0.39735487768712E+03
 0.39735487234420E+03
 0.39735487169367E+03
 0.39735486931788E+03
 0.39735486784874E+03
 0.39735486470702E+03
 0.39735486096676E+03
 0.39735485855453E+03
 0.39735485684886E+03
 0.39735485957310E+03
 0.39735487232094E+03
 0.39735487670504E+03
 0.39735487755616E+03
 0.39735517534861E+03
 0.39735517024326E+03
 0.39735517521807E+03
 0.39735518141283E+03
 0.39735518374183E+03
 0.39735518423564E+03
 0.39735517916153E+03
 0.39735518602684E+03
 0.39735519199428E+03
 0.39735568241240E+03
 0.39735568599501E+03
 0.39735552863592E+03
 0.39735553383110E+03
 0.39735601676788E+03
 0.39735601658960E+03
 0.39735602198447E+03
 0.39735634600988E+03
 0.39735634463035E+03
 0.39735615686910E+03
 0.39735628886135E+03
 0.39735629024972E+03
 0.39735629277315E+03
 0.39735628806171E+03
 0.39735629312853E+03
 0.39735628766303E+03
 0.39735628916626E+03
 0.39735628957076E+03
 0.39735629110466E+03
 0.39735628622841E+03
 0.39735628986561E+03
 0.39735629088628E+03
 0.39735628507848E+03
 0.39735628495588E+03
 0.39735628608213E+03
 0.39735628896906E+03
 0.39735628630606E+03
 0.39735609516418E+03
 0.39735609476003E+03
 0.39735609592507E+03
 0.39735609871084E+03
 0.39735589596040E+03
 0.39735574092257E+03
 0.39735616447651E+03
 0.39735616526896E+03
 0.39735616255280E+03
 0.39735616412421E+03
 0.39735616338078E+03
 0.39735601570700E+03
 0.39735665954844E+03
 0.39735666116748E+03
 0.39735666168378E+03
 0.39735607959361E+03
 0.39735607880493E+03
 0.39735608028325E+03
 0.39735661968600E+03
 0.39735662035254E+03
 0.39735610078325E+03
 0.39735634349458E+03
 0.39735634387375E+03
 0.39735609467064E+03
 0.39735621384947E+03
 0.39735623339047E+03
 0.39735623500786E+03
 0.39735622336961E+03
 0.39735630778738E+03
 0.39735672698468E+03
 0.39735672699161E+03
 0.39735672801607E+03
 0.39735672905231E+03
 0.39735634231471E+03
 0.39735596880473E+03
 0.39735614865899E+03
 0.39735614881457E+03
 0.39735614927034E+03
 0.39735616645480E+03
 0.39735616653981E+03
 0.39735616637536E+03
 0.39735554876052E+03
 0.39735554879727E+03
 0.39735611226344E+03
 0.39735623091875E+03
 0.39735623182715E+03
 0.39735611886188E+03
 0.39735634397191E+03
 0.39735611218372E+03
 0.39735600335227E+03
 0.39735600434908E+03
 0.39735584871915E+03
 0.39735584850095E+03
 0.39735681302484E+03
 0.39735625953640E+03
 0.39735593821080E+03
 0.39735550630400E+03
 0.39735534677182E+03
 0.39735534678162E+03
 0.39735637765080E+03
 0.39735637717793E+03
 0.39735578716759E+03
 0.39735518584953E+03
 0.39735518500966E+03
 0.39735518948725E+03
 0.39735591415943E+03
 0.39735591467438E+03
 0.39735536475051E+03
 0.39735536339108E+03
 0.39735536420781E+03
 0.39735536150161E+03
 0.39735536389642E+03
 0.39735536451770E+03
 0.39735536811088E+03
 0.39735536608029E+03
 0.39735536174942E+03
 0.39735666551455E+03
 0.39735640542684E+03
 0.39735640617173E+03
 0.39735546689771E+03
 0.39735546607115E+03
 0.39735685977345E+03
 0.39735593005704E+03
 0.39735616000428E+03
 0.39735580736220E+03
 0.39735580700054E+03
