 0.24048261453851E+03
 0.24048261453851E+03
 0.24048261453851E+03
 0.24048261453851E+03
 0.24048261453851E+03
 0.24048261453851E+03
 0.24048261453851E+03
 0.24048261453851E+03
 0.24048261453851E+03
 0.24048261453851E+03
 0.24048261453851E+03
 0.24048261453851E+03
 0.24048261453851E+03
 0.24048261453851E+03
 0.24048261453851E+03
 0.24048261453851E+03
 0.24048261453851E+03
 0.24048261453851E+03
 0.24048261453851E+03
 0.24048261453851E+03
 0.24048261453851E+03
 0.24048261453851E+03
 0.24048261453851E+03
 0.24048261453851E+03
 0.24048261453851E+03
 0.24048261453851E+03
 0.24048261453851E+03
 0.24048261453851E+03
 0.24048261453851E+03
 0.24048261453851E+03
 0.24048261453851E+03
 0.24048261453851E+03
 0.24048261453851E+03
 0.24048261453851E+03
 0.24048261453851E+03
 0.24048261453851E+03
 0.24048261453851E+03
 0.24048261453851E+03
 0.24048261453851E+03
 0.24048261453851E+03
 0.24048261453851E+03
 0.24048261453851E+03
 0.24048261453851E+03
 0.24048261453851E+03
 0.24048261453851E+03
 0.24048261453851E+03
 0.24048261453851E+03
 0.24048261453851E+03
 0.24048261453851E+03
 0.24048261453851E+03
 0.24048261453851E+03
 0.24048261453851E+03
 0.24048261453851E+03
 0.24048261437884E+03
 0.24048261408573E+03
 0.24048261405206E+03
 0.24048261383194E+03
 0.24048261342818E+03
 0.24048261324346E+03
 0.24048261206442E+03
 0.24048261193144E+03
 0.24048260501399E+03
 0.24048260463509E+03
 0.24048259694699E+03
 0.24048259370735E+03
 0.24048259340456E+03
 0.24048259346867E+03
 0.24048258848090E+03
 0.24048258846638E+03
 0.24048258643373E+03
 0.24048258603792E+03
 0.24048258476781E+03
 0.24048258328892E+03
 0.24048258259615E+03
 0.24048258195219E+03
 0.24048258587006E+03
 0.24048259881863E+03
 0.24048260397462E+03
 0.24048260369235E+03
 0.24048267778965E+03
 0.24048267111363E+03
 0.24048267571922E+03
 0.24048268132022E+03
 0.24048268268761E+03
 0.24048268247667E+03
 0.24048267841811E+03
 0.24048268287412E+03
 0.24048268931765E+03
 0.24048285176768E+03
 0.24048285524124E+03
 0.24048288301619E+03
 0.24048288808208E+03
 0.24048306083846E+03
 0.24048306063924E+03
 0.24048306596976E+03
 0.24048295654836E+03
 0.24048295544569E+03
 0.24048275952562E+03
 0.24048273441453E+03
 0.24048273584632E+03
 0.24048273844701E+03
 0.24048273382402E+03
 0.24048273889158E+03
 0.24048273350792E+03
 0.24048273535400E+03
 0.24048273586112E+03
 0.24048273747717E+03
 0.24048273268139E+03
 0.24048273629957E+03
 0.24048273737088E+03
 0.24048273195023E+03
 0.24048273190128E+03
 0.24048273300338E+03
 0.24048273593914E+03
 0.24048273340522E+03
 0.24048247992038E+03
 0.24048247960313E+03
 0.24048248081234E+03
 0.24048248366179E+03
 0.24048246280643E+03
 0.24048221249390E+03
 0.24048254098040E+03
 0.24048254182641E+03
 0.24048253923125E+03
 0.24048254071680E+03
 0.24048254019629E+03
 0.24048236043618E+03
 0.24048292852932E+03
 0.24048293004687E+03
 0.24048293059656E+03
 0.24048269134397E+03
 0.24048269063163E+03
 0.24048269208160E+03
 0.24048270109162E+03
 0.24048270180356E+03
 0.24048251827242E+03
 0.24048282916962E+03
 0.24048282957158E+03
 0.24048243899173E+03
 0.24048280237119E+03
 0.24048261619386E+03
 0.24048261782079E+03
 0.24048282297480E+03
 0.24048280998052E+03
 0.24048296315707E+03
 0.24048296322247E+03
 0.24048296417171E+03
 0.24048296509970E+03
 0.24048283050914E+03
 0.24048292350292E+03
 0.24048303620065E+03
 0.24048303619158E+03
 0.24048303668655E+03
 0.24048277768822E+03
 0.24048277768368E+03
 0.24048277757218E+03
 0.24048276379406E+03
 0.24048276378756E+03
 0.24048288922567E+03
 0.24048281186458E+03
 0.24048281295411E+03
 0.24048274660204E+03
 0.24048298915608E+03
 0.24048305145300E+03
 0.24048268440434E+03
 0.24048268544467E+03
 0.24048286923238E+03
 0.24048286900972E+03
 0.24048315956962E+03
 0.24048300350949E+03
 0.24048271065378E+03
 0.24048274122935E+03
 0.24048277950085E+03
 0.24048277953193E+03
 0.24048302887834E+03
 0.24048302826743E+03
 0.24048285879527E+03
 0.24048272070163E+03
 0.24048271973078E+03
 0.24048272314957E+03
 0.24048300404244E+03
 0.24048300449657E+03
 0.24048282509642E+03
 0.24048282366124E+03
 0.24048282396108E+03
 0.24048282146130E+03
 0.24048282408025E+03
 0.24048282460048E+03
 0.24048282723640E+03
 0.24048282558809E+03
 0.24048282153342E+03
 0.24048329168528E+03
 0.24048305076449E+03
 0.24048305138879E+03
 0.24048281595979E+03
 0.24048281556890E+03
 0.24048341222903E+03
 0.24048280818004E+03
 0.24048305335392E+03
 0.24048302452022E+03
 0.24048302407328E+03
