-0.24925707221187E+13
-0.24856711407028E+13
-0.24875711159578E+13
-0.24908910089610E+13
-0.24955329701594E+13
-0.25014938741136E+13
-0.25087847090951E+13
-0.25174222905722E+13
-0.25274276967166E+13
-0.25388259350053E+13
-0.25516459409038E+13
-0.25659207007329E+13
-0.25816874397538E+13
-0.25989878572110E+13
-0.26178684034357E+13
-0.26383805993444E+13
-0.26605814011775E+13
-0.26845336148775E+13
-0.27103063657563E+13
-0.27379756303015E+13
-0.27676248382760E+13
-0.27993455547411E+13
-0.28332382533646E+13
-0.28694131944276E+13
-0.29079914234035E+13
-0.29491059089497E+13
-0.29929028427524E+13
-0.30395431280647E+13
-0.30892040891777E+13
-0.31420814407432E+13
-0.31983915641705E+13
-0.32583741487337E+13
-0.33222952681670E+13
-0.33904509802652E+13
-0.34631715585179E+13
-0.35408264927352E+13
-0.36238304323053E+13
-0.37126502945150E+13
-0.38078138262390E+13
-0.39099199977134E+13
-0.40196517336660E+13
-0.41377916682827E+13
-0.42652418770546E+13
-0.44030489435767E+13
-0.45524363593864E+13
-0.47148473162192E+13
-0.48920028187959E+13
-0.50859835965017E+13
-0.52993517336369E+13
-0.55353457217892E+13
-0.57982337685506E+13
-0.60941063873451E+13
-0.64337471181686E+13
-0.68373848738732E+13
-0.72726328648223E+13
-0.77488105109791E+13
-0.82764976881311E+13
-0.88648349346665E+13
-0.95240419829682E+13
-0.10266260244012E+14
-0.11106510679326E+14
-0.12063280015030E+14
-0.13160628009044E+14
-0.14428554569021E+14
-0.15906876576972E+14
-0.17648132440643E+14
-0.19720809261234E+14
-0.22218530136584E+14
-0.25261031741913E+14
-0.28999046266427E+14
-0.33580150799237E+14
-0.38994776535339E+14
-0.44391221997799E+14
-0.45140838239715E+14
-0.20896652674627E+14
 0.84383888548884E+14
 0.19047927525630E+15
 0.10606423135830E+15
 0.33381605348688E+14
 0.68295128666829E+13
-0.14493887507044E+13
-0.35574570044085E+13
-0.35593760051737E+13
-0.28830186269012E+13
-0.20162118133274E+13
-0.11661422436369E+13
-0.38272076381036E+12
 0.31552189720757E+12
 0.92329784992980E+12
 0.14542567541259E+13
 0.19268583812357E+13
 0.23362690812364E+13
 0.26964963532539E+13
 0.30088701955643E+13
 0.32922025660132E+13
 0.35405675128525E+13
 0.37667704929997E+13
 0.39648035206295E+13
 0.41415073933959E+13
 0.42956413517305E+13
 0.44336498825942E+13
 0.45600378033410E+13
 0.46754842252039E+13
 0.47738784123046E+13
 0.48604083340790E+13
 0.49322495548918E+13
 0.49949000044925E+13
 0.50527851608640E+13
 0.51045939082179E+13
 0.51438692520415E+13
 0.51752835264335E+13
 0.51943442572613E+13
 0.52088558558571E+13
 0.52268619644867E+13
 0.52315833597632E+13
 0.52305456540205E+13
 0.52205560270020E+13
 0.52059012927767E+13
 0.51906708356145E+13
 0.51743036816335E+13
 0.51488607779793E+13
 0.51196378379928E+13
 0.50805430661070E+13
 0.50457098208170E+13
 0.50085902518087E+13
 0.49652070818403E+13
 0.49189052741469E+13
 0.48659657549120E+13
 0.48107627704596E+13
 0.47638195858425E+13
 0.47075849231418E+13
 0.46494981356071E+13
 0.45897872364460E+13
 0.45219425360581E+13
 0.44597307643035E+13
 0.43999815425688E+13
 0.43343224732613E+13
 0.42676889115162E+13
 0.41954274855104E+13
 0.41238692792518E+13
 0.40589702221827E+13
 0.39920944354799E+13
 0.39219222457039E+13
 0.38516275326916E+13
 0.37747037490764E+13
 0.37022212673621E+13
 0.36335764104456E+13
 0.35670997387941E+13
 0.34962093129522E+13
 0.34222296479974E+13
 0.33500648036778E+13
 0.32772803840001E+13
 0.32142611079199E+13
 0.31448133365823E+13
 0.30759567865619E+13
 0.30075133221337E+13
 0.29345155528179E+13
 0.28649113545796E+13
 0.28050484637330E+13
 0.27391359271830E+13
 0.26739030157106E+13
 0.26095730824832E+13
 0.25409230061273E+13
 0.24758750515725E+13
 0.24202755969186E+13
 0.23590813028416E+13
 0.22986519993734E+13
 0.22393458021606E+13
 0.21757590842965E+13
 0.21160233401764E+13
 0.20656579312653E+13
 0.20097360047248E+13
 0.19547971327606E+13
 0.19009554285621E+13
 0.18435263181598E+13
 0.17890211872189E+13
 0.17400243564476E+13
 0.16935478289535E+13
 0.16442199703385E+13
 0.15959127107167E+13
 0.15447848140050E+13
 0.14955386136432E+13
 0.14496268522969E+13
 0.14107768527597E+13
 0.13668694140054E+13
 0.13239223187339E+13
 0.12792686195885E+13
 0.12358159034724E+13
 0.11950690059732E+13
 0.11579050439323E+13
 0.11215400427585E+13
 0.10837124658734E+13
 0.10468052083220E+13
 0.10106265115942E+13
 0.97170947073613E+12
 0.93544163904294E+12
 0.90267608385333E+12
 0.87312162869750E+12
 0.84083368590587E+12
 0.80924578938690E+12
 0.77851916583993E+12
