 0.81984650146537E+07
 0.81984650146537E+07
 0.81984650146537E+07
 0.81984650146537E+07
 0.81984650146537E+07
 0.81984650146537E+07
 0.81984650146537E+07
 0.81984650146537E+07
 0.81984650146537E+07
 0.81984650146537E+07
 0.81984650146537E+07
 0.81984650146537E+07
 0.81984650146537E+07
 0.81984650146537E+07
 0.81984650146537E+07
 0.81984650146537E+07
 0.81984650146537E+07
 0.81984650146537E+07
 0.81984650146537E+07
 0.81984650146537E+07
 0.81984650146537E+07
 0.81984650146537E+07
 0.81984650146537E+07
 0.81984650146537E+07
 0.81984650146537E+07
 0.81984650146537E+07
 0.81984650146537E+07
 0.81984650146537E+07
 0.81984650146537E+07
 0.81984650146537E+07
 0.81984650146537E+07
 0.81984650146537E+07
 0.81984650146537E+07
 0.81984650146537E+07
 0.81984650146537E+07
 0.81984650146537E+07
 0.81984650146537E+07
 0.81984650146537E+07
 0.81984650146537E+07
 0.81984650146537E+07
 0.81984650146537E+07
 0.81984650146537E+07
 0.81984650146537E+07
 0.81984650146537E+07
 0.81984650146537E+07
 0.81984650146537E+07
 0.81984650146537E+07
 0.81984650146537E+07
 0.81984650146537E+07
 0.81984650146537E+07
 0.81984650146537E+07
 0.81984650146537E+07
 0.81984650146537E+07
 0.81984650155906E+07
 0.81984649897555E+07
 0.81984649330765E+07
 0.81984648944370E+07
 0.81984648735912E+07
 0.81984648728603E+07
 0.81984648476571E+07
 0.81984648580688E+07
 0.81984647293942E+07
 0.81984647320453E+07
 0.81984646108307E+07
 0.81984645624564E+07
 0.81984645699827E+07
 0.81984645801091E+07
 0.81984645255682E+07
 0.81984645422286E+07
 0.81984645416033E+07
 0.81984645985731E+07
 0.81984647267257E+07
 0.81984648676194E+07
 0.81984649622540E+07
 0.81984650170871E+07
 0.81984650999395E+07
 0.81984653291972E+07
 0.81984652754719E+07
 0.81984651465796E+07
 0.81984548105477E+07
 0.81984545980928E+07
 0.81984546118124E+07
 0.81984546536983E+07
 0.81984546277715E+07
 0.81984546181884E+07
 0.81984545669179E+07
 0.81984546336709E+07
 0.81984547714597E+07
 0.81984405309795E+07
 0.81984405910557E+07
 0.81984505480775E+07
 0.81984506334577E+07
 0.81984375160975E+07
 0.81984375125433E+07
 0.81984376058941E+07
 0.81984138649135E+07
 0.81984138853658E+07
 0.81984108653787E+07
 0.81984026034209E+07
 0.81984026426594E+07
 0.81984027000451E+07
 0.81984026291241E+07
 0.81984027234353E+07
 0.81984026357560E+07
 0.81984027448313E+07
 0.81984027721098E+07
 0.81984028098744E+07
 0.81984027366629E+07
 0.81984028051764E+07
 0.81984028287218E+07
 0.81984027980214E+07
 0.81984028122171E+07
 0.81984028389784E+07
 0.81984028980351E+07
 0.81984028601356E+07
 0.81983960524644E+07
 0.81983960624797E+07
 0.81983960932975E+07
 0.81983961504424E+07
 0.81984050461607E+07
 0.81983968735221E+07
 0.81983967243266E+07
 0.81983967474853E+07
 0.81983967086845E+07
 0.81983967375732E+07
 0.81983967736209E+07
 0.81983925580641E+07
 0.81983967870877E+07
 0.81983968145753E+07
 0.81983968288446E+07
 0.81984106330422E+07
 0.81984106319555E+07
 0.81984106605138E+07
 0.81983845061474E+07
 0.81983845279454E+07
 0.81983985456347E+07
 0.81984062638885E+07
 0.81984062746079E+07
 0.81983936061960E+07
 0.81984110908274E+07
 0.81983981746131E+07
 0.81983982059691E+07
 0.81984119453213E+07
 0.81984068688317E+07
 0.81983956090273E+07
 0.81983956286772E+07
 0.81983956351764E+07
 0.81983956329044E+07
 0.81984064329670E+07
 0.81984312635448E+07
 0.81984292916909E+07
 0.81984292552300E+07
 0.81984292824925E+07
 0.81984119330485E+07
 0.81984119219333E+07
 0.81984119392461E+07
 0.81984422847774E+07
 0.81984422721442E+07
 0.81984215603681E+07
 0.81984107907639E+07
 0.81984108463112E+07
 0.81984121744699E+07
 0.81984165174542E+07
 0.81984321165712E+07
 0.81984140022638E+07
 0.81984140260427E+07
 0.81984337324535E+07
 0.81984337234155E+07
 0.81984039773620E+07
 0.81984213620856E+07
 0.81984189326832E+07
 0.81984430833181E+07
 0.81984534848496E+07
 0.81984534799917E+07
 0.81984173829871E+07
 0.81984173572792E+07
 0.81984360503777E+07
 0.81984577778018E+07
 0.81984577181742E+07
 0.81984576018365E+07
 0.81984394957059E+07
 0.81984394958336E+07
 0.81984554948059E+07
 0.81984554362077E+07
 0.81984553336006E+07
 0.81984553274195E+07
 0.81984554229140E+07
 0.81984554391639E+07
 0.81984553126602E+07
 0.81984553179614E+07
 0.81984553273726E+07
 0.81984197574730E+07
 0.81984173621822E+07
 0.81984173884409E+07
 0.81984495712566E+07
 0.81984495789415E+07
 0.81984177865013E+07
 0.81984256809953E+07
 0.81984298856775E+07
 0.81984460079701E+07
 0.81984459965907E+07
