 0.22383207124304E+08
 0.22383207124304E+08
 0.22383207124304E+08
 0.22383207124304E+08
 0.22383207124304E+08
 0.22383207124304E+08
 0.22383207124304E+08
 0.22383207124304E+08
 0.22383207124304E+08
 0.22383207124304E+08
 0.22383207124304E+08
 0.22383207124304E+08
 0.22383207124304E+08
 0.22383207124304E+08
 0.22383207124304E+08
 0.22383207124304E+08
 0.22383207124304E+08
 0.22383207124304E+08
 0.22383207124304E+08
 0.22383207124304E+08
 0.22383207124304E+08
 0.22383207124304E+08
 0.22383207124304E+08
 0.22383207124304E+08
 0.22383207124304E+08
 0.22383207124304E+08
 0.22383207124304E+08
 0.22383207124304E+08
 0.22383207124304E+08
 0.22383207124304E+08
 0.22383207124304E+08
 0.22383207124304E+08
 0.22383207124304E+08
 0.22383207124304E+08
 0.22383207124304E+08
 0.22383207124304E+08
 0.22383207124304E+08
 0.22383207124304E+08
 0.22383207124304E+08
 0.22383207124304E+08
 0.22383207124304E+08
 0.22383207124304E+08
 0.22383207124304E+08
 0.22383207124304E+08
 0.22383207124304E+08
 0.22383207124304E+08
 0.22383207124304E+08
 0.22383207124304E+08
 0.22383207124304E+08
 0.22383207124304E+08
 0.22383207124304E+08
 0.22383207124304E+08
 0.22383207124304E+08
 0.22383207116777E+08
 0.22383207136092E+08
 0.22383207191730E+08
 0.22383207254852E+08
 0.22383207308620E+08
 0.22383207326068E+08
 0.22383207390481E+08
 0.22383207389196E+08
 0.22383207600128E+08
 0.22383207603785E+08
 0.22383207806331E+08
 0.22383207895227E+08
 0.22383207888704E+08
 0.22383207871131E+08
 0.22383208048771E+08
 0.22383208023672E+08
 0.22383208132687E+08
 0.22383208196392E+08
 0.22383208428755E+08
 0.22383208667336E+08
 0.22383208782901E+08
 0.22383208860317E+08
 0.22383208664112E+08
 0.22383208315803E+08
 0.22383207703240E+08
 0.22383207499775E+08
 0.22383199036837E+08
 0.22383199124382E+08
 0.22383198864964E+08
 0.22383198634589E+08
 0.22383198571649E+08
 0.22383198640385E+08
 0.22383198684263E+08
 0.22383198810467E+08
 0.22383198659474E+08
 0.22383184790958E+08
 0.22383184711986E+08
 0.22383188997840E+08
 0.22383188873208E+08
 0.22383175309575E+08
 0.22383175316872E+08
 0.22383175187239E+08
 0.22383167243958E+08
 0.22383167349643E+08
 0.22383174422148E+08
 0.22383171410259E+08
 0.22383171407271E+08
 0.22383171364112E+08
 0.22383171500271E+08
 0.22383171385253E+08
 0.22383171532304E+08
 0.22383171655803E+08
 0.22383171681447E+08
 0.22383171656531E+08
 0.22383171800035E+08
 0.22383171723325E+08
 0.22383171703173E+08
 0.22383171974110E+08
 0.22383172008167E+08
 0.22383172002955E+08
 0.22383171942936E+08
 0.22383172011143E+08
 0.22383179077520E+08
 0.22383179118389E+08
 0.22383179108684E+08
 0.22383179048115E+08
 0.22383184375394E+08
 0.22383191192165E+08
 0.22383177354137E+08
 0.22383177349156E+08
 0.22383177420314E+08
 0.22383177399683E+08
 0.22383177511239E+08
 0.22383182827712E+08
 0.22383161157495E+08
 0.22383161132449E+08
 0.22383161127248E+08
 0.22383177774082E+08
 0.22383177814865E+08
 0.22383177789468E+08
 0.22383165475235E+08
 0.22383165477310E+08
 0.22383179378077E+08
 0.22383169920176E+08
 0.22383169917334E+08
 0.22383179962102E+08
 0.22383173481312E+08
 0.22383175076427E+08
 0.22383175041395E+08
 0.22383173051380E+08
 0.22383171121081E+08
 0.22383159092539E+08
 0.22383159134795E+08
 0.22383159091251E+08
 0.22383159029045E+08
 0.22383169999511E+08
 0.22383178400708E+08
 0.22383172300785E+08
 0.22383172220457E+08
 0.22383172254097E+08
 0.22383175036008E+08
 0.22383175016083E+08
 0.22383175065581E+08
 0.22383190898289E+08
 0.22383190869148E+08
 0.22383174452208E+08
 0.22383172817903E+08
 0.22383172869082E+08
 0.22383176120045E+08
 0.22383168186294E+08
 0.22383173064635E+08
 0.22383179675112E+08
 0.22383179658674E+08
 0.22383181714920E+08
 0.22383181707111E+08
 0.22383155070440E+08
 0.22383169228561E+08
 0.22383180910797E+08
 0.22383192495730E+08
 0.22383195796375E+08
 0.22383195778433E+08
 0.22383166949265E+08
 0.22383166939527E+08
 0.22383183051716E+08
 0.22383200332833E+08
 0.22383200256146E+08
 0.22383199806558E+08
 0.22383179727009E+08
 0.22383179700835E+08
 0.22383194821685E+08
 0.22383194775710E+08
 0.22383194531773E+08
 0.22383194675353E+08
 0.22383194718348E+08
 0.22383194735865E+08
 0.22383194304616E+08
 0.22383194397158E+08
 0.22383194689719E+08
 0.22383156940939E+08
 0.22383165947581E+08
 0.22383165986976E+08
 0.22383191858161E+08
 0.22383191858786E+08
 0.22383151005703E+08
 0.22383180261592E+08
 0.22383172007528E+08
 0.22383181662806E+08
 0.22383181674194E+08
