 0.10190009433062E+00
 0.10190009433063E+00
 0.10190009433081E+00
 0.10190009433189E+00
 0.10190009433588E+00
 0.10190009431664E+00
 0.10190009411930E+00
 0.10190009297603E+00
 0.10190008878817E+00
 0.10190007764283E+00
 0.10190005314724E+00
 0.10190000582923E+00
 0.10189992365848E+00
 0.10189979310266E+00
 0.10189959827139E+00
 0.10189932155523E+00
 0.10189894725499E+00
 0.10189845647448E+00
 0.10189783149088E+00
 0.10189706075505E+00
 0.10189611477929E+00
 0.10189499226834E+00
 0.10189366885553E+00
 0.10189213676182E+00
 0.10189037923917E+00
 0.10188838878949E+00
 0.10188614600918E+00
 0.10188362337637E+00
 0.10188082906088E+00
 0.10187774850948E+00
 0.10187437724400E+00
 0.10187065636337E+00
 0.10186662714902E+00
 0.10186222231181E+00
 0.10185742708453E+00
 0.10185227528547E+00
 0.10184673504452E+00
 0.10184080863739E+00
 0.10183434954545E+00
 0.10182752933848E+00
 0.10182025837881E+00
 0.10181242859861E+00
 0.10180418580490E+00
 0.10179547910218E+00
 0.10178617917105E+00
 0.10177640789390E+00
 0.10176606859202E+00
 0.10175515577233E+00
 0.10174389570744E+00
 0.10173188554987E+00
 0.10171938766444E+00
 0.10170639226059E+00
 0.10169277430400E+00
 0.10167875122052E+00
 0.10166398674584E+00
 0.10164886964484E+00
 0.10163310223158E+00
 0.10161682230796E+00
 0.10159996368106E+00
 0.10158278351841E+00
 0.10156482749232E+00
 0.10154632196865E+00
 0.10152751008779E+00
 0.10150831612831E+00
 0.10148835612252E+00
 0.10146855765332E+00
 0.10144756967338E+00
 0.10142659056530E+00
 0.10140514050577E+00
 0.10138317340137E+00
 0.10136034052495E+00
 0.10133819943883E+00
 0.10131473723872E+00
 0.10129108066585E+00
 0.10126719736787E+00
 0.10124265500901E+00
 0.10121861537251E+00
 0.10119358643848E+00
 0.10116816145408E+00
 0.10114263256015E+00
 0.10111635780611E+00
 0.10109060445291E+00
 0.10106372923108E+00
 0.10103666783101E+00
 0.10100959490434E+00
 0.10098122441013E+00
 0.10095345433164E+00
 0.10092518194993E+00
 0.10089613227188E+00
 0.10086753537145E+00
 0.10083821274559E+00
 0.10080841921951E+00
 0.10077804009439E+00
 0.10074764173880E+00
 0.10071645583857E+00
 0.10068449588652E+00
 0.10065365608940E+00
 0.10062032551203E+00
 0.10058767776150E+00
 0.10055375425448E+00
 0.10052103283570E+00
 0.10048568857228E+00
 0.10045040435906E+00
 0.10041454323855E+00
 0.10037793903457E+00
 0.10034024029238E+00
 0.10030058081201E+00
 0.10026317546065E+00
 0.10022262841372E+00
 0.10018099811108E+00
 0.10013990547818E+00
 0.10009760998535E+00
 0.10005303375457E+00
 0.10000750538994E+00
 0.99961386858309E-01
 0.99913309772679E-01
 0.99864391897409E-01
 0.99814994128673E-01
 0.99761256541116E-01
 0.99706332394105E-01
 0.99652355904697E-01
 0.99591923994843E-01
 0.99532050727185E-01
 0.99469042836779E-01
 0.99404323561954E-01
 0.99336778533691E-01
 0.99264593248938E-01
 0.99189426339263E-01
 0.99113273104199E-01
 0.99030558790891E-01
 0.98945653542160E-01
 0.98856198501965E-01
 0.98757739132800E-01
 0.98656341129445E-01
 0.98551044697724E-01
 0.98436313619848E-01
 0.98311389444621E-01
 0.98184947219417E-01
 0.98044966556122E-01
 0.97895705986721E-01
 0.97734654157466E-01
 0.97562181321704E-01
 0.97368906888202E-01
 0.97163515336842E-01
 0.96937369702499E-01
 0.96694026573634E-01
 0.96424696585007E-01
 0.96135343936726E-01
 0.95811349426686E-01
 0.95457397163886E-01
 0.95071573592822E-01
 0.94648759738242E-01
 0.94191849028641E-01
 0.93694808950262E-01
 0.93168297579738E-01
 0.92604258423157E-01
 0.92011109928509E-01
 0.91397255474474E-01
 0.90772133722226E-01
 0.90146479886890E-01
 0.89532946733163E-01
 0.88929192595435E-01
 0.88361539174637E-01
 0.87828514721524E-01
 0.87333532413871E-01
 0.86884516027126E-01
 0.86484453438646E-01
 0.86127798414672E-01
 0.85821073886453E-01
 0.85559363432218E-01
 0.85339418424729E-01
 0.85161427550634E-01
 0.85024338831505E-01
 0.84923258013239E-01
 0.84857632024273E-01
 0.84824415918968E-01
 0.84822438370904E-01
 0.84848882437804E-01
 0.84902431808323E-01
 0.84980769948772E-01
 0.85082829231695E-01
 0.85207661218984E-01
 0.85352322463992E-01
 0.85517489081436E-01
 0.85698966492531E-01
 0.85900152613429E-01
 0.86117775257648E-01
 0.86350538604876E-01
 0.86597761970624E-01
 0.86857955904973E-01
 0.87133328818061E-01
 0.87420825524558E-01
 0.87719935327512E-01
 0.88029193477363E-01
 0.88351835088172E-01
 0.88684855068775E-01
 0.89026878000837E-01
 0.89378225809005E-01
 0.89740873452977E-01
 0.90111591386447E-01
 0.90491973347139E-01
 0.90876947396358E-01
 0.91273807453951E-01
 0.91677378695294E-01
 0.92089620444718E-01
 0.92508484048288E-01
 0.92933255315718E-01
 0.93366551668821E-01
 0.93805718935886E-01
 0.94252638054964E-01
 0.94707072516297E-01
 0.95164768153057E-01
 0.95628764275362E-01
 0.96101135703310E-01
 0.96579356513507E-01
 0.97062031623761E-01
 0.97550004146694E-01
 0.98045108131239E-01
 0.98545031719288E-01
 0.99050704828647E-01
 0.99557728779156E-01
 0.10007529380745E+00
 0.10059379874700E+00
 0.10112169181574E+00
 0.10165191168625E+00
 0.10218399246707E+00
 0.10272422345942E+00
 0.10327005988643E+00
 0.10381767576592E+00
 0.10437054560275E+00
 0.10492806290551E+00
 0.10548884735553E+00
 0.10605781461971E+00
 0.10662569252743E+00
 0.10720326098584E+00
 0.10778122419290E+00
 0.10836372430567E+00
 0.10895069736289E+00
 0.10954293424284E+00
 0.11013513946209E+00
 0.11073444453308E+00
 0.11133783078658E+00
 0.11194355453865E+00
 0.11255615934886E+00
 0.11317000096121E+00
 0.11378884824388E+00
 0.11441176008920E+00
 0.11503574505335E+00
 0.11566607692029E+00
 0.11629795754455E+00
