-0.88817841970013E-15
-0.71054273576010E-13
-0.14628298572461E-11
-0.56386273428188E-09
-0.21717760922968E-07
-0.21074597178483E-06
-0.10367660179256E-05
-0.32506474916261E-05
-0.75794876135404E-05
-0.14379518872509E-04
-0.23355608484543E-04
-0.33475928835180E-04
-0.42988991412862E-04
-0.49611270841687E-04
-0.50748497676167E-04
-0.42856279273806E-04
-0.23168619904368E-04
 0.12064935152267E-04
 0.66690834519711E-04
 0.14290288112662E-03
 0.50804031473195E-03
 0.70913954507468E-03
 0.94761491421202E-03
 0.12253377697204E-02
 0.15459110550751E-02
 0.19111380070278E-02
 0.23250640053840E-02
 0.27939867195865E-02
 0.33162393588482E-02
 0.38955938722278E-02
 0.45335860262954E-02
 0.52422111698931E-02
 0.60139378457000E-02
 0.68626612060037E-02
 0.77918511938053E-02
 0.87958386167877E-02
 0.98817040172294E-02
 0.11049000780330E-01
 0.12326768511116E-01
 0.13683185458095E-01
 0.15135673368551E-01
 0.16705026114470E-01
 0.18364806320899E-01
 0.20125333858141E-01
 0.22010453153963E-01
 0.23998938453785E-01
 0.26108284762691E-01
 0.28340786431417E-01
 0.30654802625424E-01
 0.33124763747936E-01
 0.35703720780591E-01
 0.38393848956167E-01
 0.41218493295538E-01
 0.44139379583402E-01
 0.47216544205582E-01
 0.50382458588500E-01
 0.53690644311966E-01
 0.57117916008608E-01
 0.60676907621582E-01
 0.64322154604388E-01
 0.68137511270117E-01
 0.72082745029317E-01
 0.76118194987736E-01
 0.80257176337835E-01
 0.84571141828839E-01
 0.88896952719025E-01
 0.93476486924242E-01
 0.98098807489997E-01
 0.10285391347895E+00
 0.10775027437724E+00
 0.11285254597891E+00
 0.11789019318902E+00
 0.12322024560838E+00
 0.12864824840866E+00
 0.13418278883663E+00
 0.13990408560881E+00
 0.14561013604560E+00
 0.15156934553243E+00
 0.15767996041292E+00
 0.16389621422286E+00
 0.17033329378296E+00
 0.17677549423309E+00
 0.18351528478901E+00
 0.19039325185020E+00
 0.19738296349759E+00
 0.20471475423698E+00
 0.21206410584690E+00
 0.21962619953235E+00
 0.22746006007478E+00
 0.23535052410361E+00
 0.24351155049345E+00
 0.25190812036527E+00
 0.26056367374828E+00
 0.26938547044198E+00
 0.27851802504116E+00
 0.28796587524935E+00
 0.29739894040505E+00
 0.30746700094164E+00
 0.31761509319838E+00
 0.32819726037362E+00
 0.33878741102958E+00
 0.35006832508710E+00
 0.36157040551313E+00
 0.37342674844902E+00
 0.38566902267710E+00
 0.39837572466914E+00
 0.41170810965727E+00
 0.42492744822266E+00
 0.43901562506677E+00
 0.45360951350307E+00
 0.46843773271520E+00
 0.48382787216392E+00
 0.49998469990770E+00
 0.51668901683378E+00
 0.53388840544396E+00
 0.55185373628247E+00
 0.57039944415874E+00
 0.58947417409676E+00
 0.60981649704549E+00
 0.63086415893266E+00
 0.65224704796439E+00
 0.67536036686561E+00
 0.69893905912068E+00
 0.72368983857691E+00
 0.74937959434037E+00
 0.77624911685302E+00
 0.80467862780183E+00
 0.83439218669087E+00
 0.86504675056369E+00
 0.89774330014617E+00
 0.93169155267432E+00
 0.96739073743172E+00
 0.10057543572818E+01
 0.10456486954376E+01
 0.10872974482329E+01
 0.11318503653723E+01
 0.11795248926607E+01
 0.12285944046523E+01
 0.12815404934802E+01
 0.13375317746643E+01
 0.13968199719786E+01
 0.14602531080991E+01
 0.15287225858956E+01
 0.16008484116765E+01
 0.16783198035665E+01
 0.17602253549978E+01
 0.18482795332374E+01
 0.19409374446265E+01
 0.20410049601076E+01
 0.21470579599541E+01
 0.22589854057679E+01
 0.23772746186692E+01
 0.25006464665760E+01
 0.26296361037068E+01
 0.27613885968817E+01
 0.28969251539980E+01
 0.30340845399845E+01
 0.31709981314694E+01
 0.33059210286789E+01
 0.34371608982560E+01
 0.35629799691011E+01
 0.36845327519827E+01
 0.37979450385143E+01
 0.39043371357014E+01
 0.40039237749416E+01
 0.40960110715647E+01
 0.41806405959638E+01
 0.42593279761909E+01
 0.43311544252085E+01
 0.43972819594577E+01
 0.44585634928589E+01
 0.45149845568554E+01
 0.45666065602788E+01
 0.46145912049101E+01
 0.46587796980497E+01
 0.46999109715645E+01
 0.47376498401300E+01
 0.47729894816140E+01
 0.48059477672116E+01
 0.48363033087407E+01
 0.48647905048556E+01
 0.48916168411851E+01
 0.49164718212391E+01
 0.49399859060758E+01
 0.49617405416778E+01
 0.49825449167602E+01
 0.50021238589321E+01
 0.50205402055591E+01
 0.50379072454883E+01
 0.50542669370172E+01
 0.50698848635268E+01
 0.50846546152630E+01
 0.50986482838393E+01
 0.51118766593404E+01
 0.51245762682383E+01
 0.51366531750166E+01
 0.51481171990302E+01
 0.51590448933638E+01
 0.51695452568903E+01
 0.51795500784990E+01
 0.51891463538856E+01
 0.51982292923622E+01
 0.52070313643102E+01
 0.52154437285023E+01
 0.52235396671495E+01
 0.52312957083905E+01
 0.52387238098365E+01
 0.52458969340231E+01
 0.52527836730975E+01
 0.52594309935434E+01
 0.52658533280732E+01
 0.52719963626747E+01
 0.52779256934684E+01
 0.52836792461352E+01
 0.52892351333993E+01
 0.52945845853602E+01
 0.52997520111167E+01
 0.53047671519119E+01
 0.53096117820600E+01
 0.53143057829907E+01
 0.53188123693066E+01
 0.53232308718759E+01
 0.53274749866347E+01
 0.53316309209016E+01
 0.53356376686854E+01
 0.53395010438216E+01
 0.53432804182035E+01
 0.53469564794720E+01
 0.53505062487896E+01
 0.53539608814686E+01
 0.53573216433107E+01
 0.53605812087278E+01
 0.53637765298328E+01
 0.53668534377829E+01
 0.53698786148013E+01
 0.53728025717029E+01
 0.53756534815056E+01
 0.53784318392224E+01
 0.53811451969549E+01
 0.53837703333459E+01
 0.53863450639613E+01
 0.53888571704926E+01
 0.53912992585352E+01
 0.53936972708045E+01
 0.53960260796177E+01
 0.53983041626305E+01
 0.54005291370236E+01
 0.54026924483904E+01
 0.54048149851770E+01
 0.54068816910177E+01
