 0.59385989805971E+05
 0.59385989806041E+05
 0.59385989879605E+05
 0.59386027826140E+05
 0.59387450573466E+05
 0.59401514247482E+05
 0.59466089997227E+05
 0.59650994825633E+05
 0.60041075570472E+05
 0.60710958043689E+05
 0.61707748012067E+05
 0.63046332326840E+05
 0.64713733783353E+05
 0.66677324715262E+05
 0.68893152858335E+05
 0.71312646589118E+05
 0.73887374591879E+05
 0.76571852100343E+05
 0.79325057910426E+05
 0.82111156329668E+05
 0.84899221182774E+05
 0.87663432466817E+05
 0.90382132297263E+05
 0.93037704528044E+05
 0.95615841631334E+05
 0.98105296828761E+05
 0.10049727048560E+06
 0.10278500272174E+06
 0.10496406560532E+06
 0.10703130009738E+06
 0.10898506539716E+06
 0.11082437300301E+06
 0.11255016777799E+06
 0.11416312977999E+06
 0.11566513261982E+06
 0.11705903832508E+06
 0.11834746608106E+06
 0.11953384143135E+06
 0.12062024680439E+06
 0.12161192580855E+06
 0.12251182086813E+06
 0.12332276357566E+06
 0.12404972493580E+06
 0.12469588940510E+06
 0.12526381237767E+06
 0.12575782938803E+06
 0.12618050298666E+06
 0.12653481340727E+06
 0.12682553842887E+06
 0.12705221525088E+06
 0.12721939861522E+06
 0.12732937669104E+06
 0.12738341194654E+06
 0.12738504858158E+06
 0.12733389328742E+06
 0.12723419759923E+06
 0.12708554117467E+06
 0.12689025741548E+06
 0.12664924229938E+06
 0.12636543753923E+06
 0.12603691318571E+06
 0.12566632711414E+06
 0.12525584566232E+06
 0.12480611378484E+06
 0.12431559111714E+06
 0.12379048505877E+06
 0.12322384942317E+06
 0.12262330278112E+06
 0.12198661118914E+06
 0.12131452209823E+06
 0.12060594067172E+06
 0.11986942697556E+06
 0.11909556727096E+06
 0.11829071293481E+06
 0.11745545891793E+06
 0.11658843729847E+06
 0.11569591277297E+06
 0.11477154984147E+06
 0.11381905905099E+06
 0.11284040128368E+06
 0.11183379373732E+06
 0.11080516925333E+06
 0.10974861170751E+06
 0.10866887627830E+06
 0.10756754101850E+06
 0.10644055588923E+06
 0.10529585444504E+06
 0.10413038456028E+06
 0.10294369307274E+06
 0.10174148551205E+06
 0.10052038461425E+06
 0.99281934340407E+05
 0.98026913642753E+05
 0.96758110534309E+05
 0.95473671969177E+05
 0.94174580291546E+05
 0.92867774061554E+05
 0.91542752835864E+05
 0.90210075809525E+05
 0.88864774994999E+05
 0.87514373104032E+05
 0.86149179692207E+05
 0.84777594343726E+05
 0.83397892589248E+05
 0.82010823029042E+05
 0.80615712045790E+05
 0.79211475496455E+05
 0.77808823777465E+05
 0.76394620648028E+05
 0.74975095299116E+05
 0.73554049695969E+05
 0.72127579288174E+05
 0.70693912191376E+05
 0.69256286563548E+05
 0.67815839478823E+05
 0.66369525677726E+05
 0.64920152135620E+05
 0.63468585528720E+05
 0.62006376729189E+05
 0.60540816181905E+05
 0.59076036185685E+05
 0.57596910552655E+05
 0.56117614593433E+05
 0.54630818986915E+05
 0.53139473377163E+05
 0.51641317344885E+05
 0.50132734676321E+05
 0.48617255172770E+05
 0.47099017353439E+05
 0.45567834270734E+05
 0.44032570349867E+05
 0.42489317270286E+05
 0.40930688697467E+05
 0.39370130271938E+05
 0.37807929059512E+05
 0.36235925987016E+05
 0.34655749018889E+05
 0.33088773583424E+05
 0.31517021478784E+05
 0.29955024754606E+05
 0.28406281512874E+05
 0.26879717157958E+05
 0.25371656535081E+05
 0.23908336410811E+05
 0.22489479369331E+05
 0.21133824548826E+05
 0.19842999012798E+05
 0.18633249526756E+05
 0.17497085887386E+05
 0.16438199838309E+05
 0.15444216796161E+05
 0.14492061369096E+05
 0.13554141995616E+05
 0.12595643474097E+05
 0.11595082368923E+05
 0.10535067315565E+05
 0.94257177033699E+04
 0.82960962804544E+04
 0.71866259966109E+04
 0.61383239178553E+04
 0.51840824295360E+04
 0.43323265224490E+04
 0.36013487594380E+04
 0.29799248684799E+04
 0.24568581836344E+04
 0.20222093417945E+04
 0.16634233459220E+04
 0.13656548447171E+04
 0.11216616617529E+04
 0.92077865777063E+03
 0.75487094992285E+03
 0.61857821348306E+03
 0.50716711265521E+03
 0.41524694365451E+03
 0.33997225137278E+03
 0.27796703071008E+03
 0.22744753260272E+03
 0.18575547120092E+03
 0.15150137316889E+03
 0.12363343563861E+03
 0.10068144015696E+03
 0.81764037076737E+02
 0.66373435290071E+02
 0.53675729571412E+02
 0.43383628323744E+02
 0.34843839351302E+02
 0.27859364278026E+02
 0.22158791303001E+02
 0.17504726837742E+02
 0.13716306376421E+02
 0.10605447274748E+02
 0.80790320380572E+01
 0.60301591324725E+01
 0.43772913783064E+01
 0.30308390366148E+01
 0.19491357305086E+01
 0.10868381094467E+01
 0.40135378660575E+00
-0.14369889015497E+00
-0.56819383709302E+00
-0.89709338101369E+00
-0.11428453707120E+01
-0.13285766831690E+01
-0.14611464217099E+01
-0.15522207810831E+01
-0.16089033200881E+01
-0.16379708486290E+01
-0.16461082775398E+01
-0.16369556812710E+01
-0.16147978982554E+01
-0.15825583910628E+01
-0.15420861611675E+01
-0.14960287195817E+01
-0.14461957311743E+01
-0.13936279882415E+01
-0.13393347289047E+01
-0.12842787830029E+01
-0.12292167442608E+01
-0.11745868415618E+01
-0.11208450844453E+01
-0.10682446920728E+01
-0.10171783343637E+01
-0.96768518977818E+00
-0.91996771826456E+00
-0.87405719891010E+00
-0.83001618063663E+00
-0.78786617333772E+00
-0.74759542629969E+00
-0.70919311728369E+00
-0.67261336670481E+00
-0.63781605593794E+00
-0.60475000365536E+00
-0.57333455948902E+00
-0.54355502743348E+00
-0.51528881860054E+00
-0.48852297838582E+00
-0.46316499865193E+00
-0.43915067115840E+00
-0.41641385456946E+00
-0.39491717040756E+00
-0.37455934762182E+00
-0.35530103853612E+00
-0.33708968435966E+00
-0.31985108598175E+00
-0.30355679251832E+00
-0.28814021141793E+00
-0.27355845972730E+00
-0.25977562473262E+00
-0.24672502920576E+00
-0.23439013665843E+00
