 0.34788582751957E+03
 0.34788582971453E+03
 0.34788583989336E+03
 0.34788586871663E+03
 0.34788593313258E+03
 0.34788606307514E+03
 0.34788631361622E+03
 0.34788676312864E+03
 0.34788749531469E+03
 0.34788857862060E+03
 0.34789005242227E+03
 0.34789191965884E+03
 0.34789414607614E+03
 0.34789668506891E+03
 0.34789948623608E+03
 0.34790242787668E+03
 0.34790548406080E+03
 0.34790856252327E+03
 0.34791155107230E+03
 0.34791450491377E+03
 0.34790137676475E+03
 0.34789972787257E+03
 0.34789751826299E+03
 0.34789480285041E+03
 0.34789148261274E+03
 0.34788758864776E+03
 0.34788296348580E+03
 0.34787722423281E+03
 0.34787061166618E+03
 0.34786286417057E+03
 0.34785387989932E+03
 0.34784273959789E+03
 0.34782994703751E+03
 0.34781434678046E+03
 0.34779553728130E+03
 0.34777375133266E+03
 0.34774822543558E+03
 0.34771878595667E+03
 0.34768296609870E+03
 0.34764280485943E+03
 0.34759668786164E+03
 0.34754274094849E+03
 0.34748250039995E+03
 0.34741481148628E+03
 0.34733757442456E+03
 0.34725186776120E+03
 0.34715604109343E+03
 0.34704946467407E+03
 0.34693475496907E+03
 0.34680608691757E+03
 0.34666640446914E+03
 0.34651512618203E+03
 0.34635014748053E+03
 0.34617379475169E+03
 0.34598139254197E+03
 0.34577731405902E+03
 0.34555734913132E+03
 0.34532275929730E+03
 0.34507226317168E+03
 0.34480880311363E+03
 0.34452592032063E+03
 0.34422622762903E+03
 0.34391212291835E+03
 0.34358241818637E+03
 0.34323160793659E+03
 0.34287114100441E+03
 0.34248334274080E+03
 0.34208313681144E+03
 0.34166366535852E+03
 0.34122419950655E+03
 0.34075982414122E+03
 0.34028968979687E+03
 0.33978800078160E+03
 0.33926846949664E+03
 0.33873036723682E+03
 0.33816770003382E+03
 0.33759494384766E+03
 0.33699248909656E+03
 0.33636767756351E+03
 0.33572359959954E+03
 0.33505200694359E+03
 0.33436819192210E+03
 0.33365110134613E+03
 0.33291218747598E+03
 0.33215335829298E+03
 0.33135805167564E+03
 0.33054949621352E+03
 0.32971389474894E+03
 0.32884670451198E+03
 0.32796380124679E+03
 0.32704982034821E+03
 0.32610719225194E+03
 0.32513461102832E+03
 0.32413882670708E+03
 0.32310946936999E+03
 0.32204642043529E+03
 0.32097387640926E+03
 0.31984511768925E+03
 0.31870037505401E+03
 0.31751453043901E+03
 0.31631833306778E+03
 0.31506330026778E+03
 0.31378365859389E+03
 0.31246987920395E+03
 0.31112037746934E+03
 0.30972970638518E+03
 0.30828732894413E+03
 0.30684618766374E+03
 0.30533673560620E+03
 0.30378583726516E+03
 0.30221290955327E+03
 0.30059547701370E+03
 0.29892026756171E+03
 0.29720319775730E+03
 0.29544901890184E+03
 0.29363927336495E+03
 0.29178776334410E+03
 0.28989959473678E+03
 0.28792416582600E+03
 0.28590158309003E+03
 0.28385887477016E+03
 0.28170088808395E+03
 0.27951618484233E+03
 0.27725774819208E+03
 0.27494297065082E+03
 0.27255718791233E+03
 0.27007677534002E+03
 0.26752227670384E+03
 0.26491868498929E+03
 0.26219459416378E+03
 0.25940516402375E+03
 0.25652001543937E+03
 0.25348197718539E+03
 0.25036878311564E+03
 0.24716887889620E+03
 0.24381091069384E+03
 0.24028600951522E+03
 0.23670818329652E+03
 0.23292416986988E+03
 0.22899185184212E+03
 0.22489738684399E+03
 0.22060405579615E+03
 0.21605229415785E+03
 0.21133885542888E+03
 0.20636721115904E+03
 0.20119945236259E+03
 0.19574119063004E+03
 0.19009078516856E+03
 0.18409283270607E+03
 0.17783786098427E+03
 0.17133914208274E+03
 0.16457539212679E+03
 0.15762268156024E+03
 0.15045518318285E+03
 0.14322925486229E+03
 0.13588834752370E+03
 0.12854537473908E+03
 0.12129339315253E+03
 0.11421576992144E+03
 0.10739068830924E+03
 0.10089736499739E+03
 0.94666607855324E+02
 0.88886415011609E+02
 0.83490923836888E+02
 0.78461798056240E+02
 0.73827921266646E+02
 0.69581781052396E+02
 0.65643806909115E+02
 0.62056400686843E+02
 0.58759262064637E+02
 0.55708230330302E+02
 0.52902330833290E+02
 0.50337505025037E+02
 0.47955312551336E+02
 0.45762786923280E+02
 0.43722956017536E+02
 0.41851889054318E+02
 0.40100318705474E+02
 0.38466969709899E+02
 0.36962615394856E+02
 0.35550872403484E+02
 0.34221444676322E+02
 0.32989397179390E+02
 0.31823767320912E+02
 0.30744793598267E+02
 0.29712965565852E+02
 0.28741550053877E+02
 0.27827467885543E+02
 0.26965051559331E+02
 0.26152345647445E+02
 0.25376151444094E+02
 0.24641727139678E+02
 0.23945547393160E+02
 0.23286944750223E+02
 0.22654532331566E+02
 0.22052643603132E+02
 0.21480887446935E+02
 0.20935556373088E+02
 0.20411291616741E+02
 0.19911416615007E+02
 0.19431610413417E+02
 0.18976976117942E+02
 0.18536191908498E+02
 0.18114606637376E+02
 0.17708643136797E+02
 0.17319316014933E+02
 0.16946141072634E+02
 0.16585512910988E+02
 0.16239046164070E+02
 0.15904247627816E+02
 0.15580626615103E+02
 0.15270693082379E+02
 0.14971301806182E+02
 0.14680535809728E+02
 0.14399553245088E+02
 0.14128694529262E+02
 0.13866838085835E+02
 0.13612458265810E+02
 0.13366494035839E+02
 0.13127972216744E+02
 0.12898666125181E+02
 0.12673717676685E+02
 0.12457379218403E+02
 0.12245456995182E+02
 0.12040822604508E+02
 0.11843234340399E+02
 0.11649869260638E+02
 0.11461576124782E+02
 0.11279521041486E+02
 0.11102143019652E+02
 0.10929479451650E+02
 0.10761773645002E+02
 0.10597261202827E+02
 0.10438667472724E+02
 0.10282527989428E+02
 0.10131455271068E+02
 0.99840349451044E+01
 0.98401602705726E+01
 0.96995167872769E+01
 0.95632711958302E+01
 0.94295292960182E+01
 0.92989115003111E+01
 0.91717180981654E+01
 0.90468007143508E+01
 0.89253122236161E+01
 0.88063297886864E+01
 0.86899740971600E+01
 0.85767172709709E+01
 0.84654491126939E+01
 0.83569957476145E+01
