 0.51034792325990E+03
 0.51034792325973E+03
 0.51034792325775E+03
 0.51034792329981E+03
 0.51034792485290E+03
 0.51034793007253E+03
 0.51034789918701E+03
 0.51034760198012E+03
 0.51034641580893E+03
 0.51034319250238E+03
 0.51033625325527E+03
 0.51032348935902E+03
 0.51030252646775E+03
 0.51027093135273E+03
 0.51022633480371E+03
 0.51016647305027E+03
 0.51008943881870E+03
 0.50999352399866E+03
 0.50987727575918E+03
 0.50973973422447E+03
 0.50954546818706E+03
 0.50935362598068E+03
 0.50913798449083E+03
 0.50889857432752E+03
 0.50863542600389E+03
 0.50834894414705E+03
 0.50803948048533E+03
 0.50770728696738E+03
 0.50735356460674E+03
 0.50697903975416E+03
 0.50658479158928E+03
 0.50617102061044E+03
 0.50573979732358E+03
 0.50529124801257E+03
 0.50482650004775E+03
 0.50434752885296E+03
 0.50385509833631E+03
 0.50335074974744E+03
 0.50283320173648E+03
 0.50230663891340E+03
 0.50177076708038E+03
 0.50122494785828E+03
 0.50067256921462E+03
 0.50011370333166E+03
 0.49954722083734E+03
 0.49897568805133E+03
 0.49839831718778E+03
 0.49781544680261E+03
 0.49723112673030E+03
 0.49663934934325E+03
 0.49604434532999E+03
 0.49544607967920E+03
 0.49484265331684E+03
 0.49423723295720E+03
 0.49362477019747E+03
 0.49301061720166E+03
 0.49239012374097E+03
 0.49176489136123E+03
 0.49113352717626E+03
 0.49049940831188E+03
 0.48985513878816E+03
 0.48920363978972E+03
 0.48854747023160E+03
 0.48788515618801E+03
 0.48721029681145E+03
 0.48653555953933E+03
 0.48584086029148E+03
 0.48514271335839E+03
 0.48443316294342E+03
 0.48371115063513E+03
 0.48297095741384E+03
 0.48223357303579E+03
 0.48147011322627E+03
 0.48069554097364E+03
 0.47990875089514E+03
 0.47910292181092E+03
 0.47829370076247E+03
 0.47745932444224E+03
 0.47660764668878E+03
 0.47574183990623E+03
 0.47485269263669E+03
 0.47395673378678E+03
 0.47303084765085E+03
 0.47208734691381E+03
 0.47112817538326E+03
 0.47013525375559E+03
 0.46913366290849E+03
 0.46810839516317E+03
 0.46705446523074E+03
 0.46598894993373E+03
 0.46489525345443E+03
 0.46377599166543E+03
 0.46262982783049E+03
 0.46146394560159E+03
 0.46026730452448E+03
 0.45903985820797E+03
 0.45780760021305E+03
 0.45652059940196E+03
 0.45522205076012E+03
 0.45388520927387E+03
 0.45254320093349E+03
 0.45114425670148E+03
 0.44972522833749E+03
 0.44827629586830E+03
 0.44679581895036E+03
 0.44527838857549E+03
 0.44371309830112E+03
 0.44215666288971E+03
 0.44053557797450E+03
 0.43887863588808E+03
 0.43720687768822E+03
 0.43549710665360E+03
 0.43373576797739E+03
 0.43194027632641E+03
 0.43011627427775E+03
 0.42824499661242E+03
 0.42634143456037E+03
 0.42441217759180E+03
 0.42240485050109E+03
 0.42036226379337E+03
 0.41831421421592E+03
 0.41616177900761E+03
 0.41399925369928E+03
 0.41177875645650E+03
 0.40951991346015E+03
 0.40720919280972E+03
 0.40482414788276E+03
 0.40238826666078E+03
 0.39992986936199E+03
 0.39737730159798E+03
 0.39479091488949E+03
 0.39214296744782E+03
 0.38937882219418E+03
 0.38658248649774E+03
 0.38374659341990E+03
 0.38080477969839E+03
 0.37775604949585E+03
 0.37472052050752E+03
 0.37155544487655E+03
 0.36832852195698E+03
 0.36505896852397E+03
 0.36165725472513E+03
 0.35816484528179E+03
 0.35465453425490E+03
 0.35106719436709E+03
 0.34748621098787E+03
 0.34386341192708E+03
 0.34032284842976E+03
 0.33678711302737E+03
 0.33339136724304E+03
 0.33021753005442E+03
 0.32733645779357E+03
 0.32489835277224E+03
 0.32300517940107E+03
 0.32186264616641E+03
 0.32158078271999E+03
 0.32234618140881E+03
 0.32431277646528E+03
 0.32759800423731E+03
 0.33227472993975E+03
 0.33835842516769E+03
 0.34590705513253E+03
 0.35476617810426E+03
 0.36490670981715E+03
 0.37626839194704E+03
 0.38869672269781E+03
 0.40205486510697E+03
 0.41637297547711E+03
 0.43139900188682E+03
 0.44713575946063E+03
 0.46359108228390E+03
 0.48063587992123E+03
 0.49813066254955E+03
 0.51620407377843E+03
 0.53469699602850E+03
 0.55369444713036E+03
 0.57296956343289E+03
 0.59273884363807E+03
 0.61292046732187E+03
 0.63331159411124E+03
 0.65412130513694E+03
 0.67537343820731E+03
 0.69682283695679E+03
 0.71872097987774E+03
 0.74074147173818E+03
 0.76330925597126E+03
 0.78619447911398E+03
 0.80936727007947E+03
 0.83284345265889E+03
 0.85658518093493E+03
 0.88076854865681E+03
 0.90524575820346E+03
 0.93002658816732E+03
 0.95506283160982E+03
 0.98056257174025E+03
 0.10063842275862E+04
 0.10324860202728E+04
 0.10589141512557E+04
 0.10857796174031E+04
 0.11129479694573E+04
 0.11405117761548E+04
 0.11682592117176E+04
 0.11965356706487E+04
 0.12251247435420E+04
 0.12541252672315E+04
 0.12834651222045E+04
 0.13131264253242E+04
 0.13432335229999E+04
 0.13736866015845E+04
 0.14045741165635E+04
 0.14358968756540E+04
 0.14674966367826E+04
 0.14995081147600E+04
 0.15320161434915E+04
 0.15649377246186E+04
 0.15982250494853E+04
 0.16319212087145E+04
 0.16661079380193E+04
 0.17007010228403E+04
 0.17357479340168E+04
 0.17710932193050E+04
 0.18070879286494E+04
 0.18433828629544E+04
 0.18803021978673E+04
 0.19175887138019E+04
 0.19552364415950E+04
 0.19934862557718E+04
 0.20322500663479E+04
 0.20713958854196E+04
 0.21110637532181E+04
 0.21512336811420E+04
 0.21918669588468E+04
 0.22331502199051E+04
 0.22747539750780E+04
 0.23170774890199E+04
 0.23597893550778E+04
 0.24030548007475E+04
 0.24468761580295E+04
 0.24912850479408E+04
 0.25361044228178E+04
 0.25815979203269E+04
 0.26276675335914E+04
 0.26742534951114E+04
 0.27215349223519E+04
 0.27693114906469E+04
 0.28177284811222E+04
 0.28667605456617E+04
 0.29163104890172E+04
 0.29665750951419E+04
 0.30173925954171E+04
