 0.14164535985812E+04
 0.14164535985837E+04
 0.14164535986456E+04
 0.14164535954839E+04
 0.14164535215110E+04
 0.14164530274544E+04
 0.14164512319903E+04
 0.14164467136825E+04
 0.14164376791010E+04
 0.14164221785288E+04
 0.14163983485728E+04
 0.14163645025126E+04
 0.14163188664200E+04
 0.14162599428296E+04
 0.14161865966173E+04
 0.14160968073388E+04
 0.14159888220617E+04
 0.14158617924545E+04
 0.14157134751451E+04
 0.14155427100733E+04
 0.14153463593295E+04
 0.14151240606980E+04
 0.14148740740268E+04
 0.14145974813734E+04
 0.14142898288425E+04
 0.14139532969134E+04
 0.14135874535789E+04
 0.14131917270793E+04
 0.14127687288975E+04
 0.14123149761123E+04
 0.14118341862139E+04
 0.14113311895729E+04
 0.14108025813703E+04
 0.14102440773918E+04
 0.14096758220332E+04
 0.14090812287037E+04
 0.14084761202414E+04
 0.14078471115399E+04
 0.14072023278745E+04
 0.14065482941644E+04
 0.14058740982340E+04
 0.14051983696138E+04
 0.14044965567924E+04
 0.14037993317518E+04
 0.14030732289411E+04
 0.14023420564965E+04
 0.14016010538715E+04
 0.14008390016022E+04
 0.14000704176811E+04
 0.13993003418046E+04
 0.13984748559564E+04
 0.13976589304456E+04
 0.13967887924395E+04
 0.13959178330456E+04
