 0.23344660831807E+04
 0.23344660831701E+04
 0.23344660827829E+04
 0.23344660612968E+04
 0.23344656868370E+04
 0.23344633003538E+04
 0.23344547732044E+04
 0.23344333917161E+04
 0.23343906635845E+04
 0.23343173226312E+04
 0.23342047028190E+04
 0.23340450573010E+04
 0.23338314255624E+04
 0.23335588191889E+04
 0.23332244099102E+04
 0.23328242779403E+04
 0.23323563586010E+04
 0.23318217521964E+04
 0.23312183628855E+04
 0.23305472452352E+04
 0.23298041118963E+04
 0.23289916767516E+04
 0.23281085274577E+04
 0.23271597138835E+04
 0.23261350876007E+04
 0.23250413647268E+04
 0.23238769363960E+04
 0.23226395101179E+04
 0.23213342578073E+04
 0.23199499890126E+04
 0.23184939242216E+04
 0.23169755990697E+04
 0.23153832195746E+04
 0.23137034007738E+04
 0.23119845790640E+04
 0.23101826803361E+04
 0.23083361836747E+04
 0.23064103200286E+04
 0.23044256777295E+04
 0.23023991219938E+04
 0.23003059930101E+04
 0.22981959810014E+04
 0.22960127848620E+04
 0.22938394159564E+04
 0.22916005663953E+04
 0.22893663002701E+04
 0.22871370246907E+04
 0.22849008778113E+04
 0.22827116864040E+04
 0.22806031607518E+04
 0.22784672595541E+04
 0.22764936323685E+04
 0.22745609361716E+04
 0.22728398328883E+04
