 0.83176320219976E+02
 0.83176320220234E+02
 0.83176322203630E+02
 0.83176420730812E+02
 0.83177116008102E+02
 0.83179161324243E+02
 0.83183094023292E+02
 0.83189153802944E+02
 0.83197383999492E+02
 0.83207714552697E+02
 0.83195963139427E+02
 0.83197134257914E+02
 0.83198767307138E+02
 0.83200944356499E+02
 0.83203741965074E+02
 0.83207279665192E+02
 0.83211665112958E+02
 0.83216977302950E+02
 0.83223352852941E+02
 0.83230882416584E+02
 0.83239739608525E+02
 0.83249978694207E+02
 0.83261706645844E+02
 0.83274924518462E+02
 0.83289851597151E+02
 0.83306433597001E+02
 0.83324745665667E+02
 0.83344863828129E+02
 0.83366753779015E+02
 0.83390636241423E+02
 0.83416452909930E+02
 0.83444141362685E+02
 0.83473967056609E+02
 0.83506233729669E+02
 0.83540361820542E+02
 0.83577164739249E+02
 0.83616259060766E+02
 0.83658392927860E+02
 0.83703498529157E+02
 0.83751636139928E+02
 0.83803497033529E+02
 0.83858706411327E+02
 0.83918546678273E+02
 0.83982201128615E+02
 0.84051401575899E+02
 0.84125613748875E+02
 0.84205515304068E+02
 0.84292041144096E+02
 0.84385141665213E+02
 0.84485200351408E+02
 0.84595117282988E+02
 0.84712857024457E+02
 0.84841974637387E+02
 0.84980948277021E+02
