 0.13708341640828E+03
 0.13708341640783E+03
 0.13708341964796E+03
 0.13708358107551E+03
 0.13708471213644E+03
 0.13708799070776E+03
 0.13709414521793E+03
 0.13710331394064E+03
 0.13711524291442E+03
 0.13712946069417E+03
 0.13710578567907E+03
 0.13710161448681E+03
 0.13709617397123E+03
 0.13708945059905E+03
 0.13708151327833E+03
 0.13707252293656E+03
 0.13706270361189E+03
 0.13705233015056E+03
 0.13704171910335E+03
 0.13703119118491E+03
 0.13702108062439E+03
 0.13701166763635E+03
 0.13700320955150E+03
 0.13699589605370E+03
 0.13698991698170E+03
 0.13698536188127E+03
 0.13698229578457E+03
 0.13698075780042E+03
 0.13698073686868E+03
 0.13698226592809E+03
 0.13698530687264E+03
 0.13698984395093E+03
 0.13699593773529E+03
 0.13700370032645E+03
 0.13701308147567E+03
 0.13702440605914E+03
 0.13703777689919E+03
 0.13705364682304E+03
 0.13707232251224E+03
 0.13709425713581E+03
 0.13712016367866E+03
 0.13715055910537E+03
 0.13718656349033E+03
 0.13722878963563E+03
 0.13727882157870E+03
 0.13733763757137E+03
 0.13740682571772E+03
 0.13748828993365E+03
 0.13758375764919E+03
 0.13769539619327E+03
 0.13782672189384E+03
 0.13797949942940E+03
 0.13815849776460E+03
 0.13836637064749E+03
