 0.42414189589285E+14
 0.42414189589285E+14
 0.42414189589167E+14
 0.42414189588950E+14
 0.42414189593338E+14
 0.42414189617102E+14
 0.42414189627134E+14
 0.42414189731512E+14
 0.42414190027331E+14
 0.42414191322869E+14
 0.42414193050614E+14
 0.42414195691543E+14
 0.42414200641602E+14
 0.42414207559891E+14
 0.42414214501401E+14
 0.42414224976077E+14
 0.42414239727660E+14
 0.42414253965650E+14
 0.42414272507663E+14
 0.42414293263620E+14
 0.42414329142266E+14
 0.42414376109894E+14
 0.42414441366887E+14
 0.42414517877397E+14
 0.42414637926903E+14
 0.42414791413211E+14
 0.42414993153772E+14
 0.42415259766651E+14
 0.42415591708690E+14
 0.42416033180922E+14
 0.42416582365232E+14
 0.42417236607075E+14
 0.42418048425547E+14
 0.42419073314409E+14
 0.42420221731847E+14
 0.42421629215125E+14
 0.42423234083877E+14
 0.42425156520983E+14
 0.42427379847341E+14
 0.42429904557054E+14
 0.42432829340899E+14
 0.42436076255236E+14
 0.42439828385176E+14
 0.42443929437087E+14
 0.42448619389303E+14
 0.42453774177244E+14
 0.42459451795156E+14
 0.42465742998314E+14
 0.42472576573710E+14
 0.42479936967672E+14
 0.42488179147841E+14
 0.42496896863901E+14
 0.42506501468899E+14
 0.42516643438750E+14
