 0.30964670493787E+03
 0.30964670493856E+03
 0.30964670592351E+03
 0.30964669250992E+03
 0.30964582562321E+03
 0.30963986651552E+03
 0.30962014751213E+03
 0.30957577121654E+03
 0.30949642815212E+03
 0.30937400653797E+03
 0.30918248329116E+03
 0.30894907677267E+03
 0.30866244209378E+03
 0.30832384752520E+03
 0.30793610965591E+03
 0.30750252923052E+03
 0.30702743670577E+03
 0.30651622624332E+03
 0.30597358928122E+03
 0.30540487479968E+03
 0.30481376816588E+03
 0.30420520014967E+03
 0.30358247366107E+03
 0.30294969328844E+03
 0.30230659998528E+03
 0.30165622014151E+03
 0.30099883653724E+03
 0.30033390646241E+03
 0.29966198915357E+03
 0.29897925297698E+03
 0.29828575510002E+03
 0.29758144262739E+03
 0.29686115492704E+03
 0.29611913909316E+03
 0.29536311280158E+03
 0.29457991504068E+03
 0.29377456377843E+03
 0.29293550951466E+03
 0.29206354188067E+03
 0.29115804541026E+03
 0.29020926193431E+03
 0.28922348972530E+03
 0.28818334753848E+03
 0.28710198116276E+03
 0.28595682086674E+03
 0.28475755526097E+03
 0.28349745163448E+03
 0.28216654731184E+03
 0.28076904280311E+03
 0.27930356695163E+03
 0.27773604677445E+03
 0.27609841071520E+03
 0.27435027141372E+03
 0.27251725235203E+03
