 0.51033068161935E+03
 0.51033068161724E+03
 0.51033068313363E+03
 0.51033065746870E+03
 0.51032917353942E+03
 0.51031900860560E+03
 0.51028529250834E+03
 0.51020911031332E+03
 0.51007226293897E+03
 0.50986006402660E+03
 0.50952841568524E+03
 0.50912110852802E+03
 0.50861859170890E+03
 0.50802244122019E+03
 0.50733713301492E+03
 0.50656802698757E+03
 0.50572249096081E+03
 0.50481000869176E+03
 0.50383870918319E+03
 0.50281809554790E+03
 0.50175447568318E+03
 0.50065672604257E+03
 0.49953063575865E+03
 0.49838369630755E+03
 0.49721490963035E+03
 0.49602995465777E+03
 0.49482913302604E+03
 0.49361129421507E+03
 0.49237757529337E+03
 0.49112055482712E+03
 0.48984060425385E+03
 0.48853801743889E+03
 0.48720306139077E+03
 0.48582502145384E+03
 0.48441985834493E+03
 0.48296251758880E+03
 0.48146393514770E+03
 0.47990259503992E+03
 0.47828141846172E+03
 0.47660078995882E+03
 0.47484344813887E+03
 0.47302379227821E+03
 0.47111019755279E+03
 0.46913104023814E+03
 0.46704533957748E+03
 0.46487541876228E+03
 0.46261203660462E+03
 0.46024032091081E+03
 0.45777324275492E+03
 0.45521363682200E+03
 0.45250187136243E+03
 0.44970647717309E+03
 0.44675788749412E+03
 0.44371384305878E+03
