 0.58883970010177E+07
 0.58883970010927E+07
 0.58883969985446E+07
 0.58883970390644E+07
 0.58883976242687E+07
 0.58884004532788E+07
 0.58884040093960E+07
 0.58884095287280E+07
 0.58884206021778E+07
 0.58884481102292E+07
 0.58884805440878E+07
 0.58885576423554E+07
 0.58886532824399E+07
 0.58887756172100E+07
 0.58889722227471E+07
 0.58892077052922E+07
 0.58894721747728E+07
 0.59148988212172E+07
 0.59658963597012E+07
 0.60941773067993E+07
 0.63872019351442E+07
 0.70036311161291E+07
 0.82103979535112E+07
 0.10429577794499E+08
 0.14295326585850E+08
 0.20714341875657E+08
 0.30938384359781E+08
 0.46632562587086E+08
 0.69950416695357E+08
 0.10360341032372E+09
 0.15093117952172E+09
 0.21597911873112E+09
 0.30355276848936E+09
 0.41935687878065E+09
 0.56980686627358E+09
 0.76259272793250E+09
 0.10061167444687E+10
 0.13105865843961E+10
 0.16864120068208E+10
 0.21458020044979E+10
 0.27029036517500E+10
 0.33720304061544E+10
 0.41714526168689E+10
 0.51179874322810E+10
 0.62348882997626E+10
 0.75429503078951E+10
 0.90681003015950E+10
 0.10839994879679E+11
 0.12887430413373E+11
 0.15244471520742E+11
 0.17954879655794E+11
 0.21052620157167E+11
 0.24594901532972E+11
 0.28623564668236E+11
