 0.77828029741629E+07
 0.77828029742336E+07
 0.77828029767938E+07
 0.77828031200174E+07
 0.77828056176230E+07
 0.77828215344583E+07
 0.77828783936037E+07
 0.77830209829291E+07
 0.77833059569526E+07
 0.77837952833513E+07
 0.77845467177066E+07
 0.77856121437844E+07
 0.77870384597262E+07
 0.77888592003366E+07
 0.77910933111820E+07
 0.77937681615467E+07
 0.77968983719286E+07
 0.78004765207286E+07
 0.78045184502550E+07
 0.78090177859906E+07
 0.78140068465451E+07
 0.78194680634052E+07
 0.78254137334316E+07
 0.78318102097359E+07
 0.78387334967786E+07
 0.78461384625455E+07
 0.78540407406430E+07
 0.78624611430868E+07
 0.78713671236690E+07
 0.78808453327711E+07
 0.78908492927947E+07
 0.79013163732134E+07
 0.79123396287522E+07
 0.79240244489749E+07
 0.79360257486607E+07
 0.79486742007734E+07
 0.79616971697715E+07
 0.79753602237289E+07
 0.79895220661900E+07
 0.80040691665042E+07
 0.80191949015405E+07
 0.80345415214503E+07
 0.80505400530047E+07
 0.80665821609711E+07
 0.80832447313137E+07
 0.81000133399013E+07
 0.81168966033214E+07
 0.81339968158083E+07
 0.81509172404148E+07
 0.81674111731006E+07
 0.81843187423573E+07
 0.82001980051596E+07
 0.82159958095795E+07
 0.82304069035390E+07
