 0.21140072341703E+08
 0.21140072341626E+08
 0.21140072339722E+08
 0.21140072433986E+08
 0.21140074644215E+08
 0.21140089403311E+08
 0.21140143001821E+08
 0.21140277923478E+08
 0.21140547753348E+08
 0.21141011103487E+08
 0.21141723337460E+08
 0.21142735089561E+08
 0.21144100085670E+08
 0.21145862974843E+08
 0.21148056838135E+08
 0.21150743981256E+08
 0.21153977431884E+08
 0.21157780529095E+08
 0.21162223205050E+08
 0.21167339713315E+08
 0.21173231113722E+08
 0.21179907199587E+08
 0.21187424792003E+08
 0.21195749283247E+08
 0.21205031789070E+08
 0.21215203688093E+08
 0.21226287265328E+08
 0.21238310135702E+08
 0.21251196308165E+08
 0.21265075127750E+08
 0.21279836446717E+08
 0.21295335821423E+08
 0.21311704820696E+08
 0.21329103797114E+08
 0.21346881152923E+08
 0.21365609419028E+08
 0.21384780502107E+08
 0.21404863614238E+08
 0.21425606401720E+08
 0.21446812656890E+08
 0.21468867294742E+08
 0.21491164415064E+08
 0.21514549733028E+08
 0.21538007366791E+08
 0.21562687715709E+08
 0.21587800097107E+08
 0.21613522465779E+08
 0.21640250200191E+08
 0.21667502191603E+08
 0.21695116332694E+08
 0.21724950466763E+08
 0.21754785786298E+08
 0.21786821645028E+08
 0.21819221949188E+08
